1.000000000000000000e+00 9.934883375483669621e-01 9.570360124531391843e-01 9.962790054284801355e-01 9.901857286707069772e-01 9.354628264901465595e-01 9.581851451618600413e-01 1.000000000000000000e+00 1.000000000000000000e+00 1.000000000000000000e+00
8.764632391055172667e-01 1.000000000000000000e+00 9.731879620576591172e-01 9.998965936654296005e-01 1.000000000000000000e+00 9.817460286380468304e-01 9.145023614724904215e-01 8.083644841809900505e-01 9.456348329796185892e-01 7.661399616072112062e-01
6.101276600507518078e-01 5.395969280370054300e-01 6.396758750245250535e-01 7.789077065026385194e-01 7.902154121578919277e-01 7.593777400850877379e-01 8.213198237880533492e-01 6.686615547474384913e-01 7.157649241798366146e-01 4.862091584511724074e-01
9.394959176605788276e-01 9.805371877839830219e-01 9.531295450217324161e-01 1.000000000000000000e+00 1.000000000000000000e+00 9.711105006653204530e-01 9.368683049049398859e-01 9.965308420450699201e-01 1.000000000000000000e+00 9.280064327514049305e-01
1.000000000000000000e+00 1.000000000000000000e+00 9.083226964883512888e-01 1.000000000000000000e+00 9.766701609455634703e-01 8.640121642783019640e-01 9.903628812019857897e-01 9.638042077315367440e-01 9.882304267955303034e-01 1.000000000000000000e+00
4.553036762408739779e-01 6.609827260088126932e-01 4.246628729651780731e-01 6.184736595618225419e-01 3.899754811896095630e-01 6.736000937752028017e-01 5.058663944781944810e-01 7.537126741105076855e-01 5.803083441307941293e-01 6.098515382986887667e-01
7.497916309347518737e-01 6.171377526141846870e-01 7.426774736341067440e-01 5.582747768019281631e-01 8.219567912445985280e-01 4.930322895252335358e-01 6.153702656592867637e-01 3.814272621377925998e-01 6.154991723476149756e-01 6.166005132546230616e-01
6.430115809254393078e-01 5.332662811650230594e-01 7.222523264818261346e-01 7.741065541649352344e-01 7.397386047504563855e-01 7.676078710005870276e-01 8.420266262858250306e-01 5.669707136730685049e-01 7.687993448601532220e-01 5.430220273532726516e-01
8.042483872820404001e-01 5.861885314630419508e-01 8.998872433623077427e-01 8.370296872742968297e-01 7.959830724335946739e-01 8.942597396749898397e-01 8.879267045732784913e-01 8.043808516212584969e-01 7.868064873400196779e-01 7.392893318596099883e-01
9.522090140082804799e-02 7.132232956509503008e-02 0.000000000000000000e+00 1.791501341253132554e-02 4.231347564563649188e-02 1.863410090271179487e-02 0.000000000000000000e+00 4.136362736670378543e-02 1.113284177733319530e-02 1.285282266050252580e-02
7.395255615208160549e-01 6.940967486237610284e-01 8.976437616159308464e-01 5.406593888173290008e-01 7.719732648148583953e-01 5.757728872486673755e-01 6.921832085067939344e-01 5.577471288499928903e-01 8.516058807704175448e-01 9.291387813992300071e-01
4.475422150170937363e-01 6.774060033404211145e-01 2.236958302198903681e-01 5.627009737840729109e-01 3.972315528614596691e-01 4.784365612337916907e-01 3.341181558858989931e-01 6.460017235929966795e-01 3.912085662225249227e-01 3.194246915845824764e-01
1.000000000000000000e+00 1.000000000000000000e+00 1.000000000000000000e+00 8.983798810052000539e-01 9.240071027349300303e-01 1.000000000000000000e+00 9.594376956794139488e-01 9.321607002566312250e-01 1.000000000000000000e+00 1.000000000000000000e+00
4.223852872681385651e-01 6.251971532808681120e-01 2.679191146955915981e-01 5.388794460342044568e-01 4.346614833834038794e-01 4.805778588306152121e-01 3.762893636580922352e-01 5.999587270367507941e-01 3.440439645381245248e-01 3.045064213874293935e-01
8.014831161979117935e-01 5.641104967028647277e-01 7.699537747389938458e-01 8.275206487818632661e-01 7.888415520133579273e-01 8.331413880757118084e-01 9.698822766850194732e-01 8.344775178228153178e-01 8.583419383306362116e-01 7.273400859532105356e-01
6.952718913500008369e-02 5.200196637758702778e-02 1.051055712907141282e-01 8.136239833455982673e-02 1.179987718789439477e-02 1.522508271702582155e-02 1.109494641591674269e-01 1.466592052809850277e-01 5.461938168632363144e-02 3.137344136166352326e-01
2.393851575769355422e-02 0.000000000000000000e+00 0.000000000000000000e+00 1.771269814769310842e-03 0.000000000000000000e+00 1.878588162220353949e-02 0.000000000000000000e+00 1.343362667806370994e-02 3.182940724155927919e-03 0.000000000000000000e+00
3.482979259035056674e-01 6.828615712620298428e-01 3.399010925038517539e-01 5.891308627232867412e-01 3.736023244273721233e-01 5.531783799148731751e-01 3.495179534225127949e-01 6.004211526890294026e-01 3.710772654134683601e-01 3.328453451068755231e-01
5.886535313974057271e-01 6.159712446539047370e-01 6.425663694620766808e-01 7.928881550788637878e-01 8.270728894629838512e-01 7.778885658412320048e-01 7.743529802263827699e-01 5.639062245470516377e-01 7.353886007264684999e-01 5.615944094998083225e-01
6.227941418977793742e-01 5.872842619252292007e-01 6.731015960257389352e-01 7.761181985644113324e-01 7.839817847776626714e-01 8.209222716084511040e-01 7.947904253517276141e-01 6.491971439677013400e-01 7.724264493924506425e-01 5.622190755661871098e-01
9.907690110429304697e-01 9.561468595786183355e-01 1.000000000000000000e+00 1.000000000000000000e+00 1.000000000000000000e+00 1.000000000000000000e+00 1.000000000000000000e+00 9.472087469289214301e-01 9.328496424652722441e-01 9.116626185378108316e-01
7.847825820778154826e-01 8.729590366153561209e-01 8.944026349919528274e-01 5.479120931845952169e-01 7.736528928103698632e-01 5.730744041306370384e-01 6.905374541763404928e-01 5.942359233010618969e-01 8.379508668524366932e-01 9.075400545481175918e-01
6.596294376823350625e-01 6.456224304876551079e-01 7.173491391746530388e-01 6.617002132351967880e-01 8.896677468490492569e-01 8.896861761711173378e-01 7.765006285732823921e-01 6.318072118840880602e-01 6.663095108067174088e-01 4.926723673454249663e-01
2.729450974896596716e-01 2.454370419362099653e-01 0.000000000000000000e+00 3.346300351447906163e-01 2.871750068194720562e-01 3.744493252290328478e-01 2.622987559528605628e-01 4.894912231285550863e-01 1.462944385438752770e-01 1.210904059190821697e-01
4.714444129355250812e-01 3.011509627694101132e-01 6.636189073727835064e-01 3.366912493947425977e-01 5.252911019901816969e-01 3.732848197623337971e-01 5.979936026206383870e-01 1.469575118021209381e-01 5.839780375811882696e-01 3.791181596405016618e-01
3.004349305196946651e-01 2.646838158890480464e-01 2.475150718943958383e-01 5.005062390354302337e-01 2.409414300235861450e-01 3.854207385345052028e-01 3.893565324128937521e-01 5.892432472125792575e-01 3.001386178010751471e-01 4.437727330170049278e-01
4.352264384247206408e-01 6.759874452636223108e-01 2.227992391095938163e-01 6.008397870456575474e-01 3.227209009172496978e-01 5.521346993178755103e-01 4.129848610624946570e-01 7.291644075124599222e-01 4.770599263562089742e-01 3.783556236411458884e-01
4.243857752845986986e-01 3.638832621298306313e-01 6.396695029627191831e-01 3.906508754739693168e-01 6.192528134081169977e-01 3.874840519298764496e-01 5.941837245993185634e-01 1.944969620999499882e-01 4.873660837503611676e-01 4.534204851747360987e-01
9.022024181792338560e-01 1.000000000000000000e+00 8.246251325133406862e-01 9.091223263722774117e-01 1.000000000000000000e+00 1.000000000000000000e+00 9.338344516543436447e-01 8.658697741720375873e-01 9.504111257657503753e-01 8.260679887684021505e-01
4.310515876430874305e-01 3.107263770888836207e-01 4.460787916837846701e-01 3.353223529621254251e-01 5.879498077355125307e-01 3.321714153883650322e-01 5.141381076868971611e-01 1.969313579069291997e-01 4.472049482399638176e-01 4.743169767864295339e-01
6.078168703109391169e-01 3.672634866326894842e-01 5.849832215724363182e-01 4.441045085928141956e-01 6.079248306595033124e-01 4.566756687675138648e-01 5.093212046899177059e-01 2.339963549232628726e-01 4.634200319827281311e-01 4.836520415331836964e-01
3.471971271133433290e-01 4.724359559840647371e-01 3.449340290963635591e-01 3.426769834487218280e-01 2.340187578687850656e-01 1.799901022815919571e-01 2.564994455086442304e-01 3.883545709836795923e-01 1.943433323569326021e-01 4.367540495117617771e-01
7.855704500018746428e-01 5.864497500811948205e-01 8.142321487898278587e-01 8.052718929214903731e-01 7.824144911796179214e-01 8.420801067971783738e-01 8.739149640939976038e-01 7.589451652351548727e-01 8.154336144710183643e-01 8.516453917206171509e-01
6.410978084645397868e-01 3.805521413159300703e-01 7.867665761111033440e-01 4.543261477977396656e-01 6.756940476004485996e-01 4.156823846555731117e-01 6.073788798172364833e-01 4.084751979122109855e-01 5.870334306692844839e-01 7.117106394955121651e-01
7.225434787714795082e-01 7.831041855283442654e-01 6.872828676661135727e-01 4.831993115565852981e-01 8.219429089896106433e-01 5.482280628027794700e-01 6.479830611863842682e-01 3.622783681287438107e-01 7.128514445312654768e-01 6.226430743772459753e-01
4.241584720149293442e-01 6.595349299288876255e-01 2.495173120726341121e-01 6.095373742379185389e-01 3.417968506146956686e-01 5.582251768014954152e-01 4.351073097415178448e-01 6.148309156482758553e-01 4.613842842242025233e-01 3.963760412245631026e-01
1.945432100779274642e-01 4.116740155981589155e-01 1.049101406906363942e-01 8.082331784903917793e-02 1.146922539338018632e-01 1.885392491113630220e-01 5.472246142383939416e-02 2.417064436226998014e-01 1.554655525655955217e-01 1.807747793908043299e-01
7.823725784909099090e-01 6.776346972032561977e-01 8.643153165361059376e-01 5.996112654842751244e-01 7.438941581937812408e-01 5.263820501116331929e-01 6.553858469686009158e-01 5.444961367567783261e-01 6.978012072885627637e-01 8.768445063086970359e-01
8.744034957318362888e-01 1.000000000000000000e+00 8.928176229202543501e-01 9.666473439291367598e-01 1.000000000000000000e+00 9.356802474953052062e-01 9.388404887521949460e-01 8.068180556147664939e-01 9.028122277181064304e-01 7.801115127459385956e-01
3.810368321135855774e-01 6.453800912750204954e-01 3.506180035584854915e-01 5.161304961869916941e-01 3.441479234107147622e-01 6.116781021788000317e-01 3.164482185366528921e-01 7.412668658325990423e-01 3.785605106463971747e-01 2.829236992995174393e-01
7.630630253554405718e-01 5.638066158239262160e-01 7.803336527936591827e-01 8.109291803522271636e-01 8.259224039049188892e-01 8.214211942745821560e-01 9.515831329210587830e-01 8.567258114654660028e-01 7.766274366162220222e-01 8.947945318488004229e-01
8.085989350390153652e-01 8.895510607749751442e-01 9.071197456461673747e-01 8.910337631904459155e-01 1.000000000000000000e+00 1.000000000000000000e+00 9.360879717277593715e-01 8.065906215544502711e-01 8.849870604065390722e-01 7.907230238045621640e-01
5.386088774072480545e-01 6.729215123339455928e-01 4.528874365253875434e-01 7.286080671097151518e-01 4.212705411781623721e-01 6.241564689243327413e-01 4.592451822251269467e-01 8.075788931660088377e-01 4.962720708450659157e-01 5.780429992972848652e-01
1.518117188945185547e-01 1.716351006708807803e-01 1.100776970294509161e-03 3.963438282073541430e-01 1.345497013428247346e-01 2.964770341745316951e-01 3.190526600230758625e-01 4.989694396585211966e-01 3.044825093292862217e-01 1.468491132588908010e-01
7.864119879610081965e-02 0.000000000000000000e+00 2.549322033121058095e-01 1.874825662253205155e-02 0.000000000000000000e+00 3.200761991420520217e-03 6.800283532083316318e-02 1.224680995067375100e-01 4.511938731260965729e-02 1.862783965777108364e-01
5.652962085841820583e-01 6.589070771870487730e-01 4.458686109070050252e-01 6.289148310228761529e-01 3.717686755730497672e-01 5.897699249535868216e-01 3.771585487002010462e-01 8.048912733127813190e-01 5.115134541696193526e-01 5.480259764907009501e-01
5.637605343565181837e-01 6.519855776248970614e-01 3.987235017948967397e-01 6.524805216580406020e-01 4.224328104080202206e-01 6.463539109525142656e-01 3.593649681525263873e-01 8.193302690652003450e-01 4.720776251643218346e-01 5.939062153745003902e-01
5.959677353820517220e-01 3.165749731005900180e-01 7.016030971019810991e-01 4.185011881281638368e-01 6.320694972753443386e-01 3.690364903601703328e-01 6.163839015279968248e-01 3.833840582163359767e-01 5.492818199187803341e-01 6.107521381970408836e-01
2.774524358619218090e-01 4.322537806450932329e-01 3.549295031698315173e-01 2.497862647421745519e-01 2.463419367630358958e-01 1.856627551825894007e-01 2.215596645257786323e-01 4.905253231829150851e-01 2.181355077198606496e-01 4.503089071898475071e-01
6.293637183587839079e-01 3.630131795137021000e-01 7.539757911337837681e-01 4.503460308347586594e-01 6.480995286725708127e-01 4.210708210296846277e-01 6.029782676857802226e-01 4.230811840571396809e-01 6.105423967165833909e-01 6.622221610576766171e-01
6.886410754071666807e-01 7.408777710011239526e-01 7.047245569073754545e-01 4.209648912665976961e-01 8.444542711319841244e-01 6.623407989305897248e-01 6.749573332884546417e-01 4.019788195463335767e-01 7.225311842560097064e-01 6.158318042956850702e-01
6.381139609470707352e-01 2.824851384000677257e-01 6.878438180620697340e-01 4.447231941529605215e-01 5.968401600115994521e-01 3.587311819441485472e-01 5.710884877870693321e-01 3.976973214798046330e-01 6.387076232033711554e-01 6.022732942157156266e-01
1.119222707371465425e-01 8.651899760764587832e-03 1.739540762633418336e-01 4.397147680692453653e-02 2.764088263937641843e-02 1.793378393265353601e-02 2.072611513774000880e-01 1.548939912297535859e-01 1.186533419212528195e-01 2.607285167391787395e-01
6.072859626024404989e-01 4.458858677976280660e-01 6.344147258968698688e-01 5.151844326902115245e-01 6.493049991970173407e-01 3.400802781182202805e-01 6.002310571857230048e-01 4.053817266668161556e-01 5.550273435622417040e-01 7.509398336142608654e-01
0.000000000000000000e+00 1.428968940998540885e-03 6.845740812020732757e-02 1.147569615521971953e-01 0.000000000000000000e+00 0.000000000000000000e+00 4.323983347681123902e-04 0.000000000000000000e+00 0.000000000000000000e+00 0.000000000000000000e+00
2.860502560960115348e-01 4.007091665739620501e-01 2.406845669742777027e-01 1.636574045684799084e-01 1.315679218481909662e-01 4.131807785181351722e-03 1.044880058460430916e-01 1.507854804780483504e-01 1.650101341209544159e-01 2.306849808413388159e-01
7.321454290319355795e-01 7.728927729999688356e-01 8.037138916517165832e-01 5.053900409566091101e-01 6.925385001520485417e-01 5.978773226574323196e-01 7.218964578107260888e-01 2.937062535884665260e-01 6.999410481060623912e-01 6.411485907755208880e-01
1.759265309661945664e-01 2.370368155309216240e-01 9.375116629378968391e-02 3.692864221805384206e-01 2.142667526405657719e-01 4.733923614943877922e-01 1.953872548575738832e-01 4.206485458186393633e-01 1.698140689239429069e-01 1.925160030741072670e-01
8.359266962588596250e-01 4.503451908054454389e-01 8.004620784231372133e-01 8.806295608597796143e-01 8.554695614569679529e-01 7.910271319280048896e-01 8.705700354834000620e-01 7.785909720551178470e-01 8.223753733752150463e-01 7.855725638192284643e-01
4.555037582615864000e-01 7.373429590939744038e-01 5.082667816194762489e-01 6.579175970053211531e-01 3.724366030693774254e-01 5.990273022245548029e-01 4.410673362259471819e-01 7.450149118010223059e-01 4.874201204899065165e-01 6.170546134101999591e-01
5.267074377309377553e-01 6.259009611930044237e-01 3.957216627826077304e-01 6.190408453190383575e-01 2.906786479241100229e-01 5.779718215414058058e-01 5.134334489872913743e-01 8.238224262103960305e-01 5.008733028369262152e-01 5.654419931422656198e-01
4.157826817532561114e-01 5.777798509174497665e-01 2.863014838764767478e-01 6.082145819142915633e-01 3.700014136609886539e-01 6.353154609267597230e-01 4.101067409166787026e-01 6.723102807609036002e-01 4.325656050992044421e-01 3.666961329980434892e-01
2.109771890506191294e-01 4.096852395062509089e-01 1.791740104236471953e-01 1.739598705158274250e-01 1.518587596047138166e-01 1.455260062588750181e-01 1.108860523255532915e-01 2.684805067521047195e-01 1.378160982547732005e-01 2.270047590561322659e-01
5.495345821787158691e-01 6.674223572859738773e-01 4.172728729870612829e-01 6.385113061391712863e-01 4.798011627398282020e-01 5.671101161450028405e-01 5.998484550861122866e-01 8.580814108873137114e-01 5.744713352420058872e-01 6.389588140077390177e-01
7.575925890099420856e-01 7.048019795096820417e-01 9.070493301923460150e-01 6.185842764978678465e-01 7.521841603197545467e-01 4.925347495646306695e-01 6.510594967608763772e-01 5.308613912973354498e-01 7.803527998356192263e-01 8.793326825249598855e-01
4.605662050623813286e-01 2.874539460080364206e-01 5.943400926757163028e-01 4.120601914126403309e-01 7.197877528782166134e-01 4.185963491683445947e-01 5.283199355584720092e-01 2.206160132675875629e-01 5.189911239043890623e-01 5.021464784806424220e-01
4.959290915795975807e-01 7.234339968790625131e-01 4.532981340758228672e-01 6.415214409032534704e-01 3.314080808440514336e-01 6.237340178566229687e-01 4.044790024532119443e-01 7.990827829364685053e-01 5.549384607496105071e-01 5.666666791248059498e-01
2.648972616879563535e-01 1.719309315121443915e-01 1.010256672808901440e-01 3.262780943018535051e-01 2.129242498864369892e-01 4.044632638331520091e-01 3.135741164145464666e-01 4.325378242196825651e-01 2.526377915441558319e-01 1.078849006504813135e-01
8.351264116428770423e-01 6.463468864009689341e-01 9.777042468028876998e-01 6.469863877435154675e-01 7.061012953365317646e-01 6.445219363226092346e-01 6.816746273007804335e-01 4.950637861570848508e-01 6.922551841962932828e-01 8.938380536661716391e-01
5.348083148105179374e-01 3.599079775235844436e-01 5.748293511956860113e-01 3.309935780821999241e-01 6.552431644291901724e-01 3.828670688732082050e-01 5.428299474471939279e-01 1.663285033889868036e-01 6.051565768022539871e-01 2.882093562213289273e-01
9.005712395635846745e-02 2.409695650384547153e-02 2.071125927642372966e-01 5.099473139895040197e-02 2.331990069626340562e-02 6.499051397514353512e-02 1.185431824253480176e-01 1.569080721223928276e-01 3.171334341232611570e-02 1.969925586999902445e-01
7.885487256371980225e-01 9.503481295015383523e-01 8.162655433901364610e-01 1.000000000000000000e+00 1.000000000000000000e+00 1.000000000000000000e+00 8.480269015587628134e-01 7.875735303464659331e-01 9.140649568637634337e-01 7.775013074337506769e-01
3.514287030845311133e-01 4.075629436767779779e-01 4.850303655677163928e-01 2.040695903982028270e-01 1.767741262842987549e-01 1.554798064040707473e-01 1.707429581378209771e-01 3.428608896518010596e-01 2.344084416405683713e-01 5.606709916156500384e-01
1.729137711685904133e-01 2.537294890935898328e-01 9.567931802863857693e-02 3.703569419641407623e-01 2.098840936249839195e-01 4.888558864554914951e-01 1.993407672989036539e-01 4.038970907261337229e-01 1.754685943364665546e-01 1.309505734426893164e-01
3.808659219451996369e-01 2.346907746977520137e-01 5.042280968696470911e-01 3.631129781225034825e-01 6.426708771929097175e-01 4.582057376073479515e-01 5.490237092357236337e-01 2.418265544234942110e-01 5.430425095558192305e-01 4.107401610917529311e-01
2.086019404559377177e-01 2.245719154115383143e-01 1.161368830948247416e-01 5.094466088066718079e-01 1.715926042976028965e-01 3.946540187140107903e-01 3.398483610923105358e-01 4.335054281641086416e-01 2.523083897941571507e-01 4.065076004733934878e-02
4.950312786463961778e-01 5.915294276389991834e-01 4.402776339476350276e-01 6.110460239651581693e-01 3.562254777572337883e-01 6.131180700596882138e-01 4.305888349152571792e-01 7.916840561962864564e-01 5.639718586920849930e-01 6.108165268764035316e-01
8.047360807492061063e-01 7.815756909166859945e-01 9.230323306963275076e-01 5.919481663040757624e-01 8.199464103460997189e-01 5.488150800005388019e-01 7.492685341098386242e-01 5.797439978161931240e-01 7.248617345150246694e-01 9.414720432150316398e-01
6.741676677933562400e-01 3.798663642808377539e-01 7.050884567215046639e-01 4.990800350335803937e-01 5.407577688278062400e-01 4.571371379658812351e-01 6.697138733744258943e-01 4.289358562638299066e-01 6.321248489044204444e-01 6.358888698054288025e-01
7.054536126027293186e-01 7.029878121430057636e-01 6.875686774360367792e-01 5.254413209476616053e-01 7.954487101320920628e-01 5.657053994561924704e-01 6.504940723944183656e-01 3.358930171221112260e-01 6.137675338932906399e-01 5.064624166662601290e-01
7.637995212378489995e-01 6.503055278796625593e-01 6.689037636964646483e-01 9.152676443604573775e-01 9.042597317908083188e-01 8.927514510219108912e-01 8.888054256048979473e-01 7.214772189566647231e-01 8.579022079470557394e-01 7.093386265408345714e-01
1.000000000000000000e+00 1.000000000000000000e+00 1.000000000000000000e+00 9.969515457535432779e-01 9.622625813900120839e-01 1.000000000000000000e+00 1.000000000000000000e+00 1.000000000000000000e+00 9.151640812854048290e-01 1.000000000000000000e+00
2.888021170870501697e-01 4.297733800980417795e-01 3.436300937187405369e-01 2.262898973866967756e-01 1.811504056428087095e-01 9.271374129596780811e-02 1.556740959446425987e-01 3.002609693315164696e-01 2.126546342008770740e-01 5.021149384010291650e-01
9.642155373653650274e-01 9.844927073586415833e-01 8.688552734177285020e-01 9.483427211819327463e-01 9.151479672478932681e-01 9.349516235961118360e-01 8.719762607018487488e-01 8.635148566404958759e-01 9.003583106963986005e-01 7.160419415684817768e-01
5.581548693454531085e-01 3.603207212311451690e-01 6.496880020338995365e-01 5.295710443999065431e-01 5.666621942242335841e-01 4.429673848296885041e-01 5.769672484012339231e-01 3.569552942088228820e-01 5.559320508234419922e-01 6.697323038853127963e-01
3.338236497662901425e-01 4.032284278715323467e-01 3.347892349677276114e-01 1.758729109597871598e-01 1.592714499467477174e-01 1.609673111168428705e-01 1.611487607081285578e-01 3.432906076131483353e-01 2.802944586622684309e-01 4.968187161850967093e-01
7.266558468872813537e-01 7.286199684438492419e-01 6.712374613872202911e-01 4.892817529250510500e-01 8.335775427922350600e-01 5.995822516697734139e-01 6.206349153750847503e-01 4.378820217844418550e-01 6.426931612415696105e-01 6.887432015912170469e-01
3.273230799627362408e-01 4.259024396480972641e-01 2.485722949626366085e-01 2.453745520637827804e-01 2.283738563245941988e-01 1.775390636172013148e-01 1.363108313754496093e-01 3.102438571839453707e-01 2.721394315486595494e-01 5.343153889593401651e-01
8.867091200107437565e-01 7.669432971242097219e-01 9.083451137794439356e-01 5.745227021070229423e-01 7.844264122746863466e-01 6.041108024143316824e-01 7.103873235646231965e-01 5.173557999196910506e-01 7.252436490959849325e-01 9.039807782225389721e-01
8.770139060471768833e-01 5.072061947952404282e-01 8.431118181653196597e-01 8.406657959670976732e-01 8.770775326381640147e-01 8.360644703237338771e-01 8.840013500141079561e-01 7.164483520292780350e-01 8.183728400139413939e-01 8.762440307156134089e-01
6.665994144135996002e-01 5.979498016143993677e-01 6.868374014597861121e-01 7.681065447985012673e-01 8.142419715202431352e-01 9.201718289261209272e-01 7.239791795576050459e-01 6.091570512898274448e-01 7.040115355083789161e-01 5.172256569930029357e-01
3.582698215293791955e-01 5.914404049322563584e-01 3.252016152646404756e-01 6.575438855428710205e-01 4.081392039563374041e-01 5.842148804991430522e-01 5.381275603912958339e-01 6.109692849063914633e-01 4.032330008569002811e-01 3.728947751758979190e-01
9.497873876895742695e-01 1.000000000000000000e+00 8.124273882327029961e-01 9.033409332321357121e-01 9.628899574873328593e-01 1.000000000000000000e+00 8.534867377539417932e-01 8.344426945510674543e-01 9.346320269242660572e-01 6.822895156999573274e-01
8.803606575481393026e-01 9.182716762848361913e-01 9.153815545124326380e-01 8.921965053290997760e-01 1.000000000000000000e+00 1.000000000000000000e+00 8.658266729088847091e-01 9.024033148028611784e-01 9.082086355108737186e-01 7.719680378109062824e-01
6.869437987481102903e-01 7.005185700846617847e-01 6.851892072983521986e-01 5.440584449732061012e-01 6.800261960956368590e-01 6.408566949691862913e-01 6.563185498655419448e-01 4.094933534607669845e-01 7.232570829983326899e-01 6.733800204133266742e-01
6.865826649936813686e-01 8.057250256826138379e-01 7.116811628019819036e-01 4.797061085241934864e-01 7.661431601531721869e-01 5.690695417602344985e-01 5.903450747945739874e-01 3.434285961183681790e-01 7.235306848523954670e-01 6.215005660489103523e-01
7.283067604179278565e-01 5.389236559331149756e-01 5.762353789112552027e-01 7.413037807413602742e-01 8.167884688204011256e-01 8.452794238066437815e-01 7.936570847056716449e-01 6.400317610998670359e-01 7.525396580482105469e-01 5.700921681536502694e-01
6.898585808269929176e-01 7.235184919237134249e-01 8.682073546923411156e-01 5.473487016930337345e-01 7.963250359820595037e-01 5.048879675103790099e-01 6.730461170350686695e-01 4.073263179169244186e-01 6.368755201900794249e-01 6.291074127186789822e-01
2.291009204245892661e-01 1.662128983402953453e-01 0.000000000000000000e+00 3.892933198805554329e-01 2.118529684220341602e-01 4.201460722448805418e-01 2.425814185488660291e-01 4.899104517153807237e-01 2.681401341273400574e-01 2.557907729527483798e-02
2.630551963409160643e-01 2.299857790403659341e-01 3.231878454312133719e-01 4.293854117048707675e-01 1.765625374556337446e-01 4.365756043266952324e-01 3.383702464624321893e-01 6.745221656921631670e-01 2.778571871967224771e-01 4.219010447761195604e-01
