8.148792154692255929e-01 8.653370422513700921e-01 5.996046253288791483e-01 6.252316844222057801e-01 7.228147991681767026e-01 7.343050253899969793e-01 8.864378892413053990e-01 8.156943987565192788e-01 7.456207852652682044e-01 7.733934712040174686e-01 6.071260944052546682e-01 5.578802689070897491e-01 8.358887715980439781e-01 6.285866605540232355e-01 5.686028119303181416e-01
6.474761530011066135e-01 4.203082400122007956e-01 4.449821139458486896e-01 4.311710085893839528e-01 4.345189634846138849e-01 6.447615423706878346e-01 7.301562728584291007e-01 5.253762445328661324e-01 4.924128012367540164e-01 6.448678906211121609e-01 4.213936700083156794e-01 2.601033356602352464e-01 6.474067001254932840e-01 4.796868395658748785e-01 4.997528802219082800e-01
6.125982031955137797e-02 6.574996893036835766e-02 9.800582888404898996e-02 -2.639476275654799309e-03 1.064736812667797239e-01 2.557381048833404225e-01 -2.866028478095058660e-02 2.356882527607855743e-02 4.030056590314663734e-02 1.012134072287769297e-02 8.092629850185080465e-02 4.056784234803488542e-02 2.267665810000866755e-01 9.088126623914428992e-02 2.291869937656915504e-02
5.088499752461651537e-01 7.116889454135332249e-01 6.786091645248735205e-01 6.609742080194688230e-01 7.451660984912942265e-01 7.047938322946714074e-01 3.952954143908213869e-01 4.836688375816070029e-01 6.546056024796264028e-01 5.593765034713616968e-01 8.031217104870916890e-01 7.318714735708948815e-01 6.749488962904357514e-01 8.120552040298026908e-01 6.404537031796110336e-01
2.993937568945199273e-02 1.462075618220667339e-01 4.518727431753490759e-02 8.636662728348704077e-02 6.290494495515833173e-02 9.725836146706265395e-02 1.153855271284961181e-01 -1.356426949137628721e-02 7.387778322963556299e-02 1.587917180951878837e-01 1.169869600071293814e-01 2.018561481695184054e-02 9.040120929502709624e-02 2.335845029871736478e-01 1.755769679485023327e-01
8.865318640698879316e-01 8.950259945925950200e-01 8.701458925561895708e-01 9.003390148125161030e-01 8.447860787144682027e-01 6.436149240928261683e-01 8.725918164309990344e-01 1.006862751904499698e+00 8.133674183681345315e-01 8.148235801240195642e-01 7.860965742172849602e-01 9.361826866977632777e-01 6.822414767024332916e-01 7.260486338851901422e-01 7.941483132206206275e-01
9.041257679971397287e-01 8.881253218111023751e-01 9.496701689536529711e-01 9.131413413173808946e-01 9.303082647321552212e-01 9.228008826395021069e-01 8.699820339997234031e-01 9.773040485065359606e-01 9.103915547749878989e-01 8.670525963728213936e-01 8.261492083671081454e-01 9.972062740736010733e-01 9.117001434868708953e-01 7.782698340791541769e-01 8.465488469102473434e-01
-3.149737933572646642e-02 -1.070195672608677869e-03 5.871351781661466804e-03 4.076339259660391283e-03 2.291828382036920856e-03 3.469492421710380914e-02 -1.073931084489117635e-04 2.170639771741530305e-02 -1.249750910750595939e-02 3.089420049598396519e-04 1.021883580381932784e-02 3.411154957930981335e-02 -2.234747210173195983e-02 2.465738500251243859e-02 1.386660141153306554e-02
5.064327352126309911e-01 2.842371721476768531e-01 3.525503504696069768e-01 3.301053734240149140e-01 2.594753713153188368e-01 2.871876016153164790e-01 6.492257376172918537e-01 5.158599851973996175e-01 3.017875967883120736e-01 4.543417786882743559e-01 2.001012364029340906e-01 2.514508458316143669e-01 2.918962747133493352e-01 1.768318981387634881e-01 3.111158188895947752e-01
5.787673274786939714e-01 3.771982244959430908e-01 3.542670225425444408e-01 4.590581770408168616e-01 3.551191901302817588e-01 3.387944813015840717e-01 6.661494219575744280e-01 5.388632291522043039e-01 4.593681874851038294e-01 5.877576379144116014e-01 3.696964246505583529e-01 2.296724993119461100e-01 4.025815554305778310e-01 4.008211784312654125e-01 4.137464439819620310e-01
4.641431323769231732e-01 6.845573289895741098e-01 5.656156690919765806e-01 6.502468769082299094e-01 6.476578109730533050e-01 4.400002455554749559e-01 3.919534322495812906e-01 4.992248944089101026e-01 5.994679456850288135e-01 5.379150670463587192e-01 6.943778107492999396e-01 7.086503622177284800e-01 4.698065891455883158e-01 7.084239236662278616e-01 6.889754963490511974e-01
1.928689930699259147e-01 1.181786795585635652e-01 4.050326646524113894e-01 3.470925922830769839e-01 2.774159158716384965e-01 2.650890848525459531e-01 1.216540262357338475e-01 1.292904809955756629e-01 2.332480819632421210e-01 2.366494403777354427e-01 3.821364231105721099e-01 4.190644353555341706e-01 2.112848303608933498e-01 3.705431595151986168e-01 4.147712481895844405e-01
4.266723561667032372e-01 6.190561323833112528e-01 6.569057031276656078e-01 6.022129185249999184e-01 6.488829674770885125e-01 6.299819105422075349e-01 2.445810806153572714e-01 4.742124901498673828e-01 5.381001002589131943e-01 3.824174798937899911e-01 6.175770721589033396e-01 7.415872137665933117e-01 6.229099779207312171e-01 5.857142330709339539e-01 5.710966484680237709e-01
8.772018173005753372e-01 8.163539059604937309e-01 8.798338926855302500e-01 9.031181116017615862e-01 8.501574621461269743e-01 6.297108221433731501e-01 8.959662559411163407e-01 9.764679412912495859e-01 8.599244674722833492e-01 8.652384705596523062e-01 7.932932021922920462e-01 9.631242060630248458e-01 6.807578456257167288e-01 7.297364746543092417e-01 8.295125497513371471e-01
1.755511174946251807e-01 1.076388669709874013e-01 4.068612490231644507e-01 3.636036540215598634e-01 3.198281609107238577e-01 2.641095563878051444e-01 1.329803114712245771e-01 1.919644412298472658e-01 2.270494180348428259e-01 1.885438439653731590e-01 3.857190563692207141e-01 4.884573730862838414e-01 2.726941591609478577e-01 3.382071575292745491e-01 4.118204794941370261e-01
1.235225025307816818e-02 4.851048487179271916e-03 2.205463126897005272e-02 -6.905885320797800278e-03 -1.613044525751320540e-02 1.609454202790591704e-02 -7.799099983206487889e-03 2.010066431469652564e-03 -3.706413390097279548e-03 1.941096334578936225e-02 3.567657947778123118e-02 2.143627020280626516e-02 4.743871494395164590e-02 3.208119204662357449e-02 -3.528896994905121728e-04
9.265154784076676808e-01 8.782940197322574027e-01 9.382943875258304978e-01 9.312300728220271884e-01 9.517864340318775707e-01 8.967569709990730331e-01 8.930175686742952701e-01 9.733604495762671061e-01 8.944992757307255182e-01 8.186536393776449039e-01 8.503765791251466366e-01 9.730176410579598478e-01 8.871227435288930874e-01 8.193788463661915156e-01 8.557512049800938270e-01
5.930505795623225440e-01 3.714385510050642880e-01 3.917798639834908503e-01 4.390305694270140169e-01 3.381321271231665926e-01 3.710230881582206042e-01 6.913970595118004159e-01 5.389343838784943497e-01 4.102810522153773065e-01 6.295129934109300329e-01 3.480132805618498248e-01 2.446900639730402727e-01 4.204440260899616200e-01 4.207801700218179453e-01 4.643104265969083544e-01
7.345152101339528228e-01 7.540648016079358751e-01 5.847111838123194572e-01 5.645185603561732046e-01 6.835511584314934996e-01 6.709395249079114221e-01 7.687034764581965884e-01 7.954928707928377030e-01 7.004053366005755787e-01 6.509713965284387172e-01 4.735452633879752016e-01 5.160398810127047042e-01 7.201486520808113578e-01 4.543331251156622064e-01 4.176243032884928152e-01
2.325636605934293388e-01 1.851679780599270742e-01 4.738716438798056263e-01 3.793039571298324475e-01 3.805260452609477428e-01 5.038286497764835614e-01 1.656167247377856033e-01 1.702224282353311802e-01 2.860862496185617165e-01 2.422617507333472975e-01 4.453496721468776509e-01 4.738770956769527420e-01 4.311307018860132678e-01 4.232235956672358856e-01 4.312643945734589979e-01
2.198031121304627744e-01 1.652650762598995016e-01 4.882604320736669279e-01 3.940984697903877620e-01 3.927321191153728686e-01 5.151125731242257588e-01 1.742587320603441181e-01 1.758176197779199035e-01 2.981851888520128391e-01 2.597855077007581448e-01 4.885253000031211656e-01 4.492878223020819739e-01 4.370086622346492922e-01 4.436303880485327200e-01 4.243250178326583577e-01
1.178313036937729263e-01 1.261811857927920832e-01 1.773360130512822153e-01 1.087427548119785786e-01 1.707133110900457829e-01 3.227770585192440422e-01 1.328710980762300986e-01 4.979540632399849509e-02 1.650218398003700238e-01 1.766706504787252663e-01 2.005432530501954080e-01 7.518197351591658639e-02 3.372800657351843756e-01 2.780446466792658722e-01 1.450487298105434253e-01
6.429959305451422580e-01 4.144283297234801489e-01 6.873250351386108736e-01 7.036370781416689812e-01 5.473702640524010787e-01 5.683358350983807039e-01 7.810299996132894496e-01 6.816517270617692414e-01 5.804060356162663581e-01 6.627219188932216287e-01 5.609870395819811506e-01 6.853912912395875301e-01 5.280453210953507392e-01 5.277857326854051845e-01 7.467508337838550947e-01
2.792700434264347997e-01 5.962040562336534677e-01 1.979179371937615783e-01 2.886040211676954015e-01 3.914212476954512243e-01 2.102873594918732714e-01 2.101752523697173747e-01 2.679092345196471547e-01 3.471715494630461252e-01 2.845036830298453556e-01 3.556020890851975258e-01 2.748305591079867050e-01 2.780401086440995595e-01 4.411110368890180933e-01 2.306749816019491028e-01
6.432737485734547622e-01 4.353442033698546876e-01 4.328526505315789530e-01 4.046743183986724057e-01 4.446442010303302550e-01 6.587785769732376062e-01 7.111609248142458650e-01 5.378602991145926548e-01 5.028627357508924645e-01 5.830133389168455915e-01 4.280117951620687200e-01 2.664936602096437124e-01 6.425591482610748528e-01 4.526160186908867455e-01 5.131741225455765942e-01
7.595763925077589906e-01 5.205159367429161854e-01 7.729110726197815362e-01 8.127929477468579522e-01 5.908707395643331139e-01 6.445350400498885968e-01 8.772201866280114890e-01 6.847293661428841549e-01 6.539334974295557545e-01 8.530204499427762599e-01 7.396967783817388620e-01 7.108842916531653566e-01 6.290007494652114506e-01 7.624965598058350835e-01 8.467667756083114838e-01
-1.906290740654946470e-02 5.025218040767731771e-03 8.622877580854459295e-03 7.705279224919342473e-03 9.964000701737720650e-03 7.570423864675393522e-03 -1.352888254633167857e-02 -4.342990472545204921e-03 -2.143497315728471256e-02 -2.738779845399517097e-03 1.472341354524102017e-02 2.073479785879462842e-02 -2.532410439496620563e-02 1.725234597231023112e-02 -1.419441759612478753e-02
3.299309077389082825e-03 3.303989860276361490e-02 -1.568479202829428610e-03 -1.185356792477912369e-02 7.147732859462041857e-03 -8.116948568361143437e-03 1.680981968278719499e-02 2.368490115189714196e-02 2.147140812986239253e-02 -2.102043837628255266e-02 2.236614881361163182e-02 1.561130382482052437e-02 -2.838827852702544355e-02 -3.763418509824950631e-02 2.155355611160759619e-02
8.193919462382591723e-01 5.541936889824633505e-01 8.387009346629208384e-01 8.580986666847717492e-01 6.824115304022578821e-01 9.192835810984824052e-01 9.311406295415602941e-01 6.786564162522883414e-01 7.339629219261635251e-01 7.966033390028776084e-01 7.998785171560619522e-01 7.468969883376670449e-01 8.350494260574469196e-01 8.272367610289814710e-01 9.437210365058318340e-01
7.821408070975846005e-01 5.737128293614210950e-01 8.461655893921322669e-01 8.338144020790582145e-01 7.032134172101288661e-01 8.578468795270665082e-01 8.953655694679176769e-01 7.009393542588348014e-01 7.021883657119327715e-01 8.485306030690712431e-01 8.134421152814043099e-01 7.205559900822169350e-01 8.084383032394603097e-01 7.853170612688762375e-01 9.006853850418722329e-01
2.582924575565428982e-01 5.578523589016789463e-01 1.506827245693101447e-01 2.807141199072986093e-01 3.801068116167783395e-01 1.451999721241756802e-01 2.207232085530454468e-01 3.022936661058638341e-01 3.509223140140441677e-01 3.290070042386628035e-01 3.597270152421861988e-01 2.833939473701748146e-01 2.116344103444479097e-01 3.904048049335305248e-01 2.585543936289961264e-01
7.497654476494051146e-01 7.175107767723832852e-01 5.118138135158681878e-01 5.121407141036832256e-01 6.661356022617763717e-01 6.517165023240799604e-01 7.225034299282512285e-01 8.280612526546279328e-01 6.520621741567563801e-01 6.440512758329152154e-01 4.570650358326987517e-01 5.529312707711778740e-01 7.087801701091078765e-01 4.807754346472532525e-01 4.718385135375264272e-01
8.597712556317526067e-01 8.615014417690122217e-01 8.918436506543582221e-01 9.101127647232134521e-01 8.360184016447079758e-01 6.420243888023574597e-01 8.808925344861013862e-01 9.689890106668912484e-01 8.259759593201382311e-01 8.154647897139382096e-01 7.679645847041148832e-01 9.235263178403104734e-01 6.596588208139331222e-01 6.965447804083615413e-01 8.613269190307386580e-01
1.026537392998256859e+00 9.847924290826312044e-01 9.756306490737063353e-01 1.008841871163381754e+00 9.673265194644902198e-01 9.989805630137053027e-01 1.021105750176412252e+00 9.639474651724320164e-01 1.009360223067730988e+00 1.025059221012107002e+00 1.020196049518089287e+00 9.683564155549315711e-01 9.854063791817997409e-01 1.026932010501986570e+00 9.772764148622348213e-01
5.864634842970462003e-01 3.670069548387341341e-01 3.610468043095907409e-01 4.274076533004455003e-01 3.483148785610858389e-01 3.712180832406734021e-01 7.013015422127530929e-01 5.204439152750862663e-01 4.252157688227751753e-01 5.831062222529989070e-01 3.637087190888420585e-01 2.633643562135261629e-01 4.045915065987770731e-01 4.212488651734980771e-01 4.906036992920921880e-01
8.987649093246778964e-01 8.432557737874297743e-01 8.724153171108480764e-01 9.052108270673351331e-01 8.365141534855013994e-01 6.355043249028502483e-01 8.710668700463650715e-01 9.589638753877776089e-01 8.809682409521021329e-01 8.601302670359814995e-01 7.922908215917386920e-01 9.772799472757602857e-01 6.538719347475029364e-01 6.787229280123027175e-01 8.510632946274342414e-01
-1.282463231665267531e-02 5.709379602061736073e-03 -5.037304017629060798e-03 -2.215483855144484426e-02 -8.732695833658340664e-03 -5.222009490908650214e-03 -1.953447345370018691e-03 2.151628676029076689e-02 -2.654383568611350802e-02 4.271348534612370157e-02 -1.090578212771238335e-02 1.515032996411386397e-02 -1.495962419858271573e-02 -5.612782696995229081e-03 -3.707580357174276170e-02
2.837387771011647408e-01 5.527009116146469614e-01 1.946847938185986560e-01 2.829735858858859476e-01 3.721143075085652230e-01 2.150570355035763270e-01 2.056847829977442310e-01 2.831462342754398898e-01 3.334115473462348489e-01 3.348947239192440195e-01 3.439446104838301821e-01 2.824141999494250710e-01 2.460057420456575328e-01 3.696394482396043180e-01 2.318350639748440745e-01
5.707124404620291802e-01 3.775901871044826108e-01 3.016860208178677172e-01 4.201424007343049216e-01 3.338572590423356523e-01 3.764873789808305116e-01 7.039826627197365294e-01 5.203601620495007518e-01 4.460875399859646762e-01 6.604913747799221468e-01 3.679936129464135286e-01 2.579040610542657208e-01 3.886512317352687762e-01 4.333713332326869505e-01 4.587081114260608827e-01
1.255658586851846614e-01 1.131502220685346310e-01 1.208607101358756403e-01 1.196179775132260592e-01 1.487834271786949714e-01 3.902510230810542491e-01 1.114761447974027819e-01 2.541643738118080573e-02 1.765435219616066087e-01 1.688179822526772178e-01 2.088319892327653582e-01 4.503797276715039433e-02 3.454356298379033241e-01 2.776247930842476452e-01 1.438228367830728105e-01
2.488661336973587435e-01 4.682563341734830575e-01 2.284199191054441802e-01 2.058906589643415275e-01 3.711758103147230758e-01 3.649648768872169602e-01 9.144381600535894661e-02 3.183602640305919218e-01 3.599435034924975962e-01 1.455826044624987659e-01 2.661910545146010665e-01 3.077144816114176784e-01 3.992131541175776843e-01 2.538804525013764746e-01 1.508607451593063364e-01
5.637567726527913103e-02 1.103029200957278827e-01 6.084101385975337201e-02 9.048071691405980277e-02 8.558500768656535085e-02 6.715693099972538938e-02 9.313830268264504386e-02 -1.487931335813908254e-02 2.976604171182317682e-02 1.383009239217272701e-01 1.741362855676549803e-01 2.096722335773132037e-02 8.292282007041804071e-02 1.762267899826313600e-01 1.803339579239224277e-01
2.569213678992555150e-01 5.495382278537339626e-01 2.234000229729389830e-01 2.693404229738163291e-01 3.418247917052111839e-01 1.706093652865725008e-01 2.097548011235167431e-01 3.241525988241845679e-01 3.739800089529821681e-01 3.013001816837983515e-01 3.295802223953201437e-01 3.118782857438812117e-01 2.729151901115868251e-01 4.166054955851719033e-01 2.430359126780604617e-01
7.684895036674703750e-01 8.210215376214755612e-01 5.275915107181763375e-01 5.995116409451798356e-01 6.408617597410232181e-01 4.492381572819912350e-01 8.223725419957993443e-01 7.995377011971351866e-01 6.959853716640816979e-01 7.612433748099338704e-01 5.119918100819342843e-01 5.180637219729663512e-01 5.660171630032304613e-01 5.754488236893128272e-01 5.881560904688791780e-01
2.549151318441306713e-01 2.451883841809739673e-01 4.334761819922897108e-01 4.341727585174431914e-01 3.157995028216736833e-01 3.556078095058372024e-01 2.735845211735957738e-01 1.766876173095618674e-01 3.112026898385800155e-01 4.007803827112380590e-01 5.138963288732973922e-01 4.671940934373530196e-01 3.244738099444021140e-01 5.668416304928693972e-01 5.866531650089492622e-01
3.243880713400678073e-01 5.990944629359330476e-01 5.691412301827015741e-01 5.330218844252787580e-01 5.793781216771567433e-01 3.497409535460259122e-01 2.866225970615134400e-01 4.964059020609483119e-01 4.970343636826062284e-01 3.986689398905621795e-01 5.856149178104453901e-01 7.340190737978420366e-01 3.771808624973621016e-01 5.097215225625492119e-01 5.388722629074400583e-01
1.898493109661952560e-01 1.145897066497999772e-01 3.973148965340727590e-01 3.861155571472486003e-01 2.955383651181958671e-01 2.580009432266229807e-01 1.552107899902495647e-01 1.790774762611136162e-01 2.003526420372684913e-01 2.534756152892681524e-01 4.119310504700924302e-01 4.433413580613033145e-01 2.356976681825848352e-01 3.260607487142052618e-01 4.159486311657555335e-01
5.801033206960919397e-01 3.889410777122266905e-01 3.223626095167032579e-01 4.458523107749303716e-01 3.417026593963903847e-01 3.697666130685073327e-01 7.109545950030551342e-01 5.325064874434241036e-01 4.183967319781501937e-01 6.355308843143563369e-01 3.406187331114405303e-01 2.613726623280692163e-01 4.216865973647601074e-01 3.930048633830416915e-01 4.694871726971067138e-01
9.857857333791585353e-01 1.009707710231559474e+00 1.035494837038999139e+00 1.000667771575392662e+00 9.973833952419950410e-01 1.014463877791517143e+00 9.863117561807984712e-01 9.971408096649978514e-01 1.012556010923621130e+00 9.916656493359461422e-01 1.004120446688318680e+00 9.944171475861067755e-01 1.005404541529647089e+00 9.925393295986879583e-01 9.875415282149037077e-01
1.010320058913416919e+00 1.006036167486537458e+00 9.813495409396929547e-01 9.731152417984995084e-01 1.019033156878369484e+00 1.013382393122038705e+00 1.004139706780721841e+00 1.029940250616401265e+00 9.812422819911565952e-01 1.008831500373529089e+00 9.877803959467176265e-01 1.029616668232252286e+00 9.854646685024694985e-01 1.022347495294582131e+00 9.959970547539366281e-01
1.007963930509593542e+00 1.016109417527073289e+00 9.914976379738233980e-01 9.734952209900161746e-01 1.006813744036185065e+00 1.017765442781620733e+00 9.843799042096674778e-01 9.584971343192161264e-01 1.004633969314191688e+00 1.003768965583035078e+00 1.014534662075837534e+00 1.016445983846093526e+00 1.014683292655606417e+00 9.921274304824331258e-01 1.008895452563446815e+00
5.862885432974062061e-01 3.926816983035115172e-01 3.438792163103889243e-01 4.544295116369256871e-01 3.557899918566355679e-01 3.735381268028171164e-01 7.449481255339491792e-01 5.480012203830243456e-01 4.248653096248531380e-01 6.259100260986600883e-01 3.293912035236998270e-01 2.959297329463917436e-01 4.377880672621449198e-01 3.846488775620364731e-01 4.497531763007717176e-01
4.960563358249845400e-01 7.379395545133401457e-01 6.581212119402888305e-01 6.623119910892520945e-01 7.357467664823663656e-01 7.233638085653480987e-01 3.648498963504394621e-01 4.727659934762109550e-01 6.304832868660457112e-01 5.662868817268998933e-01 7.954411888137240538e-01 7.679806056683240456e-01 6.937783230111584931e-01 8.299805713980216160e-01 6.887191389032243372e-01
9.548034209845027709e-01 8.730276098646515548e-01 9.596592819710277888e-01 9.209421215780813075e-01 9.156146263728224266e-01 8.898762627184741980e-01 8.604927047521935268e-01 9.804799194591979905e-01 9.232451872701383788e-01 8.558168165117679971e-01 8.182217674459774104e-01 1.017173547288216184e+00 8.945664163159283699e-01 7.629906699430476502e-01 8.776171735107627381e-01
2.382966311944128834e-01 1.535026443391346029e-01 4.452113781970243878e-01 3.867303412871333501e-01 3.634643638551780520e-01 5.240205759011870024e-01 1.662259808887455725e-01 1.890606912569480214e-01 2.992983236028502469e-01 2.336673691981094036e-01 4.845932175071531733e-01 4.455771436464260882e-01 4.593436514046773667e-01 4.398420842149639021e-01 4.270374995834537168e-01
2.951583041642609206e-01 5.711676423621779852e-01 2.912074311374927005e-01 2.855047177155732863e-01 4.687928054515700382e-01 4.532443816564497019e-01 2.464396405675519652e-01 2.838667456066828465e-01 4.362973538908903604e-01 3.187109623329443253e-01 4.172613605900764577e-01 3.162757986407167543e-01 4.665798272212750009e-01 4.952839072112429908e-01 2.427987742031904594e-01
5.112513923795337645e-01 2.466087447817586764e-01 2.944713322290241631e-01 3.448359960584039818e-01 2.727820555560153681e-01 2.895144260811280956e-01 5.856231255117524404e-01 5.347060124932436764e-01 3.491914027188677827e-01 4.904756889336546744e-01 2.201679693245051084e-01 2.605360210709852797e-01 3.501175702260129197e-01 1.897539599551320288e-01 3.252423145969765006e-01
4.369324569135296654e-01 6.282050772531172500e-01 5.910629889148082405e-01 5.643873180474815454e-01 6.833976005276105603e-01 6.175536031190269615e-01 2.736766677847340956e-01 4.541800625111641621e-01 5.297686815328459531e-01 3.666851905553728530e-01 6.251680327048098063e-01 7.381589054135421213e-01 6.343873424051954535e-01 6.001515558134856709e-01 5.416895983980665186e-01
3.725839177635182908e-01 5.775523337217371989e-01 5.703596487959035066e-01 5.538072886819388474e-01 5.678432590348997389e-01 3.533387696327594529e-01 2.599734227712217627e-01 4.436547615162289571e-01 5.184120107488651152e-01 3.702639560109185490e-01 5.852209400450071319e-01 6.866422004654366695e-01 3.360614197878016296e-01 4.828126635694717783e-01 5.398330289663139103e-01
4.842641609223914401e-01 2.616307201928601001e-01 3.038259363043948613e-01 3.571743979976392258e-01 3.051430365622057606e-01 2.810914933831228368e-01 5.879370861029307171e-01 4.952379086039417344e-01 3.567615263181889707e-01 4.436081606818599310e-01 1.641296066620732130e-01 2.523778467968262329e-01 2.849504023505707861e-01 1.691423567835353414e-01 3.162327740658245623e-01
3.297783039633241930e-01 2.963153805481398284e-01 5.490202407863786771e-01 4.442358080801949161e-01 4.393428231714426313e-01 5.813939694157121973e-01 2.918160909660538760e-01 2.261907899021307344e-01 3.995531258056336799e-01 4.107116370908969194e-01 6.143285599706697075e-01 4.699706590261382155e-01 5.278124682459353068e-01 6.398300214060528290e-01 6.172388635876230323e-01
7.173334723221042042e-01 7.218294042793667042e-01 4.945474155237893354e-01 5.375512144661866998e-01 5.765613898824129002e-01 3.615164718777396091e-01 7.312140922016596711e-01 7.941134270418430674e-01 6.503620981539864898e-01 6.057510067785908392e-01 4.175009037516003718e-01 5.249731673960099654e-01 4.941401316387249998e-01 3.132707322690885254e-01 4.039593526841420146e-01
9.974082912026580594e-01 1.007520046091223920e+00 1.005118744367285544e+00 9.721264067905874828e-01 1.020384721616152124e+00 1.047122642370017953e+00 9.992746232457524469e-01 9.857381797753574926e-01 9.974817678272893673e-01 1.014778990330005959e+00 9.649209124899271739e-01 1.002025266739175136e+00 1.006544727921324212e+00 1.001064004218764847e+00 1.019613034708648724e+00
2.099723237860955383e-01 4.227704252030967114e-01 1.599106775093285249e-01 1.723264535033898204e-01 2.978711677174721295e-01 1.380810160728595526e-01 9.389132673862199407e-02 3.088231347465203447e-01 2.983752303585550103e-01 1.569705209126667500e-01 2.215251924200854761e-01 2.764097976575175530e-01 1.178760696575417433e-01 1.703224465708081670e-01 8.290712686311539625e-02
6.979130475218305873e-01 3.870524130051639644e-01 7.297561432606306520e-01 7.167149373649059907e-01 5.278884541970243482e-01 5.623076517592623391e-01 7.808456649750256107e-01 6.770780419860766841e-01 5.939984043091248722e-01 6.762557158264814738e-01 5.706920310060742407e-01 7.009774161895020450e-01 5.522317913981418247e-01 5.349345821791352540e-01 7.264249776929510016e-01
9.460738820058632870e-01 9.925545587924284874e-01 9.461368082125587442e-01 9.722960412357967153e-01 8.829633809903225661e-01 7.328686553012722094e-01 9.973292087760230462e-01 9.689252072335868826e-01 9.201408807129780598e-01 9.949836661950458572e-01 9.262707791860675943e-01 9.836401611683577295e-01 7.613431649222723863e-01 9.221851090753777624e-01 9.791591680160699473e-01
4.254478579076126366e-01 6.221260161047920123e-01 6.487157233328202377e-01 5.559589722358126984e-01 6.603722885108935792e-01 6.663032012833378648e-01 2.970278270832106271e-01 5.107854652647998428e-01 5.759678698289221188e-01 3.860130480950945686e-01 6.495957822520135316e-01 7.116138789431519784e-01 5.666393442374957345e-01 5.862172076362752726e-01 5.466614223919991078e-01
7.878538371369682158e-01 5.839821152792492587e-01 8.533399628998070696e-01 8.094995218325785613e-01 7.013518046006999018e-01 9.001164306772506674e-01 9.095624509891361287e-01 6.851376474909587344e-01 7.002627587473174708e-01 8.454962815398555653e-01 8.165369567778545390e-01 7.422487609614336623e-01 8.207627057329485165e-01 8.511145620135113221e-01 8.901780587115242227e-01
7.361491444013429364e-01 7.506716605334199377e-01 5.577362444287211618e-01 5.550731807115641958e-01 6.567157327510266818e-01 6.430666087460764624e-01 7.249621394840986000e-01 8.059757564663877494e-01 6.782185891506676834e-01 6.327806027649064413e-01 4.504435521824635136e-01 5.217794164065348017e-01 6.958791769737671107e-01 4.320654941322860099e-01 4.476466033867638750e-01
5.602200831778720858e-01 4.149850996042036555e-01 3.700209338374784718e-01 4.622033368734180803e-01 3.396989055549306524e-01 3.815891131400163117e-01 7.336886511905569286e-01 5.109387314085757081e-01 4.151872647080072087e-01 6.241384054363782186e-01 3.555161168094107538e-01 2.907264953107995820e-01 4.345555602436551035e-01 3.990295131642108695e-01 5.048801695068476647e-01
7.639375097271111636e-01 8.396012218667135985e-01 4.993909335608564537e-01 6.059210074278236213e-01 6.332407654045295597e-01 5.007024680477202283e-01 8.160412994496020200e-01 7.673296635573467750e-01 6.735897920388540516e-01 7.544962993165996723e-01 5.527267941044086141e-01 5.504609273846422512e-01 5.385323997719457800e-01 5.851608968218714457e-01 5.708986352711356016e-01
5.483642550852823039e-01 3.680631096288997650e-01 3.674139355876974711e-01 4.490000450590280745e-01 3.482367969686790410e-01 3.565689616780465809e-01 7.120348608642174115e-01 5.235617952446992573e-01 4.441751855214715050e-01 6.058506134812648991e-01 3.530362074496690705e-01 2.584156865066879472e-01 4.147185836131591641e-01 4.127685668954867437e-01 4.221084952760980058e-01
6.822720891323458270e-01 4.020662287633268717e-01 6.993949153554260834e-01 7.121633820089190436e-01 5.436769104100475092e-01 5.955865030937628202e-01 7.449391379468789376e-01 6.741374900055909780e-01 5.918844918124014365e-01 6.647162477669759095e-01 5.674814891108296289e-01 6.870858834042253838e-01 5.243430038365621826e-01 5.192039155091207059e-01 7.371923544403991002e-01
2.692165847722082228e-01 5.535391636126905102e-01 1.742939886314764375e-01 2.858619466536111431e-01 3.946340731114492684e-01 1.663126860457637135e-01 2.252668036334891655e-01 3.309957889472135428e-01 3.795825224160773170e-01 2.990361967342523020e-01 3.489683480613131050e-01 2.955888259821488617e-01 2.475573201669209744e-01 3.860072272970703211e-01 2.508929655974295181e-01
3.555463554093820089e-01 2.788332569685588180e-01 5.217253748029213600e-01 4.896745282052251125e-01 4.288744119469328764e-01 6.029095167308672343e-01 2.596098415270661763e-01 2.342855471546863300e-01 3.637956860995032460e-01 3.657076829025647235e-01 5.990753294800220674e-01 4.967728024486213201e-01 4.995783918531038759e-01 5.991601652855301774e-01 5.934287958763778681e-01
2.441779558238185155e-01 4.832131425229528321e-01 2.402878601111095025e-01 2.327803181619168549e-01 4.335064229986030360e-01 3.927488115711469385e-01 1.136235246153680656e-01 2.918759896431145640e-01 3.221787785243631075e-01 1.545856753028539976e-01 2.260227097343761593e-01 2.883430757732729499e-01 3.675982059889345011e-01 2.510341462863187045e-01 1.382925565880592789e-01
2.467438012063611907e-01 4.379727334320708820e-01 2.272635140710084212e-01 1.950571659415743231e-01 3.873173307469154891e-01 3.654832579752759769e-01 1.052412571845134093e-01 2.590981101672721332e-01 2.984800584715467386e-01 1.568229776431934730e-01 2.718502337805642211e-01 3.198596694403113005e-01 3.587755893420218611e-01 2.473519613023779651e-01 1.384863237567586225e-01
8.245490515875389947e-01 8.554595377773198672e-01 6.311135180177714910e-01 6.091889625582398438e-01 7.193139015734655306e-01 7.404231569629460274e-01 8.290977725964446821e-01 8.562187658363469289e-01 7.602018224375431954e-01 7.976303177344726825e-01 6.318210926593863519e-01 5.671385915712920944e-01 7.996027881647882474e-01 6.630303960072627678e-01 6.195144569521165989e-01
4.381826848688830656e-01 7.121423517420641947e-01 6.212420852011406591e-01 6.185806674201812516e-01 6.543907980950245395e-01 4.358579292131531391e-01 3.161934383295204598e-01 4.937035452120887014e-01 6.041203411624969100e-01 5.283875435201793591e-01 7.611950110133877123e-01 6.894340392388456085e-01 4.372702499429246825e-01 7.349450474842981196e-01 6.800570052506629271e-01
4.900455081056204198e-01 7.033529286582320683e-01 6.441049628745858513e-01 6.481867567219548043e-01 6.339094469085280181e-01 4.621527701693828316e-01 3.699192774538166417e-01 4.631210772264766629e-01 6.098783344092517655e-01 5.213837386476325442e-01 7.116125834873722189e-01 7.125037135868960148e-01 4.240163156354106455e-01 7.158255149744833234e-01 6.621788491589442049e-01
9.045984316431028294e-01 9.037098748443896934e-01 9.755525379204548209e-01 9.370404697449935538e-01 9.094917244532950695e-01 9.423148476795064621e-01 8.533768250066513517e-01 9.723713815419746664e-01 9.151803410815475548e-01 8.388962945180848951e-01 8.782200743832030421e-01 9.863344009462851059e-01 9.158793870671105841e-01 8.118740107296270603e-01 8.677510237708825347e-01
2.406699957295481418e-01 4.533673711146936625e-01 2.722959004849256903e-01 2.043745096390504612e-01 3.789991494798825578e-01 3.853502975425296406e-01 1.223029438033315236e-01 3.061645591917024900e-01 3.513451269320445047e-01 1.587075952201835727e-01 2.812045728834048908e-01 2.799247603051033817e-01 3.826963217310203613e-01 2.543672961707842406e-01 1.145147377017788071e-01
7.428208371418834055e-01 5.361459981989069590e-01 7.546021716911627264e-01 7.972106178543975075e-01 5.773352081057345764e-01 5.929041436529076670e-01 9.007231911013390269e-01 7.043110069330419387e-01 6.454672263641428875e-01 8.073241926296030879e-01 7.462147434436938731e-01 7.089718950817682774e-01 5.945561600030671023e-01 7.519126454675383320e-01 8.626792137453415110e-01
2.485035112080629105e-01 2.249422168862921512e-01 4.502517521366254938e-01 4.792589606654150125e-01 3.298383864220485462e-01 3.376838407482279369e-01 2.530471381458802016e-01 1.967569009779071565e-01 2.960841556286792908e-01 3.568447592484195185e-01 5.351692968191971156e-01 5.055581556127934917e-01 2.900404822805082161e-01 5.604945024495135986e-01 5.505858556626503919e-01
8.783107524758778650e-01 8.334418850995758410e-01 8.827609004484242572e-01 9.261330837453576326e-01 8.689234087436314979e-01 6.615781590784577393e-01 8.644236862895563478e-01 9.856610122168291133e-01 8.905770747746000193e-01 8.421236025649718737e-01 7.683510658699642670e-01 9.405167998458038303e-01 6.624657448121726855e-01 7.409634100999951123e-01 8.147817403282684445e-01
6.763718610127021913e-01 7.008794771568983561e-01 4.228152979423859259e-01 5.840894130137241902e-01 5.579301045335370857e-01 3.926995680727934923e-01 6.780216729533027342e-01 7.729554415640605969e-01 6.235069119328835452e-01 6.089248539983130870e-01 4.072561712389699551e-01 5.049785139238722742e-01 4.692711675912270008e-01 3.842630349743788032e-01 4.361412696986156079e-01
8.080611228195251350e-01 8.137421779580369385e-01 5.761404094620570238e-01 6.102255361577124670e-01 6.927797863461165884e-01 7.245458234104018569e-01 8.509999891559548724e-01 8.449390566170702499e-01 7.510568076169591434e-01 7.705929387942018760e-01 6.235441125910921034e-01 5.675310751791016184e-01 8.219869340888863452e-01 6.830962771519311083e-01 5.845848461311135003e-01
6.154507054878670669e-01 4.237206432376521281e-01 4.320239234384223859e-01 4.337213547678038794e-01 3.912796695429234251e-01 6.033307417370690207e-01 7.189560752054859893e-01 5.334748288394892679e-01 4.954269662441576627e-01 6.287758069665988492e-01 3.866508631294671150e-01 2.929753139384661531e-01 6.808914341340599474e-01 4.831597517515968110e-01 4.660268012234772828e-01
6.799559297536922342e-01 4.278444059363378793e-01 7.252278377705633217e-01 7.465126661878597192e-01 5.344339840734141367e-01 5.532259023844271484e-01 7.422707224650966218e-01 6.893431007834397439e-01 5.619312548064669954e-01 6.897051119715810197e-01 5.907391158109666085e-01 6.458971632159775655e-01 5.465507055312022189e-01 5.185449724478025102e-01 7.326212749320396567e-01
1.757194762184951520e-01 1.264277778507978400e-01 4.190244168934441071e-01 3.771887998804284159e-01 2.649551275369557146e-01 2.795016171600407939e-01 1.562953734452944554e-01 1.822480070590386803e-01 2.429774992550055301e-01 2.377211617758913098e-01 3.606911867264230298e-01 4.662254881811979113e-01 2.128358058800463581e-01 3.656708493140791161e-01 4.408728920835056075e-01
4.846618291493008379e-01 2.311096151900682849e-01 2.942468117080411782e-01 3.726005542558235573e-01 2.646683920126898237e-01 2.695209285431010571e-01 6.073429227750588577e-01 5.148561214836633315e-01 3.763455626669716669e-01 4.886055697318269497e-01 1.906843652510084586e-01 2.466679153380273160e-01 3.112071626087473675e-01 2.110917562574896322e-01 3.481896384088645768e-01
7.423359516194487639e-01 8.440561822459519137e-01 5.338176149491440370e-01 5.814743172796978943e-01 6.365771980366476956e-01 4.912461614701221779e-01 8.305659059772531050e-01 8.165487666987233384e-01 7.030251014295983980e-01 7.888849415608986115e-01 6.006021609203771039e-01 5.284687966491343758e-01 5.532666808533961422e-01 5.628803317690231900e-01 5.939298904848283600e-01
6.732138211196463384e-01 4.165740828398918905e-01 7.139069351308335865e-01 7.132537772470359805e-01 5.411726182172401645e-01 5.244010206930832529e-01 7.391381266905099334e-01 6.507253097370171435e-01 5.799684073270712226e-01 6.532776991590464322e-01 6.303535976882811420e-01 7.058887633547895613e-01 5.339367189017402149e-01 5.665478768158792588e-01 7.148246462396695700e-01
7.680356372050658464e-01 8.400862981024275200e-01 5.183721340305579295e-01 5.824164124008018861e-01 6.324796625526591942e-01 4.942783392003430309e-01 8.559179077515896017e-01 7.980249603988094353e-01 6.841087266988508109e-01 7.653889867771525024e-01 5.425720238227710324e-01 4.995214102445100224e-01 5.307580597107817155e-01 5.689014248251356154e-01 5.915974786647589800e-01
4.446186990877017409e-01 7.844605846763228474e-01 6.029415832303274270e-01 6.414521627683833493e-01 6.300454455100570339e-01 4.445861820057164793e-01 3.457971534153722049e-01 4.665829222233012774e-01 6.066025564732893116e-01 5.424129790761057501e-01 7.352641549015401790e-01 6.933763779198084398e-01 4.589723592568941690e-01 7.115074255422334515e-01 6.497418608971130549e-01
4.903678834789638730e-01 2.899582528400764803e-01 3.198388742739420310e-01 3.736434532170425649e-01 2.502205160986671895e-01 2.583224710281085135e-01 5.820877783481925860e-01 4.727921220707089200e-01 3.139830003365243760e-01 4.537552987485051759e-01 2.043076616671134771e-01 2.387613431814029630e-01 3.072401099869517815e-01 1.851301978530213999e-01 2.880377526811666034e-01
8.120940081157599355e-01 8.138951061499846151e-01 5.837472108885447541e-01 6.529410805916598948e-01 7.561237801347978627e-01 7.499515856751741705e-01 8.148280237612373078e-01 8.346096695581758373e-01 7.243721634782277485e-01 7.455699753724613910e-01 5.617681356876461640e-01 5.837360037468888319e-01 8.091103064907495535e-01 6.143176984567265686e-01 5.697342656065056410e-01
6.752009011133154326e-01 4.120578135562230071e-01 6.712484870494650480e-01 7.202798916947621422e-01 4.961722374244419975e-01 5.532975740361767425e-01 7.784877286255108553e-01 6.871398013525356063e-01 5.830398078698723063e-01 6.857646994307313726e-01 5.896707560502240097e-01 6.927585145925809762e-01 4.950048655562415134e-01 5.322161257934343581e-01 7.478460222599437879e-01
1.047317452860717889e-02 -1.518408771802500987e-02 -8.040940267876075381e-03 -1.782818989012308281e-03 -1.294269937049203657e-02 2.278270449514729901e-02 -5.922055191947231401e-03 -3.570882023425642204e-02 2.107586448415822971e-03 -2.696226952691057471e-02 2.237592582609634895e-02 -8.964999852178304890e-03 -4.302637415053896415e-03 -2.430932339921398899e-02 1.508368438225668462e-02
3.827735456751962251e-01 6.022996214813423066e-01 5.855372021058439236e-01 5.589575613813216881e-01 5.838190332580298625e-01 3.446922979512531682e-01 2.393632020850867403e-01 4.787173727246368249e-01 5.069700394535098242e-01 3.986084500800420316e-01 6.194373189937125712e-01 7.018076654097215039e-01 3.395987300676462928e-01 5.270616577061655317e-01 5.448998231723202190e-01
