8.272981119864525335e-01 7.208125350761674932e-01 8.050885375699503577e-01 4.757856083640404909e-01 9.840796492723771216e-01
1.012640257964397383e+00 9.894885737963888817e-01 1.008852317239140151e+00 1.002105999936735214e+00 9.881917576753049826e-01
1.186030564618277376e-02 -1.324925338135255967e-02 -2.731780463468948261e-02 -2.924897455599680812e-02 6.567763988546890946e-03
1.403307747147221063e-01 2.953044876810791974e-01 2.460845768071388273e-01 5.515369015744949754e-01 -6.377265389884219371e-02
8.820851532323406019e-01 9.573226719654165384e-01 9.117345508109058194e-01 9.851524268924591876e-01 8.160581174799567128e-01
1.399484237632027395e-01 4.173832756646453368e-02 7.007644124585085676e-02 -2.498653987471792168e-02 1.561713528550466301e-01
7.194530172859359141e-01 6.699437786039939002e-01 7.455124832589410389e-01 3.836974568315225098e-01 8.180787267079284719e-01
8.704786666262888106e-01 9.514934984632611448e-01 9.344871574189727026e-01 1.021547985322521113e+00 8.116763357168935711e-01
-1.747076231727815246e-02 2.118037337132465392e-02 -1.567643902083606239e-02 -1.220146783924296041e-02 -1.715687849461640380e-02
8.755699644779585400e-01 9.619818976655052367e-01 9.616850618218508728e-01 9.543405363758430404e-01 8.671804200884348779e-01
7.085528865241226271e-01 6.680753895574268464e-01 7.695768485826021132e-01 4.546768416559656689e-01 7.979774648127859749e-01
8.688058965171735482e-01 9.521442636363280920e-01 9.649484325843317167e-01 9.800689944689465749e-01 8.434494936148544397e-01
2.772855008071402616e-01 3.304120803869159961e-01 2.373714204989925414e-01 5.599165867915670836e-01 2.043690893688030474e-01
-2.311125653931137003e-02 -3.489425335159112435e-02 -1.726080984456984310e-02 -1.134170827133040502e-02 3.927042760386047909e-02
1.811093588166821644e-01 3.115504205601533072e-01 2.177734867725235890e-01 5.725596095354328341e-01 1.904658513571460751e-02
2.959639102714417547e-01 3.121976817625674583e-01 2.941348247690173667e-01 5.835760650426056184e-01 1.933616680199475024e-01
8.249525622458383500e-01 7.150698226280786107e-01 8.078378308425149257e-01 4.657440839787658216e-01 1.007967481128402287e+00
1.945016629753003046e-01 3.243383863026904068e-01 2.168948871134878387e-01 5.270462826952595492e-01 1.905924659819025965e-02
2.946849820522474683e-01 3.281584847437969410e-01 2.636557341985699132e-01 5.607612687715790578e-01 2.044682357121353211e-01
9.902961890631987174e-01 9.756708039881101246e-01 9.849305402214184602e-01 9.965843105685336933e-01 9.830566933296791543e-01
7.089006555192084447e-01 6.677096611551656125e-01 7.166327250668069748e-01 4.408464366474120211e-01 8.290260866197772804e-01
8.484235102038080456e-02 5.447172835299694815e-02 5.574242732903544190e-02 5.119177044352533207e-02 2.150377610024576391e-01
4.928284472150065362e-03 1.887479682372709402e-03 7.388363539250358131e-03 -4.267837867619764247e-03 3.006516643693971091e-02
2.762372962630600948e-01 3.341891825256728121e-01 2.392541362717727493e-01 5.607419904865590388e-01 1.883696365375080173e-01
8.084020348358312846e-01 7.157027939600307809e-01 7.630854020841345564e-01 4.695775324710170229e-01 1.005614292620541805e+00
9.919302375164177343e-01 9.939004199810457241e-01 9.980913111494859047e-01 1.005521223049873569e+00 9.779824820889250203e-01
1.304604798435460566e-01 7.789480875800471049e-02 4.932131326402569571e-02 8.320400518790072031e-04 1.721864864864914579e-01
8.168693991943601906e-01 7.138406005070186966e-01 7.902434112804469502e-01 4.847815269646479908e-01 9.855743694044477587e-01
1.835099867224564973e-01 2.779774312090366184e-01 1.831858147455427688e-01 5.075087853101771795e-01 -1.100491840039047146e-02
2.038950771052995548e-01 2.834839446772424720e-01 2.073629042546098478e-01 5.603152794952581672e-01 1.546079598485100570e-03
9.963878177737391928e-01 9.937498592163178657e-01 9.854177992835237987e-01 9.847883945030128094e-01 9.884506733130297151e-01
1.074827677513682106e-01 5.586110551748479924e-02 7.455973109801386500e-02 3.517947859154724882e-02 1.436136527323030043e-01
-3.547660428768334862e-03 1.037630921172805025e-02 -1.822844093520974151e-02 -2.298335351508673519e-02 -1.618590969030022156e-02
8.230139420353405066e-01 7.043549179996054788e-01 7.712121041850343861e-01 4.507467241951694792e-01 9.926045597415438237e-01
1.006544200980588721e+00 9.889141564002716933e-01 9.632253127736767340e-01 1.000089462807324914e+00 1.012702159316648309e+00
8.883720436659630071e-01 9.464267444469770529e-01 9.384868890903736993e-01 9.488697873199856136e-01 8.631248277928961210e-01
6.813069804869906765e-01 6.802210296428807812e-01 7.732563821884488320e-01 4.373859516132367342e-01 8.236087654908958999e-01
8.114031451362803127e-01 7.087706213734884519e-01 7.869630189111812557e-01 4.661193271507901859e-01 1.017588029424739915e+00
7.869167876032715503e-01 7.145453971415953731e-01 8.041367386092487246e-01 4.419822448402360160e-01 1.020143642278557694e+00
9.278274530983826596e-01 9.803433015961052766e-01 9.481161168775896764e-01 1.022903269797307724e+00 8.132071712925910134e-01
9.953660947949850568e-01 9.963287008495163022e-01 1.012384830137094349e+00 1.027177281310054591e+00 9.682368969428665206e-01
9.593286628662285320e-01 1.001158782901060640e+00 1.027714927926729915e+00 9.784023249663288402e-01 9.717653122607655680e-01
7.945244832963344050e-01 7.054468596556158211e-01 8.319973859086761125e-01 4.870003692840290110e-01 9.521712851863035620e-01
1.591923252532290167e-01 2.920804890791930952e-01 2.135668299638027456e-01 5.375972070361194621e-01 -9.349661181389969447e-03
8.872498845816312318e-01 9.778060207919355706e-01 9.459758731335783377e-01 9.590638053986012546e-01 8.256452364473312322e-01
9.931701103848992185e-01 1.007548025804493763e+00 1.002680704331690320e+00 9.800496463637647926e-01 1.006977246297494410e+00
7.198345529086610517e-01 6.771248327839478609e-01 7.221229955456843763e-01 4.429591603812923495e-01 8.508681126708921294e-01
8.096097673935135353e-01 7.094812771235431414e-01 7.740475845271173050e-01 4.425712604356870639e-01 9.659103834454049187e-01
7.638306916237356040e-03 -9.180488263626428516e-03 2.289196501089166974e-02 -6.409852155022974229e-03 -9.433505699959194787e-03
-1.873195511411394204e-02 8.157642755279507878e-04 9.132405442344542629e-03 2.064418713842239989e-02 -1.144123202581464986e-02
7.828096042689144385e-01 6.959542751545136907e-01 7.861473441606207091e-01 4.466747425601433341e-01 1.009189970289787297e+00
1.870832360329948707e-01 2.812801743740240834e-01 1.991550611913981417e-01 5.443770137866389414e-01 -2.429370717175190209e-02
1.914393766346209613e-01 3.038579423152409364e-01 2.224771203459441349e-01 5.250267110807448345e-01 -5.416621076820076278e-03
8.905106866543464061e-01 9.760949214851801781e-01 9.411616104906669333e-01 9.297642805120599485e-01 8.452503242573379261e-01
8.125404981888382228e-01 7.009676719454138727e-01 7.750333517175063136e-01 4.646478661000474353e-01 1.015503847343669053e+00
8.463279998713788554e-01 6.970806911345395207e-01 7.722043436050927134e-01 4.662901818310211666e-01 9.844087724147734253e-01
2.650311743757092775e-01 3.394330718600827024e-01 2.537629985391633980e-01 5.733738081272393705e-01 1.719988871934694241e-01
-2.021796255447685584e-02 3.442345367004844134e-04 4.473003386006257909e-03 1.039681095896552616e-02 1.338328183686833366e-02
9.805866446533195724e-01 1.047281225667811899e+00 9.701615216074659376e-01 9.644343055280073518e-01 9.830239572236689760e-01
8.997020384350626898e-01 9.528102036000541952e-01 9.517195130269194836e-01 9.664203277468832454e-01 8.231263189311842643e-01
7.822599130599316910e-04 -4.982775892320935075e-03 -1.693466947191006600e-02 -1.749015506465789044e-02 -8.070523409169265763e-04
8.958979156886384687e-02 2.892555706007965757e-02 5.706825449731484784e-02 8.685891472521869994e-03 1.652655000918789585e-01
1.153517252193297232e-01 6.890501418266442579e-03 5.989990914780220221e-02 8.707592288578455686e-02 2.194568744823149897e-01
8.447236714596453311e-01 7.237116778926850902e-01 7.865948564877989213e-01 4.693463941846169329e-01 1.022355593765595705e+00
-2.409648196007460174e-03 2.307553102881852508e-04 1.195326109814389554e-02 6.607773983888434212e-03 2.319228964846902896e-03
3.038621426951799709e-01 3.080808685270702840e-01 2.471172791977523930e-01 5.495907853780230834e-01 1.448569772160765712e-01
9.117229884572013443e-01 9.638944132705330459e-01 9.530749354782657168e-01 9.692546597269282582e-01 8.364546748726957581e-01
1.295577312460963366e-02 -8.671746096232777964e-03 -1.139629705860290519e-02 1.852487199645828225e-02 4.007365532762932440e-03
1.294253755697904740e-01 5.942007101155681592e-02 8.367410920210888170e-02 3.440047551927158387e-02 1.556591953530837569e-01
2.925982010510201348e-01 3.383096935447963971e-01 2.841451357960115276e-01 5.499588367899598262e-01 1.531033785290072113e-01
8.594918640084108219e-01 9.816366627814225865e-01 9.488718716153495825e-01 9.683148058495107957e-01 8.255688476628574302e-01
7.258537538347399343e-01 6.795248204215900145e-01 7.337718795947353323e-01 4.121199136716901523e-01 8.099579116862070105e-01
8.147421343153847806e-01 6.932981872594791151e-01 7.571682757784816697e-01 4.416445587107903359e-01 9.929834636384108348e-01
7.065904161094952451e-01 6.927868628453147659e-01 7.257231465005784532e-01 4.692170416247396503e-01 8.552209418675501551e-01
8.330658599629390260e-01 7.193718506619808384e-01 8.015244160954848596e-01 4.192503880751721201e-01 1.032435143546114542e+00
2.788111136499359377e-01 3.192908942520509830e-01 2.393672324694169906e-01 5.550228876558845892e-01 1.695084230757498978e-01
1.011893192480946668e+00 9.899651443563302067e-01 1.008520512044236650e+00 9.739938851027604150e-01 9.823696896141469459e-01
8.915859341811317451e-01 9.500663329912342192e-01 9.675838453290178665e-01 9.585786728766563236e-01 8.277871106901119047e-01
8.003331857496184254e-01 6.824362569891104791e-01 7.904081929281013830e-01 4.720230674606843979e-01 1.021584257431406462e+00
7.192772143858714440e-01 7.138703659687544167e-01 7.657695791759950854e-01 4.245992305700789782e-01 8.276396905804159765e-01
-9.339797417468754387e-03 9.562338693611612678e-03 7.480306321386521497e-03 2.092974880151589681e-02 1.346549634591398537e-02
-3.468479832898462012e-02 4.034180754710219724e-02 4.730662650914009386e-03 4.732349696774935943e-02 -2.114738203653693423e-03
7.316162839332829293e-01 6.437581796075781959e-01 7.340522420965294170e-01 4.595655234179529258e-01 8.183059059474637742e-01
7.033287668609915499e-01 6.617155978280474526e-01 7.238908020678607169e-01 4.574336733451697112e-01 8.644527808446911266e-01
9.148304266111507710e-01 9.475280292816329331e-01 9.785046186431661797e-01 9.909160434915305071e-01 8.210184605586439144e-01
1.006491020615188248e+00 9.794631627290246723e-01 1.010967405218908377e+00 1.020499555013831383e+00 9.881970897398556497e-01
1.006726537962769452e+00 9.861926835666345870e-01 1.000343152924366485e+00 1.020394462687854720e+00 9.920827714594286917e-01
7.124649220199311683e-01 6.542896706847934896e-01 7.473508218719198126e-01 4.117555161574288913e-01 8.065482561041655840e-01
6.896727476674501256e-01 6.979739478405527775e-01 7.338244420614683516e-01 4.537297635065036805e-01 8.037619998216739559e-01
2.880409875582195522e-01 3.218226293286959860e-01 2.507933182961616381e-01 5.882717989890364763e-01 1.927865895145590980e-01
1.868552753251857823e-01 2.824786573836242098e-01 1.792617857959169503e-01 5.345924009975522306e-01 7.738393235244379192e-03
9.203303594573387647e-01 9.441746513701604337e-01 9.320402999776126185e-01 9.504120331276892930e-01 8.347901259993570910e-01
2.943212896762321673e-01 3.306781806880569885e-01 2.662135572186797305e-01 5.884436416045939477e-01 1.845273469372608055e-01
8.876340807929491428e-01 9.779738586897770425e-01 9.329033283746065441e-01 9.890670162257781950e-01 8.220138890866693915e-01
2.831818185126130927e-01 2.764072763205528416e-01 2.374138133222460922e-01 5.539014325704025854e-01 1.636697672685921701e-01
1.360179362694489136e-01 6.543574538316343503e-02 2.048347444066593581e-02 3.098952014206851277e-02 1.399855343176617528e-01
1.027646194207312957e+00 9.893550235353103517e-01 9.766925293112725948e-01 9.870366967935128022e-01 1.005478118975566604e+00
8.121044264668449975e-01 7.168052948966366911e-01 7.670021203366730322e-01 4.705911798453868422e-01 9.921414570447806280e-01
9.697893092863157927e-01 1.023410831574909752e+00 9.609708571768690311e-01 1.003318028067631706e+00 1.009688165161833906e+00
3.123964863505690470e-01 3.329888548584508112e-01 2.308705850315397878e-01 5.464845734421914791e-01 2.052106162590288108e-01
-1.610065744239124602e-02 3.004839220860642396e-02 -1.623284849126199053e-02 6.361343139845559817e-03 5.678712320645017304e-03
6.341451160208899651e-03 3.102161488693220420e-02 -5.292362769362698657e-03 2.969446452936793171e-02 9.867559803137818109e-03
8.908185860455303251e-01 9.609259670581756785e-01 9.363908597940109324e-01 9.855566740019593430e-01 8.448727247700247300e-01
8.335817655898596357e-01 7.198964285665578888e-01 7.945646776877222095e-01 4.454668262333396633e-01 9.838550073868032042e-01
8.350339056864350962e-01 6.933214460920521516e-01 8.210207444795081244e-01 4.359023102210914935e-01 9.917207060136059571e-01
3.437185943419812650e-01 3.580038778194153948e-01 2.594603924304193510e-01 5.168660042939914323e-01 1.699374686311460325e-01
1.264498896574980658e-01 4.458480401605668941e-02 1.088971386095779065e-01 3.688669273921482000e-02 1.565319773436681661e-01
3.001151557411322335e-01 3.128818791989031456e-01 2.614049215011994276e-01 5.781106308474096567e-01 1.458418427074871238e-01
1.791723329202799808e-01 2.773184019713617054e-01 2.175764031796185438e-01 5.386901780659798522e-01 2.840047926615543727e-02
1.007386938130533593e+00 1.026459982013950167e+00 9.835835656152650541e-01 1.018645220693546349e+00 1.036985145350888260e+00
8.048387517713844197e-01 7.292368104716653310e-01 7.881529984640149866e-01 4.581829897535844021e-01 9.887847636830279230e-01
2.866753757887527398e-01 3.223230368199664908e-01 2.559084051274901905e-01 5.450498857015370069e-01 1.734418144503294679e-01
1.014991141226492921e+00 9.831719474824087701e-01 1.001194295399643996e+00 9.649335292306635559e-01 9.873101118453234681e-01
6.964648495630978431e-01 7.036892885196274205e-01 7.528014556477279351e-01 4.357329599614576110e-01 8.224001247415300142e-01
1.039263197161387348e-01 -7.257046290585163206e-03 5.365580559888971646e-02 3.907628318937133444e-02 1.844405321545692922e-01
2.922379101517683098e-01 3.083461387325959202e-01 2.434795764261448725e-01 5.612259664877761178e-01 1.785211726133387744e-01
7.258014116148887585e-01 6.634979061829318070e-01 7.378463874073667439e-01 4.197489959363241985e-01 8.069929158076727393e-01
9.607703451682660933e-01 9.942834384524508184e-01 1.024929833998516449e+00 9.628265879105665226e-01 1.001732191180330300e+00
6.961241053567136516e-01 6.857773324553446681e-01 7.480344630624689017e-01 4.259929296907075114e-01 8.115444892560905732e-01
8.150071012303600204e-01 7.111638235817093756e-01 7.590158922139731423e-01 4.696380187986867738e-01 1.018871180891494976e+00
8.387755615308614132e-01 6.980531225970183495e-01 7.852971556100116768e-01 4.852818455428355437e-01 1.018240322187752733e+00
1.021490471284847601e+00 1.004942440942692361e+00 1.004721921696881459e+00 9.970462751222376463e-01 9.867849695906659724e-01
3.188000478223840251e-01 3.333740764934054468e-01 2.477568672541301809e-01 5.203716992454949786e-01 1.309111609138387811e-01
3.069370485478885024e-01 3.331764463671125776e-01 2.432545630437192019e-01 5.811641815159497293e-01 1.325279704645419276e-01
2.432975205631527846e-03 -1.586412505433828363e-02 -2.665705618373005736e-02 -3.633274715478560868e-04 -1.504415845334086330e-02
1.524072756309433618e-01 2.248319828763345116e-02 8.957565097049327574e-02 8.210049122979880265e-03 1.701818833341928461e-01
-4.914830692932453671e-02 1.005260365159102963e-02 -2.166044712824396340e-02 -2.971366783024415297e-03 -6.092542421532743009e-03
8.255361783148975618e-01 7.247502171825640493e-01 8.196621203054492710e-01 4.095537596960038829e-01 9.924853285277115411e-01
9.180714076564479992e-03 -1.878977669226662359e-02 -5.128094911762370867e-02 3.456846452716210577e-02 1.933811796027903526e-02
3.116189540581719708e-01 3.185319682574865863e-01 2.684238203563532599e-01 5.760892019177498158e-01 1.467732192766799393e-01
7.125606769590271394e-01 6.828853936021463955e-01 7.213994431727143164e-01 4.557374004720314842e-01 8.279571343534921635e-01
1.441013658502590666e-01 3.678901318376297247e-02 3.031202151917170365e-02 2.288945671473591181e-02 1.834963247013232657e-01
3.171053446674529930e-01 3.375265823825732703e-01 2.294384026458387571e-01 5.692510898399362196e-01 1.496282313203233794e-01
8.318900849809044429e-01 7.053721930748549918e-01 7.861784608278836739e-01 4.707351748627029431e-01 1.016235198270022844e+00
3.039262899800763695e-01 3.301793644730381949e-01 2.395811124231809475e-01 5.669643429206344676e-01 1.615392763593343495e-01
8.071480875135966793e-02 6.554291714226390120e-02 6.463156826195590177e-02 3.428804592107245752e-02 1.554701975590591090e-01
7.178295809017105622e-01 6.802177944920970720e-01 7.402591232751480899e-01 4.127537834516327719e-01 8.320543416450673080e-01
9.787554003828059512e-01 1.003548886213159408e+00 9.769643514296428854e-01 1.010664221582260769e+00 1.019448425801229963e+00
1.704266248998649314e-01 3.041434310711038647e-01 1.901068627906864206e-01 5.528556699348053938e-01 6.682200234792573523e-03
1.956096456119567062e-01 2.962334423178486498e-01 2.064750051944882758e-01 5.311790833524273614e-01 2.367898972994936929e-02
7.141550014471156338e-01 6.715428638376839121e-01 7.504794465914929047e-01 4.526758159907797729e-01 7.989231302905714927e-01
8.193231554521002158e-01 7.253485393200894693e-01 8.256171604369654249e-01 4.194672879315961000e-01 9.930830699726699295e-01
1.045044897369215464e+00 1.008247714346469204e+00 9.960014029520205536e-01 1.017926934020121355e+00 9.654350201893164840e-01
1.744635340887238095e-01 3.070019401745365251e-01 2.068717187186379369e-01 5.322154981350496472e-01 1.039736489313809395e-02
7.016460234019115116e-01 6.867506266841697515e-01 7.569223714862929331e-01 4.116487807423446776e-01 8.352052235536207014e-01
8.462112636681623501e-01 7.029401663925707311e-01 7.896624634446705038e-01 4.877742900585059771e-01 1.000501129104839571e+00
7.154358412577576098e-01 6.420193360343620093e-01 7.389202258101217335e-01 4.689922734333276111e-01 8.456685070899567780e-01
1.823678455246560415e-01 2.818275324246100055e-01 1.863609741103609552e-01 5.786441929991482658e-01 -7.403284932269700233e-03
6.860300103493972568e-01 6.681190280975793927e-01 7.385708665964112463e-01 4.468428465920941117e-01 8.029815826144675039e-01
9.956738542701494277e-01 1.014619024629934474e+00 1.022899455717581452e+00 1.009516386432411039e+00 1.049268314377534539e+00
7.699660449611331892e-01 7.033879617764128289e-01 7.918850311011654819e-01 4.602061470477157856e-01 9.738553620911948316e-01
8.017204679803316969e-01 7.111486191169066329e-01 8.049192087716594557e-01 4.551875067553746712e-01 1.008005087975506475e+00
8.914103724058997091e-01 1.000578447918303304e+00 9.611434568585375260e-01 9.773325041217778564e-01 8.230146058166301071e-01
1.016244365213437639e+00 9.866085662835414327e-01 1.019773659810327526e+00 1.030532865995850811e+00 9.880363887309586701e-01
8.323428510437401451e-03 -2.820055676872236516e-02 8.147587969215412326e-03 1.101044875483502515e-02 1.126165594118197326e-02
7.272839547285760986e-01 7.186264776705617585e-01 7.601795502936969928e-01 4.167471736870640986e-01 8.035775702966627687e-01
3.042866905801369648e-02 1.462421481009145915e-02 -3.228885102041707464e-03 4.708389574828027516e-03 -1.879002764951955007e-02
7.196007957975663061e-01 6.668058998242276658e-01 7.462289680707470119e-01 4.511369151641346220e-01 8.250375732261988615e-01
3.304076381968101828e-01 3.493873146916053885e-01 2.763879893477821925e-01 6.088108362604436330e-01 1.764304803466464344e-01
7.260118593585377367e-01 6.959749545953489713e-01 7.591103224069003508e-01 4.526104049454032774e-01 8.227978276151012293e-01
8.148227167730670573e-01 7.033097575520556033e-01 7.951272308231502883e-01 4.613504133394966122e-01 9.645935639375707860e-01
3.013661657032967178e-01 2.925081365037887626e-01 2.556098171106328532e-01 5.588532210227322716e-01 2.087028796848005296e-01
1.151088699712399660e-01 1.508079065860710305e-02 4.594424059227362328e-02 4.089461737714783496e-02 1.585105797314798892e-01
7.929750512461080092e-01 6.900173379902790893e-01 7.848435052182808347e-01 4.946736892091870286e-01 9.868267719077319367e-01
7.123351889982949547e-01 7.055344782633452549e-01 7.340325300609484849e-01 4.191192214265296867e-01 8.405426049457070947e-01
2.816595211888660577e-01 3.083021766819022402e-01 2.790838133653810726e-01 5.415666212854991501e-01 2.060819442693962444e-01
6.927303531800948003e-03 1.570211892023690853e-02 -4.086707394961883698e-03 -3.258107936388868892e-02 1.539594322979932588e-02
9.922653319652001702e-01 1.018364577643115831e+00 1.018735720820745705e+00 9.594329388580825624e-01 9.991660004786465654e-01
1.688016545043989347e-01 2.880200532678924841e-01 2.015250057470650558e-01 5.416239085220342364e-01 4.067757196617629266e-03
1.580046696287533414e-01 2.563748284942707900e-01 1.903536955909236605e-01 5.626218768235422552e-01 2.160702435502350610e-02
1.555092183111443094e-01 3.131275812198244246e-01 2.070398825391457365e-01 5.546333471476734278e-01 -2.828331172941082189e-02
8.370798846216136457e-01 7.112516109318943736e-01 7.596599812300361965e-01 4.661359335366340173e-01 9.527463812035450452e-01
3.409492556174930633e-01 2.809971994925192229e-01 2.902645519050749967e-01 5.416461648781882854e-01 1.856747164445859966e-01
9.883768701952717617e-01 1.006512503924286372e+00 9.585942513181558988e-01 9.750089594505654267e-01 9.790547851298385673e-01
7.372759023820185664e-01 6.887883899990340231e-01 7.237527564687536996e-01 4.215801337272435112e-01 8.285851295288574336e-01
8.855815099958410652e-01 9.491738705372987361e-01 9.153842738350678188e-01 9.965665166197268388e-01 8.159085788355522340e-01
9.907879602283224951e-01 9.904817649806512136e-01 9.468095702843407624e-01 9.777861535030446527e-01 9.890221995485518613e-01
8.933993222733422890e-01 1.005691777006987309e+00 9.481886372651009420e-01 9.698294855183946517e-01 8.568398733386364263e-01
6.893172209970710451e-01 6.722228378527705939e-01 7.242363792404171718e-01 4.428253906357502712e-01 8.276971154822085897e-01
8.810256010424897255e-01 1.012997283411309235e+00 9.386183565194441414e-01 9.496880321039128381e-01 8.336226965766286856e-01
8.804537470857601855e-01 9.698877553589538847e-01 9.422756851902962527e-01 9.813484922208107752e-01 8.042955011150276778e-01
-5.221477706061766755e-03 -8.077862290953431376e-03 2.897974789761555408e-03 -6.133961909296617443e-03 -1.006037915010548310e-02
2.677245637934417277e-01 3.242257013479384886e-01 2.835861514091587710e-01 5.899885991397200158e-01 1.317899441597420451e-01
3.153317426266835644e-01 3.155848171742772212e-01 2.585536088533682553e-01 5.365397161780165458e-01 1.708865609438127153e-01
3.692854990324553888e-02 -5.990881070488934985e-03 -1.062451087630374505e-02 -6.558996930971132476e-05 -7.478835708141457449e-03
1.324517974979263768e-01 7.813540792380085920e-03 5.683318898072682590e-02 4.693672972857350356e-02 1.696005110737466015e-01
6.995349646175020863e-01 6.606864722610792384e-01 7.246732475305640575e-01 4.255721277085063314e-01 8.369334930231492331e-01
8.410346440078388941e-01 7.002486109038046358e-01 7.720806049796515858e-01 4.598029812455471932e-01 9.951226780873708710e-01
1.029455706553484173e+00 9.946085287585050283e-01 1.002547166234484033e+00 1.021561091719049408e+00 9.893128968724840266e-01
3.159790079272369739e-02 -5.027827985904098629e-02 1.938630309532887730e-02 -1.564499986259415944e-03 2.216720699097738875e-02
1.511645892926453960e-01 2.801727753452387670e-01 2.069826080423994852e-01 5.407509875163677426e-01 2.782521562312904179e-02
8.569777976833177213e-01 7.107367465352308900e-01 7.963204555390815953e-01 4.607576141755747035e-01 9.675634932442580549e-01
6.204251670877404014e-03 -2.413838718613362314e-02 3.668213802003805063e-02 5.831004983209235257e-03 -1.622187348746550670e-02
7.205340487359376267e-01 6.854089842132945476e-01 7.754312320677925197e-01 4.097640657418527566e-01 7.712163512135358223e-01
1.541097341671499588e-01 3.484956915165695474e-02 6.265819418296506016e-02 2.912845343376540413e-02 1.517269441137724661e-01
1.729122516341658478e-01 3.088132364426383614e-01 2.007970726654903226e-01 5.009274633328909543e-01 3.694722518151269397e-02
8.377198171848168062e-01 7.329538069106724674e-01 7.954433823404950532e-01 4.723657343553485100e-01 9.444858160515532397e-01
8.712928375798725256e-01 1.007215899194267239e+00 9.541482381499662990e-01 9.853998806923177645e-01 8.597722596613974755e-01
8.005093846763405852e-01 6.670623370932952101e-01 7.677649248428741746e-01 4.835322356745076489e-01 1.001729017985307335e+00
8.319488825190822778e-01 7.376123253127779833e-01 7.958637933274733678e-01 4.778862305283362866e-01 1.002812501485260022e+00
1.909839278857046185e-01 3.024016191513971830e-01 2.144040472739441594e-01 5.711574193023107870e-01 2.182946510644127175e-02
8.889989303230896311e-01 9.736165648073699108e-01 9.125347164318795556e-01 1.005038294833027868e+00 8.243320434357271909e-01
1.672009966327712149e-01 2.818821902014947978e-01 2.189347108259156738e-01 5.487567567356067544e-01 -4.002856932625430131e-02
1.773891980979777627e-01 2.798586512238512847e-01 2.520248576363360860e-01 5.099426678764514831e-01 3.020054293188660643e-02
2.894831946917774124e-01 3.241900946766991254e-01 2.595599812709912246e-01 5.343204316975815882e-01 1.811072306312787039e-01
8.492311214477464842e-01 6.584788189085539756e-01 7.694877468754601768e-01 4.668335177098348332e-01 9.585127854908537248e-01
8.473397254699647219e-01 6.939933021302276961e-01 8.388803766118514416e-01 4.613763823908559880e-01 9.709158683372658416e-01
6.949095163426611821e-01 7.106215660345334140e-01 7.531883828752303778e-01 4.058171802846586851e-01 8.136327886753116356e-01
7.130740647502576968e-01 6.916749733706808456e-01 7.093926654919735508e-01 4.427296802290874300e-01 8.242493696564781036e-01
9.145490058000701472e-01 9.594033484803624612e-01 9.730061997427337239e-01 9.610746070607701919e-01 8.312438719718723279e-01
8.770861876723367034e-01 9.603603391077826235e-01 9.253344182225462511e-01 9.678204497158390263e-01 8.870385846266299890e-01
7.109334644662803626e-01 6.395958770073738586e-01 7.415508723002897096e-01 4.640237582771928881e-01 8.074216864906250679e-01
1.998265596122404675e-01 2.921365223071782924e-01 2.163421676208164002e-01 5.067614106563032017e-01 2.583457844310024093e-02
1.048843640786195353e-01 1.733652039302709461e-02 4.469317365042282247e-02 4.514523366251266268e-02 1.676993964701800621e-01
9.020707075577982792e-01 9.544474774578926013e-01 9.288078580751092383e-01 9.827578567336416882e-01 8.558023393285726366e-01
8.897864402724888766e-01 9.677885248649150673e-01 9.727150687048671251e-01 9.779626843437893013e-01 8.241947809595440155e-01
2.750633151380290631e-01 3.228901029216796892e-01 2.631249070877505480e-01 5.762906242465568596e-01 1.877434843756860261e-01
8.541275511541862597e-01 9.969166588258633332e-01 9.241323172952597975e-01 9.963232917006992206e-01 8.454212314721319954e-01
8.683540693514258946e-01 6.858488898909290699e-01 7.943439120383286589e-01 4.409753253495783398e-01 9.780686667721689709e-01
1.097424304386615118e-01 3.843647485843836031e-03 8.945205919925286464e-02 7.825884373775588571e-03 1.881379889641955905e-01
9.822949784942105467e-01 9.906087612925129626e-01 1.003017805941374352e+00 1.020416659328764020e+00 1.003826229376918455e+00
1.736949461892585145e-01 2.782048649110472893e-01 2.331217523962850757e-01 5.250936206344442025e-01 2.937290193931983706e-03
7.232916511857345743e-01 6.644705817721304753e-01 7.047363789898553055e-01 4.300785360123609569e-01 8.180885318477970625e-01
7.497987434013443364e-01 6.783981952542473826e-01 7.078518112110090410e-01 4.679752639122645719e-01 8.323088022659278495e-01
-3.043372341604231798e-02 2.957117423567885012e-02 1.686529287514446042e-03 1.937015762369438329e-02 -1.926301959316039161e-02
8.636204641678957294e-01 9.792980809714716406e-01 9.564296444021203047e-01 9.873010474550227844e-01 8.402918125767003810e-01
8.278934893419160890e-01 7.193432450154170210e-01 7.889659736434038173e-01 4.235168442203662842e-01 9.997632119580226462e-01
2.841958613543655310e-01 3.207742454440855595e-01 2.747932810025014438e-01 5.533163626199739671e-01 1.840798129759620427e-01
8.914740531955459568e-01 9.533498554293091676e-01 9.308052286849071155e-01 9.857202146431476297e-01 8.161922144051998451e-01
8.144362295099060178e-01 7.023413134329058449e-01 8.167924128263872596e-01 4.598474953881597216e-01 1.018082124910131947e+00
8.799787926705695540e-01 9.945410607601683495e-01 9.594772918423923880e-01 9.688490868568471193e-01 8.406097587512683100e-01
2.031603827291496578e-01 3.186031507959691811e-01 2.086799541819097936e-01 4.976444534184579216e-01 -1.043661281469114403e-02
8.933255476650965310e-01 9.708591123725535121e-01 9.525981632238026409e-01 9.554416237497412867e-01 8.768463356229235783e-01
7.491962116906558666e-01 6.723805004335416946e-01 7.412592997059384015e-01 4.169335365941427285e-01 8.228601634806549381e-01
8.390239069440313946e-01 7.042531480556349921e-01 7.949821138629301620e-01 4.405427334774459913e-01 9.893426478862862306e-01
8.686176054547236625e-01 9.769243664616286127e-01 9.766838965338257017e-01 9.767704124723860515e-01 8.382860608224896870e-01
-4.438588944539466861e-03 8.116170750469896972e-03 1.174487249837036923e-02 -2.189680469724175974e-02 -1.064116456562032471e-02
1.928721272496941863e-01 2.707664011276895710e-01 2.212507043760554570e-01 5.039555694814356057e-01 1.343268597272795351e-03
1.873855909329366631e-01 2.917664873010185622e-01 1.852147487403395798e-01 5.135598659133385757e-01 1.861285701721154123e-02
1.796657677448486867e-01 2.707300222560010128e-01 2.115248783616485440e-01 5.498524851414309245e-01 1.651464376882909313e-02
1.077418996271242851e-01 1.962413384536167843e-02 5.780073594650170232e-02 2.105636687013045724e-02 1.243392148745634113e-01
9.742448334500566354e-01 9.861995758779072974e-01 9.630624440936095265e-01 9.881587536761086143e-01 9.843914210016186939e-01
8.670047923593092801e-03 -9.560770799115470529e-04 7.451634018619510830e-03 4.959100873874003682e-03 1.768462371149028337e-02
7.191916497638183303e-01 6.939984908780580941e-01 7.287305773868457681e-01 4.623850532354946696e-01 8.304803946547850702e-01
2.734274817460107254e-01 3.587179462591119639e-01 2.855429040842105692e-01 5.487544977788431089e-01 1.802725741637237755e-01
8.380595100225711747e-01 7.449881769193270609e-01 7.987006632838111742e-01 4.388621836883322969e-01 9.998773578485763425e-01
7.120264951163375322e-01 6.697287778314546802e-01 7.507653562349824172e-01 4.370983240180068563e-01 8.412782651532305644e-01
2.950526998590653482e-01 3.120128206532987725e-01 2.861316488453538032e-01 5.682175369888452510e-01 1.561961306671830474e-01
8.182785286080772602e-01 7.104319458541893395e-01 7.897374723301481270e-01 4.745962320413690816e-01 1.004189469400738277e+00
8.110480936945350106e-01 7.113312624955280272e-01 7.745232805560589018e-01 4.400351941450643123e-01 9.686325281629121209e-01
-4.733301951635127819e-02 2.158565470195886009e-03 -1.684843151201039640e-02 -2.513849043587655912e-03 1.756846688469224094e-02
6.151542729656901166e-03 2.075323967074822144e-03 -3.331086698939843965e-03 -9.000805807790033392e-03 -1.476562700038196868e-02
1.902612682129645738e-01 2.654813707945523071e-01 2.331199142971462912e-01 5.473010867871984653e-01 -1.070007029761232444e-02
8.102489919277804375e-01 7.161042973955583646e-01 7.836429185291023947e-01 4.664947878312936114e-01 1.006146650554408994e+00
7.169088269883868714e-01 6.731893727564501884e-01 7.345801975625430025e-01 4.663744043945474704e-01 8.266853327801677587e-01
7.026284524308296087e-01 6.955522685989372622e-01 7.389202412720269342e-01 4.165319334701352294e-01 8.186844098124259617e-01
7.115035828580776878e-01 7.049185849759513900e-01 7.219072372370622936e-01 4.857110325993333477e-01 8.768258540721126648e-01
3.438829485979292416e-02 -9.326743401422558574e-03 1.702552832114647210e-02 1.304127775030410573e-02 6.858017797733798396e-03
3.108723929511789108e-01 3.001401827571971714e-01 2.652447030045745890e-01 5.513117802321121363e-01 1.709427157497415417e-01
8.984919315050253763e-01 9.150063140662059169e-01 9.496831893639275934e-01 9.408421370680403184e-01 8.179872588724921290e-01
-2.930578514335806239e-02 1.628115657448094694e-02 2.396534196392690469e-02 -1.797955764282313171e-02 -2.472678546972183200e-02
8.094221438236640642e-01 7.473882834658626129e-01 8.280549963209059561e-01 4.608643177191745210e-01 9.615439887300821775e-01
7.513980448064468132e-02 1.786919571581453009e-02 2.022580009967336195e-02 1.456862970016664822e-02 1.270352195641217263e-01
3.265657915614710860e-01 3.326753047028074839e-01 2.530766213241625318e-01 5.538019300832428549e-01 1.704207624936468768e-01
9.135311433561308370e-01 9.541015083135424568e-01 9.400111850904857569e-01 9.534095283522291409e-01 8.286055152578729599e-01
1.005994969360767710e+00 9.902977583881187318e-01 1.010516405317771760e+00 1.019437807742021418e+00 1.018954874873448713e+00
2.831586395667770040e-01 3.175379300778439773e-01 2.728445743650969035e-01 5.838976600221847946e-01 1.732329802774686955e-01
2.866722347526172165e-01 3.018507326906348931e-01 2.361905318574397949e-01 5.663716807167096245e-01 1.521247435578093332e-01
3.112595656444471226e-01 3.263174626164069836e-01 2.793038423124332703e-01 5.313386103610693301e-01 1.931714556732690713e-01
3.057926986803096159e-01 3.346197954585661272e-01 2.840804082456907520e-01 5.899842205413157181e-01 1.824219351669530420e-01
1.017972350555694128e+00 9.689482724165349170e-01 1.021155966337423004e+00 9.976421425199148985e-01 9.790091244683660765e-01
-2.965125355742437296e-02 5.165739848161074281e-03 -1.009949791369135590e-03 1.168534390666599657e-02 -1.048236381618970758e-02
1.010714851366754985e+00 9.902372910023462538e-01 1.001001843668093194e+00 1.029107275058190885e+00 9.718383482835910581e-01
8.834622261280611344e-02 9.757173346769378031e-03 6.555319034754550356e-02 4.679921923812296880e-02 1.518852900713895115e-01
8.352411280834534657e-02 5.318060373581438155e-02 1.234469657391103897e-02 6.123863517310802057e-03 1.683209486059557558e-01
1.588553167055093973e-01 2.731922172042295371e-01 1.985598617712046321e-01 5.893600138855931148e-01 -3.933773406303041342e-03
8.718727841059279449e-01 9.786753923741569050e-01 9.385837266341903184e-01 9.378080370486256978e-01 8.302838164720651726e-01
8.177032279982250351e-01 7.082970257995814256e-01 7.755232136463482417e-01 4.585528432901276874e-01 9.846677703995576625e-01
2.068599315328124577e-01 2.930039644436677748e-01 2.102596466943485176e-01 5.707109886405751231e-01 -1.458912663210628485e-04
7.880132344361987506e-01 6.658571204862890891e-01 7.782828390168013977e-01 4.602443123924180313e-01 1.027908916910759585e+00
9.633558378057073268e-01 1.039361590836224591e+00 1.004222994114577716e+00 1.029199355218842982e+00 1.022475033547504797e+00
8.307679327948745973e-01 7.235580317495601266e-01 7.834584781284691379e-01 4.692516696213284155e-01 1.014929665719873420e+00
2.762148019565690005e-01 3.191760072259902659e-01 2.870465837805487586e-01 5.573243326060970393e-01 1.981315380814937799e-01
6.651848728059065463e-01 6.770496246966886122e-01 7.214149471367292676e-01 4.294284467409693606e-01 8.570148835975628376e-01
1.006219428868653898e+00 9.581186035148986369e-01 9.899924397713513180e-01 9.894363117207278790e-01 9.634391954962295834e-01
9.947673040965936408e-01 9.997363975915923850e-01 1.022883327446295398e+00 1.006230842252413327e+00 9.980342538688631304e-01
7.022456969697706830e-01 6.826210595396365877e-01 7.197138233354335446e-01 4.256964205893313258e-01 8.331709652254232212e-01
9.968183113883834212e-02 5.617528998692843112e-02 5.889185532251950406e-02 3.068765272895877805e-02 1.462854852836260877e-01
6.914077247483793043e-01 6.835080243378695020e-01 7.203184209947540717e-01 4.420571483439230120e-01 8.073445078688117338e-01
6.955768958363898191e-01 6.946810812466222007e-01 7.355199719069308584e-01 4.162893895020544077e-01 8.300469296584517265e-01
7.162985613679229147e-01 6.386809153611335832e-01 7.219857812762234817e-01 4.451028290558460832e-01 8.584793106539564400e-01
8.186487462501841339e-01 6.944869512337520367e-01 7.914915251101942717e-01 4.437927444277673383e-01 1.024351690313687335e+00
6.645434499885554125e-01 6.629037086369752307e-01 7.334097737777873771e-01 4.286492959460427299e-01 8.281343347131380206e-01
1.014843829682886556e+00 1.013713647396823569e+00 1.007332576634758281e+00 9.732277907133136674e-01 9.808365597326370589e-01
8.688996133953343082e-02 5.100499679963942795e-02 4.070767862391248826e-02 2.377915006593869091e-03 1.894012287328040167e-01
1.011479641971148036e+00 9.585378149095148403e-01 9.520882064296382064e-01 9.476314947513680975e-01 1.033328274211978703e+00
7.098292827209429223e-01 6.734053969187343558e-01 7.184228973852497813e-01 4.722626301457558129e-01 8.303703410753883185e-01
8.922954748538024505e-01 9.902198378464975859e-01 9.455357127356245339e-01 9.850146107375420401e-01 8.202504018530333285e-01
8.186205567800350913e-01 7.130770019812288085e-01 7.852969464351142737e-01 4.668098541567374249e-01 9.757095789726474289e-01
7.155669285482366693e-01 6.570393007417026920e-01 7.478703208943806580e-01 4.028940290722803352e-01 8.509825955092776839e-01
1.007507939961468146e+00 1.018201286108354253e+00 1.016529078131582997e+00 1.021538218195594538e+00 1.018981430001466570e+00
6.459970731036046576e-02 2.127977219526153846e-02 5.852943826905921548e-02 1.915240323629861449e-02 1.620347573135898778e-01
7.070463198490186674e-01 6.739546728617377136e-01 7.387014620028127254e-01 4.590980563487122024e-01 8.260359059079653843e-01
1.734102530259723218e-01 2.685010808044070441e-01 2.400549314277830582e-01 5.272209937782533773e-01 -1.384830373600077179e-02
1.456117911055560508e-02 9.696224810455327664e-03 2.580472265723154912e-02 -3.119199153933444133e-03 -2.896800540745566449e-02
1.028615967258437847e+00 9.898674060197186764e-01 9.972321334505145352e-01 1.002623131333430173e+00 1.010948603053379857e+00
-2.978782890930229549e-02 1.264104460207024234e-03 1.237595053029336145e-02 1.358195116574698567e-02 -1.155038010491152636e-02
-1.863398964505057209e-02 1.698766758200408872e-02 1.292832557365697355e-02 4.602457522350257568e-02 -2.303362351443467501e-02
1.014656998635284219e-01 4.433868155791623883e-02 3.807055415646026786e-02 3.700349174048572776e-02 1.581454122527457817e-01
8.009320918031319625e-01 7.237657737281260051e-01 7.687063064788547395e-01 4.561134450882364244e-01 9.593360211894554901e-01
1.683074126451589991e-01 2.688497112950610779e-01 2.014304333175563344e-01 5.443901671768885953e-01 4.587969685747488036e-02
6.903918818189178630e-01 6.885643306984801093e-01 7.714910338665638134e-01 4.247399046450793803e-01 8.314923530764338766e-01
2.907261489313311409e-01 3.274210794061025998e-01 3.009406364603397499e-01 5.925937128448234281e-01 1.647604367291574390e-01
9.860933823324290470e-01 1.024474116368055743e+00 1.054483658120334510e+00 1.004699599685065836e+00 9.689868626078097513e-01
7.847846023278485239e-01 7.224273094045575716e-01 7.839229192134128388e-01 4.575906331128787308e-01 1.003791214633372508e+00
8.591281822694503134e-01 9.774963412322240641e-01 9.401374718886930104e-01 9.844341737353009547e-01 8.437399025598075752e-01
2.221417669898454739e-01 2.839273755492556228e-01 2.040408615361079536e-01 5.194046908733652712e-01 -2.088474261801651771e-02
1.731128189666567008e-01 3.142253054535700252e-01 2.326649743995358177e-01 5.407613633205567982e-01 3.041257435652269109e-02
1.697954373194989486e-01 3.079243599783531571e-01 2.151714228700069842e-01 5.463421908635809343e-01 2.992904059056014643e-03
1.728855483612404542e-01 3.093938639424723691e-01 2.275696471145635114e-01 5.497682485598357482e-01 -1.724232067231614568e-02
-2.722416037374278744e-02 -1.045946500566686220e-02 1.353721685006362314e-02 2.634333088201709297e-05 -1.904935304805487409e-02
9.885995357449992027e-02 5.150183777141031233e-02 3.952808954780417244e-02 3.010204725788859226e-02 1.748439994788852647e-01
1.634444426734493749e-01 2.837866711366482386e-01 2.089154242182373888e-01 5.473415781018708959e-01 -2.496834222709999607e-03
2.759692548478236418e-01 3.171913434582875890e-01 2.764721231237638466e-01 5.597731702864623404e-01 1.506026344324238875e-01
8.859176941024030083e-02 3.226565321814001824e-02 4.314783055260197620e-02 1.572846472331181772e-02 1.541029366301333303e-01
2.751050690991706515e-01 3.195608671906148834e-01 2.705185347341210189e-01 5.533010791957754249e-01 2.106436362980884380e-01
8.707304503781352345e-01 9.545607179670344555e-01 9.237555968910219351e-01 1.013804152992464847e+00 8.294802476794530532e-01
4.948793339593611854e-04 2.603939252955415201e-02 -2.854589433507859209e-02 5.562680844676493215e-03 -7.374414006787539423e-03
8.780639234738929488e-01 9.793688363114828599e-01 9.437108962359131992e-01 9.771519524156172531e-01 8.127425665261275300e-01
1.003126244768028474e+00 9.825594036812830279e-01 1.005230603867144357e+00 9.965205373792960231e-01 1.013486051502053398e+00
8.302987684558552628e-01 6.987953395100885423e-01 7.793496280438716450e-01 4.318909628112586052e-01 1.014032129631539103e+00
-4.957212921696820332e-03 2.312033311012124184e-02 -3.875270430694915252e-02 5.383178252752799514e-02 6.264873351115770803e-03
2.886023896760017138e-01 3.053149639450943309e-01 2.786074660364557531e-01 5.753871645258875622e-01 1.828526585366898882e-01
8.130866562687032451e-01 6.879711938535577609e-01 7.748485426769250450e-01 4.541207903784249544e-01 9.890702585844366457e-01
8.976380412107554108e-01 9.805295988803771623e-01 9.345751060022396972e-01 1.020248037955168829e+00 8.359681318298183283e-01
2.790016910884328682e-01 3.103269533101865041e-01 2.503498350002106854e-01 5.584003823170750058e-01 1.631115632645995517e-01
9.046966127592438456e-01 9.700177137207636191e-01 9.316515054659043615e-01 9.867550500828978777e-01 8.604281505506140570e-01
1.006113866062384066e+00 9.741081004115411668e-01 9.986080952145967027e-01 9.759555401537158836e-01 9.963101492825664485e-01
6.914967639910762909e-02 4.888926704122399658e-02 5.694411641388311823e-02 2.819791112196078781e-02 1.781752033695865045e-01
8.191598636862340577e-01 7.011186280478827193e-01 8.241236867648976672e-01 4.494480360870863334e-01 9.711473754309831730e-01
9.852501702836440334e-01 9.790694898540036606e-01 1.009929161809177467e+00 1.001610437706136558e+00 9.992933787364681741e-01
5.177298336348450103e-02 3.324928470178831197e-04 3.530995161854280640e-02 2.393313904787969931e-02 1.644855806182956570e-01
9.824468878827805618e-01 1.001152892125971805e+00 9.525059867301928218e-01 9.960722617429891290e-01 1.029837424314181460e+00
2.057342843818336930e-01 3.132761021781438893e-01 2.072112074482627686e-01 5.364893246779661728e-01 -2.840607210989609666e-03
7.070687859199561442e-01 6.558890320253583095e-01 7.531406020773055987e-01 4.324266025234723143e-01 8.303330370849395514e-01
1.025924463313154789e+00 1.027007247485865360e+00 1.004042941019429591e+00 9.767061836814896481e-01 9.851165319495640560e-01
-1.466685985408090374e-04 5.738317779088410869e-02 -2.962879540421623631e-02 -6.284691185177976704e-04 -5.963664438617225470e-03
7.352472102488012418e-01 6.769642515871936439e-01 7.190220983287584078e-01 4.183126758949490820e-01 7.693988538876712635e-01
1.165547793960998307e-01 6.080538992612460891e-02 3.286890516963647535e-02 4.510010449191378251e-02 1.862166246128756641e-01
6.973102440465925866e-01 7.100700383215882150e-01 7.074774107446911708e-01 4.228752883036316912e-01 8.308645141265056377e-01
1.000313991327700380e+00 1.028401357914089598e+00 9.759611562148905461e-01 9.850690941815037904e-01 1.003253403656849674e+00
9.887612599695758675e-01 1.027926201271033513e+00 1.017433544924604361e+00 1.012685262252492224e+00 9.975694695997779915e-01
8.840980519709413787e-01 9.674293708969021743e-01 9.644472719592562804e-01 9.419607796804008171e-01 8.481428390344498691e-01
1.303789210474678162e-01 2.969541286913752326e-02 4.536217124832568615e-02 6.102124081188510518e-02 1.536770916640032847e-01
9.912766769522142196e-01 9.922061666827465265e-01 1.004923094341361178e+00 9.926857220615875610e-01 9.597141490922554974e-01
2.794573776439535640e-01 3.203589218929563942e-01 2.411753275911256711e-01 5.992341955149638189e-01 1.598618656843709962e-01
1.872490535747792922e-02 3.605972264926272149e-03 2.217131829309475222e-02 1.581794083036691320e-03 1.517387866445599719e-02
1.019913117901355193e+00 9.941521360343004154e-01 9.795479039553085521e-01 9.998563382554975787e-01 9.852725378061469863e-01
9.834462670618709934e-02 7.931652622820685450e-02 5.515415757645798778e-02 -5.824935922413999184e-03 1.823896210888233393e-01
1.013501488886990209e+00 9.851936856299483569e-01 1.022336678705791035e+00 1.004594355376404735e+00 9.631426430133654959e-01
1.186019071841638572e-01 5.000788867086498890e-02 3.461093710967769188e-02 4.486214797154115114e-02 1.558427260357227451e-01
2.081713449085913492e-01 3.125280891785265913e-01 2.062731083029047674e-01 5.248655846295692262e-01 -7.829517814047814647e-03
1.884631208724198703e-01 3.028458847957679612e-01 2.180743754116060418e-01 5.237407096164476972e-01 -1.484112110545428125e-02
1.414626009979405921e-02 1.931142296963501634e-02 -9.218709267238648156e-03 1.920866814228864086e-02 6.683624101691869324e-03
1.914947628103081112e-01 2.798941133875293419e-01 1.977874511836003046e-01 5.172925479407270988e-01 1.446173389554167993e-02
3.888510422657312504e-02 -8.311467379497708766e-03 -2.344348980638653185e-03 -2.222551187614821289e-02 1.434860915250849023e-02
1.270792341497664901e-01 5.787641514521020547e-02 8.232004869822209803e-02 4.719282027848076960e-02 1.708090518071894715e-01
6.922900969076591915e-01 6.813937453930266619e-01 7.572012166955345291e-01 4.407159540071511894e-01 8.280768151755367734e-01
8.801997399049553694e-01 9.688347895649591646e-01 9.481053715050901110e-01 9.612420690965466363e-01 8.167381279569893016e-01
6.874984218145797632e-01 6.953753609178201511e-01 7.215947677117838799e-01 4.404821053551972176e-01 8.504083804882506259e-01
3.066425477094203988e-01 3.075069798544226018e-01 2.557574014623941183e-01 5.594157877500066656e-01 1.618235243387144973e-01
2.774829864526054402e-01 3.206986712015282293e-01 2.698024547434824671e-01 5.749552169237346355e-01 1.762942999574454994e-01
8.757007982931972467e-01 9.571710708612922724e-01 9.875309065211859139e-01 9.383159869922828022e-01 8.609893363773597486e-01
7.954800051590475984e-01 7.036533581154353900e-01 8.098669800197949575e-01 4.845276118770702745e-01 1.019340169085040548e+00
8.276477756167366362e-01 7.073690317887875167e-01 7.563635614544121921e-01 4.485856133038071958e-01 9.962765614588198204e-01
8.602747168235438946e-02 9.796973557042995551e-03 4.893806156719102823e-02 1.638401091253377517e-03 1.799137498042648886e-01
2.101953190358878121e-01 2.870730052828495138e-01 1.871343113137467484e-01 5.270844374789743769e-01 -2.750155780782243334e-03
1.013860842376989702e+00 9.696044544665577414e-01 1.007558352102962740e+00 1.011387461294141810e+00 1.005913868895196517e+00
9.903618333174659671e-01 1.002685106169492801e+00 9.877845238595753807e-01 9.959556415286273667e-01 1.030440243584930471e+00
8.493951472984162532e-01 7.420652730046557455e-01 7.791551707402709637e-01 4.463969552178188027e-01 9.811088599785264819e-01
-3.646991694308518439e-02 1.894401377341912995e-02 1.775431271934380453e-02 -1.033026328378186184e-02 -8.637893583878782783e-03
7.175295089660800318e-01 7.192303438195915000e-01 7.214382624727903037e-01 4.154381133971148943e-01 8.457648562586068675e-01
1.159982753779694731e-01 3.200818296709435906e-02 7.242753172077366630e-02 4.356949498915058117e-02 1.747354315231633703e-01
3.036415743394557110e-01 3.521672052158343891e-01 2.440019236436698769e-01 5.391771972040607652e-01 1.790040492854348131e-01
1.910626566257832004e-01 2.850667791514981952e-01 2.408785210767832585e-01 5.174960228213927316e-01 3.154307210298727682e-02
1.699144370726809461e-01 2.987998248091490172e-01 2.356063345797272390e-01 5.021168468618906200e-01 1.302693991164859122e-02
1.313683710491194701e-01 4.221041042372954133e-02 6.478329125618140227e-02 7.263213136043629448e-02 1.552358223141294125e-01
8.100161397369480820e-01 7.243506283927986233e-01 8.123018480863766211e-01 4.866367331593220991e-01 9.755559527780988116e-01
2.986746378492660670e-01 3.214857148269187337e-01 2.815142808811683106e-01 5.549617747846300464e-01 2.042540741007814187e-01
8.409834596593490641e-01 6.855968851624509863e-01 7.891991601605619078e-01 4.489927212067302276e-01 9.797924406320961399e-01
3.011101895169379650e-01 3.305814352871415118e-01 2.816834178032766034e-01 5.796540727102854618e-01 1.834038932385963216e-01
9.842277677125808033e-01 9.773020960671704449e-01 1.006745676149090940e+00 1.034756457115614037e+00 9.710734508954682598e-01
3.662231236219239822e-02 -8.657573530193178645e-04 1.197332598304570381e-02 -1.500637689696333356e-02 3.756862803236071802e-02
7.082046654318825407e-01 6.775712961100438525e-01 7.207075200035468754e-01 4.377749311460811810e-01 8.171309862913067601e-01
8.541061845089523499e-03 8.910469885054905087e-03 -2.858778783433226466e-03 -1.728768710864679592e-02 -2.107192198472001340e-03
1.472169951806322485e-01 -2.563076843274831457e-02 7.653322623575380124e-02 1.663379846365442907e-02 1.150342995781890587e-01
8.862973375569005441e-01 9.492994940689516437e-01 9.667185617909864748e-01 9.470539366561436800e-01 8.268427662207590290e-01
6.618367809029983631e-03 4.320776207619356213e-02 1.319265466154197208e-02 -4.727468553192776604e-03 2.775985559212979306e-02
1.869808019681264838e-02 -1.118741327379765144e-02 -1.969949201170759223e-03 -4.711494852671226801e-04 7.499659682493653272e-03
2.776413464294162914e-01 3.341209630784398588e-01 2.599060476442575651e-01 5.563399059661865431e-01 1.496984513942026529e-01
6.921395934049030529e-01 6.995096814582919542e-01 7.241969862813311121e-01 4.648610364730356714e-01 8.366365209104618117e-01
8.576848285419859386e-03 -3.739555398311558091e-03 1.177173812608988193e-02 -9.525951501850864200e-03 7.550700169721306053e-03
2.922222631776817403e-01 3.137667389296195930e-01 2.813182591671250510e-01 5.369049935482120839e-01 1.487774568104146267e-01
1.022153005542405957e+00 1.006989823159436526e+00 9.792360925511760517e-01 9.935645690534483654e-01 9.767448831479695892e-01
8.065217420253849578e-01 7.446518360831592132e-01 7.593558383699970937e-01 4.660996505257056222e-01 1.010236439419153420e+00
1.013547560134867437e-01 1.514797324997960853e-02 4.026623541769746434e-02 2.666174350978412627e-02 1.710238883806066978e-01
8.061819911809715578e-01 7.321338299406291439e-01 7.936276185352623136e-01 4.562400218486209469e-01 9.929794580378753510e-01
3.637109456587641742e-03 -2.159303039209545250e-02 -2.050276180091108007e-03 -1.021698092402290210e-02 3.834541099446447943e-02
9.329508169333977641e-01 9.650220261698824187e-01 9.659194834460587131e-01 9.734714827660078118e-01 8.205727406357954390e-01
1.276506429296387357e-01 6.973180253105334958e-02 3.930601473167440879e-02 2.875147194132484166e-02 1.581142687093405330e-01
1.706233987843569500e-01 2.711772478663133090e-01 2.125731796390181449e-01 5.097199358161762506e-01 2.380684618951054571e-02
8.088373059870479498e-02 6.938379713243603142e-02 7.736555524550618734e-02 5.894946406566785313e-02 1.419877420228794207e-01
8.048287603008212887e-01 6.953824984632560602e-01 8.104643845293142412e-01 4.783647240426421310e-01 1.018742010236857842e+00
8.211802621807244851e-01 7.127707773308863404e-01 7.860105504251641007e-01 4.383287184854253726e-01 9.984362075111592461e-01
4.486034214058421538e-02 2.873100729234976877e-02 -7.893396590413721825e-03 3.286247114050063617e-03 -2.578359814344882012e-02
3.113273636527003063e-01 3.104275550769783898e-01 2.807640872888944594e-01 5.542551106390273263e-01 1.493586488171539661e-01
8.796243095519673538e-01 9.821277705141286951e-01 9.397388431591884306e-01 9.708626795545176602e-01 8.550905490585849478e-01
7.449921424907679501e-02 3.907452330953233022e-02 4.518799536932222027e-02 2.267011932453979681e-02 1.718168076705624547e-01
7.349822439068977031e-01 7.043634444868477340e-01 7.373945423213499328e-01 4.539354027653189627e-01 8.254480736294033116e-01
4.510845219977765302e-02 -1.938261213008170974e-02 -6.032172898340578716e-03 1.687992998393619826e-02 -1.186629378778929905e-02
2.954177052380939084e-01 3.266647165027258271e-01 2.300528336476888314e-01 5.631371754600317248e-01 1.701367921929722860e-01
2.900221003979607248e-01 2.846506287025557524e-01 2.470144617746524718e-01 5.995899984479132749e-01 1.663711228446804191e-01
1.864968676023767979e-01 2.999544214104424844e-01 1.976807865717153390e-01 5.341163453414113915e-01 -1.405710513482677504e-03
8.963773582500698944e-02 -1.435512837448546519e-02 4.905240284082491853e-02 4.193465368839794510e-02 1.351567566774521112e-01
1.643258551550562663e-01 2.880009867749477315e-01 1.963534715135936970e-01 5.376275165429308389e-01 1.332500551999719896e-02
1.872835402380813585e-01 3.248668804873225957e-01 1.989212881602700211e-01 5.672773934100714399e-01 7.490020018645470595e-04
1.434957477724443098e-01 -2.263019046793615652e-03 4.574568470892033389e-02 2.363641885802322817e-02 1.553697010990773841e-01
8.006602478996867056e-01 6.830869684521668761e-01 7.778954279761955970e-01 4.541101845074538845e-01 9.901247355358111513e-01
2.051168844208029474e-01 3.246320319674427801e-01 2.322525227803874659e-01 5.641471019984009017e-01 4.748016514175788794e-02
1.844726601413748113e-01 2.699783407827394122e-01 2.161436693909760676e-01 5.383691652947730777e-01 4.955102275772056003e-02
1.016602969804296430e+00 1.011904449981228860e+00 1.003914684679749092e+00 9.902046005086881930e-01 9.867852231823077691e-01
2.910840493882078661e-01 3.491149261614420740e-01 2.666152852549884544e-01 5.325789655459975958e-01 1.460522261683838419e-01
7.954694659362748430e-03 3.927458614498538503e-02 1.766959839263890913e-02 -2.600401801364032005e-03 -5.625317233073111496e-03
7.958269058272273710e-01 7.131533128717181258e-01 7.438642666598129782e-01 4.564418178964211870e-01 9.653628754236835974e-01
8.136464496762112475e-01 7.112411535633049731e-01 7.947757717151758827e-01 4.250090787038286466e-01 9.637326316128741466e-01
1.292316641853444026e-01 1.981398988925044125e-02 6.107222054628443086e-03 5.085673299322554519e-02 1.958590323747509410e-01
1.020259258270232117e+00 1.007827096721494842e+00 1.018624590200339020e+00 9.968984498742385902e-01 9.704954457491508091e-01
8.031310568692242580e-01 7.078078121811830492e-01 8.302293432522455108e-01 4.800233588583012190e-01 9.682170619962007230e-01
8.880611437074078518e-01 9.527996187128926486e-01 9.625758073341236232e-01 9.757737263554121521e-01 7.978154459008175436e-01
2.863726225686902827e-01 2.940007071533202732e-01 2.715928182614574804e-01 5.659992636091101259e-01 1.460293417979693364e-01
1.935619521890982742e-01 3.056427890637775646e-01 2.140439536759318195e-01 5.621144205934108795e-01 -2.654280476579758130e-02
7.073577444639804757e-01 6.926534992341211172e-01 7.174031528436832783e-01 4.575251159626277375e-01 8.199079998634128952e-01
9.836830418938002918e-01 9.949492801695452027e-01 1.006207445342142792e+00 1.009003090639541966e+00 1.007947998348388996e+00
8.517582033538066977e-01 9.806964368701244217e-01 9.527723710392557166e-01 9.509170958887906977e-01 8.108034967399372350e-01
1.865864711401908627e-01 2.860745348354565287e-01 2.462252384510371095e-01 5.060103364550864180e-01 2.008110217142156789e-02
1.885502374750866184e-01 2.838265996918358236e-01 2.361096375113396761e-01 5.378342143777903317e-01 2.066892697640022175e-02
1.292238125732672882e-01 5.413436477726397272e-03 4.016876475065071783e-02 3.039712979112987531e-02 1.326305508029546887e-01
9.316820446015365853e-01 9.453658028038477434e-01 9.416636686444211923e-01 9.676388431400496648e-01 8.463905905729537382e-01
7.056238982095174306e-01 6.782255225338728044e-01 7.223593441365512291e-01 4.502293858570828866e-01 8.117634501986893403e-01
7.828623408262291861e-01 7.239084990255064689e-01 7.926932775927449937e-01 4.569043103197351074e-01 1.028993250232492107e+00
8.639699542320777859e-01 9.700747274124830177e-01 9.835815872664354087e-01 9.711835367035794864e-01 8.124304792407714970e-01
2.946716990474096964e-01 3.239788376464246555e-01 2.531780530928875450e-01 5.321587866479245976e-01 1.295753729230164075e-01
-3.431604657919986451e-02 -2.850018995766087290e-02 -1.966759485681742955e-02 -1.544567355751567776e-02 8.070823324884171188e-03
9.135591884259294249e-01 9.649576140853206585e-01 9.398119917088519903e-01 9.852002606165776166e-01 8.221251802026385835e-01
1.615345450123584492e-01 3.131057146785187761e-01 1.840011420354558114e-01 4.786169491481290783e-01 -3.257320750139146293e-02
1.944898336394268457e-01 2.845300037661639414e-01 2.179964994841246950e-01 5.498860219525734117e-01 5.606986991005676393e-03
9.840330918019878359e-01 1.004972769241598840e+00 1.028877595932338629e+00 9.955684929103681968e-01 9.980484748612946655e-01
8.196037605460995135e-01 6.854780989752302656e-01 7.699067907129476529e-01 4.546276770883305729e-01 9.863473637221685797e-01
5.824623528537268766e-03 9.281164908566829144e-03 4.481824555492769369e-02 -3.543657756909156936e-02 1.825310479731085886e-02
3.221668259611781271e-01 3.334496692319568467e-01 2.503975535619095139e-01 5.701907556398806420e-01 1.806823656437156755e-01
7.121535625689077165e-01 7.116019467975661650e-01 7.010997089085804213e-01 4.256870151296802685e-01 8.127103250983505056e-01
7.026109623416191274e-01 6.906514660928482208e-01 7.004119353612059395e-01 4.462867827108027985e-01 7.948181842949118003e-01
1.226983475734465950e-01 2.082411077205422248e-02 2.657784550285064579e-02 3.391450693939904171e-02 1.663189450390455681e-01
1.849453446084444452e-01 2.832767659436268848e-01 2.322067129829638032e-01 5.640853107713027503e-01 8.321640431198056367e-03
8.109560322346855976e-01 7.111686044805437534e-01 7.984561494871763587e-01 4.758110364779399859e-01 9.751765800944601770e-01
8.888965601212600598e-01 9.556037472991112391e-01 9.486033343700048803e-01 9.341649076024101106e-01 8.253783370716859524e-01
8.155459861736640281e-01 7.360025282361057908e-01 8.020342408448747351e-01 4.389345529724310024e-01 9.874619963109607657e-01
7.090015995524113768e-01 6.790202750861233927e-01 7.812881966420315294e-01 3.954808461199377234e-01 8.358111138546642227e-01
9.022237158031628512e-01 9.635198397309431284e-01 9.544856107522692312e-01 9.873706487217814853e-01 8.519631465454802211e-01
7.795045560782402072e-01 7.186197177236858247e-01 7.652425204591675190e-01 4.646856869451501115e-01 1.005982634004220166e+00
1.301419429563641442e-02 3.266030938046856485e-02 1.525727861350480163e-02 -4.786531836087294656e-02 2.727175046719975543e-02
1.003210735918066865e+00 9.874082451622969714e-01 1.009542789299582521e+00 9.605040987072992476e-01 9.876943846091247314e-01
7.280605001395827891e-01 6.439878562378705817e-01 7.030349339787750340e-01 4.342615271778592634e-01 8.561141848682617406e-01
8.066770328355417075e-01 7.083844415584911181e-01 7.942567691351947179e-01 4.648741679257932247e-01 9.565456175312767595e-01
2.978827261653326786e-01 3.083622587124225101e-01 2.744822696841520138e-01 5.821325888706706531e-01 1.673348309354778796e-01
8.871326773653418485e-01 9.778374324874241630e-01 9.273179747590335475e-01 9.931107902797169373e-01 8.247138173724591903e-01
1.034704134390037389e+00 9.791507810472414031e-01 9.967497613565443615e-01 1.031838422901017127e+00 9.903859190555609482e-01
8.690661856334762625e-01 9.570585171236783983e-01 9.053533393993922207e-01 9.375104166895321667e-01 8.409134514563678664e-01
-4.494768744999136714e-03 9.400711550410303236e-03 -6.996127608877127091e-03 -4.386117970842191502e-04 -2.254938620324260443e-02
2.951312362561535063e-01 3.136273423242333935e-01 2.589171027396984237e-01 5.522396986666859853e-01 1.597173551804609015e-01
1.499642587721340403e-01 4.211252797654532753e-02 6.379626831575968549e-02 3.498051445110463009e-02 1.947200961121277329e-01
8.360410847744678131e-01 6.773741269533798404e-01 7.785842914605276555e-01 4.529170921179779263e-01 1.007753871053099548e+00
2.595332621604646076e-02 -1.091491729226575294e-02 2.044958774854790592e-02 -1.699999651731702588e-02 3.039745548649537901e-02
8.295567377806081222e-01 6.872748435485811491e-01 7.849146701782646618e-01 4.860931121007625033e-01 1.019380547620838851e+00
1.959855793337136887e-01 2.732864580372594276e-01 2.305074098419711559e-01 5.317425783761483560e-01 4.607672169741766632e-02
2.871616871677938332e-01 2.918256412437470471e-01 2.305429956886639598e-01 5.847229804336672165e-01 2.251294627704779894e-01
-1.833423964588451471e-02 -3.062636184127697989e-02 -3.497550962807374070e-02 2.099228023863743478e-02 -8.573943923119218755e-03
8.902528381324036344e-01 9.569360001872909693e-01 9.320491690499443926e-01 9.223932850317190235e-01 8.084222841473506227e-01
6.825440347422278009e-01 6.591318177190716998e-01 7.184305709269335205e-01 4.416529220738619754e-01 8.160300360952831289e-01
7.555857749760316357e-03 3.718563503293791442e-03 6.025831509877602535e-03 -1.034763877306265137e-02 -2.776209489464370045e-02
8.455922678120548763e-01 9.741831801898372944e-01 9.540927508806732460e-01 9.400246099494522500e-01 8.376730638711856747e-01
3.000912986324555942e-01 3.300485904857939912e-01 2.482651314026513567e-01 5.766272383275640179e-01 1.440013620738043731e-01
1.850627159717958548e-01 3.237343479796475076e-01 2.672226641683680959e-01 5.314421954637529311e-01 6.665891967931089623e-03
1.865147216435844579e-01 3.031113747287165205e-01 2.138518528398097862e-01 5.228022241397158876e-01 4.585118937706413392e-03
8.389186554439787002e-01 7.114739987526159659e-01 7.750570216191383643e-01 4.751950484590810597e-01 9.607763886704174805e-01
2.706720289021349313e-01 3.159443134657113905e-01 2.722446035007954346e-01 5.884157755680404778e-01 1.478476050057715985e-01
1.007834627743888101e+00 9.934083754203621996e-01 1.057995957358083050e+00 9.586743609434646984e-01 1.001686676033858081e+00
7.939075269523131473e-01 7.293895960029123104e-01 7.930925196958843459e-01 4.745054338675608885e-01 1.003761004366134024e+00
3.448183987205106771e-01 3.451268109938027129e-01 2.599188410917237513e-01 5.965603290118834945e-01 1.961133675230974927e-01
8.878731535406119146e-01 9.458396580853491997e-01 9.108786733704197225e-01 9.691275448228751088e-01 8.346256535645812935e-01
