9.814836548029837182e-02 3.125203533861817262e-02 3.356918321360589930e-02 1.160721395349574581e-02 4.096116087906631620e-01 1.813130414451696315e-01 1.980441687664339090e-01 0.000000000000000000e+00 3.465248066492276902e-01 1.445813618160079472e-01
7.827811577913643126e-02 1.934981530598604005e-01 6.653421074548182546e-02 1.265647981237948139e-01 2.197969209281689928e-01 1.070566825549203183e-01 1.717108975965491724e-01 7.367853147269545766e-02 3.530290443200508332e-01 1.584327530018304897e-01
7.699022566069577689e-01 5.676385892596681471e-01 3.907850653930899365e-01 4.464103513319425676e-01 3.864887728315947735e-01 4.026183048946303522e-01 5.917243873121067477e-01 5.140946201638418867e-01 4.158277148861671546e-01 4.740297500179563306e-01
0.000000000000000000e+00 0.000000000000000000e+00 1.344582691943150068e-02 0.000000000000000000e+00 6.850639409274274227e-02 4.615604885477848744e-03 9.182021438259085552e-03 0.000000000000000000e+00 0.000000000000000000e+00 0.000000000000000000e+00
7.254144417495774766e-01 7.564628766800309823e-01 4.591563678565099282e-01 6.301646441705455182e-01 6.239703215438495709e-01 5.743386568023690630e-01 7.364181810696754926e-01 5.326016337836556591e-01 6.978117387863735921e-01 6.106926327725241688e-01
1.990370874891493058e-01 3.066927827336726198e-01 6.253368241457377685e-01 3.393348216502919401e-01 3.869684783133872097e-01 4.775727724557380371e-01 2.585059316477585356e-01 4.777480349803913673e-01 2.170767595825283669e-01 2.822714934891697447e-01
1.079260594190405848e-01 4.904919372784669052e-02 1.326180837308173766e-01 1.565452403206371579e-01 1.911902253131037288e-01 1.558534985918850757e-01 2.861147041905046096e-01 1.875790097940414208e-02 3.662852038241748431e-01 1.894245072174582378e-01
7.471404698347148265e-01 6.150038733120215539e-01 4.012354102890118290e-01 5.303382897815561714e-01 3.147090576991743438e-01 3.524142990188783298e-01 5.895455395756460382e-01 5.078609180066933071e-01 4.320781349501784385e-01 4.400371410264995453e-01
2.857713877227603672e-02 1.319312150757814828e-02 1.625889454930526390e-02 8.066624073529737871e-02 1.277489529687736991e-01 1.212130264096134558e-01 2.775924302085115425e-01 1.346709835452167825e-01 3.687103014707078241e-01 1.361434506092324692e-01
2.123885191391819138e-01 2.130080472030937144e-01 5.470595831426109390e-01 3.253377324436640405e-01 3.604033312338128514e-01 3.476002049607133104e-01 2.569991031350605248e-01 4.558829268488694964e-01 2.018886529942056085e-01 3.641841185395975344e-01
6.281687381081491051e-01 7.543943695404881078e-01 3.772219720206501092e-01 5.905484923638459893e-01 5.595287860273202574e-01 4.866309720169830211e-01 7.414448481416096026e-01 4.601701197945802790e-01 7.995059541372275813e-01 6.801097449635068459e-01
2.499782947804368716e-01 3.596768856667242886e-01 6.211605634319486979e-01 3.502098189954773177e-01 4.044475750799140235e-01 5.246392360071013838e-01 2.782567404376914966e-01 4.806686534113212561e-01 2.397184187142701595e-01 3.010073915358519869e-01
8.703188346629766592e-01 7.412311939253797277e-01 4.257604274170625480e-01 5.906000454021146373e-01 6.453594607767884073e-01 5.051319532513762756e-01 7.953561653941888521e-01 4.963393969870898426e-01 8.116352597077760578e-01 6.129027691970697633e-01
1.000000000000000000e+00 1.000000000000000000e+00 9.542233918718264762e-01 9.761564566790885689e-01 9.597868194797348762e-01 1.000000000000000000e+00 9.972976089515445119e-01 1.000000000000000000e+00 9.866861118515057871e-01 1.000000000000000000e+00
3.149639901915617379e-01 3.471631268438516438e-01 6.077296271513850101e-01 5.763329637538845418e-01 5.764948911029302847e-01 5.758644250658070396e-01 6.126003566454145677e-01 5.215308362238746387e-01 5.355183163765859788e-01 4.773921058500938397e-01
9.180468624841852110e-01 9.321799137321821194e-01 9.340118724285262353e-01 8.554235337811587625e-01 6.924490498190790655e-01 8.812228081365870436e-01 7.966358327512467197e-01 9.547775178292057241e-01 6.236955783958327837e-01 7.898237616213431567e-01
7.944716202652077897e-01 6.782302318610462510e-01 4.311525951732512740e-01 5.887260061199967032e-01 6.151120188326891780e-01 5.074541262700257294e-01 8.383491155309569232e-01 5.267397270771263518e-01 7.637943497182777541e-01 8.227677263814441311e-01
4.832727500590918573e-02 0.000000000000000000e+00 0.000000000000000000e+00 0.000000000000000000e+00 7.868142790965515498e-02 1.306745819242590562e-02 0.000000000000000000e+00 0.000000000000000000e+00 0.000000000000000000e+00 0.000000000000000000e+00
6.870425302041832660e-01 6.692401899937523435e-01 3.085818124843686672e-01 5.669773415856729226e-01 4.054313981945409373e-01 3.800710759758408885e-01 4.799641309527916677e-01 4.785598474287448556e-01 3.348776657156946612e-01 4.319026755826722019e-01
7.514606460890910222e-01 7.729135800381821131e-01 5.155894261658542366e-01 6.471789176171747204e-01 6.363255488959090878e-01 4.674912682601763958e-01 7.466938885720186825e-01 4.517445406486227388e-01 8.203086331686002541e-01 6.501211793189769494e-01
1.016166262734996412e-01 9.739424168401377910e-03 4.467990457955642314e-02 1.376563935467553512e-02 1.723832316998967669e-03 8.482327535601118587e-03 2.997442309209762124e-02 2.355979389630815171e-02 1.913376084685672329e-02 0.000000000000000000e+00
0.000000000000000000e+00 0.000000000000000000e+00 5.748539468339798619e-02 0.000000000000000000e+00 0.000000000000000000e+00 0.000000000000000000e+00 0.000000000000000000e+00 1.156981195815644931e-02 3.999450808254255939e-03 3.229191499191418416e-03
7.078285436527723684e-01 6.108273523870576538e-01 4.024961956878277403e-01 3.889290670401513994e-01 4.115877128624363945e-01 4.037023283580764010e-01 4.968030984583540755e-01 4.666726394664086341e-01 4.743160855224760053e-01 4.551929702056217719e-01
1.074609408347125539e-01 1.161536362593011268e-01 5.206389554856899471e-02 7.562993283825923674e-02 2.099681797227275770e-01 1.111479088862972892e-01 3.171295539027926269e-01 1.357778945979525309e-01 4.419321191904816426e-01 1.831248212966663791e-01
7.511119599712310357e-01 6.942639952516941326e-01 4.327507720127058422e-01 6.641681038990746577e-01 5.761955350595114878e-01 5.250878873485446130e-01 7.612475194008059276e-01 5.139977964911078834e-01 7.828254524305137130e-01 7.005950800895708319e-01
9.411209358863774632e-01 9.513362536780303191e-01 1.000000000000000000e+00 9.864941948368530777e-01 1.000000000000000000e+00 1.000000000000000000e+00 9.201804685324201927e-01 9.742361019804017808e-01 9.287221989630934926e-01 9.095594539466559381e-01
8.093559484849605079e-02 0.000000000000000000e+00 5.344077904443363114e-02 5.841905819303805023e-03 8.257104689150591981e-02 2.574568578096456117e-02 0.000000000000000000e+00 0.000000000000000000e+00 9.408462371063414098e-02 0.000000000000000000e+00
0.000000000000000000e+00 0.000000000000000000e+00 0.000000000000000000e+00 0.000000000000000000e+00 5.952120970665043115e-03 0.000000000000000000e+00 0.000000000000000000e+00 0.000000000000000000e+00 4.860469209408506408e-02 3.666573302991119748e-02
1.000000000000000000e+00 9.983514451331353401e-01 9.639922838872887478e-01 1.000000000000000000e+00 1.000000000000000000e+00 1.000000000000000000e+00 9.832965069127936886e-01 1.000000000000000000e+00 1.000000000000000000e+00 1.000000000000000000e+00
8.215258848822037940e-01 7.575133066737272935e-01 4.102370827166109679e-01 5.373607557386573808e-01 6.160161809084390150e-01 5.398670783198820100e-01 7.422117913069270490e-01 5.677889161026037357e-01 7.742015927109209272e-01 6.121781145107341171e-01
6.339515852245354299e-01 6.281486571391647900e-01 3.777238721413229694e-01 4.744601699509204962e-01 3.197918838893272775e-01 3.734064592529617865e-01 4.277855452134284309e-01 4.586047978368695266e-01 4.953876148175117566e-01 5.302010583694481971e-01
2.397497651262680274e-01 2.962005218102034543e-01 5.645307297365947941e-01 4.241124211968758662e-01 4.489888853648787981e-01 4.540146319241007977e-01 1.738786278274978281e-01 5.062765971146010457e-01 1.890449101964513656e-01 2.199449722699986509e-01
7.543555818540903513e-01 5.523138882626275059e-01 2.943052930122120880e-01 4.893191941351124896e-01 3.919338898390384851e-01 3.879916585780860960e-01 4.692962038241148548e-01 4.226439893368572620e-01 6.120914902098374410e-01 3.863562725755275706e-01
7.901603838724196027e-01 7.418603803551968578e-01 4.476777338348565394e-01 5.526137217507492982e-01 5.322855815464502260e-01 5.917734332300254030e-01 8.289684758490643013e-01 4.315902614589512964e-01 7.305043195638396547e-01 6.355425937555214677e-01
8.764503536507483039e-01 6.983150964219240198e-01 4.356707589310441220e-01 5.336988034333458586e-01 5.304615957484113409e-01 5.090984494156334250e-01 7.186949422341887272e-01 4.273149373185057831e-01 8.255960329880656090e-01 6.648894271016354551e-01
3.484717167936479676e-01 2.657095824641664272e-01 5.396985602010080374e-01 4.252567325896363659e-01 3.183939014256327305e-01 5.735477212652676515e-01 2.210311810636848562e-01 4.974222267549053833e-01 1.885671857631629200e-01 3.388903039771647419e-01
6.529111810192496090e-01 6.845254344281854753e-01 4.238600459963453027e-01 3.995426442678472467e-01 4.196234470439602071e-01 4.196511463686136145e-01 5.459712796431169801e-01 4.723338351739287400e-01 6.058351385465875483e-01 4.778987232435130128e-01
7.717745227456994650e-01 5.432118972362632858e-01 3.586302134950357656e-01 4.947911711078119557e-01 3.283205608599413239e-01 4.014087825937320275e-01 5.570840312289095930e-01 4.916055363860669658e-01 5.670991525219287732e-01 5.673096120242320239e-01
7.364664152593620727e-01 6.330093770243099272e-01 3.928674909058106901e-01 6.449056495684919454e-01 5.366124119733729492e-01 6.329313292481398845e-01 8.125900355183123258e-01 5.172216330841161724e-01 8.178501932781647721e-01 6.087742325014980915e-01
2.024717551088595080e-01 3.027994988005833221e-01 5.490204104335718593e-01 3.810420407326959302e-01 3.742319711773949287e-01 4.732353023135672521e-01 1.723881542725050620e-01 5.039894398288364830e-01 1.426328359188484829e-01 2.473122426815379526e-01
1.088943198337630203e-01 1.535244661738529026e-01 1.185540119554857330e-01 9.625779895779182360e-02 2.279912190503856906e-01 1.200731053004862464e-01 2.014638646268784306e-01 0.000000000000000000e+00 2.373353728593982082e-01 1.767525544448234898e-01
6.215116089241895514e-02 2.608374503851622339e-02 7.639769652564290525e-02 2.102999410138379766e-01 2.217542443686139619e-01 1.457697757618346412e-01 1.681369883715829738e-01 0.000000000000000000e+00 3.532150635708897757e-01 2.262544563625161764e-01
7.997902962761352930e-01 7.119665729540132215e-01 4.219223479109180941e-01 5.437131872334540761e-01 6.213025981403306197e-01 5.278110784638853081e-01 7.789819054152643529e-01 5.929265491634657659e-01 8.685287483252042140e-01 6.635529039191699896e-01
6.961500018071157259e-01 6.658258035723987334e-01 3.785313421259987599e-01 6.141129171178975055e-01 6.838577748192251615e-01 6.029696478323418596e-01 6.736906264196680372e-01 4.697199342622146445e-01 8.411843419129796384e-01 6.850217473952934233e-01
7.813287166911763171e-01 6.592824703641453343e-01 4.792338747790313436e-01 5.988216490385522839e-01 6.866332752163982756e-01 5.332948235727592579e-01 8.584189893887961276e-01 5.067761326468371852e-01 7.785447673410367253e-01 7.331031859173747778e-01
0.000000000000000000e+00 0.000000000000000000e+00 0.000000000000000000e+00 2.564556027175743380e-02 0.000000000000000000e+00 1.148030648577967050e-01 0.000000000000000000e+00 0.000000000000000000e+00 9.202255128999516087e-02 4.844060020672785738e-02
5.559116058037069652e-02 1.270493321143193743e-01 9.191494174343864398e-02 1.378898804855435423e-01 2.440415548095357379e-01 9.418924657619676122e-03 2.993509573672613056e-01 7.537845629654039981e-02 3.495873090608719314e-01 1.471536222455024079e-01
3.475490996667169458e-02 1.178187372123316590e-01 4.966597380578723075e-02 1.063185390533992886e-01 2.526178665543221680e-01 2.187576961459368197e-01 3.268995135509168981e-01 5.184661773866711815e-02 3.346207982570267303e-01 2.527092990481149548e-01
8.594722556518566425e-02 1.538148124177594056e-01 4.509786889298739165e-02 1.343982018799911027e-01 2.500503592705860534e-01 1.681054498106829276e-01 3.273556212989975345e-01 3.776828351416055413e-02 3.740124371845231499e-01 1.771788319871957507e-01
8.326088485229844460e-01 8.686249080134094136e-01 9.612451725192735497e-01 8.363428814908229203e-01 8.079008372737200849e-01 8.652381605064629611e-01 7.145104221457962979e-01 9.038516243029979247e-01 5.924150373773492406e-01 8.544134728000167822e-01
9.964660076928324450e-01 1.000000000000000000e+00 1.000000000000000000e+00 9.379558526246840611e-01 1.000000000000000000e+00 1.000000000000000000e+00 1.000000000000000000e+00 1.000000000000000000e+00 9.931966242135169542e-01 9.698089543545813651e-01
7.497159959377277527e-01 7.911760619278070950e-01 4.083349426611804223e-01 6.010291293370401133e-01 6.601141907527782182e-01 5.714328745561136902e-01 7.152493308680804018e-01 5.009140085028052081e-01 8.048580654321386696e-01 6.587201604477649353e-01
0.000000000000000000e+00 1.522854934250744176e-03 0.000000000000000000e+00 6.489662893413945810e-02 4.375497768327481912e-02 4.235591905280694514e-02 2.062000275410518640e-03 6.865549997102325663e-02 1.091695258896328291e-01 1.068986449639783634e-02
9.177118688569397831e-01 9.941757120436343076e-01 7.907515227487138532e-01 8.454057476364089663e-01 7.115538599058409686e-01 8.891270263815159725e-01 8.478985667113952962e-01 8.970900706253254198e-01 7.000671812238165037e-01 7.836137501822303397e-01
2.819966317102068909e-01 2.989196785097051334e-01 6.180466159097316448e-01 3.450773533537624393e-01 4.011553060163309259e-01 3.761646689588509784e-01 3.600782118345812743e-01 4.514872763283745427e-01 1.852612213359440818e-01 2.589980189635746055e-01
4.377600227722965032e-02 4.135883525314881792e-02 0.000000000000000000e+00 7.578753953731511006e-02 3.132118817029246743e-02 0.000000000000000000e+00 0.000000000000000000e+00 0.000000000000000000e+00 0.000000000000000000e+00 0.000000000000000000e+00
1.761918094823823333e-01 1.453334482670625150e-01 1.536553181311595684e-01 1.155661452954647450e-01 2.219816159521804944e-01 1.285669527662894329e-01 2.667630407456417219e-01 1.446854379854703443e-01 3.186121788685815082e-01 1.115163573221912285e-01
1.000000000000000000e+00 1.000000000000000000e+00 1.000000000000000000e+00 1.000000000000000000e+00 1.000000000000000000e+00 1.000000000000000000e+00 1.000000000000000000e+00 1.000000000000000000e+00 1.000000000000000000e+00 9.594726465926614045e-01
9.049858679495774716e-01 8.699961425628242040e-01 9.282307493243007190e-01 8.127960213675007317e-01 7.260090341681354476e-01 8.698998681345688766e-01 8.110142358370007187e-01 9.573907818259692615e-01 6.201314340854224838e-01 8.222844586915978304e-01
1.215101816003953394e-01 5.585265627259862475e-02 1.068210994707199935e-01 1.251762515792478603e-01 1.974468443542448104e-01 9.467592821903328404e-02 2.132893494551674485e-01 0.000000000000000000e+00 3.865857731861134794e-01 1.493408632897214872e-01
2.900949221859840388e-01 4.994735545374202612e-01 6.657789553512998282e-01 5.016606784443580214e-01 6.757174840516377845e-01 6.202255071379436657e-01 5.929336165856653462e-01 6.027973309386467360e-01 5.082732260415414594e-01 5.434636043455401966e-01
8.125971603381949571e-01 8.322687970028807003e-01 3.877204987170470574e-01 6.451947148216077288e-01 6.190197079101414923e-01 5.829016916098184176e-01 8.090710761917601079e-01 5.039408169015076044e-01 8.040055795628120450e-01 6.100014484517226609e-01
9.882514835095166372e-01 8.034368584569474558e-01 8.912842381131995673e-01 8.788730532096770132e-01 7.276408161945786546e-01 8.439685803345332582e-01 7.937407599823066429e-01 9.712178438976106776e-01 6.779631378676188591e-01 8.232328520891829537e-01
1.124919644727457452e-01 1.452897317809944411e-01 6.645999341877278921e-02 4.429253705810298758e-02 1.745904666653835813e-01 1.445722207718587449e-01 2.148656332688039794e-01 0.000000000000000000e+00 2.519561870926243508e-01 1.906779765205557642e-01
2.742639649119809619e-01 3.948153605870315386e-01 5.981224165584666519e-01 5.054785246754275319e-01 7.039405654436000637e-01 5.954794498439284212e-01 5.844553627971864618e-01 5.893181692158591112e-01 5.479839759559558265e-01 5.034970204847700748e-01
7.137110941800597352e-01 6.805504579732394310e-01 4.068022819758169706e-01 6.208799939828597569e-01 5.615379802591151659e-01 5.141038734639536978e-01 7.451506487461406758e-01 4.626272676453709876e-01 8.464747633223731471e-01 7.018923072127509766e-01
0.000000000000000000e+00 6.018205538483454436e-02 3.484701436854810430e-02 0.000000000000000000e+00 3.620288575239943157e-02 0.000000000000000000e+00 4.718662951597931560e-02 5.550549959891774160e-02 2.561716508280478463e-02 7.905708443730091739e-02
1.300146872349695615e-01 1.089910034207381556e-01 8.078576724222891192e-02 1.058639088385308069e-01 2.546509546762789622e-01 7.921802304599735722e-02 1.508727179502110105e-01 5.458264816375306416e-02 3.770827407802955777e-01 1.122031152173619539e-01
5.771004616232323914e-02 5.380135733215466592e-02 1.367301206827415405e-01 1.792809042160138089e-01 2.115720609589207268e-01 2.177883989946191590e-02 2.722463799901344572e-01 0.000000000000000000e+00 3.887181772026104820e-01 2.205289133666561985e-01
6.275215224064614183e-01 6.227882096025746383e-01 2.631708551771705373e-01 4.962762252465194313e-01 3.709081285204103851e-01 5.092501890467684422e-01 5.345478289813024864e-01 5.116680608878996228e-01 3.755733947099137437e-01 5.021111640146874722e-01
0.000000000000000000e+00 3.121888648933620822e-02 6.217578499134284592e-02 5.893004106383895047e-02 8.696441430317342070e-02 0.000000000000000000e+00 4.090794621975552686e-03 0.000000000000000000e+00 2.140031566385156014e-02 1.123535886355749441e-01
0.000000000000000000e+00 0.000000000000000000e+00 3.739839671249394620e-02 1.185006051631946021e-02 1.490762868276928471e-02 3.005664128966586621e-02 0.000000000000000000e+00 4.012605254674933564e-02 0.000000000000000000e+00 4.258629895711665315e-03
1.000000000000000000e+00 1.000000000000000000e+00 9.337168963863103910e-01 1.000000000000000000e+00 9.476928436669662670e-01 1.000000000000000000e+00 1.000000000000000000e+00 1.000000000000000000e+00 1.000000000000000000e+00 9.621158924078532237e-01
0.000000000000000000e+00 0.000000000000000000e+00 1.158933447097866901e-02 4.659132620466804875e-02 7.040099192395071759e-02 0.000000000000000000e+00 3.989407006799097766e-02 5.335457092121162481e-02 6.281078202493871332e-02 4.244993523754407583e-02
2.366805896850845414e-01 4.301662238222573875e-01 6.589243912254438840e-01 4.843008668719939180e-01 6.417446057583483521e-01 5.400631158867509329e-01 3.908478094738895292e-01 4.616980467823235679e-01 4.870298288165388900e-01 4.869985375240135084e-01
1.611467254429814200e-01 3.860333632633671241e-01 5.680471957115873494e-01 4.628910531157786612e-01 3.376975564548519992e-01 5.140356572464358509e-01 2.221210791586645528e-01 5.063872297464204753e-01 1.574196888313400544e-01 3.601954777659274187e-01
1.002801403123985448e-02 0.000000000000000000e+00 0.000000000000000000e+00 1.930409732241917045e-02 5.916393124802328540e-02 0.000000000000000000e+00 0.000000000000000000e+00 0.000000000000000000e+00 0.000000000000000000e+00 0.000000000000000000e+00
9.579467151788875201e-01 9.425958364114708221e-01 8.831406347404358037e-01 9.155493315717080360e-01 6.892593342180531879e-01 8.091007612502052471e-01 7.538241753518232224e-01 9.529924278837197393e-01 6.158608099371509770e-01 7.935324133388077517e-01
0.000000000000000000e+00 4.536243189363128869e-02 2.103952262795200090e-02 4.698539606327775675e-02 0.000000000000000000e+00 0.000000000000000000e+00 0.000000000000000000e+00 0.000000000000000000e+00 5.536448150702111271e-02 0.000000000000000000e+00
6.856250234279519240e-02 6.146768054551979971e-02 1.985575773397359536e-02 0.000000000000000000e+00 0.000000000000000000e+00 6.324893133803197523e-03 2.705694775783158701e-02 0.000000000000000000e+00 0.000000000000000000e+00 0.000000000000000000e+00
1.000000000000000000e+00 9.810879836634892603e-01 9.631126481338767586e-01 1.000000000000000000e+00 9.687995437844386659e-01 1.000000000000000000e+00 9.634047608419679110e-01 9.995514219857097871e-01 1.000000000000000000e+00 9.809611656685069958e-01
3.392779458918301905e-02 1.248156144337902312e-01 3.578049827743773337e-02 5.970674919294981231e-02 1.500551996253045028e-01 1.624731027006970085e-01 2.577293081911200545e-01 0.000000000000000000e+00 3.608425085990634718e-01 1.778639515854390230e-01
1.000000000000000000e+00 9.697983575091720931e-01 1.000000000000000000e+00 9.313042186815291279e-01 9.122105536923880154e-01 1.000000000000000000e+00 1.000000000000000000e+00 9.189603535598706019e-01 1.000000000000000000e+00 1.000000000000000000e+00
7.441961151291354160e-01 6.061657587436346528e-01 3.732144808990318086e-01 5.174645437482814359e-01 3.758631830938136686e-01 4.456468238967564166e-01 4.703723176391699234e-01 4.621332264555532698e-01 4.477752657281676707e-01 4.655847735876091908e-01
9.010064363483991645e-01 9.115667782934187002e-01 8.882411706869908219e-01 8.682644887520696297e-01 7.084591613348479866e-01 7.738982407018015763e-01 7.388827408066968028e-01 9.394599505607673651e-01 7.243976369938212034e-01 7.981139859580265172e-01
9.606089416040273221e-01 8.994734011378096028e-01 8.714954015482690997e-01 8.960444656032801047e-01 7.801688876413419571e-01 9.102566846123096855e-01 7.714309957680011154e-01 9.593244304091730346e-01 6.574196241212358904e-01 7.741212029830912833e-01
3.484823394018518039e-01 4.126299327233224901e-01 6.315173682295502910e-01 5.325203322405448469e-01 5.909722656194876800e-01 6.631530652269413961e-01 4.737025390904738842e-01 5.061076584640138432e-01 6.321435142538158747e-01 5.084661043508126310e-01
7.745255144094022048e-01 6.971563800651148224e-01 4.035840624847789049e-01 6.820126530406490639e-01 6.146753828909359285e-01 6.058889977385851777e-01 7.714859102491091747e-01 5.140022587080168570e-01 8.450818770806284297e-01 6.931923679147884432e-01
9.627394958896793309e-01 8.885619367914414646e-01 8.905584234257801768e-01 9.929007019344591178e-01 7.743809129081911102e-01 8.808026911932094194e-01 6.890807392494500139e-01 9.630198756408692162e-01 6.585167814269956565e-01 6.983924003096244615e-01
8.741386305613643160e-01 7.910015019313917373e-01 9.621474361394449781e-01 8.147786096350789764e-01 7.466919997456691327e-01 7.626357999383621689e-01 7.085492250685220261e-01 9.427974949939718075e-01 6.693881303421107543e-01 8.293547564991634591e-01
0.000000000000000000e+00 0.000000000000000000e+00 0.000000000000000000e+00 0.000000000000000000e+00 0.000000000000000000e+00 0.000000000000000000e+00 3.638863624712328909e-02 0.000000000000000000e+00 3.135360529971355226e-02 0.000000000000000000e+00
8.880094067439422978e-02 1.527373132439616976e-01 1.749182648586820876e-02 1.132079452168793104e-01 2.053035574649765271e-01 1.332936799500756830e-01 1.868727676633730739e-01 3.760089761570874906e-02 3.170584438300068642e-01 2.264785870275050628e-01
1.607293502158740339e-01 2.192564989465205505e-01 6.162100699554706740e-01 4.011359134150575545e-01 4.128876612172343585e-01 5.116519086004281958e-01 3.247356767628928331e-01 5.842037086883214991e-01 1.489273623973924876e-01 2.681769680174110881e-01
7.106020313617963380e-01 5.767563405662767817e-01 3.083651502888455354e-01 5.099986744955169460e-01 4.372259243376694915e-01 3.802328631021643646e-01 4.745183030775260713e-01 3.707278332537299881e-01 3.940683210609027820e-01 5.054646237433844114e-01
8.848480588941565195e-01 8.276556443172966571e-01 8.955268973825099010e-01 8.844084007599581909e-01 6.867871243042986684e-01 9.523472472420154711e-01 7.235363584931127079e-01 9.594126892319396749e-01 6.413743367877969836e-01 7.438793091681591418e-01
8.409254384895410439e-01 6.592260195619533691e-01 3.923873107331364851e-01 6.180530120081619838e-01 6.404562316078121764e-01 5.706042123948138478e-01 7.271105101394843562e-01 5.247187775002220000e-01 8.371454981308477095e-01 6.588219795258553058e-01
9.044927510070019938e-01 8.494042795515661659e-01 9.554066215243749438e-01 8.665483288097655112e-01 7.702447199741840889e-01 8.111419062677425185e-01 7.994735646809792984e-01 9.552473279878034296e-01 7.459446484260501276e-01 8.247870778458221697e-01
1.309121409041357209e-01 2.621177017619641947e-01 5.936655518783171548e-01 4.159234382857240342e-01 4.192407825386119669e-01 5.213477258767996725e-01 1.603399285617726766e-01 4.812522127291762319e-01 2.199613491260462572e-01 3.542990478363858831e-01
6.993279011138036072e-01 6.799559806384545269e-01 4.555192817130487293e-01 7.370908001881775196e-01 6.440654225867382676e-01 5.286318301662470409e-01 7.359880063699353325e-01 4.572442566545190101e-01 8.240771565773277185e-01 6.747940026997600871e-01
7.610097871231542577e-01 6.105438840517719568e-01 3.937292232248466584e-01 6.384678881097047842e-01 4.997338787173026264e-01 5.597523074752241978e-01 7.873761915492173413e-01 4.992676185164728331e-01 8.462303268584113747e-01 7.004849122731493516e-01
7.491921989351755240e-01 7.787579855789912298e-01 3.599054886286552346e-01 5.945485135431221035e-01 5.565644834088383508e-01 5.031641635450967431e-01 7.203887046563284269e-01 4.627525270424134307e-01 8.971818575857759548e-01 5.867319191985981286e-01
2.734636574442159684e-01 3.477087994022545203e-01 5.561141910401591337e-01 5.140268535246325099e-01 4.006043930244910789e-01 5.620595851372245377e-01 2.502512230813721539e-01 3.962438902243023975e-01 3.185335878804067544e-01 2.930920976674053491e-01
6.798990516337195533e-01 5.048734221070287909e-01 3.731032065867768699e-01 4.472971088728370237e-01 4.110083902803972067e-01 3.475007977814013604e-01 5.781951872935154890e-01 5.008939647013352925e-01 4.454388393678745395e-01 4.689523975179296644e-01
7.045270579796472088e-01 6.406791123404552701e-01 3.466975214699801189e-01 4.841804670613752415e-01 4.406008586439231212e-01 3.553530351850780478e-01 4.677232408706077371e-01 3.579501306796702975e-01 4.790375528697551344e-01 4.227828219908767449e-01
3.858811519892061531e-02 1.675885290418303170e-02 0.000000000000000000e+00 0.000000000000000000e+00 0.000000000000000000e+00 3.763121979027710118e-02 0.000000000000000000e+00 0.000000000000000000e+00 4.583936379757258886e-03 3.525783453358307534e-02
1.808796362627026200e-01 3.225043137265799498e-01 5.115166864261818658e-01 3.723066155712701497e-01 4.152180843622463313e-01 4.865868046763517363e-01 3.060112928513478714e-01 5.341545487998369257e-01 2.133093223510883485e-01 3.679306271754059221e-01
7.010272800059362819e-01 6.576104672694542685e-01 4.003158462315649646e-01 5.536701503887889730e-01 5.513251876735227874e-01 4.756895019319610229e-01 6.589957017985152987e-01 4.808936503319451439e-01 8.217929487802758670e-01 7.030731468381107296e-01
7.002491005984953221e-01 6.182152370206204228e-01 3.236352814504501740e-01 6.108343980852732891e-01 2.975405900956578087e-01 4.172324515888679031e-01 5.089259024358593342e-01 4.661415001321465579e-01 4.559496300191764329e-01 4.223574909251297527e-01
2.261530032422360281e-01 3.641432661016044126e-01 5.695306655900048698e-01 4.512650646982231395e-01 3.868619386692040973e-01 5.041299866118122974e-01 2.688100685326448858e-01 5.087708466948526187e-01 1.490647177313083882e-01 3.925167828087688382e-01
1.000000000000000000e+00 8.687684561704323016e-01 1.000000000000000000e+00 1.000000000000000000e+00 1.000000000000000000e+00 1.000000000000000000e+00 9.123942222670853308e-01 9.490115473267447532e-01 9.112657841216357246e-01 9.238284361586288629e-01
7.983249002190300203e-01 6.622887211731255386e-01 4.977901764102530824e-01 6.072459490893831191e-01 6.114266729075961138e-01 6.207453290581139704e-01 8.077440509582751726e-01 6.066158876000340427e-01 8.262652070006335503e-01 6.739927161085285112e-01
1.031333016226236715e-01 2.018944350400198595e-01 1.017263727270010243e-01 6.197564554518981972e-02 1.770761796813645206e-01 1.081979079636188196e-01 3.334353161810251764e-01 8.827352391442061519e-02 2.982640841676229559e-01 1.247285576283747449e-01
1.000000000000000000e+00 9.468469533096626201e-01 9.860502278427288880e-01 8.662314338312775419e-01 1.000000000000000000e+00 9.644037652250915249e-01 1.000000000000000000e+00 9.452567687124904250e-01 8.978020286049591681e-01 9.163901862366290452e-01
9.655469523117859998e-01 8.456505793636508450e-01 9.583989570185191820e-01 9.033855120022841190e-01 8.287947421140917648e-01 8.262454586197198747e-01 7.109115647445850561e-01 1.000000000000000000e+00 6.989253228359625369e-01 8.195071997264107289e-01
2.494347861261191346e-01 4.123463976930017427e-01 7.137141146492231858e-01 4.227157112920290616e-01 6.883318213477880310e-01 5.948956807010784553e-01 5.244411468963395828e-01 5.360910003747225705e-01 5.918870121092130177e-01 4.922916464378454537e-01
1.682450007960705485e-01 3.233461385917131281e-01 5.188432609362799708e-01 3.629205334880438172e-01 4.713296463768587019e-01 4.264871735077714887e-01 2.664436104550643170e-01 5.352556011993299112e-01 2.502285403607698577e-01 3.116289522827020431e-01
7.576443679394346820e-01 7.128689750390981850e-01 3.944400345160449239e-01 5.409444200822052240e-01 5.708768073049177438e-01 4.986276442045223245e-01 7.106330169270040908e-01 5.551545333927998538e-01 7.291891991191049582e-01 6.741337748857305634e-01
2.232141427323313665e-01 2.513273021263093265e-01 6.454217127001988796e-01 3.962252396690181255e-01 2.878614186751182191e-01 5.838057963989167209e-01 2.318031349457700674e-01 5.288756826965390623e-01 1.831209895518372266e-01 3.127946444223675404e-01
2.177850661017039779e-01 3.448919062010863401e-01 6.339408011646422425e-01 3.263740999603124138e-01 3.846881098701353530e-01 4.336335520362196716e-01 2.185323867278277654e-01 5.144502681440591418e-01 1.337850563318101482e-01 2.983307523782248727e-01
5.198307535719838557e-02 0.000000000000000000e+00 1.073275034072866396e-01 0.000000000000000000e+00 0.000000000000000000e+00 3.045761164295445952e-02 9.252967954753321678e-02 0.000000000000000000e+00 7.337572028326720674e-02 5.005517304115291582e-02
7.876802942297950194e-01 7.539859636962589207e-01 4.153349780100317190e-01 5.915112737443937174e-01 5.628750591316526997e-01 5.524026843385629881e-01 7.340049606937952831e-01 5.518568252892315229e-01 8.078630033655148646e-01 6.896208519132718262e-01
8.654190924858221612e-01 8.849759046028462528e-01 9.158921878230866787e-01 7.461914707763738219e-01 7.432917522798295762e-01 8.809288676279017904e-01 7.394260124321416772e-01 9.890610007830858974e-01 6.527028441527396030e-01 8.200375639090407009e-01
6.996537661667454611e-01 6.354087605016376372e-01 3.869122889929962339e-01 5.500527875398159017e-01 3.470971940394293465e-01 4.638661808346036808e-01 5.035470389272382885e-01 5.367453913667640242e-01 5.357493584154554567e-01 4.618511094896040614e-01
1.000000000000000000e+00 1.000000000000000000e+00 9.893302304601689912e-01 9.830044702336593332e-01 1.000000000000000000e+00 9.885660265529510049e-01 9.558518800721395037e-01 1.000000000000000000e+00 1.000000000000000000e+00 9.608726524616305609e-01
1.000000000000000000e+00 9.757493457477737220e-01 1.000000000000000000e+00 1.000000000000000000e+00 1.000000000000000000e+00 9.893933351641448493e-01 9.925902325003781446e-01 1.000000000000000000e+00 9.809776357646095013e-01 9.549037301995949578e-01
3.137294240520654282e-02 4.907931756948619162e-02 9.986041206050440266e-02 4.785926566730382137e-02 1.819808872850169068e-01 1.730638682198207268e-01 2.277483247333534633e-01 0.000000000000000000e+00 3.202517381033577193e-01 2.098578699352219024e-01
1.169439555684966825e-01 1.087161840563685977e-01 7.206863407947342037e-02 1.920746486571325851e-01 2.946306150802566748e-01 1.156731384283071484e-01 2.405847033785023792e-01 6.246697946538787294e-04 3.068752595429729557e-01 1.206132579208215316e-01
7.922147496380829157e-01 6.095024140147402569e-01 3.832164675884540683e-01 5.229640083822167940e-01 2.828861310070238111e-01 3.638176773751237159e-01 4.487328966126355456e-01 4.857904453456038385e-01 4.743212701566002498e-01 4.750160273829260316e-01
9.461490945388337792e-01 1.000000000000000000e+00 1.000000000000000000e+00 9.063598543562771948e-01 8.465838462908215067e-01 1.000000000000000000e+00 9.952834795064727791e-01 1.000000000000000000e+00 9.979122581227001243e-01 1.000000000000000000e+00
6.352909517388379002e-02 1.073868456138012822e-01 2.113281015543874708e-02 1.299401942897582818e-01 2.755304647134504403e-01 7.685411076795403695e-02 2.024353757533796649e-01 0.000000000000000000e+00 3.983793498475213801e-01 1.609553098632931778e-01
7.212715557941926647e-01 6.775280200425848331e-01 4.364207790295626110e-01 5.881733440641591093e-01 2.893148726133034088e-01 4.702022084043613881e-01 4.645781353854143703e-01 4.879537251756212446e-01 4.507887594112494623e-01 4.951332538122201754e-01
1.000000000000000000e+00 1.000000000000000000e+00 1.000000000000000000e+00 9.216982551678328806e-01 9.724659480133595046e-01 9.303407436887889403e-01 1.000000000000000000e+00 9.709662581550647653e-01 1.000000000000000000e+00 1.000000000000000000e+00
7.687385482347814936e-01 6.943098253787691743e-01 4.565903587795092089e-01 6.394022176778987321e-01 6.443744256441186202e-01 3.987567846121181092e-01 7.502199345251582274e-01 5.544178118349497586e-01 8.111567241842077003e-01 7.955589630978925353e-01
2.521104283023138937e-01 4.582522934859256658e-01 6.351360953563417455e-01 5.346637012136798983e-01 6.163330059808833639e-01 6.068989028494704563e-01 4.993332043851799740e-01 4.896024796956047753e-01 5.729074310211044185e-01 5.247405432357979960e-01
9.555625453625246069e-01 9.773770725378124746e-01 1.000000000000000000e+00 1.000000000000000000e+00 1.000000000000000000e+00 9.845869695993827442e-01 1.000000000000000000e+00 9.676918298976374677e-01 1.000000000000000000e+00 1.000000000000000000e+00
9.538492521978839678e-01 1.000000000000000000e+00 9.738543948079414481e-01 1.000000000000000000e+00 1.000000000000000000e+00 1.000000000000000000e+00 1.000000000000000000e+00 1.000000000000000000e+00 1.000000000000000000e+00 9.854260573385772437e-01
1.000000000000000000e+00 9.910548196394558529e-01 1.000000000000000000e+00 9.884486920561308398e-01 9.574567474486828100e-01 1.000000000000000000e+00 9.872332931761695907e-01 1.000000000000000000e+00 9.711960618049131355e-01 9.841295841313860704e-01
6.972327725201584725e-01 6.344361449809743370e-01 3.346172025381909942e-01 5.276271442044010440e-01 3.563559707142498478e-01 5.062543616541370639e-01 5.366226230323893898e-01 4.956836867353249243e-01 5.058646274650233643e-01 4.362323158467833473e-01
7.383712716270212084e-01 6.925400942555184347e-01 4.029150146661834020e-01 6.419830654915406054e-01 6.607555596933774034e-01 5.227178730190475964e-01 7.820282457414213795e-01 5.427433347989293333e-01 7.879501225597687064e-01 7.516431749805433382e-01
2.329340225465505732e-01 2.869480470948689854e-01 6.489918539426464683e-01 3.681915220114216902e-01 4.059882681907761581e-01 4.525047355422556206e-01 2.305014602302521975e-01 5.381989886581233229e-01 1.654620000610307340e-01 2.325709420097587521e-01
2.806759264018887090e-01 2.567401366719672673e-01 5.375349735821911556e-01 4.171709665528862687e-01 3.589868709965848836e-01 5.265566821198786052e-01 3.728623768238084613e-01 5.299772040641524962e-01 2.601714455642341606e-01 3.301028785618673744e-01
7.436805422628854911e-01 6.205313894256868634e-01 3.632812447089163177e-01 5.220312546111885998e-01 3.167641068074842359e-01 4.343464263176620710e-01 4.629541694034610133e-01 3.908987606405848192e-01 4.594914663275981304e-01 4.879323586226809728e-01
0.000000000000000000e+00 0.000000000000000000e+00 0.000000000000000000e+00 4.704958701337314669e-02 0.000000000000000000e+00 0.000000000000000000e+00 4.092134105601308997e-02 0.000000000000000000e+00 0.000000000000000000e+00 4.734559532230342427e-03
3.084165607002737342e-01 4.214570359381119014e-01 6.092078294162800445e-01 5.098893374131897582e-01 5.567095502136668594e-01 5.247554888094047021e-01 5.257921990439059501e-01 4.645252442253045011e-01 6.115575955458125712e-01 5.702473717174043610e-01
9.073735838626756367e-01 8.617347537990512896e-01 1.000000000000000000e+00 8.305837978621362083e-01 7.405534309152512762e-01 8.819378350779423226e-01 7.734750130524680189e-01 9.226607632144210314e-01 6.255395803156238443e-01 8.550590911423350260e-01
9.316811960568256445e-01 8.975117121741269521e-01 8.823384338915103431e-01 9.678226620503410649e-01 7.808924911544944392e-01 7.447189750110078110e-01 7.876637914997565160e-01 9.316844673261419629e-01 6.370151455407067065e-01 8.336157530704862983e-01
7.054864415023855972e-01 7.635295560466051068e-01 4.155452425664233895e-01 5.635708796333394055e-01 6.013404184658365237e-01 4.496960054784506777e-01 6.939217923449900738e-01 6.235746408960041176e-01 8.066982540982489125e-01 7.283359175236876482e-01
1.000000000000000000e+00 9.081443580355167411e-01 9.578722053773357503e-01 9.034844554531249461e-01 6.837380499177390103e-01 9.061231125756286087e-01 7.532743959481665863e-01 9.659354407056519598e-01 7.478366119535415635e-01 8.690093465284415286e-01
7.006025201323625717e-01 5.481179180616584379e-01 3.743599301207436447e-01 4.961177040379947667e-01 3.584671638385230064e-01 3.486374799259181478e-01 4.702680216078383713e-01 5.441036344125615987e-01 4.183186281415903762e-01 4.092468620723360151e-01
2.483172875031359750e-01 2.735617173693859483e-01 5.468266048018866066e-01 3.827275219851632437e-01 2.932248833806049837e-01 3.505973828387873859e-01 1.709060786091617656e-01 5.309244733437704644e-01 2.370977387539682790e-01 3.257295154672223969e-01
8.441885635022683410e-01 6.593382760110659824e-01 3.959190304427910867e-01 6.243928608808487768e-01 5.124342451564822820e-01 5.729803730272695628e-01 7.609475246735095677e-01 5.543912033879228041e-01 7.880232096441334155e-01 6.760584206746873548e-01
2.162711422805480843e-01 2.445677330942573613e-01 6.147751051741590089e-01 3.637782119488682797e-01 4.206014158588289309e-01 4.833221295969623021e-01 1.999778707019370105e-01 5.268835850593835968e-01 2.163354539244474739e-01 4.163549228214830644e-01
6.304962379761861468e-01 5.934353034204747912e-01 3.282571198836690129e-01 5.537877203191707842e-01 3.479828773798273045e-01 4.279233792207866038e-01 5.519869264026424638e-01 5.356674943382032650e-01 4.259608445468504034e-01 5.309791852578920057e-01
6.565444070815150690e-01 6.893662439950690723e-01 4.660137991355743914e-01 6.038328422319294564e-01 5.627108648020711090e-01 5.322874685668754768e-01 7.432057091662372939e-01 5.070340529467387558e-01 8.451276430492912217e-01 7.745190905798347014e-01
1.404692031657426288e-01 1.575735907737719765e-01 8.253171809143972082e-02 1.932367583970058533e-01 1.959761186280193079e-01 7.261259151962189129e-02 2.984525034353108230e-01 4.908827805732653149e-02 3.420272796764201595e-01 1.199956848673251059e-01
7.803045187496832069e-02 0.000000000000000000e+00 0.000000000000000000e+00 0.000000000000000000e+00 0.000000000000000000e+00 0.000000000000000000e+00 0.000000000000000000e+00 3.695778403090712455e-02 2.289622942243058762e-02 1.258245687702948690e-03
7.460062665080136046e-02 4.982183571937515154e-02 5.686764348503328681e-02 6.999553256704896254e-02 1.661271524739806327e-01 8.624828642975856940e-02 3.321687627827819012e-01 6.869648985192397528e-02 3.684538638608605421e-01 2.240029837083555020e-01
6.637273945778895401e-01 5.901228816420155399e-01 3.486782912141042634e-01 5.206341923806733218e-01 3.651809895995478117e-01 4.507759734230541437e-01 4.044839961639986603e-01 3.611349653596024889e-01 4.892819302903444467e-01 4.431451899698455321e-01
1.000000000000000000e+00 9.103842048804624554e-01 1.000000000000000000e+00 9.831782146649709064e-01 1.000000000000000000e+00 9.692455656024127064e-01 1.000000000000000000e+00 1.000000000000000000e+00 9.395143856888423795e-01 1.000000000000000000e+00
8.645693355005169556e-01 8.569861630804989083e-01 8.483569352666030516e-01 9.269078664307424109e-01 8.227066078030560448e-01 8.373497336708352057e-01 6.931742332542472074e-01 9.666050606208362872e-01 5.051494301583185909e-01 7.645066958435580151e-01
7.272172940645134087e-01 5.908953225187200120e-01 4.637659053215022475e-01 6.697213243437032393e-01 6.215196429151085278e-01 4.772571163844072650e-01 8.319862819250813946e-01 4.943537971777558493e-01 8.145811068078739892e-01 6.303753932429857487e-01
9.402108161016775600e-01 8.475701021127122203e-01 9.444145038700626493e-01 8.393151017882549692e-01 8.310592057908983143e-01 8.215989545357034185e-01 8.256655893053256312e-01 9.426979312724332871e-01 7.334306285149748694e-01 7.842199175842160530e-01
9.090497969484556684e-01 7.611954817922164107e-01 8.616853485034161597e-01 8.611612248850946116e-01 7.474302909989127830e-01 8.911626175148059659e-01 8.110255991061597891e-01 9.742938431771099861e-01 6.188856682315370117e-01 7.891682086164870658e-01
1.000000000000000000e+00 8.916179624598645770e-01 9.567969514548776422e-01 1.000000000000000000e+00 9.951116865735903927e-01 1.000000000000000000e+00 1.000000000000000000e+00 9.500493396663233225e-01 1.000000000000000000e+00 9.955806799988069500e-01
7.804658595067316407e-01 5.500851362326384386e-01 2.626193789737343298e-01 4.982871624229043284e-01 3.840393023015909457e-01 4.416917513118727712e-01 4.589478828723714821e-01 4.684994413863671214e-01 5.058969823086567619e-01 5.535500495148671929e-01
9.085347799840665095e-01 7.637562877934881422e-01 3.729453489824113288e-01 6.148414688425337671e-01 6.122644645939490093e-01 5.035117330427142379e-01 7.126690915155000638e-01 4.735552298648269542e-01 8.135098072281852222e-01 6.326065343704123656e-01
6.796891049779292260e-01 6.181131314736173499e-01 3.546724857780583218e-01 4.824304894879465899e-01 3.292804714472954974e-01 4.450552504849250579e-01 4.568149665389837910e-01 4.673343973205015822e-01 4.288289747580906197e-01 5.006079700461271154e-01
2.534699068635048666e-02 0.000000000000000000e+00 4.914708144828201092e-02 0.000000000000000000e+00 0.000000000000000000e+00 0.000000000000000000e+00 0.000000000000000000e+00 0.000000000000000000e+00 2.645844932699478388e-02 5.512405058632696003e-02
0.000000000000000000e+00 3.059717411080449534e-02 0.000000000000000000e+00 0.000000000000000000e+00 2.874696486326008826e-02 4.340219999192640454e-02 0.000000000000000000e+00 0.000000000000000000e+00 4.072757152604722375e-02 7.791716592326514146e-02
1.000000000000000000e+00 9.684203905151219649e-01 1.000000000000000000e+00 1.000000000000000000e+00 1.000000000000000000e+00 1.000000000000000000e+00 9.852447671854984712e-01 1.000000000000000000e+00 1.000000000000000000e+00 1.000000000000000000e+00
1.000000000000000000e+00 9.462915149374608870e-01 9.555083826197288133e-01 9.142789515792785204e-01 1.000000000000000000e+00 1.000000000000000000e+00 9.806099226712547967e-01 1.000000000000000000e+00 1.000000000000000000e+00 9.879792945115289937e-01
6.407122448450102148e-01 5.921780701078235287e-01 3.450344881026452537e-01 4.536727217670827317e-01 4.451175110049698791e-01 4.135908397475276388e-01 5.058886657585051072e-01 5.050540965076957267e-01 4.685048253294984977e-01 4.629759586785568426e-01
3.801217917423858200e-03 1.649482387501833777e-02 0.000000000000000000e+00 9.495989453218209309e-02 0.000000000000000000e+00 0.000000000000000000e+00 0.000000000000000000e+00 0.000000000000000000e+00 0.000000000000000000e+00 4.391584909604150100e-02
2.955046429707150479e-01 3.448849640572545505e-01 5.357641625256220896e-01 4.138001957466049818e-01 4.197468011886300032e-01 4.344204887192077980e-01 1.695912826445938881e-01 4.760479215345909121e-01 1.428280337633482944e-01 3.202205547359176507e-01
1.000000000000000000e+00 1.000000000000000000e+00 9.857186065645270334e-01 1.000000000000000000e+00 1.000000000000000000e+00 1.000000000000000000e+00 9.855315676693616744e-01 9.982704340512770225e-01 1.000000000000000000e+00 1.000000000000000000e+00
0.000000000000000000e+00 7.826003527714084362e-02 4.408537963444597585e-02 3.215003298736292953e-02 0.000000000000000000e+00 3.364686384934138363e-03 0.000000000000000000e+00 7.396054825420615708e-02 0.000000000000000000e+00 1.219797651933057087e-02
9.666753682223475641e-01 9.333741817435544652e-01 9.098825215928386667e-01 8.521786784890249544e-01 8.323597721082285350e-01 9.160556618782476068e-01 7.885709563525133969e-01 9.172672269718723514e-01 6.332091272303844720e-01 7.802834387902064517e-01
6.984019318637041396e-01 5.309337490113875679e-01 4.398550556979713422e-01 4.623064786912970958e-01 4.208430891905965421e-01 4.199115596788413618e-01 4.750760484744067647e-01 4.574401928759974090e-01 4.725794912617227728e-01 5.085841401802159156e-01
1.000000000000000000e+00 8.660072500218856106e-01 9.806258466581393440e-01 1.000000000000000000e+00 9.632384485781995132e-01 9.887848590952743599e-01 1.000000000000000000e+00 1.000000000000000000e+00 9.897975123781795892e-01 9.602680704988939553e-01
9.502650649676074313e-01 1.000000000000000000e+00 1.000000000000000000e+00 9.917576020645494372e-01 1.000000000000000000e+00 9.965687884990167555e-01 9.640372234283428599e-01 9.321510506718629907e-01 1.000000000000000000e+00 1.000000000000000000e+00
8.437989738843935106e-01 6.333121931944055705e-01 4.304280085684293322e-01 5.524669743162446967e-01 5.843541736691946209e-01 4.605807742637041402e-01 8.171732674986338374e-01 5.792457680218907612e-01 8.213672040552055797e-01 5.682894935848979978e-01
2.423420975830601620e-01 2.631754562204267622e-01 6.320772556798189834e-01 3.151170057137218095e-01 3.832247129016835285e-01 4.972752246107071672e-01 2.676661197695399119e-01 4.828945087967448924e-01 1.893063159926621497e-01 3.267692162369771336e-01
6.947623317476551152e-01 6.325000095178203718e-01 2.896221840968725147e-01 4.266806167414914919e-01 4.323365837599866257e-01 4.209255581240110011e-01 4.747929181788191344e-01 5.538967589477770126e-01 5.017083155903633296e-01 4.508020384590085139e-01
1.942699694235885677e-01 3.117206123503393211e-01 5.636300913747632757e-01 3.429481840761220424e-01 4.468698390359795991e-01 4.573439336579577241e-01 2.631590606726757486e-01 5.217524526061227963e-01 2.046221801126545392e-01 2.684745435571118666e-01
2.261410940594355684e-02 1.375205405393332692e-01 1.016823463284314000e-01 1.317672410011228035e-01 1.656470368350434486e-01 9.042048366476733434e-02 2.643380724310605001e-01 1.039680113906619741e-01 2.995832029905481919e-01 2.248956757899631953e-01
3.644630618586743864e-01 3.591331950647383420e-01 6.226043014098466832e-01 5.385903396294717815e-01 7.492325846704902537e-01 6.439377406446560315e-01 5.772726526191509500e-01 4.617462931201529175e-01 5.036755760581976826e-01 5.211269931626275609e-01
6.894838554655300378e-01 6.611056994925730290e-01 4.114060411672418871e-01 5.861501631051957428e-01 3.636183863124092808e-01 3.727945330902933119e-01 5.154310575042597709e-01 5.047585714204022578e-01 5.089508138743107368e-01 4.864435927534431769e-01
1.059517747188805925e-01 3.299673381554253659e-02 2.526810196800917396e-02 1.664452965258766681e-01 2.515349111333782250e-01 1.704854414635016968e-01 1.674486048391538029e-01 1.013576617017060699e-01 3.701672529299428471e-01 2.101567882704782064e-01
1.335683365362538844e-01 3.552855091191958747e-01 5.907610901503635992e-01 3.352989819830760609e-01 3.748563098026142515e-01 3.924026070664740629e-01 2.663965555938056506e-01 4.221141849017410186e-01 2.081544767875735114e-01 3.222998843157370286e-01
0.000000000000000000e+00 0.000000000000000000e+00 2.662574550018225947e-02 0.000000000000000000e+00 0.000000000000000000e+00 6.026363968149542165e-03 9.414299351720052667e-02 1.029968078964892259e-01 1.784662657549046256e-03 1.208668778658704077e-02
1.126626776761333326e-01 0.000000000000000000e+00 9.128744561759771781e-02 2.216191735857503398e-01 2.801905138682820873e-01 7.634104353574383550e-02 2.311001298222765121e-01 8.144810563014165394e-02 2.850800735815860465e-01 1.731442936961739565e-01
3.628295257092015169e-01 3.517249350453943157e-01 7.108914197614527586e-01 4.275962731101640157e-01 5.918202539743118162e-01 6.590175711602720421e-01 4.976363656987098927e-01 5.051536754643182192e-01 5.172176817712251795e-01 4.359726600801543950e-01
7.563588750918762704e-01 7.946808373704430384e-01 4.130254515848021390e-01 5.234123525937657284e-01 6.291509792441205562e-01 5.512767498190477289e-01 7.675375405503894743e-01 4.520786192624439148e-01 7.666448468260679272e-01 6.045421147962863895e-01
2.254259049243496557e-02 0.000000000000000000e+00 2.511108615047338843e-02 0.000000000000000000e+00 2.213726777059416007e-02 0.000000000000000000e+00 1.086723987503837412e-02 0.000000000000000000e+00 4.274418375469423576e-02 0.000000000000000000e+00
2.678395521447525240e-01 2.799995428126988428e-01 5.282508801823556643e-01 4.083653647915523321e-01 4.221101267673305624e-01 5.296850074493920646e-01 1.758554225058014953e-01 4.479284359173215657e-01 2.601062832069938602e-01 3.186097321208260502e-01
6.738588903433363475e-01 6.117964728899845106e-01 2.766364636989578352e-01 5.815042297386481263e-01 3.545913351988535522e-01 4.213968356342276955e-01 4.370163207506168046e-01 4.625352533021037660e-01 5.141908181884478068e-01 4.794827076756332795e-01
8.356166580276935818e-02 1.166441312255493690e-01 0.000000000000000000e+00 1.835729019684984864e-01 1.895133492376062656e-01 1.537176195084975217e-01 2.538193366242569304e-01 0.000000000000000000e+00 3.348327574775021853e-01 1.606482491775765298e-01
6.742639998224020381e-01 6.244759413891585176e-01 3.608256547963384353e-01 3.964377360410205053e-01 4.104218985200492886e-01 4.721582573246896342e-01 5.214289304383096235e-01 5.037363772962539787e-01 4.441879254887162731e-01 3.811346994900127738e-01
2.788984734867588355e-01 3.672853650803983849e-01 6.447773229842507225e-01 4.023959577362725137e-01 3.938717243878304686e-01 4.527664547430542141e-01 2.710993808294959173e-01 5.439537938837997189e-01 1.871890194767434346e-01 2.375399928766935842e-01
8.339311578482762055e-01 6.992992090424926532e-01 3.119785974764129888e-01 6.819204718207663163e-01 5.993344471330050993e-01 5.213940478168844761e-01 7.697873416308915751e-01 5.155353992560173237e-01 8.225240027452234148e-01 7.502358427951818509e-01
