0.893333333333333 0.317073170731707 0.654867256637168 0.439393939393939 0.697674418604651 0.602739726027397 0.505263157894737
0.851063829787234 0.682926829268293 0.75 0.416 0.683544303797468 0.6 0.658536585365854
1 1 1 1 1 1 1
0.91 0.566037735849057 0.711538461538462 0.436170212765957 0.75 0.637096774193548 0.656488549618321
0.813725490196078 0.764705882352941 0.84375 0.863636363636364 0.791666666666667 0.876543209876543 0.8
0.908256880733945 0.597222222222222 0.697478991596639 0.391304347826087 0.8 0.578512396694215 0.644067796610169
0.956140350877193 1 0.974576271186441 0.96 1 1 0.983739837398374
1 0.995215311004785 0.992592592592593 0.985611510791367 1 0.991869918699187 1
1 1 1 1 0.992805755395683 1 1
0.846153846153846 0.640625 0.74025974025974 0.433333333333333 0.75968992248062 0.631147540983607 0.65546218487395
0.978723404255319 0.97008547008547 0.936708860759494 0.977011494252874 1 0.959183673469388 0.968253968253968
0.89041095890411 0.722222222222222 0.702290076335878 0.532846715328467 0.697247706422018 0.613861386138614 0.573913043478261
1 0.985611510791367 1 0.936936936936937 0.992 0.986928104575163 1
0.978494623655914 1 1 0.990654205607477 0.977777777777778 1 0.98989898989899
0.858895705521472 0.593073593073593 0.790419161676647 0.519774011299435 0.732558139534884 0.607407407407407 0.708029197080292
0.915492957746479 0.576 0.702127659574468 0.5 0.75 0.63716814159292 0.652482269503546
1 1 1 1 1 1 1
0.916167664670659 0.561224489795918 0.723270440251572 0.5625 0.724550898203593 0.566265060240964 0.611111111111111
0.985294117647059 0.989583333333333 0.973684210526316 0.953947368421053 0.985611510791367 0.985294117647059 0.979591836734694
0.884615384615385 0.584615384615385 0.75 0.529411764705882 0.731707317073171 0.688888888888889 0.616
0.962962962962963 0.984375 1 0.968992248062015 1 0.988636363636364 0.975409836065574
0.98019801980198 0.99 0.980392156862745 0.955752212389381 0.97752808988764 0.979310344827586 0.992481203007519
1 1 1 1 1 1 1
0.881188118811881 0.589041095890411 0.69 0.483516483516484 0.7625 0.650602409638554 0.623853211009174
1 1 1 1 1 1 1
1 1 1 1 1 1 1
0.856164383561644 0.592178770949721 0.72 0.491017964071856 0.725490196078431 0.730496453900709 0.646341463414634
0.900900900900901 0.6375 0.746153846153846 0.504347826086956 0.707070707070707 0.674603174603175 0.707964601769911
1 1 1 1 1 1 1
0.972375690607735 0.990697674418605 0.994871794871795 0.964646464646465 0.994505494505495 0.993939393939394 0.988950276243094
0.973451327433628 0.990384615384615 0.982456140350877 0.991228070175439 0.991525423728814 0.990825688073395 0.990740740740741
0.877697841726619 0.623188405797101 0.682926829268293 0.461538461538462 0.714285714285714 0.586466165413534 0.661016949152542
0.986754966887417 1 0.988888888888889 0.980392156862745 0.986928104575163 0.986111111111111 1
0.986666666666667 1 1 0.984126984126984 1 0.966292134831461 0.977011494252874
1 1 1 1 1 1 1
0.840909090909091 0.568181818181818 0.672727272727273 0.386666666666667 0.82051282051282 0.625 0.689655172413793
0.985294117647059 0.977272727272727 0.988888888888889 1 1 0.988888888888889 0.988505747126437
1 1 0.984 0.991379310344828 0.990291262135922 1 1
1 0.995983935742972 1 1 1 1 1
0.859154929577465 0.544186046511628 0.683229813664596 0.405263157894737 0.707792207792208 0.66875 0.666666666666667
0.91 0.686274509803922 0.681481481481481 0.434343434343434 0.78125 0.6875 0.653465346534653
0.989247311827957 1 0.979166666666667 0.962962962962963 0.990196078431373 0.989130434782609 0.982142857142857
1 1 1 1 1 1 1
0.974137931034483 0.986486486486487 0.992063492063492 0.962616822429907 0.990566037735849 0.984962406015038 1
0.84472049689441 0.565656565656566 0.816455696202532 0.411111111111111 0.732558139534884 0.664556962025316 0.643356643356643
1 1 1 0.992307692307692 1 0.982905982905983 1
1 1 1 1 1 1 1
0.861538461538462 0.510416666666667 0.698529411764706 0.423611111111111 0.712871287128713 0.664285714285714 0.674074074074074
0.825396825396825 0.592592592592593 0.714285714285714 0.436363636363636 0.697478991596639 0.64957264957265 0.699186991869919
1 1 1 1 1 1 1
1 1 1 1 1 0.984962406015038 1
0.957627118644068 0.981481481481482 0.989473684210526 0.983193277310924 0.99009900990099 0.990740740740741 1
0.864197530864197 0.629139072847682 0.714285714285714 0.458015267175573 0.701298701298701 0.61437908496732 0.57396449704142
0.981366459627329 1 0.973262032085562 0.959390862944162 0.988304093567251 0.989795918367347 1
0.987654320987654 0.994011976047904 0.975 0.979166666666667 0.986577181208054 1 0.986486486486487
1 1 1 1 1 1 1
1 1 1 1 1 0.991803278688525 1
0.891304347826087 0.537634408602151 0.814814814814815 0.345454545454545 0.757575757575758 0.582608695652174 0.683333333333333
0.884057971014493 0.516129032258065 0.716981132075472 0.512605042016807 0.785714285714286 0.566666666666667 0.62
0.918367346938776 0.585185185185185 0.705479452054795 0.484615384615385 0.738461538461539 0.701388888888889 0.58955223880597
1 1 1 1 1 0.986754966887417 1
0.925925925925926 0.598130841121495 0.714285714285714 0.521739130434783 0.787878787878788 0.71551724137931 0.608391608391608
1 0.994818652849741 1 0.992857142857143 1 0.993710691823899 1
0.965217391304348 0.986301369863014 1 0.977443609022556 0.991596638655462 0.988235294117647 0.991304347826087
0.991935483870968 0.966942148760331 0.990384615384615 0.977443609022556 0.991596638655462 0.972222222222222 0.990196078431373
1 1 1 1 1 1 1
1 1 1 1 1 1 1
0.88 0.616666666666667 0.760330578512397 0.474452554744526 0.651162790697674 0.635761589403974 0.65
0.981012658227848 0.992063492063492 0.979591836734694 0.977099236641221 0.984126984126984 0.992753623188406 1
1 1 1 1 1 1 1
0.928571428571429 0.529032258064516 0.677685950413223 0.514925373134328 0.724550898203593 0.556338028169014 0.647482014388489
0.976190476190476 1 1 0.978571428571429 0.985401459854015 0.965277777777778 1
0.976923076923077 1 1 0.963235294117647 0.988888888888889 0.986301369863014 0.992481203007519
1 1 1 1 1 1 1
0.887755102040816 0.555555555555556 0.772727272727273 0.390804597701149 0.705882352941177 0.657407407407407 0.644859813084112
1 1 1 1 1 1 1
0.887931034482759 0.565789473684211 0.710526315789474 0.372549019607843 0.726315789473684 0.608247422680412 0.641666666666667
1 1 1 1 1 1 1
1 1 1 0.99009900990099 1 1 1
1 1 1 1 1 1 1
0.914634146341463 0.673469387755102 0.793814432989691 0.567901234567901 0.706666666666667 0.642105263157895 0.732673267326733
1 1 1 1 0.990740740740741 1 1
0.883495145631068 0.620689655172414 0.745283018867924 0.54954954954955 0.7 0.615384615384615 0.564814814814815
1 0.989010989010989 1 1 1 1 1
0.956521739130435 0.988505747126437 0.991935483870968 0.990825688073395 1 0.978723404255319 1
1 1 1 1 1 0.986486486486487 1
1 1 1 1 1 0.988505747126437 1
1 1 1 1 1 0.991935483870968 1
1 1 1 1 1 0.992481203007519 1
0.963503649635037 0.988505747126437 0.992753623188406 1 0.986666666666667 0.977272727272727 1
1 1 1 1 1 0.993710691823899 1
1 1 1 1 1 1 1
0.97887323943662 0.991150442477876 0.972222222222222 0.992592592592593 0.978260869565217 0.979166666666667 0.986013986013986
0.99290780141844 1 1 0.98989898989899 1 1 1
1 1 1 0.994652406417112 1 1 1
0.979452054794521 0.98876404494382 0.984962406015038 0.976470588235294 0.973333333333333 1 1
0.991452991452991 1 0.991525423728814 0.961538461538462 0.97 1 0.983606557377049
0.979865771812081 0.992957746478873 0.979166666666667 0.962025316455696 0.994285714285714 0.987261146496815 0.993288590604027
0.952054794520548 0.794642857142857 0.764227642276423 0.584905660377358 0.818897637795276 0.774193548387097 0.754545454545455
0.970588235294118 0.991379310344828 0.981981981981982 0.992647058823529 0.991228070175439 0.965753424657534 0.991379310344828
1 1 1 1 1 1 1
0.974193548387097 0.988372093023256 0.963768115942029 0.986842105263158 1 0.976744186046512 1
0.8625 0.658385093167702 0.688 0.439393939393939 0.766423357664234 0.619402985074627 0.633802816901408
0.843283582089552 0.586206896551724 0.727272727272727 0.495412844036697 0.721854304635762 0.621212121212121 0.661764705882353
0.882022471910112 0.612903225806452 0.695652173913043 0.458100558659218 0.76271186440678 0.648275862068965 0.6
0.868217054263566 0.611111111111111 0.753086419753086 0.518292682926829 0.782894736842105 0.712418300653595 0.652482269503546
0.975308641975309 1 0.957142857142857 1 0.966216216216216 0.983193277310924 1
0.990291262135922 0.986486486486487 0.98019801980198 0.97029702970297 0.975903614457831 0.979381443298969 1
1 0.983050847457627 1 1 1 1 1
1 1 1 1 1 1 1
0.96875 0.98936170212766 0.991228070175439 0.973913043478261 0.984375 0.982456140350877 0.991150442477876
1 1 0.975609756097561 0.987577639751553 0.994047619047619 1 1
1 1 1 1 1 1 1
1 1 1 1 1 0.993377483443709 1
0.682432432432432 0.924324324324324 0.9375 0.926380368098159 0.906474820143885 0.915384615384615 0.901408450704225
1 1 1 1 1 0.993243243243243 1
1 1 1 1 1 0.993288590604027 1
0.993421052631579 1 1 1 1 0.993377483443709 1
0.858108108108108 0.580645161290323 0.8 0.459259259259259 0.716216216216216 0.681528662420382 0.720588235294118
1 1 1 1 1 1 1
0.848275862068966 0.575221238938053 0.736486486486487 0.436507936507937 0.735099337748344 0.564102564102564 0.684931506849315
0.861842105263158 0.48502994011976 0.777070063694268 0.550724637681159 0.615384615384615 0.678082191780822 0.727891156462585
1 1 1 1 1 1 1
0.979020979020979 0.9921875 0.972222222222222 0.970802919708029 0.971631205673759 0.980519480519481 1
1 1 1 1 1 1 1
1 1 1 1 1 1 1
1 1 1 1 1 0.993421052631579 1
1 1 1 1 1 1 1
1 1 1 1 1 1 1
0.917241379310345 0.54639175257732 0.716417910447761 0.42156862745098 0.720588235294118 0.67175572519084 0.71551724137931
1 1 1 1 1 1 1
1 1 0.99375 1 1 0.99290780141844 1
1 1 1 1 0.993464052287582 1 1
1 1 1 1 0.993589743589744 1 0.993333333333333
0.984126984126984 1 0.982905982905983 0.984962406015038 0.975206611570248 1 0.983050847457627
0.846153846153846 0.6 0.706293706293706 0.5 0.710344827586207 0.604938271604938 0.64963503649635
0.906040268456376 0.581005586592179 0.682926829268293 0.425806451612903 0.679389312977099 0.614864864864865 0.726114649681529
0.913333333333333 0.577777777777778 0.674603174603175 0.422077922077922 0.666666666666667 0.615894039735099 0.710691823899371
0.978260869565217 1 0.980392156862745 0.981651376146789 0.989010989010989 1 0.982300884955752
0.881818181818182 0.735849056603774 0.710280373831776 0.580645161290323 0.69047619047619 0.577319587628866 0.697478991596639
0.813559322033898 0.682926829268293 0.652777777777778 0.476923076923077 0.72289156626506 0.627659574468085 0.66
0.98 0.98314606741573 0.975609756097561 0.981308411214953 0.984126984126984 0.980132450331126 1
1 1 1 0.99236641221374 1 0.990566037735849 0.992
0.849056603773585 0.606741573033708 0.73728813559322 0.444444444444444 0.704347826086957 0.653061224489796 0.689320388349515
0.989583333333333 1 1 1 0.990384615384615 0.98876404494382 1
0.977777777777778 0.987951807228916 0.978260869565217 0.949152542372881 0.98936170212766 0.99009900990099 0.979591836734694
0.848837209302326 0.553571428571429 0.722222222222222 0.450549450549451 0.666666666666667 0.575471698113208 0.734939759036145
0.87719298245614 0.640449438202247 0.631578947368421 0.471153846153846 0.66 0.636363636363636 0.635514018691589
0.942622950819672 0.63 0.700934579439252 0.530973451327434 0.70873786407767 0.618181818181818 0.635593220338983
0.886075949367089 0.62200956937799 0.653179190751445 0.482954545454545 0.659863945578231 0.570552147239264 0.635416666666667
0.935064935064935 0.585365853658537 0.714285714285714 0.48125 0.703225806451613 0.605263157894737 0.630573248407643
0.87741935483871 0.620481927710843 0.725609756097561 0.4 0.69281045751634 0.675213675213675 0.734265734265734
0.844036697247706 0.606741573033708 0.761467889908257 0.466101694915254 0.73 0.607476635514019 0.67479674796748
0.962962962962963 0.956043956043956 0.990909090909091 0.966101694915254 1 0.962962962962963 1
0.96 0.986301369863014 0.989247311827957 0.977443609022556 0.977011494252874 0.962406015037594 1
0.948275862068966 0.986111111111111 0.980582524271845 0.983193277310924 0.991150442477876 0.954887218045113 1
0.857142857142857 0.5703125 0.676470588235294 0.396825396825397 0.775510204081633 0.587412587412587 0.678571428571429
0.953947368421053 0.546666666666667 0.715116279069767 0.512048192771084 0.723880597014925 0.550335570469799 0.705882352941177
1 1 1 1 1 0.991304347826087 1
1 1 0.990654205607477 1 1 1 1
0.805755395683453 0.572727272727273 0.689075630252101 0.464912280701754 0.793388429752066 0.60952380952381 0.671641791044776
0.922480620155039 0.528301886792453 0.727272727272727 0.514970059880239 0.757763975155279 0.608108108108108 0.651785714285714
0.909090909090909 0.566964285714286 0.722222222222222 0.439490445859873 0.689024390243902 0.573248407643312 0.65359477124183
1 1 1 1 1 1 1
0.934959349593496 0.617283950617284 0.747572815533981 0.508196721311475 0.720720720720721 0.62 0.653225806451613
0.825842696629214 0.595890410958904 0.707865168539326 0.467455621301775 0.695364238410596 0.568306010928962 0.668711656441718
1 1 1 1 1 1 1
0.973509933774834 0.976923076923077 0.993150684931507 0.990825688073395 0.965753424657534 0.972027972027972 0.975806451612903
0.909774436090226 0.601503759398496 0.721739130434783 0.507575757575758 0.703125 0.586666666666667 0.76978417266187
0.992647058823529 0.992805755395683 0.983333333333333 0.96 0.968992248062015 0.966666666666667 1
1 1 1 1 1 0.991596638655462 0.992424242424242
1 1 1 1 1 1 1
0.928571428571429 1 0.98876404494382 0.948979591836735 0.987951807228916 0.943820224719101 0.98
0.851851851851852 0.637931034482759 0.773913043478261 0.505050505050505 0.714285714285714 0.684684684684685 0.715384615384615
0.958041958041958 0.978723404255319 0.992 0.958333333333333 0.975806451612903 0.967213114754098 0.976608187134503
1 1 1 0.991735537190083 1 1 1
0.903448275862069 0.737373737373737 0.801587301587302 0.523809523809524 0.761904761904762 0.566666666666667 0.69364161849711
0.961832061068702 0.888888888888889 0.923076923076923 0.795180722891566 0.886792452830189 0.806451612903226 0.910891089108911
0.945945945945946 0.686046511627907 0.764705882352941 0.59375 0.904255319148936 0.577981651376147 0.72
0.942857142857143 0.551020408163265 0.715686274509804 0.581196581196581 0.793814432989691 0.580357142857143 0.704761904761905
0.788461538461538 0.641975308641975 0.7 0.455445544554455 0.747572815533981 0.602040816326531 0.711711711711712
1 1 1 1 1 1 1
1 1 1 1 1 1 1
0.882352941176471 0.567741935483871 0.7125 0.439393939393939 0.618181818181818 0.543624161073825 0.602409638554217
0.845637583892617 0.575757575757576 0.716666666666667 0.428571428571429 0.797385620915033 0.585034013605442 0.725146198830409
0.979057591623037 0.976878612716763 0.977272727272727 0.976047904191617 0.978723404255319 0.980891719745223 1
1 1 1 1 1 1 1
0.990196078431373 0.976470588235294 0.976744186046512 0.974358974358974 0.9765625 0.990654205607477 0.989690721649485
0.914285714285714 0.674242424242424 0.804878048780488 0.452702702702703 0.75974025974026 0.638888888888889 0.661764705882353
0.935714285714286 0.615384615384615 0.826388888888889 0.559440559440559 0.712230215827338 0.602836879432624 0.62111801242236
0.837606837606838 0.585365853658537 0.831683168316832 0.392307692307692 0.741071428571429 0.516666666666667 0.669491525423729
0.954545454545455 0.989583333333333 0.980392156862745 1 0.968503937007874 0.954198473282443 0.97037037037037
0.990909090909091 0.986301369863014 0.96969696969697 0.977272727272727 0.962962962962963 1 1
0.907407407407407 0.537313432835821 0.711340206185567 0.440860215053763 0.788235294117647 0.623529411764706 0.678571428571429
0.8359375 0.471014492753623 0.798449612403101 0.430769230769231 0.715277777777778 0.592857142857143 0.596774193548387
0.806201550387597 0.546218487394958 0.696078431372549 0.4296875 0.6875 0.5 0.582608695652174
0.833333333333333 0.617977528089888 0.692307692307692 0.417322834645669 0.71875 0.551724137931034 0.479166666666667
0.818965517241379 0.510869565217391 0.622047244094488 0.384615384615385 0.619047619047619 0.387096774193548 0.675213675213675
1 0.98989898989899 0.965811965811966 0.979452054794521 0.992063492063492 1 1
0.86986301369863 0.414141414141414 0.681159420289855 0.484615384615385 0.706293706293706 0.453900709219858 0.612068965517241
0.883333333333333 0.656716417910448 0.669354838709677 0.491666666666667 0.71875 0.563636363636364 0.647058823529412
0.808333333333333 0.564516129032258 0.649122807017544 0.422413793103448 0.672131147540984 0.535714285714286 0.631578947368421
0.830357142857143 0.581395348837209 0.63953488372093 0.476744186046512 0.732558139534884 0.533980582524272 0.655172413793103
0.859649122807018 0.58 0.657894736842105 0.443181818181818 0.654545454545455 0.505154639175258 0.678899082568807
0.962264150943396 0.974789915966387 0.98876404494382 0.994117647058824 0.993865030674847 0.965714285714286 0.96195652173913
0.848684210526316 0.612903225806452 0.718954248366013 0.429487179487179 0.761904761904762 0.586666666666667 0.721804511278195
0.850649350649351 0.608974358974359 0.717105263157895 0.439490445859873 0.76984126984127 0.585034013605442 0.717557251908397
0.786885245901639 0.517985611510791 0.602836879432624 0.446969696969697 0.571428571428571 0.45 0.631205673758865
0.830769230769231 0.606060606060606 0.715384615384615 0.42603550295858 0.693877551020408 0.534883720930233 0.628378378378378
0.795620437956204 0.552 0.714285714285714 0.43558282208589 0.673913043478261 0.4921875 0.614906832298137
0.848920863309353 0.510989010989011 0.731707317073171 0.463576158940397 0.613793103448276 0.519230769230769 0.701612903225806
0.832 0.538961038961039 0.67910447761194 0.479452054794521 0.630434782608696 0.486301369863014 0.684210526315789
0.818965517241379 0.526315789473684 0.659574468085106 0.432624113475177 0.683333333333333 0.543478260869565 0.707964601769911
0.808823529411765 0.522058823529412 0.652482269503546 0.362068965517241 0.625954198473282 0.434782608695652 0.641975308641975
0.961832061068702 0.936842105263158 0.969924812030075 1 1 0.938461538461538 0.957627118644068
0.85981308411215 0.596774193548387 0.657894736842105 0.442307692307692 0.666666666666667 0.41304347826087 0.73
0.756410256410256 0.615384615384615 0.688679245283019 0.48 0.611111111111111 0.577464788732394 0.744186046511628
0.810526315789474 0.627906976744186 0.788461538461538 0.458715596330275 0.621951219512195 0.56198347107438 0.739583333333333
0.926829268292683 0.516666666666667 0.666666666666667 0.43298969072165 0.701298701298701 0.449438202247191 0.707317073170732
0.986842105263158 0.981132075471698 0.972222222222222 0.988636363636364 0.969230769230769 1 1
0.989010989010989 0.96551724137931 0.990654205607477 0.98989898989899 1 0.98936170212766 1
0.983333333333333 0.940298507462687 0.991666666666667 1 0.963963963963964 0.96078431372549 0.991379310344828
0.798387096774194 0.519480519480519 0.6953125 0.496688741721854 0.704225352112676 0.541095890410959 0.647798742138365
0.845528455284553 0.585227272727273 0.68141592920354 0.542635658914729 0.629310344827586 0.511450381679389 0.702290076335878
0.879518072289157 0.556053811659193 0.686046511627907 0.385869565217391 0.630872483221476 0.513333333333333 0.62987012987013
0.849206349206349 0.572289156626506 0.64957264957265 0.427586206896552 0.68 0.553030303030303 0.713178294573643
0.976470588235294 0.961538461538462 0.975609756097561 0.985915492957746 0.962732919254658 0.960674157303371 0.951515151515152
0.933333333333333 1 0.963302752293578 0.964601769911504 1 1 0.989247311827957
0.84297520661157 0.611940298507463 0.692307692307692 0.411764705882353 0.721153846153846 0.491666666666667 0.700854700854701
0.877862595419847 0.635220125786163 0.709219858156028 0.475862068965517 0.769230769230769 0.580645161290323 0.666666666666667
0.918918918918919 0.574074074074074 0.748251748251748 0.467289719626168 0.823943661971831 0.523809523809524 0.715384615384615
0.886524822695035 0.581699346405229 0.746153846153846 0.52755905511811 0.782945736434108 0.503597122302158 0.664179104477612
0.802919708029197 0.505263157894737 0.732824427480916 0.465909090909091 0.655737704918033 0.53125 0.58955223880597
0.947368421052632 1 0.972727272727273 0.951456310679612 0.990196078431373 0.972222222222222 0.982142857142857
0.876404494382023 0.647058823529412 0.747572815533981 0.41747572815534 0.736842105263158 0.557692307692308 0.617647058823529
0.982905982905983 0.961538461538462 0.972477064220184 0.979591836734694 1 0.982142857142857 0.982905982905983
0.941935483870968 0.958333333333333 0.980891719745223 0.993939393939394 0.974025974025974 0.964912280701754 0.97841726618705
0.870967741935484 0.618279569892473 0.720238095238095 0.434210526315789 0.72108843537415 0.446540880503145 0.646666666666667
0.875 0.72 0.74390243902439 0.451612903225806 0.681818181818182 0.597826086956522 0.666666666666667
0.948453608247423 1 0.981132075471698 0.953271028037383 0.979166666666667 0.980952380952381 0.972972972972973
0.942857142857143 0.985074626865672 0.966666666666667 0.968503937007874 0.966292134831461 0.989010989010989 0.989130434782609
0.955752212389381 0.967741935483871 0.992063492063492 0.946902654867257 1 0.981981981981982 0.992063492063492
0.957264957264957 0.984615384615385 0.992481203007519 0.974789915966387 0.984848484848485 0.973214285714286 1
0.928571428571429 0.655172413793103 0.748299319727891 0.52 0.71969696969697 0.563106796116505 0.73
0.832 0.695652173913043 0.708333333333333 0.392857142857143 0.776859504132231 0.562962962962963 0.694029850746269
0.965034965034965 0.992 0.945736434108527 0.952830188679245 0.97037037037037 0.973684210526316 0.993333333333333
0.940789473684211 0.69047619047619 0.789855072463768 0.551401869158878 0.775 0.542857142857143 0.697674418604651
0.936619718309859 0.983516483516483 0.973154362416107 0.987341772151899 0.986111111111111 0.985915492957746 1
0.936416184971098 0.988 0.987654320987654 0.982142857142857 0.982658959537572 1 0.983516483516483
0.956204379562044 0.961783439490446 0.992248062015504 0.993103448275862 0.976923076923077 0.97887323943662 0.9609375
0.8 0.5703125 0.691176470588235 0.462809917355372 0.641666666666667 0.457627118644068 0.619047619047619
0.843137254901961 0.675324675324675 0.684210526315789 0.446808510638298 0.746835443037975 0.525179856115108 0.630872483221476
0.842105263157895 0.531645569620253 0.651006711409396 0.481203007518797 0.702702702702703 0.564935064935065 0.655172413793103
0.918367346938776 0.584795321637427 0.669064748201439 0.475177304964539 0.731543624161074 0.569620253164557 0.664335664335664
0.916666666666667 0.613138686131387 0.62962962962963 0.469026548672566 0.645161290322581 0.593333333333333 0.643939393939394
0.935251798561151 0.64 0.659722222222222 0.495798319327731 0.682170542635659 0.594202898550725 0.682758620689655
0.82183908045977 0.598765432098765 0.679738562091503 0.427672955974843 0.676056338028169 0.503649635036496 0.641891891891892
0.935064935064935 1 0.9625 0.967532467532468 0.983193277310924 0.986111111111111 1
0.945945945945946 1 0.981132075471698 0.987096774193548 0.982456140350877 0.991525423728814 1
0.966666666666667 0.993055555555556 0.970802919708029 0.987261146496815 0.976744186046512 0.993288590604027 0.994318181818182
0.979166666666667 0.994845360824742 0.987096774193548 0.971751412429379 0.984848484848485 1 0.981012658227848
0.928571428571429 0.981481481481482 0.991596638655462 0.990654205607477 0.991452991452991 0.980952380952381 0.991228070175439
0.921985815602837 0.652777777777778 0.669642857142857 0.478571428571429 0.700729927007299 0.511627906976744 0.752212389380531
0.81203007518797 0.49438202247191 0.659090909090909 0.531468531468531 0.623188405797101 0.503759398496241 0.598130841121495
0.80952380952381 0.538461538461538 0.674418604651163 0.514084507042254 0.713286713286713 0.433962264150943 0.730434782608696
0.780141843971631 0.591397849462366 0.683333333333333 0.395161290322581 0.697478991596639 0.42 0.607692307692308
0.939024390243902 0.987341772151899 0.963235294117647 0.974025974025974 0.973509933774834 1 0.988304093567251
0.905405405405405 0.577142857142857 0.709090909090909 0.394736842105263 0.732824427480916 0.635658914728682 0.650684931506849
0.900662251655629 0.987577639751553 0.963768115942029 0.987654320987654 0.950704225352113 0.985074626865672 0.99290780141844
0.852941176470588 0.5 0.673267326732673 0.485436893203884 0.746835443037975 0.57843137254902 0.591397849462366
0.942196531791908 0.97972972972973 0.954545454545455 1 0.984126984126984 0.987096774193548 0.966887417218543
0.833333333333333 0.64 0.6875 0.425531914893617 0.75 0.507936507936508 0.62043795620438
0.869565217391304 0.64 0.692857142857143 0.432624113475177 0.780701754385965 0.534883720930233 0.634328358208955
0.854368932038835 0.576271186440678 0.657657657657658 0.425 0.714285714285714 0.508620689655172 0.652892561983471
0.865384615384615 0.536082474226804 0.639344262295082 0.383333333333333 0.728682170542636 0.535433070866142 0.594827586206897
0.782258064516129 0.588709677419355 0.699248120300752 0.438461538461538 0.658823529411765 0.452173913043478 0.6
0.811881188118812 0.55 0.75 0.386792452830189 0.724137931034483 0.543478260869565 0.652542372881356
0.796116504854369 0.542372881355932 0.763157894736842 0.358490566037736 0.693181818181818 0.489583333333333 0.634146341463415
0.857142857142857 0.617283950617284 0.649484536082474 0.471074380165289 0.707865168539326 0.538461538461538 0.71304347826087
0.935483870967742 0.980769230769231 1 0.974358974358974 0.963414634146341 0.977777777777778 1
0.880434782608696 0.510204081632653 0.693069306930693 0.455555555555556 0.709677419354839 0.475609756097561 0.682692307692308
0.943820224719101 1 0.972727272727273 0.968421052631579 0.974358974358974 1 0.98
0.941860465116279 1 0.974576271186441 0.968421052631579 0.972972972972973 1 1
0.939130434782609 1 0.939597315436242 0.993055555555556 0.953947368421053 0.977941176470588 0.991869918699187
0.818897637795276 0.558333333333333 0.706666666666667 0.389380530973451 0.708609271523179 0.452554744525547 0.673267326732673
0.954198473282443 1 0.952702702702703 0.991803278688525 0.952054794520548 0.979591836734694 0.990740740740741
0.969230769230769 1 0.976190476190476 0.984375 0.954545454545455 1 0.989795918367347
0.883495145631068 0.647058823529412 0.653846153846154 0.40650406504065 0.784615384615385 0.544554455445545 0.616161616161616
0.844262295081967 0.515625 0.727272727272727 0.457943925233645 0.725925925925926 0.566666666666667 0.632075471698113
0.92741935483871 0.53125 0.759259259259259 0.422018348623853 0.708029197080292 0.535714285714286 0.682242990654206
0.941860465116279 0.627450980392157 0.775 0.375 0.725274725274725 0.528735632183908 0.654320987654321
0.848214285714286 0.588235294117647 0.651376146788991 0.466666666666667 0.724489795918367 0.504587155963303 0.666666666666667
0.795918367346939 0.584905660377358 0.701754385964912 0.424242424242424 0.75 0.5 0.707070707070707
0.91869918699187 0.55 0.669811320754717 0.468085106382979 0.814159292035398 0.621359223300971 0.625
0.815384615384615 0.615384615384615 0.742268041237113 0.426829268292683 0.746268656716418 0.547169811320755 0.747747747747748
0.933333333333333 0.639344262295082 0.690721649484536 0.427083333333333 0.760330578512397 0.619047619047619 0.738317757009346
0.933333333333333 0.639344262295082 0.683673469387755 0.442105263157895 0.741666666666667 0.619047619047619 0.735849056603774
0.95049504950495 0.976190476190476 0.983606557377049 0.988505747126437 0.991228070175439 0.990654205607477 0.990654205607477
0.95049504950495 0.976190476190476 0.984 0.988636363636364 0.991071428571429 0.990384615384615 1
0.954022988505747 0.948717948717949 0.96969696969697 1 1 0.952941176470588 0.936708860759494
0.842105263157895 0.564516129032258 0.69811320754717 0.5 0.758620689655172 0.56140350877193 0.675925925925926
0.972789115646258 1 0.970238095238095 0.990384615384615 0.972222222222222 0.979020979020979 0.983471074380165
0.885714285714286 0.637254901960784 0.736526946107784 0.485436893203884 0.744360902255639 0.471428571428571 0.596638655462185
0.896296296296296 0.631067961165049 0.739393939393939 0.475728155339806 0.742424242424242 0.47887323943662 0.593220338983051
0.913385826771654 0.988505747126437 0.976377952755906 0.961538461538462 0.990384615384615 1 1
0.827338129496403 0.597826086956522 0.733333333333333 0.457446808510638 0.773109243697479 0.555555555555556 0.712765957446808
0.968503937007874 0.956521739130435 0.953125 0.976377952755906 0.982905982905983 0.973913043478261 1
0.920289855072464 0.981927710843373 0.981707317073171 0.993788819875776 0.977777777777778 0.991869918699187 1
0.955752212389381 0.976744186046512 0.98159509202454 0.976878612716763 0.9765625 0.992753623188406 1
0.962264150943396 0.981132075471698 0.973684210526316 0.973856209150327 0.985714285714286 0.985401459854015 0.992125984251969
0.94017094017094 0.985507246376812 0.972602739726027 0.973333333333333 0.991803278688525 0.99290780141844 0.991596638655462
0.962025316455696 1 0.986111111111111 0.956521739130435 0.959459459459459 0.992753623188406 0.991803278688525
0.943089430894309 0.969072164948454 0.951923076923077 0.972222222222222 0.964285714285714 0.990196078431373 1
0.899280575539568 0.623529411764706 0.706896551724138 0.533333333333333 0.674418604651163 0.597014925373134 0.694656488549618
0.769230769230769 0.563380281690141 0.705882352941177 0.391666666666667 0.630769230769231 0.44 0.677966101694915
0.89 0.98989898989899 0.954128440366973 0.937007874015748 0.943548387096774 0.956140350877193 0.959183673469388
0.882352941176471 0.989130434782609 0.981481481481482 0.929203539823009 0.942148760330578 0.967741935483871 0.942857142857143
0.933333333333333 0.951456310679612 0.944827586206897 0.98989898989899 0.93984962406015 0.959459459459459 0.961538461538462
0.957983193277311 0.966666666666667 0.973333333333333 0.989795918367347 0.975806451612903 0.97887323943662 0.982608695652174
0.936 0.625 0.66875 0.527950310559006 0.776978417266187 0.515873015873016 0.740740740740741
0.956204379562044 0.99 0.991379310344828 0.987012987012987 0.983739837398374 0.992592592592593 0.985294117647059
0.936619718309859 0.907216494845361 0.984126984126984 0.955414012738854 0.946969696969697 0.96875 0.965753424657534
0.946969696969697 0.931818181818182 0.938461538461538 0.953488372093023 0.931297709923664 0.991304347826087 0.972222222222222
0.91304347826087 0.948979591836735 0.945945945945946 0.945736434108527 0.948717948717949 0.96551724137931 0.974137931034483
0.973684210526316 0.942528735632184 0.962962962962963 0.958677685950413 0.927083333333333 0.941747572815534 0.957627118644068
0.8 0.55 0.723809523809524 0.438095238095238 0.709302325581395 0.505376344086022 0.596774193548387
0.921875 1 0.984496124031008 0.981651376146789 0.973913043478261 0.992248062015504 0.991666666666667
0.844961240310077 0.926829268292683 0.984496124031008 0.958904109589041 0.971631205673759 0.952095808383233 0.949640287769784
0.865248226950355 0.917293233082707 0.977611940298508 0.967320261437909 0.971428571428571 0.951219512195122 0.957446808510638
0.977443609022556 0.959183673469388 0.982300884955752 0.992 0.968253968253968 0.983606557377049 0.956834532374101
0.915584415584416 0.982857142857143 0.961538461538462 0.986206896551724 0.979452054794521 0.982035928143713 0.974025974025974
0.878205128205128 0.582089552238806 0.70253164556962 0.437037037037037 0.743801652892562 0.542483660130719 0.661290322580645
0.896551724137931 0.936170212765957 0.864406779661017 0.939130434782609 0.882352941176471 0.945205479452055 0.91304347826087
0.944444444444444 1 0.970149253731343 0.973214285714286 0.963768115942029 0.963768115942029 0.992307692307692
0.900552486187845 0.629213483146067 0.708333333333333 0.502645502645503 0.715025906735751 0.580838323353293 0.648936170212766
0.938650306748466 0.971910112359551 0.987878787878788 1 0.96195652173913 0.965116279069767 0.980645161290323
0.942028985507246 0.988636363636364 0.98780487804878 0.929411764705882 0.961904761904762 1 1
0.965034965034965 0.99 0.967032967032967 0.955555555555556 0.967213114754098 1 1
0.881889763779528 0.55 0.717948717948718 0.446043165467626 0.801652892561983 0.523364485981308 0.715447154471545
0.984 1 0.983193277310924 0.97972972972973 0.982905982905983 0.991150442477876 0.991666666666667
0.966386554621849 0.975 0.981818181818182 0.952755905511811 0.97037037037037 0.991525423728814 0.992125984251969
0.967479674796748 0.974683544303797 0.982142857142857 0.9609375 0.97037037037037 0.991596638655462 0.992125984251969
0.847222222222222 0.653225806451613 0.739130434782609 0.452991452991453 0.725146198830409 0.555555555555556 0.712418300653595
0.941176470588235 0.970588235294118 0.982857142857143 1 0.971428571428571 1 0.993630573248408
0.936708860759494 0.972222222222222 0.988636363636364 0.994318181818182 0.967914438502674 1 0.993939393939394
0.945205479452055 1 0.991525423728814 0.984962406015038 0.991803278688525 0.984375 0.986301369863014
0.948529411764706 0.992 0.991525423728814 0.984375 0.991666666666667 0.976190476190476 0.979865771812081
0.96 0.962962962962963 0.990990990990991 0.972602739726027 0.990990990990991 0.992753623188406 0.986206896551724
0.963636363636364 0.986577181208054 0.991379310344828 0.976190476190476 0.992063492063492 0.993827160493827 0.993333333333333
0.96 0.994219653179191 0.982954545454545 0.985915492957746 0.964539007092199 0.986206896551724 0.988095238095238
0.964705882352941 0.963636363636364 0.954128440366973 0.964028776978417 0.944 1 0.983870967741935
0.953488372093023 0.953333333333333 0.979865771812081 0.964539007092199 0.977777777777778 1 1
0.788617886178862 0.531645569620253 0.710344827586207 0.439024390243902 0.653061224489796 0.448275862068966 0.666666666666667
0.888 0.556818181818182 0.766666666666667 0.522522522522523 0.782178217821782 0.508474576271186 0.702479338842975
0.948051948051948 0.991525423728814 0.976047904191617 0.963157894736842 0.985611510791367 0.992248062015504 0.993710691823899
0.909090909090909 0.994791666666667 0.979452054794521 0.9765625 0.93984962406015 0.971014492753623 0.993333333333333
0.931034482758621 0.52027027027027 0.711864406779661 0.455223880597015 0.705035971223022 0.554744525547445 0.730061349693252
0.81294964028777 0.481818181818182 0.710526315789474 0.5 0.76271186440678 0.455284552845528 0.614173228346457
0.908450704225352 0.970873786407767 0.983606557377049 0.96875 0.984615384615385 0.970149253731343 1
0.839080459770115 0.573275862068966 0.709677419354839 0.4375 0.645569620253165 0.426573426573427 0.61849710982659
0.954022988505747 0.985074626865672 1 0.984848484848485 0.963855421686747 1 0.985915492957746
0.766666666666667 0.506849315068493 0.641509433962264 0.398305084745763 0.717741935483871 0.436974789915966 0.711711711711712
0.940789473684211 0.991452991452991 0.992537313432836 0.978102189781022 0.985185185185185 0.993710691823899 1
0.971014492753623 0.979166666666667 1 0.98019801980198 0.966101694915254 0.972602739726027 1
0.818181818181818 0.63265306122449 0.583333333333333 0.4375 0.62 0.506666666666667 0.644736842105263
0.948275862068966 0.933333333333333 0.96551724137931 1 0.947368421052632 1 0.987654320987654
0.958333333333333 0.974358974358974 0.975308641975309 0.990196078431373 0.9375 0.96875 1
0.952380952380952 0.916666666666667 1 1 0.98 1 0.96551724137931
0.901639344262295 0.95 0.984375 0.953488372093023 0.984615384615385 0.974025974025974 1
0.973684210526316 1 0.928571428571429 0.962264150943396 0.972222222222222 0.977272727272727 0.974683544303797
0.954545454545455 0.942028985507246 0.990476190476191 1 0.97752808988764 1 0.947916666666667
0.948717948717949 1 1 0.985294117647059 0.979381443298969 1 0.972477064220184
0.810344827586207 0.585714285714286 0.710743801652893 0.453703703703704 0.648148148148148 0.539823008849557 0.633093525179856
0.916666666666667 0.984496124031008 0.985611510791367 0.981981981981982 0.990476190476191 1 0.986394557823129
0.953757225433526 0.9625 0.960227272727273 0.975308641975309 0.976190476190476 0.963503649635037 1
0.857142857142857 0.675 0.633928571428571 0.55421686746988 0.704761904761905 0.595959595959596 0.6
0.942528735632184 0.549295774647887 0.638095238095238 0.461538461538462 0.666666666666667 0.633928571428571 0.610619469026549
0.881818181818182 0.603448275862069 0.676190476190476 0.464285714285714 0.717948717948718 0.563829787234043 0.657142857142857
0.918518518518519 1 0.966216216216216 0.990384615384615 0.977272727272727 1 0.982608695652174
0.947916666666667 0.987012987012987 0.990990990990991 0.990740740740741 0.985185185185185 0.980582524271845 0.991935483870968
0.969924812030075 0.942028985507246 0.984848484848485 0.953846153846154 0.956521739130435 0.9921875 0.985915492957746
0.992248062015504 0.949640287769784 0.985815602836879 0.958041958041958 0.946153846153846 0.978723404255319 0.979020979020979
0.95 0.970149253731343 0.990476190476191 0.957983193277311 0.982905982905983 0.983606557377049 0.992063492063492
0.962264150943396 0.982142857142857 0.990384615384615 0.991071428571429 0.943820224719101 0.931372549019608 0.968992248062015
0.876923076923077 0.683760683760684 0.76978417266187 0.666666666666667 0.777777777777778 0.743119266055046 0.81203007518797
0.804054054054054 0.669565217391304 0.8 0.694656488549618 0.770833333333333 0.664233576642336 0.72
0.938271604938272 0.697674418604651 0.861702127659574 0.67 0.811764705882353 0.679012345679012 0.778947368421053
0.841463414634146 0.6 0.831578947368421 0.65 0.761904761904762 0.654320987654321 0.75531914893617
0.974358974358974 0.981132075471698 0.990384615384615 1 0.987012987012987 0.976190476190476 0.988636363636364
0.887323943661972 0.644067796610169 0.80188679245283 0.617647058823529 0.765432098765432 0.692307692307692 0.793103448275862
0.984126984126984 0.951219512195122 0.973333333333333 1 1 0.986111111111111 0.959459459459459
0.903703703703704 0.72 0.79020979020979 0.696551724137931 0.811023622047244 0.70625 0.816
0.915032679738562 0.666666666666667 0.753012048192771 0.578231292517007 0.822784810126582 0.691780821917808 0.8125
0.984496124031008 0.958041958041958 1 1 0.97887323943662 0.944444444444444 0.979452054794521
0.988372093023256 0.975 0.969387755102041 0.980769230769231 0.964285714285714 0.991379310344828 1
0.966666666666667 0.974576271186441 0.971428571428571 0.991379310344828 0.990825688073395 0.978102189781022 0.992537313432836
0.75 0.876288659793814 0.915254237288136 0.93859649122807 0.930555555555556 0.917293233082707 0.901408450704225
0.944 0.617647058823529 0.847682119205298 0.676470588235294 0.790909090909091 0.632352941176471 0.740458015267176
0.959349593495935 1 0.986301369863014 0.978260869565217 0.982456140350877 0.986206896551724 1
0.805194805194805 0.675 0.798449612403101 0.7734375 0.826086956521739 0.595238095238095 0.735714285714286
0.89041095890411 0.790322580645161 0.815217391304348 0.644444444444444 0.870967741935484 0.727272727272727 0.756756756756757
0.891891891891892 0.828125 0.870967741935484 0.674157303370786 0.881720430107527 0.727272727272727 0.783783783783784
0.7875 0.651162790697674 0.791208791208791 0.65 0.738636363636364 0.642857142857143 0.767441860465116
0.905405405405405 0.717948717948718 0.848837209302326 0.571428571428571 0.775 0.621951219512195 0.814814814814815
0.988636363636364 1 0.978021978021978 0.953125 1 0.984126984126984 0.975903614457831
0.876404494382023 0.676470588235294 0.74468085106383 0.671232876712329 0.797752808988764 0.636363636363636 0.7625
0.865079365079365 0.878378378378378 0.865384615384615 0.688073394495413 0.794642857142857 0.672897196261682 0.847619047619048
0.964912280701754 0.990566037735849 0.982142857142857 0.978260869565217 0.981981981981982 1 0.974358974358974
0.96969696969697 0.991304347826087 0.971153846153846 0.982456140350877 0.974576271186441 0.969072164948454 1
0.906779661016949 0.673469387755102 0.759259259259259 0.571428571428571 0.721649484536082 0.559322033898305 0.637931034482759
0.904109589041096 0.636363636363636 0.858407079646018 0.610526315789474 0.816901408450704 0.630434782608696 0.747572815533981
0.834710743801653 0.745614035087719 0.833333333333333 0.682170542635659 0.728 0.715596330275229 0.773972602739726
0.979020979020979 0.98780487804878 0.972789115646258 0.964285714285714 0.951048951048951 0.977099236641221 0.987096774193548
0.892086330935252 0.736363636363636 0.82962962962963 0.696 0.795454545454545 0.680327868852459 0.858490566037736
0.882352941176471 0.742138364779874 0.745762711864407 0.713178294573643 0.763888888888889 0.738461538461539 0.806201550387597
0.965277777777778 0.994152046783626 0.978723404255319 0.970059880239521 0.975903614457831 0.945578231292517 0.993055555555556
0.830769230769231 0.829365079365079 0.791666666666667 0.625766871165644 0.767045454545455 0.696629213483146 0.767195767195767
0.95679012345679 0.967320261437909 0.985185185185185 0.958904109589041 0.964028776978417 0.95 0.992537313432836
0.865248226950355 0.801136363636364 0.801418439716312 0.629370629370629 0.753246753246753 0.639097744360902 0.852348993288591
0.768707482993197 0.752066115702479 0.597014925373134 0.466165413533835 0.619047619047619 0.5 0.712962962962963
0.7125 0.848648648648649 0.770186335403727 0.888888888888889 0.931034482758621 0.973684210526316 0.773049645390071
0.920353982300885 1 0.977272727272727 0.97979797979798 0.938775510204082 0.947368421052632 1
0.905660377358491 0.78125 0.821917808219178 0.75 0.78 0.681818181818182 0.83206106870229
0.838983050847458 0.808219178082192 0.855932203389831 0.745454545454545 0.745098039215686 0.725190839694656 0.822429906542056
0.838983050847458 0.816901408450704 0.855932203389831 0.740740740740741 0.759615384615385 0.720930232558139 0.805555555555556
0.973214285714286 1 0.972222222222222 0.956521739130435 0.973451327433628 0.95 0.989583333333333
0.865771812080537 0.790816326530612 0.819209039548023 0.711764705882353 0.819672131147541 0.631578947368421 0.822368421052632
0.863945578231292 0.77037037037037 0.860335195530726 0.721804511278195 0.827067669172932 0.661971830985915 0.76027397260274
0.916666666666667 0.806818181818182 0.855932203389831 0.678260869565217 0.782178217821782 0.6 0.851485148514851
0.896825396825397 0.788235294117647 0.818965517241379 0.681481481481481 0.703703703703704 0.580882352941177 0.816
0.904761904761905 0.767441860465116 0.814102564102564 0.780612244897959 0.775147928994083 0.704697986577181 0.789772727272727
0.911764705882353 0.764705882352941 0.848484848484849 0.715789473684211 0.790909090909091 0.74 0.76
0.890909090909091 0.773584905660377 0.874125874125874 0.683453237410072 0.801418439716312 0.654411764705882 0.797385620915033
0.868421052631579 0.736526946107784 0.841176470588235 0.755244755244755 0.805555555555556 0.586206896551724 0.798657718120805
0.880503144654088 0.759259259259259 0.8375 0.755102040816326 0.802919708029197 0.598591549295775 0.809859154929577
0.870967741935484 0.741666666666667 0.848 0.669491525423729 0.786259541984733 0.641791044776119 0.808333333333333
0.862068965517241 0.789915966386555 0.801369863013699 0.711538461538462 0.805369127516778 0.696774193548387 0.820689655172414
0.840277777777778 0.788617886178862 0.821138211382114 0.675 0.784722222222222 0.664285714285714 0.763157894736842
0.91304347826087 0.78343949044586 0.828767123287671 0.654135338345865 0.777777777777778 0.656050955414013 0.72
0.954128440366973 0.987654320987654 0.987654320987654 0.991379310344828 0.97979797979798 0.959183673469388 0.977777777777778
0.875968992248062 0.747663551401869 0.884892086330935 0.678832116788321 0.81294964028777 0.681159420289855 0.817460317460317
0.832116788321168 0.748633879781421 0.834355828220859 0.679012345679012 0.780645161290323 0.673611111111111 0.756410256410256
0.88135593220339 0.725 0.842696629213483 0.666666666666667 0.830188679245283 0.657142857142857 0.767676767676768
0.880952380952381 0.870967741935484 0.9 0.755555555555556 0.80952380952381 0.725 0.839506172839506
0.842105263157895 0.857142857142857 0.876190476190476 0.737373737373737 0.71830985915493 0.725274725274725 0.81981981981982
0.8671875 0.785714285714286 0.878048780487805 0.65625 0.834586466165414 0.712962962962963 0.852459016393443
0.961290322580645 0.986666666666667 0.9875 0.964497041420118 0.949685534591195 0.973333333333333 0.988165680473373
0.876288659793814 0.722222222222222 0.826771653543307 0.732673267326733 0.773809523809524 0.613861386138614 0.798245614035088
0.9 0.839285714285714 0.825242718446602 0.754237288135593 0.704081632653061 0.694444444444444 0.860215053763441
0.892405063291139 0.782608695652174 0.798449612403101 0.714285714285714 0.802631578947368 0.617886178861789 0.76027397260274
0.904 0.793103448275862 0.863247863247863 0.655172413793103 0.815126050420168 0.685483870967742 0.741935483870968
0.91 0.6 0.838235294117647 0.628865979381443 0.8 0.617391304347826 0.758620689655172
0.904109589041096 0.871794871794872 0.903614457831325 0.869565217391304 0.929577464788732 0.91566265060241 0.873239436619718
0.958904109589041 1 0.96969696969697 0.95959595959596 0.988636363636364 0.988095238095238 0.988095238095238
0.890243902439024 0.764705882352941 0.813953488372093 0.752941176470588 0.805970149253731 0.763157894736842 0.773333333333333
0.871428571428571 0.721311475409836 0.860759493670886 0.647887323943662 0.805555555555556 0.582417582417582 0.736111111111111
0.871428571428571 0.725490196078431 0.804347826086957 0.662162162162162 0.833333333333333 0.597560975609756 0.8
0.915492957746479 0.692307692307692 0.835051546391753 0.676923076923077 0.851351351351351 0.592592592592593 0.768292682926829
0.89041095890411 0.759259259259259 0.804597701149425 0.705882352941177 0.818181818181818 0.534883720930233 0.813953488372093
1 1 0.97752808988764 0.974683544303797 0.984848484848485 0.988235294117647 1
0.841121495327103 0.692307692307692 0.84 0.739130434782609 0.81651376146789 0.727272727272727 0.849462365591398
0.857142857142857 0.72289156626506 0.867924528301887 0.770642201834862 0.851485148514851 0.743119266055046 0.813084112149533
0.853846153846154 0.716049382716049 0.866666666666667 0.774509803921569 0.852941176470588 0.730769230769231 0.820754716981132
0.892215568862275 0.726744186046512 0.833333333333333 0.694805194805195 0.753164556962025 0.659259259259259 0.809160305343511
0.961325966850829 0.967914438502674 0.969512195121951 0.980519480519481 0.98159509202454 0.941176470588235 1
0.910344827586207 0.724137931034483 0.812080536912752 0.697986577181208 0.816793893129771 0.635135135135135 0.819354838709677
0.900662251655629 0.710743801652893 0.787096774193548 0.657342657342657 0.773049645390071 0.639455782312925 0.80794701986755
0.889655172413793 0.786324786324786 0.871559633027523 0.754237288135593 0.772727272727273 0.573913043478261 0.809160305343511
0.829113924050633 0.747967479674797 0.829787234042553 0.615789473684211 0.755813953488372 0.651006711409396 0.785714285714286
0.939393939393939 0.826086956521739 0.845070422535211 0.793103448275862 0.789855072463768 0.633587786259542 0.737704918032787
0.926829268292683 0.778523489932886 0.806201550387597 0.591666666666667 0.740458015267176 0.609375 0.757352941176471
0.936507936507937 0.983870967741935 0.961240310077519 0.942528735632184 0.962264150943396 0.94047619047619 1
0.896 0.8125 0.833333333333333 0.655555555555556 0.754385964912281 0.650485436893204 0.778846153846154
0.839622641509434 0.828947368421053 0.822033898305085 0.634782608695652 0.8 0.601851851851852 0.834862385321101
0.883435582822086 0.790123456790123 0.835616438356164 0.708571428571429 0.780821917808219 0.710743801652893 0.83206106870229
0.934782608695652 0.809917355371901 0.783333333333333 0.68695652173913 0.8 0.671328671328671 0.781512605042017
0.912 0.810606060606061 0.859649122807018 0.666666666666667 0.801652892561983 0.696969696969697 0.751937984496124
0.887323943661972 0.804347826086957 0.838709677419355 0.669064748201439 0.78 0.689655172413793 0.844444444444444
0.879310344827586 0.782312925170068 0.933884297520661 0.625 0.835820895522388 0.6796875 0.826086956521739
0.875 0.723404255319149 0.748091603053435 0.709401709401709 0.778947368421053 0.655737704918033 0.848214285714286
0.976923076923077 1 0.985815602836879 0.991666666666667 0.982300884955752 0.991935483870968 1
0.897260273972603 0.813953488372093 0.791666666666667 0.7 0.785714285714286 0.669354838709677 0.726495726495726
0.933333333333333 0.981481481481482 0.942857142857143 0.978260869565217 0.96969696969697 0.960264900662252 0.992805755395683
0.841584158415842 0.811320754716981 0.831775700934579 0.635416666666667 0.802083333333333 0.704545454545455 0.838709677419355
0.834862385321101 0.790322580645161 0.835051546391753 0.670212765957447 0.811111111111111 0.711111111111111 0.840425531914894
0.912280701754386 0.65625 0.9 0.735294117647059 0.769230769230769 0.615384615384615 0.746835443037975
0.947368421052632 1 0.976470588235294 1 0.988636363636364 0.971428571428571 0.988888888888889
0.0945945945945946 0.166666666666667 0.138888888888889 0.074468085106383 0.10989010989011 0.0752688172043011 0.117647058823529
0.950617283950617 0.962264150943396 0.93 0.980769230769231 0.95 0.969072164948454 0.986842105263158
0.880952380952381 0.733333333333333 0.858585858585859 0.660377358490566 0.836734693877551 0.636363636363636 0.75
0.948717948717949 0.966101694915254 0.967032967032967 0.951807228915663 0.975308641975309 0.949367088607595 0.990476190476191
0.930434782608696 0.974358974358974 0.972477064220184 0.982142857142857 0.981132075471698 0.969230769230769 0.961538461538462
0.925619834710744 0.973684210526316 0.973913043478261 0.968 1 0.982905982905983 0.975206611570248
0.948717948717949 0.920634920634921 0.96551724137931 0.977777777777778 0.966101694915254 0.991735537190083 0.951456310679612
0.887755102040816 0.786885245901639 0.837606837606838 0.653061224489796 0.80952380952381 0.658730158730159 0.801652892561983
0.951612903225806 0.9375 0.945205479452055 0.971830985915493 1 0.952380952380952 0.986301369863014
0.718446601941748 0.728571428571429 0.854368932038835 0.690265486725664 0.815789473684211 0.616822429906542 0.688172043010753
0.80952380952381 0.720496894409938 0.872340425531915 0.652173913043478 0.814432989690722 0.56140350877193 0.676190476190476
0.875675675675676 0.794258373205742 0.867469879518072 0.686746987951807 0.782608695652174 0.655629139072848 0.775862068965517
0.917525773195876 0.949152542372881 0.954285714285714 0.944444444444444 0.974842767295597 0.993421052631579 0.959731543624161
0.802816901408451 0.712574850299401 0.804597701149425 0.671140939597315 0.716763005780347 0.636363636363636 0.720588235294118
0.768211920529801 0.719101123595506 0.790419161676647 0.642857142857143 0.73780487804878 0.616438356164384 0.721854304635762
0.76271186440678 0.727272727272727 0.790055248618785 0.650793650793651 0.728643216080402 0.631868131868132 0.770700636942675
0.921739130434783 0.955882352941177 0.966942148760331 1 0.984496124031008 0.964285714285714 0.971153846153846
0.8125 0.647058823529412 0.872727272727273 0.602272727272727 0.728971962616822 0.740740740740741 0.8
0.917910447761194 0.972222222222222 0.953846153846154 0.975806451612903 0.960629921259842 0.991228070175439 1
0.987261146496815 0.954128440366973 0.970149253731343 0.992125984251969 0.976 0.957983193277311 0.984496124031008
0.96 0.97972972972973 0.885496183206107 0.956834532374101 0.960629921259842 0.969924812030075 0.992805755395683
0.868131868131868 0.772277227722772 0.81651376146789 0.635514018691589 0.730769230769231 0.619047619047619 0.752577319587629
0.936619718309859 0.943037974683544 0.926174496644295 0.991803278688525 0.978260869565217 0.971631205673759 0.984251968503937
0.909722222222222 0.951807228915663 0.95 0.960526315789474 0.972972972972973 0.979591836734694 0.976190476190476
0.908333333333333 0.952380952380952 0.932038834951456 0.975206611570248 0.982758620689655 0.99009900990099 1
0.92485549132948 0.968911917098446 0.936170212765957 0.9625 0.966442953020134 0.986486486486487 0.966666666666667
0.9 0.938053097345133 0.959537572254335 0.972222222222222 0.961748633879781 0.966850828729282 0.973154362416107
0.940860215053763 0.950738916256158 0.935135135135135 0.976608187134503 0.952380952380952 0.962025316455696 0.99375
0.948275862068966 0.97787610619469 0.935323383084577 0.994285714285714 0.96195652173913 0.962962962962963 0.978142076502732
0.868965517241379 0.806818181818182 0.898550724637681 0.674698795180723 0.797385620915033 0.714285714285714 0.850393700787402
0.895522388059702 0.909677419354839 0.904347826086957 0.928571428571429 0.917293233082707 0.945945945945946 0.862385321100917
0.977611940298508 0.940740740740741 0.967213114754098 0.978723404255319 0.954887218045113 0.96 0.981651376146789
0.772058823529412 0.670731707317073 0.778523489932886 0.634328358208955 0.731543624161074 0.680555555555556 0.777027027027027
0.933333333333333 0.960674157303371 0.951724137931034 0.986301369863014 0.95679012345679 0.96969696969697 0.965753424657534
0.880597014925373 0.867469879518072 0.918032786885246 0.875 0.824074074074074 0.801980198019802 0.881889763779528
0.976377952755906 0.980582524271845 0.96969696969697 1 0.944055944055944 0.975609756097561 0.992957746478873
0.949579831932773 0.96 0.9609375 1 0.977941176470588 0.985915492957746 0.986394557823129
0.955696202531646 0.962406015037594 0.975 0.985714285714286 0.956521739130435 0.97037037037037 0.965277777777778
0.95679012345679 0.963768115942029 0.974358974358974 0.977443609022556 0.949685534591195 0.966386554621849 0.972789115646258
0.923611111111111 0.986928104575163 0.963636363636364 0.984848484848485 0.984732824427481 0.96969696969697 0.980891719745223
0.856115107913669 0.721973094170404 0.835526315789474 0.713178294573643 0.697841726618705 0.549295774647887 0.758823529411765
0.87248322147651 0.82122905027933 0.885135135135135 0.692307692307692 0.796992481203007 0.691275167785235 0.765957446808511
0.932926829268293 0.972677595628415 0.976377952755906 0.961783439490446 0.991869918699187 0.968 0.987577639751553
0.904761904761905 0.674846625766871 0.828025477707006 0.658227848101266 0.70253164556962 0.6 0.753246753246753
0.769736842105263 0.735849056603774 0.767241379310345 0.682119205298013 0.713178294573643 0.593220338983051 0.762962962962963
0.927152317880795 0.951111111111111 0.967532467532468 0.984496124031008 0.977272727272727 0.966887417218543 0.977777777777778
0.782945736434108 0.736111111111111 0.785714285714286 0.728260869565217 0.754385964912281 0.49 0.74468085106383
0.803571428571429 0.759259259259259 0.746666666666667 0.681528662420382 0.744827586206897 0.578231292517007 0.726618705035971
0.942675159235669 0.969230769230769 0.959183673469388 1 0.980132450331126 0.961538461538462 0.993670886075949
0.832214765100671 0.801801801801802 0.791139240506329 0.628272251308901 0.720238095238095 0.681818181818182 0.735099337748344
0.923611111111111 0.946078431372549 0.944099378881988 0.971910112359551 0.973684210526316 0.95 0.965909090909091
0.888888888888889 0.80327868852459 0.91156462585034 0.741258741258741 0.788461538461538 0.699248120300752 0.826086956521739
0.864 0.735483870967742 0.784172661870504 0.612403100775194 0.701986754966887 0.645161290322581 0.700787401574803
0.841176470588235 0.925311203319502 0.94478527607362 0.975155279503106 0.9625 0.978835978835979 0.968553459119497
0.834645669291339 0.945454545454545 0.92156862745098 0.943089430894309 0.967213114754098 0.925373134328358 0.907563025210084
0.923076923076923 0.770949720670391 0.870967741935484 0.635220125786163 0.783950617283951 0.659090909090909 0.706666666666667
0.698630136986301 0.732876712328767 0.676691729323308 0.641221374045801 0.698630136986301 0.556390977443609 0.67910447761194
0.903614457831325 0.830188679245283 0.865853658536585 0.714285714285714 0.825 0.554347826086957 0.766666666666667
0.928 0.813725490196078 0.825396825396825 0.699186991869919 0.810810810810811 0.752 0.851851851851852
0.841269841269841 0.693877551020408 0.756410256410256 0.622641509433962 0.764044943820225 0.64 0.75531914893617
0.904761904761905 0.978021978021978 0.970873786407767 0.986013986013986 0.973451327433628 0.983193277310924 0.971428571428571
0.858333333333333 0.678832116788321 0.842105263157895 0.67741935483871 0.616822429906542 0.641791044776119 0.773109243697479
0.790697674418605 0.758241758241758 0.779816513761468 0.630630630630631 0.670212765957447 0.699115044247788 0.728155339805825
0.734042553191489 0.784313725490196 0.717741935483871 0.692307692307692 0.752577319587629 0.610526315789474 0.74
0.737704918032787 0.715909090909091 0.766129032258065 0.645454545454546 0.674418604651163 0.666666666666667 0.727272727272727
0.862068965517241 0.755555555555556 0.798319327731092 0.721739130434783 0.791666666666667 0.754716981132076 0.752212389380531
0.888888888888889 0.873684210526316 0.859154929577465 0.742647058823529 0.775 0.675925925925926 0.864077669902913
0.73943661971831 0.758333333333333 0.856115107913669 0.683823529411765 0.73134328358209 0.595588235294118 0.741666666666667
0.960526315789474 0.94375 0.943089430894309 0.976744186046512 0.977611940298508 0.968152866242038 0.959016393442623
0.848920863309353 0.782051282051282 0.837606837606838 0.602941176470588 0.7578125 0.632258064516129 0.774193548387097
