1.833187881840612349e-02 5.771917506214928328e-02 2.387644828101399830e-02 1.275303022043612067e-01 0.000000000000000000e+00 2.440467033532849050e-02 1.202649917087451614e-01 3.668367797542172043e-02 1.951899603262693267e-02 2.017435757509384864e-01
7.709138664379643346e-01 8.286874295982236127e-01 6.667058150453375465e-01 7.953494774393352618e-01 7.853067385956357116e-01 7.152643813071981604e-01 5.279854785716978638e-01 4.494629879956419383e-01 6.061623159731347465e-01 5.761232415524935035e-01
9.796463746823160790e-01 9.962916650138005092e-01 9.810904774597762890e-01 1.000000000000000000e+00 1.000000000000000000e+00 9.954112597604545254e-01 1.000000000000000000e+00 9.939768426662374257e-01 9.652620963382851915e-01 1.000000000000000000e+00
2.335709292476831345e-02 4.441042535368114330e-02 0.000000000000000000e+00 8.970588518815963974e-02 1.109188917110007049e-02 4.066531256485078627e-02 1.169669150149167391e-01 6.845439863562934046e-02 8.154141075315193832e-02 2.380805081017274560e-01
7.916526475323553136e-01 7.177918003388634727e-01 6.502528355402413807e-01 7.038314641834934049e-01 8.166718089096388633e-01 6.943644340598003062e-01 4.243677914966482723e-01 3.299736489799759975e-01 5.866090213924838315e-01 3.513901598000456206e-01
2.065689378710412194e-01 2.374321039785939336e-01 3.122733320508643273e-01 3.203425472494399462e-01 2.441267326027085904e-01 3.435364571327084726e-01 5.902620500997942665e-01 6.646048035637991402e-01 4.330104907739916187e-01 6.109838988636024926e-01
1.000000000000000000e+00 9.722895044597852365e-01 9.984878940648209689e-01 9.948990322622782712e-01 9.839554944723566399e-01 1.000000000000000000e+00 9.858198101607689168e-01 1.000000000000000000e+00 9.857065825515105573e-01 9.819483981979995058e-01
1.820503496766062365e-02 0.000000000000000000e+00 4.364279836645596649e-04 1.108043242558032389e-02 0.000000000000000000e+00 5.613250170384280653e-03 1.786842439673695312e-02 7.594153420807926887e-03 0.000000000000000000e+00 6.897981930661830664e-03
2.218634408017323700e-01 2.726858777943662604e-01 3.389833657884304130e-01 2.917672413785523111e-01 1.638420958841313724e-01 3.557861173814376166e-01 6.107686297033788625e-01 6.497911946160612739e-01 4.103988333926166243e-01 6.031297681679378409e-01
7.660141814305633234e-01 7.996291479827847271e-01 6.828318659846339678e-01 8.212710406727514734e-01 7.572014128229914709e-01 6.724971914311027588e-01 5.594501437034218316e-01 4.089385905088272488e-01 6.040544652433443851e-01 5.974486561287742914e-01
1.277168032532098423e-02 0.000000000000000000e+00 8.664775779408703804e-03 0.000000000000000000e+00 1.744066003407295992e-02 0.000000000000000000e+00 1.219154662292541193e-02 0.000000000000000000e+00 1.371942733470646325e-02 0.000000000000000000e+00
7.358030734824855257e-03 1.554807436601984491e-02 0.000000000000000000e+00 2.920835975280928684e-02 5.790624146361182147e-03 1.081914706384183578e-02 0.000000000000000000e+00 0.000000000000000000e+00 1.134949482637777340e-02 1.558261489144764991e-02
7.995317916090940447e-01 8.130504624474624853e-01 6.531287080552856672e-01 8.006615748502660113e-01 8.109506773507787480e-01 7.030678384804340819e-01 5.329241719776417474e-01 4.240654305578058225e-01 6.153559261023083815e-01 5.825161606812374604e-01
7.644637444665614012e-01 7.902724999223867952e-01 6.546332603097622105e-01 8.191043086653689853e-01 7.542853765177046643e-01 6.860722123845769405e-01 5.328313601012689693e-01 4.231352969288157406e-01 6.324622798825528802e-01 5.508837026265535064e-01
1.369748571865453401e-02 2.831078135971730296e-03 2.657623355503395401e-02 7.523945885372752091e-04 0.000000000000000000e+00 4.109470456969497448e-03 0.000000000000000000e+00 0.000000000000000000e+00 1.536101911201274116e-02 0.000000000000000000e+00
1.000000000000000000e+00 9.009422772146814529e-01 9.900271270610838670e-01 9.056324878827423097e-01 1.000000000000000000e+00 9.986004927244852558e-01 8.629676856900962978e-01 8.925184936653370871e-01 9.618667299722091224e-01 7.969015421453365944e-01
7.826540716746964721e-01 7.278139368056609770e-01 6.565034868244556954e-01 6.875847427812391555e-01 8.123441771170704095e-01 6.923316143847020321e-01 4.282105372883974748e-01 3.588103994139096864e-01 6.070780276142196952e-01 3.933080769684471067e-01
1.600351868647333087e-02 8.613234141738559946e-02 2.043880584610744885e-03 6.270054218239128063e-02 0.000000000000000000e+00 4.382326124788379212e-02 1.166221253183144929e-01 8.407550064585411764e-02 7.121767140704549082e-02 2.077358510665335833e-01
2.235766604473812813e-01 2.643804172870940494e-01 3.443005594049922125e-01 3.064952202400725856e-01 1.938800262819370679e-01 3.530438188775032460e-01 5.641971609581525327e-01 6.918666505701950298e-01 4.153659701610789567e-01 5.849688640669590267e-01
2.480990623888562896e-01 1.726821953696096867e-01 3.430210048897528452e-01 1.630682386909756698e-01 1.827164255852340990e-01 2.990715826789753229e-01 4.517300345967311115e-01 6.082090538321448525e-01 3.693785842509784145e-01 3.923872547768817443e-01
2.142228649258898221e-01 2.759228205149233393e-01 3.193989967387660389e-01 2.812509634597860630e-01 2.136636436158108887e-01 3.419926941482458460e-01 5.729615793750437724e-01 6.559613348791518694e-01 4.075722668107938929e-01 6.049641208486369326e-01
2.063043208985625154e-02 6.163169582315779216e-02 0.000000000000000000e+00 1.284679012999040415e-01 0.000000000000000000e+00 2.373359848918286594e-02 1.596819256161945422e-01 5.888754755326371798e-02 6.062911094239355203e-02 2.130980065927423617e-01
9.841230854817488716e-01 8.979977131276906110e-01 9.755946665941856999e-01 8.714419059407960688e-01 1.000000000000000000e+00 9.918225893033560947e-01 8.601133200631968512e-01 8.886285103270827879e-01 9.559210881989415043e-01 7.950406861034137185e-01
2.144307813059807555e-01 2.842562048764058491e-01 3.512854325107717113e-01 2.864990013412795355e-01 2.047059298779307646e-01 3.363489513541953468e-01 5.621864612457345700e-01 6.918951511837706514e-01 4.063149555172169691e-01 6.485050154027004465e-01
1.913654879877942916e-01 2.003944757855095626e-01 3.721109348630759484e-01 1.813686933964131498e-01 1.760170794264616922e-01 3.056234715792687795e-01 4.601480772144613818e-01 5.738164021462195397e-01 3.892179677202739496e-01 3.913758114120385323e-01
1.000000000000000000e+00 9.253252959951540069e-01 1.000000000000000000e+00 9.138805383865419296e-01 9.842257945934411723e-01 1.000000000000000000e+00 8.378198118251822812e-01 9.446790053091466133e-01 9.705025229841065526e-01 8.042013548403743606e-01
9.836047455134465656e-01 8.959047892352306475e-01 1.000000000000000000e+00 9.041122872232199015e-01 1.000000000000000000e+00 9.826145723740752347e-01 9.095117345456077418e-01 9.397926352353346280e-01 9.901221531992606684e-01 7.969452911424580455e-01
9.693269323952872218e-01 9.243249529368452455e-01 9.849290904741417885e-01 9.134999218566394186e-01 9.908065792177206399e-01 9.943839080705666467e-01 8.696812523064165745e-01 9.199658424344933083e-01 9.957598732276906617e-01 7.595345704692415545e-01
1.867300968703112241e-01 2.745357256711793426e-01 3.158384126780023338e-01 3.049010525043407416e-01 2.147829152347091874e-01 3.216422998681593426e-01 5.804546483902607301e-01 6.536864120357203101e-01 3.978015265895654684e-01 6.244458205122603855e-01
7.713401275055052908e-01 8.221370790630451175e-01 6.627177347510239125e-01 7.992114164664987364e-01 7.863127401983114328e-01 6.820503151643584339e-01 5.076418325595708492e-01 4.064108187024239593e-01 6.301093442290673918e-01 5.930130453892936693e-01
2.611863082458001917e-01 1.786794574973042393e-01 3.538831104116679782e-01 1.841167711713735389e-01 1.987121267424008519e-01 2.856418961146214297e-01 4.609406972988338569e-01 5.906277818166731919e-01 3.429840320043336943e-01 4.262831408709207293e-01
8.131827895405554507e-01 7.758274068586470396e-01 6.586286788581153795e-01 8.403006621488263717e-01 7.999047354651982467e-01 6.722702955486465903e-01 5.470804783393437010e-01 4.071443475671105428e-01 6.277917617781512138e-01 5.665788884894612520e-01
7.672174198015695445e-01 7.783956073906581619e-01 6.637628796996947189e-01 8.393995703053062085e-01 8.043013442155041437e-01 6.924276793712837996e-01 5.496673471003858946e-01 3.958341119982174416e-01 5.991116156748446109e-01 6.230402473887060033e-01
9.967074437921618069e-01 9.590671292415144933e-01 9.775150454226486652e-01 1.000000000000000000e+00 9.843127606596810963e-01 9.997632136133185465e-01 1.000000000000000000e+00 9.986129774990268881e-01 9.983840290096818171e-01 1.000000000000000000e+00
2.464473170816371128e-01 2.390258801562121782e-01 3.363375587659208077e-01 1.627900559361396271e-01 2.111420534868055920e-01 3.136564383136907774e-01 4.140184000801332975e-01 5.935817990208743788e-01 3.361614124301643414e-01 4.162039547905905801e-01
8.138998048061457657e-01 8.160318816491655136e-01 6.435426282477478832e-01 8.100964636134804220e-01 8.081671555182571298e-01 6.955217665902936330e-01 5.324371987426157471e-01 4.137851016571154061e-01 6.620152475045203433e-01 6.131406142528911252e-01
1.975935713505641012e-01 1.974447395033012698e-01 3.085117398026785973e-01 2.144644131838240042e-01 2.362875065647845330e-01 3.035519373739185012e-01 4.475402391894138798e-01 5.957422186965045663e-01 3.754143457712397214e-01 4.159240162600074120e-01
7.533718688696786625e-01 7.533441592021796751e-01 6.447825541787211012e-01 6.916131632445334798e-01 8.233671868572335351e-01 6.964197022634550649e-01 4.246002024359687987e-01 3.415367373976010978e-01 6.136567493809851337e-01 3.856349438068559787e-01
3.853816879675228419e-03 0.000000000000000000e+00 1.008332078868144025e-03 1.863169643074216730e-02 2.594643494320792842e-03 1.738468323483792011e-03 3.082054823064754590e-02 8.289361169419133535e-03 2.823423754652538628e-02 0.000000000000000000e+00
2.214274436703789900e-02 7.557701164008971684e-02 0.000000000000000000e+00 8.868420902148060891e-02 0.000000000000000000e+00 1.799429201517484256e-02 8.928495856454563007e-02 5.936181408219767808e-02 6.373552928530012984e-02 2.141238075512487404e-01
7.356659584929043927e-01 7.096590720851884138e-01 6.861590405284545557e-01 7.290444348118250151e-01 7.600426569076328409e-01 6.843060219007838230e-01 4.101107712253108661e-01 3.104790305254802041e-01 6.112597351476583007e-01 3.584071041635635835e-01
7.949335851747257875e-01 7.976536813414948357e-01 6.396055317097871784e-01 8.111036190405913615e-01 7.694500131536773369e-01 7.008649711538179616e-01 5.205031654079091963e-01 4.143573685129975370e-01 6.174764853972910528e-01 6.094430017196694749e-01
9.761742016221387486e-01 9.226680035009970915e-01 1.000000000000000000e+00 9.208287533705352690e-01 1.000000000000000000e+00 9.958358077955110632e-01 8.688270785509049077e-01 9.326938460634188743e-01 9.446957778498389358e-01 7.923519177065451169e-01
2.659127891877953731e-01 2.621840816039381350e-01 3.307411235060649934e-01 3.045805120358393570e-01 2.176535695962000527e-01 3.114907039588342696e-01 5.513852946915521747e-01 6.903000939540691050e-01 3.820525075288078720e-01 6.442953785777238984e-01
2.106590201024031439e-01 2.652694781135406799e-01 3.258801832543947730e-01 3.048544723351776509e-01 2.567780706083609976e-01 3.215312405700196940e-01 6.283326389972713200e-01 6.750779380028981702e-01 3.949276642521341585e-01 6.371312743443594551e-01
7.992072145526379900e-01 8.071110171999702487e-01 6.328162080048764793e-01 8.426784924004803168e-01 7.866250306551251237e-01 6.752937492450361567e-01 4.966418951476778143e-01 4.331952560677641006e-01 6.332071276947094374e-01 5.932969237499463588e-01
2.330148162263477318e-01 2.605258065630858266e-01 3.440278204513979587e-01 2.947408054182550363e-01 1.773355763725170675e-01 3.082641984392601731e-01 5.779562369109784159e-01 6.464918761428664062e-01 4.281984726815208364e-01 6.124463148191997552e-01
7.378687057314536890e-01 8.539463214967996096e-01 7.066661149488320248e-01 7.891218496421481543e-01 7.870555771329619255e-01 7.002691350043404039e-01 5.139067581441262300e-01 3.996841493054764660e-01 5.999048347756041899e-01 5.750651487816508256e-01
7.697855552256089862e-01 8.051295899519759214e-01 6.634224582124139680e-01 8.237012135166421611e-01 7.910041000224070640e-01 6.835311918402027231e-01 4.984075014853256436e-01 3.991869702463961556e-01 6.400016474238158226e-01 5.978285406068272190e-01
2.445325780636239399e-01 1.566101285055732650e-01 3.031974722532528310e-01 1.867620605667484890e-01 1.840339264545195475e-01 2.697679672271371398e-01 4.734455749826107507e-01 5.667846513874404968e-01 3.513918907989979634e-01 4.062047547023832084e-01
1.828695033681207449e-01 2.542814666931560441e-01 3.331623431646231759e-01 2.915688727880658693e-01 2.203569829087831389e-01 3.101951655018324039e-01 5.604017269899842502e-01 6.688376431028267843e-01 3.892500948034585684e-01 6.059168341236169653e-01
2.066397203672248051e-01 2.398150420204532562e-01 3.154939151809495468e-01 1.772038097438851934e-01 2.319118436783423054e-01 2.811825415854690147e-01 4.308098018888971703e-01 5.672807446710763646e-01 4.096398488868530086e-01 4.160059877778964910e-01
2.043368235958297474e-01 1.863310045347168764e-01 3.656861961276242079e-01 2.161713558250157041e-01 2.006486566350518808e-01 3.195615159218223034e-01 4.851014472228964980e-01 5.731490823128118084e-01 3.254868146713734145e-01 3.885304009518750767e-01
7.878757845392421189e-01 7.733881328012763845e-01 6.583482814341110601e-01 8.066767625865168823e-01 7.854974673451042833e-01 7.221027026065169885e-01 5.460061285285360277e-01 4.267619276989450539e-01 6.179534230360659297e-01 6.021663972826204470e-01
5.452234210907676119e-03 6.918082937337073635e-02 0.000000000000000000e+00 1.155482061299527158e-01 0.000000000000000000e+00 2.547603618852894297e-02 1.177270105322811289e-01 7.802273274523448265e-02 1.516265818180466754e-02 2.117374808701563971e-01
2.715199039592537666e-02 9.875317915402523350e-02 0.000000000000000000e+00 7.842251561552460171e-02 0.000000000000000000e+00 6.962822561696674351e-02 1.031335591903745352e-01 1.141028915863812471e-01 2.009676249359377415e-02 2.085525258343875477e-01
7.551518182731116191e-01 7.295097901389374639e-01 6.797206709685995607e-01 7.061058225590012283e-01 7.858079036530757344e-01 6.902339138219433234e-01 3.801897332056909939e-01 3.532185503782616642e-01 5.645458615214608011e-01 3.544256328810457823e-01
0.000000000000000000e+00 1.104836893081509279e-02 0.000000000000000000e+00 1.401155039654753895e-02 1.562483511913145915e-03 5.298456162593228463e-02 3.770578705133108277e-02 1.072930285372849547e-02 0.000000000000000000e+00 2.346012371518219758e-02
7.863514085499625494e-01 7.583437854247770948e-01 6.560705803528493751e-01 7.291953730969901182e-01 7.958419705885921847e-01 6.532783159535958672e-01 4.156576533748423952e-01 3.252959726657596029e-01 5.895083684948211333e-01 3.918616346654028582e-01
7.702120522680576675e-01 7.411307386548414700e-01 6.721742973326868542e-01 8.130796674648623767e-01 7.781595291108505119e-01 7.149955113235345605e-01 5.404779986410247483e-01 3.997246008726435540e-01 6.399153792327570978e-01 5.961028600227110674e-01
2.012445626230992823e-01 2.314000332689861161e-01 3.534787549805121221e-01 3.165427043538823759e-01 1.878277749281548337e-01 3.288249693128991735e-01 6.110130093629405623e-01 6.617154229374119234e-01 3.521700376729726134e-01 5.938706195433117729e-01
2.490616603144703844e-01 2.735053644458129707e-01 3.310463311801695729e-01 2.748453619551501914e-01 1.893752276301806925e-01 3.685413852023579628e-01 6.087819288527754891e-01 6.648424425210982536e-01 4.265753772081252171e-01 6.285561851741676698e-01
2.164255440398555608e-01 2.188419253993360014e-01 3.393698109554827980e-01 1.727287439126997115e-01 2.123251891268645442e-01 3.110787434791825734e-01 4.547789771418154214e-01 5.896634504034202751e-01 3.752328690198432071e-01 4.202591078125746948e-01
0.000000000000000000e+00 2.509590285059776151e-04 0.000000000000000000e+00 3.333230195594590745e-02 2.896506385267600542e-02 1.869367927221907838e-02 1.277481293255393856e-02 3.721842673248738822e-03 0.000000000000000000e+00 0.000000000000000000e+00
2.537615079294588960e-01 2.806449836469996906e-01 3.182040881064552296e-01 2.869339860918777019e-01 1.976082969112663845e-01 3.323418712099264760e-01 5.942565046933170336e-01 6.957823094798548658e-01 3.530045354215038400e-01 6.084385154628706438e-01
1.000000000000000000e+00 1.000000000000000000e+00 9.831309740453207935e-01 1.000000000000000000e+00 9.912543352678100383e-01 1.000000000000000000e+00 9.909341122657278067e-01 9.842947980777044803e-01 1.000000000000000000e+00 9.872550622570590573e-01
7.973818388817206504e-01 8.100022456898080536e-01 6.911168638860943902e-01 8.181841591295877514e-01 7.720733159704372683e-01 7.036388863094242829e-01 5.121824061381514692e-01 4.428891687781170705e-01 6.263604287915399693e-01 5.905509778931349318e-01
2.244878970144857655e-01 1.857228838924576686e-01 3.146821052791298201e-01 2.060834989761592684e-01 2.153112912576818916e-01 3.027481424493949080e-01 4.927799395293350759e-01 5.951340057523685223e-01 3.904655417532273409e-01 4.119453327841853807e-01
5.317165355939445018e-03 1.238448114979039116e-01 4.547106238906250229e-03 1.218873597115483071e-01 2.457246949674522438e-02 4.574550463827650737e-02 1.307793827918083962e-01 8.574796249902100209e-02 2.189678845345692515e-02 2.218062454562796659e-01
7.740850709002080610e-01 7.380160974081998448e-01 6.737291789770054606e-01 7.006004964657576162e-01 7.610754167811520920e-01 6.518918794102555037e-01 4.337097299991310440e-01 3.119361790745504015e-01 5.962643694080562717e-01 3.815571093518209667e-01
4.514277770086381342e-02 1.031634072514256775e-02 7.698424995408744732e-03 0.000000000000000000e+00 4.487094046556713151e-02 2.126762891838258548e-02 1.193970402792492516e-02 0.000000000000000000e+00 0.000000000000000000e+00 1.112765239804167257e-02
7.638695759631817239e-01 8.055973305379215965e-01 6.420871226498684470e-01 8.265576372790969240e-01 7.865335328665199466e-01 7.147364033447315412e-01 5.149156367620483232e-01 3.910354470222927037e-01 6.132961124313440759e-01 5.706620726325914994e-01
1.963021024258442271e-01 2.533098478897251593e-01 3.016580766374868383e-01 1.790195672313605879e-01 1.956580985262236783e-01 2.634426192335481698e-01 4.541281162445737762e-01 5.621418590437501361e-01 3.858562197691272622e-01 4.229253377706533312e-01
8.102651481693479152e-01 7.297755922662495509e-01 7.084740518006168442e-01 7.153660034369372367e-01 8.107326204367873990e-01 6.936700877902173268e-01 4.131179617719695774e-01 3.288430868711170185e-01 6.140453473736776635e-01 4.154299111597736238e-01
7.785052478463269088e-01 8.203789485566783668e-01 6.417148248608585126e-01 7.944814552149109810e-01 7.809598690770443996e-01 6.905983474801575817e-01 5.316588819553093037e-01 4.188397060174950393e-01 6.367027532426136061e-01 5.887196022683113261e-01
1.000000000000000000e+00 1.000000000000000000e+00 1.000000000000000000e+00 1.000000000000000000e+00 1.000000000000000000e+00 1.000000000000000000e+00 9.890402527576951375e-01 1.000000000000000000e+00 9.823104083788728458e-01 1.000000000000000000e+00
2.334809551659712545e-02 0.000000000000000000e+00 1.669544945662635588e-02 0.000000000000000000e+00 1.751862247507452938e-02 1.817573602830157772e-02 1.461930713456579796e-03 2.045507076416754055e-02 2.899389841579486440e-02 1.530675034236040873e-03
7.853336036577652779e-01 7.993277489572087058e-01 6.746500296872208757e-01 7.923299041968360212e-01 8.191181037724917235e-01 7.375366240869402068e-01 5.309141432897679369e-01 4.540961724526536569e-01 6.372726788835487710e-01 5.996083947052313068e-01
0.000000000000000000e+00 7.056878421162628146e-02 8.966856800691399079e-03 9.470758833900477791e-02 0.000000000000000000e+00 1.651433754686068220e-02 1.378027104983724493e-01 1.075769742829088688e-01 1.606069177594164621e-02 1.925208178742206511e-01
9.799317790180140930e-01 9.003107035472265318e-01 9.779119150128120497e-01 8.533078349639789950e-01 9.769397531312774552e-01 9.822592291545003684e-01 8.930885460981885515e-01 9.312064799916568436e-01 9.558859785920492680e-01 7.908762403366366156e-01
0.000000000000000000e+00 1.301942478373032883e-02 2.102722986029038324e-04 1.388354295988542117e-03 8.636337036165840945e-04 0.000000000000000000e+00 6.515300237366100644e-03 2.193161941677445465e-02 0.000000000000000000e+00 2.445150233944058671e-02
0.000000000000000000e+00 0.000000000000000000e+00 7.101985400192422498e-03 0.000000000000000000e+00 1.259485921565609012e-02 1.757988013076352413e-02 1.500924673025421860e-02 0.000000000000000000e+00 0.000000000000000000e+00 0.000000000000000000e+00
9.879174522873144237e-01 9.038485883909166407e-01 9.939479477666264273e-01 8.926017185409961252e-01 9.904951644347153028e-01 9.779159466742791684e-01 8.463971473328402162e-01 8.924911739375583908e-01 9.844495223987560495e-01 7.945514208320245686e-01
2.284419443957774742e-01 2.559356974471431179e-01 3.401621416463516678e-01 3.046105548662834117e-01 1.917023455919386332e-01 3.022493235688648583e-01 5.935849117472089542e-01 6.750790508021405900e-01 4.403779634238264018e-01 6.506810455938154547e-01
1.000000000000000000e+00 9.216041100897537364e-01 9.572457871146917707e-01 9.251360113522274498e-01 9.936866564430844040e-01 9.569953626031026950e-01 8.459414993972421692e-01 9.268198228354418422e-01 9.402732635587713883e-01 7.864335702710325560e-01
7.986319739301730447e-01 8.079755531901452459e-01 6.538943967717141259e-01 8.490970501592800534e-01 7.801952742801208096e-01 6.943738659837244143e-01 5.230466790570484914e-01 4.308040052022876765e-01 6.265197196068874597e-01 5.652160588770331895e-01
1.000000000000000000e+00 9.344754627363799360e-01 9.740416736282139221e-01 8.949323326140355972e-01 1.000000000000000000e+00 9.530137088190594463e-01 8.745093822863890809e-01 9.661953154255741305e-01 9.665018543146038921e-01 7.804612683004825691e-01
7.987521442773335423e-01 6.924627538140539773e-01 6.597593336349198978e-01 7.448627200162433182e-01 7.944587601665141774e-01 7.040893434073509649e-01 4.348183693497551516e-01 3.459697872784578965e-01 6.343873187562375504e-01 3.948768291180347334e-01
7.525941101312385584e-01 7.086629653330374090e-01 6.527766707684746761e-01 6.836453349718850658e-01 7.691850690447628036e-01 6.909833059782314324e-01 4.335455640025104307e-01 3.247558063899116942e-01 5.925907185576255731e-01 3.807755258218810113e-01
2.380517991261822952e-01 2.662623198144356551e-01 3.416779446184104452e-01 3.186594835459114483e-01 2.139232461452801048e-01 3.112257415607626032e-01 5.659681079374028201e-01 6.685740611711330494e-01 4.363508685713670121e-01 6.013649439420460929e-01
7.579781495014651371e-01 6.744187979627316309e-01 6.681988432857035587e-01 7.354148499969853647e-01 8.014946528000170822e-01 6.482156171322570604e-01 4.197689982922013785e-01 3.381680560400233682e-01 6.137515721084130238e-01 3.675439263840800108e-01
1.756020574148482380e-02 7.617572929616078792e-02 0.000000000000000000e+00 1.060613236918100943e-01 0.000000000000000000e+00 0.000000000000000000e+00 1.029373962924350350e-01 8.121553169149842155e-02 0.000000000000000000e+00 2.204115187455124580e-01
9.923333449602790290e-01 1.000000000000000000e+00 1.000000000000000000e+00 1.000000000000000000e+00 1.000000000000000000e+00 1.000000000000000000e+00 9.895209581470301163e-01 1.000000000000000000e+00 9.895289850859764202e-01 1.000000000000000000e+00
9.571335567839610592e-01 9.875113936867325748e-01 9.859412590368493712e-01 9.724575002273714297e-01 1.000000000000000000e+00 9.865130789529249489e-01 1.000000000000000000e+00 9.816454437303886449e-01 1.000000000000000000e+00 1.000000000000000000e+00
4.487096668949006745e-03 7.504483571304627898e-02 0.000000000000000000e+00 1.222227369590481588e-01 3.056990242425060636e-02 3.347825471938674358e-03 1.451149069860947494e-01 8.692797606397147103e-02 4.562652485400064961e-02 2.002651046344701424e-01
7.511207858766182355e-01 8.033360753410502264e-01 6.477650516960017368e-01 8.027024261107857939e-01 7.967674976382753682e-01 7.076860142412176868e-01 5.444287208983261683e-01 3.942768379587585081e-01 6.582745640256197905e-01 5.984704256670064781e-01
8.171337543650990520e-01 7.166121338842192934e-01 6.429464171968334307e-01 7.142695243265647642e-01 7.760768829021786885e-01 6.536870519619144559e-01 4.552924830717167137e-01 3.320975301552914760e-01 6.341077085425392834e-01 3.659829868609534298e-01
7.687579936794800561e-01 7.310857629710320049e-01 6.895417112696204942e-01 7.012891686109158362e-01 7.754981324205957316e-01 6.954307274730908706e-01 4.084168050892796886e-01 3.362801204868295368e-01 6.372522516280237914e-01 3.912490558691013587e-01
0.000000000000000000e+00 0.000000000000000000e+00 0.000000000000000000e+00 0.000000000000000000e+00 4.375138875159237384e-02 0.000000000000000000e+00 2.064872424136627443e-02 2.721781347130098477e-02 3.703804343018218120e-02 2.310751080489074905e-02
8.266420431474531538e-01 7.121338368842590194e-01 6.453048148393641936e-01 7.116155227768157232e-01 7.542652973672967498e-01 6.815049275487583547e-01 4.534989062742891264e-01 3.167221802994625857e-01 5.781684697620999014e-01 4.027967440211727701e-01
