4.925868495339779662e-01 5.333112247688687191e-01 4.846090542398373002e-01 5.886536120345998713e-01 2.618877968102160669e-01 4.110552181724466125e-01 5.203146887593553815e-01 5.295853899555337252e-01 5.855533408499749015e-01 2.046858128413222844e-01 4.286922840185024008e-01 4.937307183257437782e-01 2.246411470980485547e-01 5.268022213554186539e-01 3.548038103057467585e-01 3.105238711944262042e-01 6.466206394843974081e-01 6.313540158512969125e-01 3.833789466539967439e-01 3.647196352551648757e-01
4.975391323368149044e-01 4.823630183077403655e-01 5.563688747137965906e-01 4.269507779699631134e-01 7.806935202840702415e-01 6.115794861071375266e-01 4.835060548766902944e-01 4.508121971789000870e-01 3.794883807967948108e-01 8.256950727078924412e-01 6.028495216877767238e-01 5.586602836729445132e-01 7.723991117603562495e-01 4.420355385330468345e-01 6.189154076377331171e-01 6.602575431498010072e-01 3.149560675811923227e-01 3.682280491892102603e-01 6.088977484768653969e-01 6.262616796421479615e-01
1.849484933387224306e-01 3.606316502008691804e-01 1.833149115525266326e-01 1.725580008150549294e-01 2.659357461155328339e-01 3.136476114479667121e-01 2.092221785459548733e-01 7.614680890568822913e-02 1.250313768220998045e-01 4.763429073557506332e-01 3.748737537169226086e-01 3.006602619255759890e-01 4.568538358589201431e-01 2.182341925238071301e-01 2.440316020315389800e-01 1.929396682787117567e-01 1.317554442554790262e-01 1.047293344331356041e-01 4.221824472528482031e-01 2.053876747710850215e-01
4.793244439630804377e-01 3.815845160701920036e-01 4.458494534011048227e-01 3.182765438189342766e-01 7.159676154301105599e-01 5.807548251741020406e-01 4.772562454563728518e-01 3.921638210301375271e-01 3.716527022264669022e-01 5.766210885062916791e-01 4.142595448546906867e-01 4.000380933300142772e-01 6.002437802381725973e-01 4.343297255890636865e-01 4.916598703789615832e-01 5.964152494976272534e-01 2.671694491995477150e-01 3.322418646013943211e-01 4.992046854397541034e-01 5.469525543073967544e-01
5.225969538241125312e-01 4.594376057109163525e-01 5.175208494520685543e-01 3.976629901884133900e-01 7.722765336876136200e-01 6.070742759347133033e-01 4.593971532734600904e-01 4.288997978900624952e-01 4.067134169256211296e-01 8.067129472994400974e-01 5.950983949042825127e-01 5.009895730080413667e-01 7.509639180436491479e-01 4.742535041788870087e-01 6.490703395944416032e-01 6.988903800026061708e-01 3.477286497251868558e-01 3.097117758670386856e-01 5.924586013874055812e-01 6.196933329634681797e-01
1.000000000000000000e+00 1.000000000000000000e+00 9.769585404119762728e-01 9.718426599524715437e-01 9.956266741346591065e-01 1.000000000000000000e+00 9.972967217980756027e-01 1.000000000000000000e+00 1.000000000000000000e+00 1.000000000000000000e+00 9.887503683077002448e-01 9.767181427696313145e-01 1.000000000000000000e+00 9.885756134071670420e-01 1.000000000000000000e+00 9.975351695335566982e-01 9.906399793079835314e-01 9.711807836552095452e-01 9.961282949996992375e-01 9.757338186591838491e-01
8.080906058055895569e-01 6.494759823927913622e-01 8.362047570378244865e-01 8.400120990910066032e-01 7.343512499951433403e-01 7.389834260388882248e-01 7.116680446127675586e-01 8.744011153325679242e-01 8.684781102830853028e-01 5.085088252993736901e-01 6.305035515503121246e-01 7.286690989174603450e-01 5.152512727082843025e-01 7.957632981345592604e-01 7.487402567365235573e-01 7.992378525897598784e-01 8.894384673103852279e-01 9.097135941972037676e-01 5.814215995103844126e-01 7.705295683786446137e-01
4.998219971844112403e-02 7.587983918116550375e-02 5.287955669472905323e-02 1.187418015463666543e-01 4.296505341726095106e-02 8.258034771049879708e-02 2.123218192546767746e-02 3.917196363923321212e-02 1.802819183946436851e-02 2.537436622665772967e-01 1.770321246238515389e-01 6.311036821698347288e-02 1.721950476909724637e-01 4.972666310096660047e-02 1.312572112960860293e-01 5.733070573624295813e-02 8.546295238451233345e-02 1.428882758136415000e-02 1.028306099269388624e-01 2.719600830339562875e-02
9.008245736622380040e-01 6.764884119987047972e-01 8.578424750224681317e-01 9.535610959854848856e-01 7.376271453728459049e-01 7.627263376917055027e-01 7.548760448976797877e-01 8.889188608831918303e-01 9.097236829722076257e-01 7.486120165551809480e-01 8.322998943944750483e-01 8.586921508406789583e-01 6.479012850552164915e-01 8.457317434981321824e-01 8.623884381668590615e-01 8.968752694872179632e-01 9.696049348598279050e-01 9.139266519406655798e-01 6.566858844928635808e-01 8.833430054138496912e-01
6.833966435183380650e-02 7.327226470433551020e-02 5.709363460486331643e-02 1.366953859053215148e-01 1.159826704039721573e-03 8.419134074443435090e-02 2.085018009948136006e-02 1.903855707179281237e-02 3.179561821697066831e-02 2.680465090423213570e-01 2.184588099009861228e-01 8.501571272489136244e-02 1.768787803208130838e-01 3.168442643777120982e-02 1.451707352574121701e-01 4.089193333765547139e-02 5.652364889707427870e-02 0.000000000000000000e+00 1.222420952993006904e-01 7.524995878038433228e-02
5.681482979525906973e-01 8.295549106179925802e-01 6.274670080596947974e-01 6.085681844149140041e-01 4.979389273440715247e-01 6.332440062081091670e-01 7.495064582616534077e-01 6.342753987088307621e-01 6.638445664913864563e-01 4.582436623607209492e-01 5.596749144152048938e-01 6.437654069233389453e-01 5.774310551831897120e-01 7.141123118099832467e-01 4.960743821662310094e-01 4.660270406550969247e-01 7.134887422734871310e-01 7.027822107191979972e-01 6.946608683809070151e-01 5.358951130218860825e-01
4.702767520313874128e-01 3.959008711687037052e-01 4.851105562595155463e-01 2.893058758039442346e-01 7.680481817044699788e-01 5.730764666266132679e-01 4.635049313094801726e-01 4.201661156588213930e-01 3.877196469439943005e-01 5.244155081171212318e-01 3.865626721750036743e-01 4.231479959556274650e-01 6.199709840356552037e-01 4.788004215300656341e-01 4.393493532771066690e-01 6.530684965231013939e-01 2.371404144151193494e-01 3.566908067432105200e-01 4.922392520121614545e-01 5.626413387577103853e-01
4.631784437974244550e-01 1.712075705688354821e-01 3.668408668551749185e-01 4.002405325568390571e-01 5.052194742841433772e-01 3.800257207722330666e-01 2.692693855918966150e-01 3.989568535032257945e-01 3.300321877788857661e-01 5.529362351099428308e-01 5.015930485704565012e-01 3.751589017879828347e-01 4.602043856662653143e-01 2.903447617431562100e-01 4.882123151282455886e-01 5.410538060455661880e-01 2.944380816792021016e-01 2.532603902122230743e-01 3.313476555310830296e-01 4.749832060208225015e-01
1.603579349426043077e-01 3.195964120963422084e-01 1.148986815536206102e-01 5.337852071084633887e-02 2.609014153509776612e-01 2.574625260239953306e-01 2.351994937609798719e-01 7.787999575390522344e-02 8.195504434232299407e-02 2.366546452652602828e-01 1.482897650287268165e-01 1.472687924260464576e-01 3.536216770392441866e-01 1.522779440762263292e-01 9.594228786544697907e-02 1.691777762021699771e-01 3.412480602863174339e-02 7.919484561689189850e-02 3.039954495721816641e-01 1.623627080267441569e-01
3.090168699296464219e-02 2.343811644796696056e-02 0.000000000000000000e+00 0.000000000000000000e+00 0.000000000000000000e+00 3.711598539405053243e-02 0.000000000000000000e+00 3.013024587327044201e-02 5.664848041103536479e-03 0.000000000000000000e+00 1.689307625902094004e-02 1.026415318782586406e-02 7.990683614133855042e-03 4.836503103116228039e-03 8.547657328371373667e-03 0.000000000000000000e+00 0.000000000000000000e+00 2.650429698885468574e-02 0.000000000000000000e+00 8.892371641538757490e-03
1.000000000000000000e+00 9.543251990105500182e-01 9.999578342954936749e-01 9.818827770994749127e-01 1.000000000000000000e+00 1.000000000000000000e+00 9.978056387451293974e-01 1.000000000000000000e+00 1.000000000000000000e+00 9.860724992524303456e-01 9.940839685997593378e-01 1.000000000000000000e+00 9.793442319418097508e-01 1.000000000000000000e+00 1.000000000000000000e+00 1.000000000000000000e+00 9.967647997852541186e-01 1.000000000000000000e+00 1.000000000000000000e+00 9.971793549561556169e-01
1.372806438693101594e-01 2.979160825968003579e-01 1.375244200856372556e-01 3.753386884077170721e-02 2.454102031777675164e-01 2.252234272325820130e-01 2.535842898958692304e-01 9.423778578298720732e-02 8.066904713456207743e-02 2.113996009331576831e-01 1.573139231601884680e-01 1.846212367687675437e-01 3.172617233480879984e-01 1.968926660423666042e-01 8.138966200295494335e-02 1.537364288499359355e-01 1.130913586238960211e-02 6.831594829918385958e-02 2.689855567052729657e-01 1.780919853018513577e-01
6.752810000698586945e-01 8.826617059366821394e-01 6.781374630756521471e-01 7.622798307853289046e-01 5.280995715949976521e-01 7.159244238617086253e-01 7.727134973680913621e-01 6.782921965285311217e-01 6.959404417302580415e-01 6.920678320960432783e-01 7.738861143655270114e-01 7.290130827216017018e-01 7.000092657410307284e-01 7.362043729984031337e-01 6.326114708447884150e-01 5.143687206378190213e-01 7.785163465617216394e-01 7.661750442262419414e-01 8.248549836095159238e-01 5.854185789448252963e-01
3.960809061808782117e-01 1.897220990869433743e-01 3.857900040245981765e-01 3.592633843664049254e-01 4.983838653277473107e-01 3.829671049956182016e-01 2.682690202925558931e-01 4.101525285579764035e-01 2.853093428097298601e-01 5.466490178074742134e-01 4.008458945231204162e-01 3.571406415524183697e-01 4.454034652927171267e-01 3.005080522281930455e-01 5.577304371477507239e-01 5.491460367085364558e-01 2.764130225853193568e-01 3.085108218258650337e-01 3.299837508433299815e-01 4.894497889673418700e-01
1.277914212194040389e-01 3.036438517471771736e-01 1.413787519249553870e-01 2.448180854833769890e-02 2.539728343315122983e-01 2.490108997942725999e-01 2.431024765772598073e-01 6.064030252682901800e-02 6.927760576696020967e-02 2.347928478307650113e-01 1.376020328367237866e-01 1.719782308980354613e-01 3.128217026148862323e-01 2.178098460783013113e-01 1.210757120960255645e-01 1.946399384830400647e-01 5.636471367989102921e-02 4.890910219710125489e-02 3.018995418177329859e-01 1.681070352294300463e-01
8.425445279319916381e-01 6.148366855681960397e-01 8.183692467925843816e-01 8.214549936754573789e-01 7.420716243451399574e-01 7.162130733769707103e-01 7.444890114755940980e-01 8.518278022129982530e-01 9.150673780754815523e-01 5.474032008161371365e-01 6.035330106223291136e-01 7.497830039719382000e-01 5.377978626911925630e-01 7.908327184088439488e-01 7.498653975363948065e-01 8.185866986353251828e-01 8.887077837075955111e-01 9.170057923264233191e-01 5.886016567008710565e-01 7.891955081348076551e-01
3.482996237838575926e-01 1.174434101212790266e-01 3.354598841036938728e-01 2.606168973031017799e-01 4.720289345460049746e-01 3.083750267664050471e-01 2.138162101738522725e-01 4.090915645385481691e-01 2.844144647056878750e-01 3.018551088099148960e-01 2.071274634533567804e-01 2.472986796097094431e-01 2.669095588203769243e-01 2.660486352772287733e-01 3.630467583825888189e-01 4.932132493526389938e-01 2.046807688727870223e-01 2.786492487417529529e-01 1.724519808718150415e-01 4.055160917179771451e-01
1.000000000000000000e+00 1.000000000000000000e+00 1.000000000000000000e+00 1.000000000000000000e+00 9.528049419418076482e-01 1.000000000000000000e+00 9.623975512800586607e-01 9.780752199398958791e-01 1.000000000000000000e+00 9.834593090823681161e-01 9.781379128960083769e-01 9.811747345070072068e-01 9.846843382233182451e-01 1.000000000000000000e+00 9.676073591502387661e-01 9.872589266355645821e-01 1.000000000000000000e+00 1.000000000000000000e+00 1.000000000000000000e+00 1.000000000000000000e+00
4.754287902423242063e-01 3.998511891362226400e-01 4.858753777043824384e-01 2.663324573339828638e-01 7.428656865456854108e-01 5.365941124530142492e-01 4.872542124772116234e-01 4.438553151050830814e-01 3.779827182476671044e-01 5.290358139090099998e-01 4.149132242298027573e-01 4.502546526289780138e-01 6.159361696183135448e-01 4.228501133900853803e-01 4.592638800769165419e-01 6.195635638985335092e-01 2.469526066537896247e-01 3.307332955118004181e-01 5.334874550512078706e-01 5.654568184216245408e-01
3.723746437552466482e-01 9.803576917937843749e-02 3.662653646868807567e-01 2.542784038753578280e-01 4.848289784698505134e-01 3.197050203276008973e-01 2.285053914980333112e-01 3.565070231459282479e-01 3.251987448414766502e-01 2.927160545668907043e-01 2.308043015006735477e-01 2.710467177817196260e-01 3.045103097243259671e-01 2.691172528260496466e-01 3.782510004306965379e-01 4.739251265561781890e-01 1.387010364963715270e-01 2.166370852304647654e-01 1.634676676989436639e-01 4.237384163739779108e-01
1.000000000000000000e+00 1.000000000000000000e+00 9.904039654193812492e-01 1.000000000000000000e+00 9.958744223041353649e-01 1.000000000000000000e+00 9.840943205160725960e-01 9.837060365457044320e-01 9.963550914451397844e-01 9.707647344893254315e-01 1.000000000000000000e+00 1.000000000000000000e+00 9.852327691236293372e-01 9.788672629974923822e-01 9.861099827809124418e-01 1.000000000000000000e+00 9.585762685558313345e-01 9.967809942893497421e-01 1.000000000000000000e+00 1.000000000000000000e+00
0.000000000000000000e+00 5.979843835304590564e-03 0.000000000000000000e+00 0.000000000000000000e+00 3.599946940310858740e-02 4.767723069262468235e-04 0.000000000000000000e+00 0.000000000000000000e+00 0.000000000000000000e+00 0.000000000000000000e+00 0.000000000000000000e+00 9.812670104653824568e-03 4.401943576671194652e-02 2.691765704068702081e-02 0.000000000000000000e+00 0.000000000000000000e+00 0.000000000000000000e+00 2.817518395291539884e-02 8.582988593832125562e-03 4.161258112728465595e-03
5.198694294157961693e-01 4.657062733858631787e-01 5.050710365557944392e-01 4.412108094013855730e-01 7.341473140656347152e-01 5.800026592535540981e-01 4.735144387243566122e-01 4.454363762065555177e-01 3.759771808091131873e-01 7.711785359886549340e-01 6.197460455025607384e-01 5.039246633746985449e-01 7.537492247181439842e-01 4.456926335162634256e-01 6.483506770113153239e-01 6.851933081876004916e-01 3.291849172387768530e-01 3.665943782993758560e-01 6.519955033628466179e-01 6.146558947025574371e-01
1.555243296428817090e-01 4.065999595115372678e-01 2.076631358122528193e-01 1.952236144388694028e-01 2.587465982700358769e-01 2.796009352085782607e-01 2.329069356939831303e-01 1.155819371376494292e-01 1.052877700931151572e-01 5.277637353408289878e-01 3.911057331962158323e-01 2.860541319342033151e-01 4.855398730551344078e-01 1.714803864265276867e-01 2.802647769703908720e-01 1.753065133156553601e-01 1.275792914017534196e-01 1.104940497753079814e-01 4.867111150777355122e-01 2.260022262228152945e-01
4.922662931595200853e-01 4.564929451324591381e-01 5.310488769693963995e-01 4.434832534977646845e-01 7.465267195696932978e-01 6.107161328222440178e-01 4.579956130864655250e-01 4.691928319252908763e-01 3.907540836396786732e-01 7.856604489378011813e-01 6.532978073870414626e-01 5.151410440994148576e-01 7.858827989214433041e-01 4.825260398527024264e-01 6.489774162501698029e-01 6.910671831411365762e-01 3.381741300300694641e-01 3.850500787758732724e-01 6.046683836779168653e-01 6.109370240639495631e-01
5.380188194959100167e-01 6.262291044548712327e-01 5.629345347083964946e-01 6.824290896076165014e-01 2.699413629652491209e-01 4.423605725102109365e-01 5.426549989665736540e-01 6.188214716875639620e-01 6.146919830062517187e-01 4.625829886077546527e-01 6.016790925375039567e-01 5.959567760010361370e-01 3.985183147502117662e-01 5.421821186744035792e-01 5.234600678194076817e-01 3.872900233943744608e-01 7.744056719986204262e-01 6.775956300730289206e-01 4.862648443199537596e-01 4.637125162547047208e-01
4.756600265755534657e-02 7.598020992401374740e-02 7.264122148724377892e-02 1.129430920121648335e-01 5.272609352532036525e-02 2.755301614817516620e-02 3.783718811560845587e-03 4.570572688791656873e-02 6.742701112101737171e-02 2.623123053055959608e-01 1.884131022795767496e-01 1.061974054777244797e-01 1.570229856222351561e-01 1.542732036258356171e-02 1.331835160191768286e-01 8.835306498958017674e-02 9.908294808012357846e-02 5.321705530350490099e-02 1.427543272755806003e-01 6.441196380979007097e-02
9.323473344254834538e-01 9.643753047587055871e-01 9.537161434896914702e-01 8.675345539754629742e-01 9.519091215947768081e-01 9.325799580938026745e-01 1.000000000000000000e+00 9.254954638073040751e-01 9.527628519303367183e-01 7.361299200946006538e-01 7.754752081359550520e-01 9.116251523766617515e-01 8.301196911225620090e-01 9.751177805370557783e-01 8.842769049579850549e-01 9.429916250421602752e-01 9.465216114608886455e-01 9.714096169374256684e-01 8.760908923296124584e-01 9.341426534546203309e-01
1.679267043976434004e-01 3.527509468353096089e-01 1.983836567215138402e-01 1.960442947825862259e-01 2.715072874480283227e-01 3.369701458180605624e-01 2.636389339067402027e-01 1.357073777291569194e-01 1.066841526530496742e-01 5.167200674003108452e-01 4.079786723692346295e-01 2.256864721271635288e-01 4.940048920430077373e-01 2.663446714865267406e-01 2.441518332861195573e-01 2.042439008328244821e-01 1.242122333324106737e-01 7.850983055742857819e-02 4.314242635350106769e-01 2.251102579861839759e-01
4.742850326185849008e-01 4.398821477527210533e-01 4.547838261465584897e-01 3.198416285032683604e-01 7.238313783637037035e-01 5.424897794808689611e-01 4.809519071838658233e-01 3.861935498158048929e-01 3.273094920191929047e-01 5.255187499818994024e-01 4.080949690082603665e-01 4.715240832600076093e-01 6.021140289211688312e-01 4.008464715144833823e-01 4.745052504712203301e-01 6.425333451228810722e-01 2.673201350744391913e-01 2.986902104200896413e-01 5.086695033755134210e-01 5.606335097135102252e-01
8.470689524954664318e-01 6.751685490294937475e-01 8.624310690338309326e-01 9.465242626616172661e-01 7.315960339486000663e-01 7.404436535281776477e-01 8.019754760572169738e-01 9.126314458409020558e-01 9.454067148600577841e-01 7.807088407253071072e-01 8.401152345379013786e-01 8.263265298742110687e-01 6.796098719167873448e-01 8.289682770085678998e-01 8.996939146817510835e-01 8.284360832834465338e-01 9.262451923463798087e-01 9.329611177685031009e-01 6.986133561678232740e-01 8.525350139333598420e-01
1.000000000000000000e+00 9.926988367397434621e-01 1.000000000000000000e+00 9.969227269767060307e-01 9.911236470598583370e-01 9.967425786892826212e-01 9.697286651763278309e-01 9.987144648756096643e-01 9.922166367675836485e-01 9.844886991607687543e-01 9.793887821845302932e-01 1.000000000000000000e+00 9.890892776202763192e-01 9.800204463811097444e-01 1.000000000000000000e+00 1.000000000000000000e+00 1.000000000000000000e+00 1.000000000000000000e+00 9.699387161062434926e-01 9.839729946762064694e-01
3.484841922108387613e-01 1.064953930672471183e-01 3.442994388344923773e-01 2.462113264735230067e-01 4.162430284720231022e-01 3.432502064032295630e-01 2.226705954409980148e-01 3.586061464746435057e-01 2.957465287803533460e-01 2.964686455625864525e-01 2.166207430474809681e-01 2.690679290832089787e-01 2.721113204737913849e-01 2.502951782628780597e-01 3.493198982792086738e-01 5.116801600593062771e-01 2.200211344058660423e-01 2.497546087352324751e-01 1.615372967639233936e-01 4.052788038676154447e-01
5.210820152630748492e-01 5.684934192561172939e-01 5.478618686854723752e-01 7.147893716701623212e-01 2.762902760055505058e-01 4.648705844183945723e-01 5.310196197972967269e-01 5.845252836305145916e-01 6.460462716657648929e-01 4.327519537176088837e-01 6.125373862757034216e-01 5.991603321007219485e-01 3.738774551605693608e-01 5.492652523705895407e-01 5.723498616047715259e-01 3.651807044086113896e-01 7.275382594775972045e-01 7.055990205659706804e-01 5.311608190621218695e-01 4.345446257868432749e-01
1.000000000000000000e+00 9.772967621505571634e-01 1.000000000000000000e+00 9.744166289752729249e-01 9.948092954046247050e-01 1.000000000000000000e+00 9.911509083953070620e-01 9.998310290585723514e-01 1.000000000000000000e+00 9.945354211027735980e-01 9.620672445897767711e-01 9.895363979264029108e-01 9.905609265316749346e-01 9.915874670227717846e-01 1.000000000000000000e+00 1.000000000000000000e+00 1.000000000000000000e+00 1.000000000000000000e+00 1.000000000000000000e+00 1.000000000000000000e+00
5.528705315260549202e-01 5.829925784942094902e-01 5.360400911737450702e-01 6.507112842623451465e-01 2.517021359042564965e-01 4.229178462590061360e-01 5.250880895890477351e-01 5.817348821215136967e-01 6.594475358146536514e-01 4.640848798529155217e-01 6.271157971739471648e-01 5.796666852888198163e-01 4.264582760241790171e-01 5.355379378517275413e-01 5.275647035980934874e-01 3.734408083925466193e-01 7.464070703318268496e-01 6.702957915653011689e-01 5.446064463763498065e-01 4.393095858874237480e-01
9.244458797838231989e-01 9.283411657487430357e-01 9.420967962467969858e-01 8.450398947430139973e-01 9.924841797812194999e-01 9.049737025497937015e-01 9.880289170192176895e-01 9.692465434517153478e-01 9.708533757860798863e-01 7.448906043832923540e-01 7.913825808635586156e-01 9.048958934772883822e-01 8.576927098586878406e-01 9.871479378020344697e-01 8.393673915642002603e-01 9.310986513263753706e-01 9.269682836800989811e-01 9.767134366358600772e-01 8.546073734801578059e-01 9.337718254760132286e-01
5.238060502230813542e-01 5.895239506931336804e-01 5.621166963776891290e-01 6.759779167698432012e-01 2.771773983776737449e-01 4.077888611639146066e-01 5.155296033050263960e-01 6.141538195385419785e-01 6.021990462334654293e-01 4.683636080201660223e-01 5.955016383741983388e-01 5.645861355376394775e-01 4.019193094737654182e-01 5.882750571247693516e-01 5.434909221821441205e-01 3.864307045147382658e-01 7.212211766798726220e-01 6.792031704991232655e-01 5.361863817906759033e-01 4.436235761761580521e-01
4.792874301141715199e-01 5.250257542365128760e-01 4.988595352508979897e-01 5.663844505337453095e-01 2.518720680947700297e-01 4.031409778130239374e-01 4.985214571265225159e-01 5.582458424459718627e-01 6.046298570331097855e-01 2.009467327132160308e-01 4.158242886719244469e-01 4.402037171487586664e-01 2.677357067872486174e-01 5.285550485182329838e-01 3.956489205984473068e-01 3.357199283670860290e-01 6.304994512290506004e-01 6.543686142625921853e-01 3.740377671428447015e-01 4.139390450067757521e-01
4.630188756034303021e-01 5.467902720257782345e-01 4.800206784796811621e-01 5.635212776409217472e-01 2.904819823153613756e-01 3.696367281594940546e-01 4.973529879973304646e-01 5.580086914596549263e-01 5.887728549934503341e-01 2.093702408323895037e-01 3.914553598787685051e-01 4.493584112880175119e-01 2.144839380551321062e-01 5.462479296786639793e-01 3.407725576158831537e-01 3.620375262245392745e-01 6.760131092241075113e-01 6.706061703725467726e-01 3.602204823600422823e-01 3.824701352765164653e-01
6.256992957819699219e-01 8.720423826868504147e-01 6.659347369470844935e-01 7.340316733338341226e-01 5.910731368842055966e-01 7.058708013760136568e-01 7.542499626882718244e-01 6.592363900565976209e-01 6.990745734369551156e-01 6.749741502800142845e-01 7.665246578300726199e-01 7.889588734571810758e-01 7.200552274743150516e-01 7.604916970368037488e-01 6.419254723534723039e-01 5.297216530893742448e-01 8.124917715076139801e-01 7.203973024420627924e-01 8.085628919286997895e-01 6.339695788632782048e-01
1.000000000000000000e+00 1.000000000000000000e+00 9.938517328152228769e-01 1.000000000000000000e+00 1.000000000000000000e+00 9.929769955961420536e-01 9.880174660492981875e-01 9.759576141929413584e-01 1.000000000000000000e+00 1.000000000000000000e+00 1.000000000000000000e+00 9.903755571660783907e-01 9.893477949207902800e-01 9.917711058294874649e-01 1.000000000000000000e+00 9.693813242413991116e-01 9.857786421136349730e-01 9.959562809667173999e-01 1.000000000000000000e+00 9.947677962587641032e-01
5.406170421131939463e-01 5.996302500810108960e-01 5.598044760526049712e-01 7.031228159640237063e-01 3.050822795306076807e-01 4.280308458365302271e-01 5.002537013494745555e-01 5.643683710241474971e-01 6.255919055620989822e-01 4.601853134849497318e-01 5.926452159301695000e-01 6.027545760915946627e-01 3.887753226341238988e-01 5.493063752326687865e-01 5.286641855412554936e-01 3.978137238308343537e-01 7.243840101841730883e-01 6.690601881142596019e-01 5.276858371792778613e-01 4.239563775057124118e-01
5.596206827116466664e-01 4.981457456270191875e-01 5.096518571575796575e-01 4.477553207800233914e-01 7.568399642623115930e-01 6.187261926260856360e-01 4.698548022585181672e-01 4.502724607498359566e-01 4.352198626560614958e-01 7.817728966872383722e-01 6.096426391934472999e-01 5.518549206429435028e-01 7.526300772088614366e-01 4.570372058153265304e-01 6.317568776303483791e-01 6.569400263356091063e-01 3.120930601391186388e-01 3.494669749853428486e-01 6.367499134410584682e-01 6.364049636787459940e-01
9.337202728373115157e-01 9.243977586510201405e-01 9.614125929437540297e-01 8.751573431084396226e-01 9.484292654698756042e-01 9.274677250315018773e-01 9.808632040901713589e-01 9.721040980474472404e-01 9.734883311689656038e-01 7.647030221695372276e-01 7.724929906842658012e-01 8.844877214151701805e-01 8.218288877263177916e-01 1.000000000000000000e+00 8.342609045992005479e-01 9.297998790970606331e-01 9.399310136733012300e-01 9.750306606151037947e-01 8.715439874009772714e-01 9.432404619512806399e-01
5.238932799155057163e-01 5.630112551153556577e-01 5.375771592054721104e-01 6.865407388703034242e-01 2.621401463910031371e-01 4.234445267237992860e-01 5.064762555291957291e-01 6.089725226551544468e-01 6.074037720829866815e-01 4.360163172087024863e-01 6.278105623749751230e-01 5.984175516875667178e-01 3.792227784747467245e-01 5.745353694755892526e-01 5.059834290811554558e-01 3.672143439729144698e-01 7.181705248059950808e-01 6.791643328644264566e-01 5.177240391846713585e-01 4.562202030339241321e-01
4.227831942160986678e-01 5.049763528213225827e-01 4.877297626864683378e-01 5.567396133980295758e-01 2.377339825729209710e-01 4.035476069867863225e-01 5.268928296891917107e-01 5.510495994279194232e-01 6.206836282608861888e-01 1.980263187310228878e-01 3.907279316984994533e-01 4.611120442353644489e-01 2.333120680221181797e-01 5.350109416666624096e-01 3.423509625361509379e-01 3.077858310913356710e-01 6.716216878968287451e-01 6.633158665186889014e-01 3.855711436777796153e-01 4.091764378717958062e-01
8.744200909250491316e-01 6.856062137987216643e-01 8.850608703815848743e-01 9.774106343279969078e-01 7.593242287038609595e-01 7.493521209263784844e-01 8.033334529930800105e-01 9.257141726484360289e-01 9.037417633581205090e-01 7.575705448057785674e-01 8.737654926292001134e-01 8.402724178367428909e-01 6.712346142354933543e-01 7.865437097271547051e-01 9.003530778448617378e-01 8.669435272396290859e-01 9.647515694616463078e-01 9.320816875505735233e-01 6.878444376417716111e-01 8.315026632769365600e-01
6.102095383135670570e-01 8.605132237075698853e-01 6.234863836964261719e-01 6.243033596675263697e-01 4.819646609694388517e-01 6.225044127766737878e-01 7.332001002853333338e-01 5.825927858182693431e-01 6.733964577472841828e-01 4.327624917201232657e-01 5.526253481073754026e-01 6.360491082816347452e-01 5.622045760087210908e-01 7.104654958324146952e-01 4.633050359530799245e-01 4.253345837343346370e-01 7.330706786447681589e-01 6.609390393870990810e-01 6.981285716354234117e-01 5.646907752779484202e-01
9.398297831851694095e-01 9.290184159519179197e-01 9.289997505906523179e-01 8.802240111921402210e-01 9.461467500065247060e-01 9.209341118796383618e-01 1.000000000000000000e+00 9.547288351298752751e-01 9.433607735127175209e-01 7.574226035814499713e-01 7.507570617104173394e-01 9.307213741890357772e-01 8.536386854915758438e-01 9.846419498011552696e-01 8.171243936633838523e-01 9.800888853397454747e-01 9.662664098848217087e-01 9.942677415530442042e-01 8.789115263386977350e-01 9.348356594898803440e-01
8.321202787044820193e-01 6.034512454280256399e-01 8.279427287175716854e-01 8.549854431168660840e-01 7.286753021298659760e-01 6.866003075596807115e-01 7.487753593282804321e-01 8.869154110570151017e-01 8.891120335109293782e-01 5.367518717817092444e-01 5.893022323022113484e-01 7.390728598668239169e-01 5.219502139169760468e-01 7.664160186028022848e-01 7.257611232720887484e-01 8.473755750586491331e-01 8.879192888753556501e-01 9.434318876312339786e-01 5.934101433644031198e-01 7.776959615245974122e-01
5.573671405802337331e-01 5.914284039045518693e-01 5.288707342823114610e-01 6.678794523755055002e-01 2.844295391006642082e-01 4.170667211009212449e-01 5.439072657342568506e-01 5.797150239551239759e-01 6.324751364243289542e-01 4.474540661614865300e-01 6.115618481509677018e-01 5.617477002457764712e-01 4.086078447117080792e-01 5.457046170022578080e-01 5.300133125785296828e-01 3.620175199115551190e-01 7.714635514273319172e-01 6.378397968407383267e-01 5.279853958021212268e-01 4.808544292023343991e-01
3.996590939257426145e-01 1.712553763666218865e-01 4.002224034139257869e-01 3.833426942214260280e-01 5.192241495828440190e-01 3.891568468562690009e-01 2.529993238468557504e-01 3.824163061025730448e-01 3.369266551739717452e-01 5.489292702800727675e-01 4.369683920945761080e-01 3.767155811624746109e-01 4.249541325031636618e-01 2.582465632846882575e-01 5.196294284758107285e-01 5.101431062421019069e-01 2.858960190292013648e-01 2.658973919417541576e-01 3.140451658168388893e-01 4.706584135438140470e-01
1.670063584448025773e-01 3.851565698847553287e-01 1.694019075410840569e-01 1.581362129105454706e-01 2.687912393856413118e-01 3.184488177418973165e-01 2.326753470959208869e-01 1.228450446011337543e-01 8.816998840005502158e-02 4.750226684264023391e-01 4.069093165470575868e-01 2.900487916832484303e-01 5.020643609248703898e-01 2.101093794076051013e-01 2.598537109749303742e-01 1.641857673290123831e-01 1.132755575448888274e-01 5.906131198910299918e-02 4.778942951743577749e-01 2.552304646299904389e-01
1.732705716309171362e-01 3.506255960689370621e-01 1.599566411581667680e-01 1.014239923725684389e-01 2.699815139308123224e-01 2.397244389169223278e-01 2.060416207615876072e-01 1.024924476243066485e-01 7.302356259662472204e-02 2.298543351034462723e-01 1.967590162619667904e-01 1.634230698619928424e-01 3.026137915002191092e-01 1.914048806984027518e-01 9.796563981291030176e-02 1.493421397772532466e-01 5.606315097573810746e-03 4.981676767004082629e-02 3.299000770879856881e-01 1.807894536368797878e-01
7.859073781396671565e-01 6.102708555409749325e-01 8.302484740359519222e-01 8.047940697484601280e-01 7.330945478382040470e-01 7.068343594879484826e-01 7.856270891158926295e-01 8.533107435208124869e-01 8.831064787516899051e-01 4.755900874343405582e-01 6.231158507072462882e-01 7.270144786519139313e-01 5.115781025386030301e-01 8.132741208580760439e-01 7.414396622100878353e-01 7.986137341477750340e-01 9.053691950819882095e-01 8.677466766368703288e-01 5.942838054481482946e-01 7.922068534171087251e-01
4.513404912249375789e-01 3.939988557309790362e-01 4.519087047135481594e-01 3.152173627514890386e-01 7.127357589614810029e-01 5.461556932375100093e-01 4.488963718125760782e-01 4.169838796470375919e-01 3.589179718912224870e-01 5.464852157517577913e-01 3.641925559858644745e-01 4.111431108072198803e-01 5.955386071483119714e-01 4.431414647001951645e-01 4.675715521099939598e-01 6.085383935793587940e-01 2.508459067322185709e-01 3.079035886668250455e-01 4.788733666480741724e-01 5.460018775833763716e-01
5.823836700624982488e-01 7.990791360815538980e-01 6.041563437472688980e-01 6.118421645218816707e-01 5.239202456714397993e-01 6.343996910151390445e-01 7.415339657006025931e-01 6.474346490731526238e-01 6.658057840888967904e-01 4.560848135875538167e-01 5.273636583028165070e-01 6.599901105423126024e-01 5.422165605156525903e-01 7.121884347851829000e-01 5.071227232276334096e-01 4.712701061338464559e-01 6.971127459334059973e-01 6.977590169553754551e-01 6.911553000421370996e-01 5.755185150520831794e-01
4.912745036559537648e-01 5.344674498509202065e-01 4.694971552634039647e-01 5.492648801299514494e-01 2.424764193313421468e-01 3.824147106663031703e-01 5.102389020184640023e-01 5.519604898071265309e-01 6.284246891472736740e-01 2.201832731618827144e-01 3.711298343449751513e-01 4.528290263678645400e-01 2.279882750962260451e-01 4.989716143456485731e-01 3.763824095151577231e-01 3.532043465451789599e-01 6.631669490703111514e-01 6.603401794758030352e-01 4.114426747007036145e-01 4.132838589250167338e-01
8.605858750104441457e-01 6.716456975362868898e-01 8.793286379912006456e-01 9.488932487185827158e-01 7.722940906997632915e-01 7.189686519837802381e-01 7.345172052166217824e-01 9.171108134650102217e-01 9.433717532513481441e-01 7.818836151257217981e-01 8.001009117093516032e-01 7.970133508996353200e-01 6.442933856390767877e-01 7.903718999669535616e-01 8.734073038900633801e-01 8.464374079825489616e-01 9.504649611836216705e-01 9.221219338147811362e-01 7.095998859260330693e-01 8.295326815045250823e-01
6.690861680716496396e-02 7.365656315488275374e-02 4.067639662083362417e-02 1.591745769946336930e-01 1.770792868338550569e-02 4.259235196082043762e-02 1.874853246999594325e-02 2.729988064250372937e-02 2.156585226398279043e-02 2.518827010196934557e-01 2.377322482655025992e-01 8.238898858764201472e-02 1.478802263502459469e-01 4.037653583947097696e-02 1.370242795949582482e-01 0.000000000000000000e+00 5.663579369416229387e-02 6.325380180866500834e-03 1.325540398628237415e-01 5.134240871367809489e-02
5.398393536799314107e-01 4.809954579778888406e-01 5.287932780935444832e-01 4.433428596008456291e-01 7.287940180336126561e-01 6.582516615223970025e-01 4.986445889280052834e-01 4.357689957119075252e-01 3.992753380503902827e-01 8.438732636810724053e-01 6.194993187415922531e-01 5.300778850680057941e-01 7.499033551264241426e-01 4.546828801650732998e-01 6.306208380974820393e-01 7.014461780934317936e-01 3.091800424117120416e-01 3.718698570484320065e-01 6.500083632186294258e-01 6.345469994484866927e-01
5.288641549032588873e-01 5.850900523840267820e-01 5.420623315364586636e-01 7.199088415998944335e-01 3.209622176804224347e-01 4.409128670104124903e-01 5.424807754342574340e-01 5.918531144558035750e-01 6.463663362480328578e-01 4.724691612823375686e-01 6.472824463402889750e-01 5.652553047254589291e-01 3.980146470651425572e-01 5.655131785587897975e-01 5.296240136073674387e-01 3.686537797028398011e-01 7.436948375411238654e-01 6.284189617408106887e-01 5.303690656372148649e-01 4.621807177725066884e-01
6.169424963191997291e-01 8.496510596754981437e-01 6.304590522619950566e-01 5.958055244307000065e-01 5.107846314737202187e-01 6.206169829537606653e-01 7.460019615320038211e-01 6.107787126107714348e-01 6.707586882066233214e-01 4.479737467134022877e-01 5.605797240235419476e-01 6.715757988403133760e-01 5.723000063322496445e-01 7.127377767213747273e-01 4.900230829971337632e-01 4.723038009564727302e-01 7.460949935349681095e-01 7.140565260207745180e-01 6.744362520623876645e-01 5.379485838726126845e-01
9.468533950215282102e-01 9.266786273041971445e-01 9.321583608802794796e-01 8.761309284902610850e-01 9.756866530451049346e-01 9.602671210793739531e-01 9.902409692318837608e-01 9.698052506670826745e-01 9.857967160288599873e-01 7.637860099083113585e-01 7.894285045852286187e-01 8.658375346622787516e-01 8.096959478225176365e-01 9.838204730862787351e-01 8.427122238111715014e-01 9.729022838175472865e-01 9.367321134552074602e-01 9.137550259919746676e-01 8.688836516137734556e-01 9.322678985855795686e-01
9.556866714282873376e-01 9.497575995428668705e-01 9.730509573610569563e-01 9.002026101012245984e-01 9.420845563463133843e-01 9.034174893045631149e-01 9.929120791388920120e-01 9.737573982822906871e-01 9.751146874328407987e-01 7.641988798599789190e-01 7.581709648216579112e-01 8.969125290675595830e-01 8.186269518776191356e-01 9.745705086020969299e-01 8.739244800886118991e-01 9.425970109506763839e-01 9.373521831069668853e-01 9.238838270603232372e-01 8.295504949158470920e-01 9.054796972911569597e-01
3.434218927504882890e-01 6.066515579227418908e-02 3.490811649617889811e-01 2.842434827847039602e-01 4.667536421945677749e-01 2.887623814356272689e-01 2.230511519445691482e-01 3.462332356737474748e-01 2.525152954721349152e-01 2.893666395022386206e-01 2.241039391244852297e-01 2.577404717057047989e-01 2.946981682291029414e-01 2.856005645526163428e-01 3.522272870461966576e-01 4.929236629897937316e-01 2.285892447517446358e-01 2.855931825724187800e-01 1.925992524216222357e-01 4.242865853278604549e-01
1.869742841099446551e-01 4.002338163025677131e-01 1.571763622446809283e-01 1.604556021514297048e-01 2.673781580787137901e-01 2.716041902561082133e-01 2.673250050764168773e-01 1.275238765713330724e-01 1.101356756649654739e-01 4.738275348799512732e-01 4.054063944145448461e-01 2.736037859622437729e-01 5.134771765739676308e-01 2.268817906015200281e-01 2.796906505771089568e-01 1.566278921050344997e-01 1.070863263222213146e-01 1.321199713603370129e-01 4.308692966800232726e-01 2.341967012356489519e-01
1.000000000000000000e+00 1.000000000000000000e+00 1.000000000000000000e+00 1.000000000000000000e+00 1.000000000000000000e+00 9.651958177454962318e-01 9.737690544301748075e-01 1.000000000000000000e+00 9.722264895443141208e-01 9.772247655587269488e-01 9.881413459191266124e-01 1.000000000000000000e+00 9.766823327314266834e-01 1.000000000000000000e+00 1.000000000000000000e+00 9.973888505851530306e-01 1.000000000000000000e+00 1.000000000000000000e+00 1.000000000000000000e+00 1.000000000000000000e+00
2.159388398584681235e-01 3.664166551296968999e-01 2.002566813796455292e-01 1.933065639032168770e-01 2.542983595365929106e-01 3.226370085003868460e-01 2.315721526365811522e-01 1.116059679447501951e-01 1.107319965850637467e-01 4.875530441990178487e-01 3.251644199245091738e-01 2.521303224586111669e-01 4.635318072664799116e-01 2.301447100649098298e-01 2.414354549181196297e-01 2.164984982180973294e-01 1.049895047273737281e-01 1.049135957150287846e-01 4.395269478484633008e-01 2.053453812106502130e-01
3.861582525932104604e-01 1.929545719375399537e-01 3.891933026463814116e-01 4.086132545527338955e-01 5.057569377337364225e-01 3.979790104095785042e-01 2.476982776400776798e-01 3.569278004729252718e-01 3.020610970545779539e-01 5.763623962004473800e-01 4.513628230030598543e-01 3.545340638068114059e-01 4.502441886994338338e-01 2.826961704650449159e-01 4.869739759748229480e-01 5.262266856371694557e-01 2.714194784410509098e-01 2.877312334719146492e-01 3.200957024192255806e-01 4.688583013552800605e-01
3.263705809313464656e-01 5.649564113065012882e-02 3.287300456715994135e-01 2.446149727033017363e-01 4.715560321249491760e-01 2.945391397258405042e-01 2.482306165869045123e-01 2.713414235172952882e-01 3.058815178569779247e-01 3.496017138216813702e-01 1.975652215822387425e-01 3.079242778801513092e-01 2.741904612142448960e-01 2.812227144358196984e-01 3.632906127551911446e-01 4.907622940788659016e-01 1.973123799529395150e-01 2.605171163993714734e-01 1.749425784485729995e-01 3.726317239917817381e-01
6.463928143063815135e-01 9.027075796783630146e-01 6.433920402528504612e-01 7.279141674134438356e-01 5.294036449999294236e-01 6.610189516104455487e-01 7.580205298079495391e-01 6.379106084465532289e-01 7.116705195459147593e-01 7.014899883603042952e-01 7.938586644590336361e-01 7.525045165455049867e-01 7.070425994771594169e-01 7.537342959148612964e-01 6.587880395618668228e-01 4.982809628392693702e-01 8.087953914176166936e-01 7.409532247615036038e-01 7.994422367008721109e-01 6.073520040667234055e-01
8.362570489378857719e-01 6.022680260392655471e-01 8.163573864780268030e-01 8.157857428244768005e-01 7.301323569272425429e-01 6.868553951862422791e-01 7.687481551641528466e-01 9.004619168889277381e-01 8.469984188300755390e-01 5.284223943516330735e-01 6.064745434731251272e-01 7.270258593264725677e-01 5.055333760955502687e-01 7.714898340833442614e-01 8.062155571243969643e-01 8.035380335342445779e-01 9.045882687481426876e-01 8.970772346955300236e-01 5.623444804761326132e-01 8.002775056050246416e-01
0.000000000000000000e+00 2.956273104947426678e-02 1.072638649818495431e-02 0.000000000000000000e+00 0.000000000000000000e+00 0.000000000000000000e+00 0.000000000000000000e+00 1.022673581087247575e-02 8.303761537808610578e-04 0.000000000000000000e+00 0.000000000000000000e+00 0.000000000000000000e+00 0.000000000000000000e+00 0.000000000000000000e+00 5.212727770531255453e-04 2.203754296109747875e-03 2.890182713369517358e-03 0.000000000000000000e+00 0.000000000000000000e+00 1.787327315532207797e-03
9.510513401795143151e-01 8.875877398309975908e-01 9.551841921415550329e-01 8.474567330458936398e-01 9.927827732283545092e-01 9.418109455465667468e-01 9.671182145132612984e-01 9.482691485081847782e-01 9.389024268963448439e-01 7.769238362633044126e-01 7.972793188105494755e-01 9.035080033286269074e-01 8.278921193439537918e-01 9.725167127719374083e-01 8.719152243482310993e-01 9.418928641312671601e-01 9.311505188585457171e-01 9.576107891192346955e-01 8.279290968548311813e-01 9.772019913121653412e-01
4.511825672707798773e-01 5.140689256509751726e-01 4.636648326944962095e-01 5.558153657177862250e-01 2.615310854657089124e-01 3.642934807002920494e-01 5.251833754961074963e-01 5.490494821306532991e-01 5.820977218883471860e-01 1.790956304776722963e-01 3.753534814497278549e-01 4.788762795960583851e-01 2.704218643880411110e-01 5.660518697347000083e-01 3.829927980173852275e-01 3.001528249824141348e-01 6.762103786860205190e-01 6.466185091562447473e-01 3.982932386576787942e-01 3.878894527982325591e-01
6.683228552407092238e-01 9.042863599972374988e-01 6.545315938950677648e-01 7.503580795848017182e-01 5.480367453112080511e-01 6.895290342499401648e-01 7.775554279285462611e-01 6.633952688087406679e-01 7.413746357264280329e-01 6.730522721186642521e-01 7.582887787382016631e-01 7.283346331929846373e-01 7.007948597539295221e-01 7.427581459623860960e-01 6.289463473928438297e-01 5.023657248621204996e-01 7.929117019776378283e-01 7.566805920675533370e-01 8.035967087289562771e-01 6.301550356942696718e-01
6.723968742269939014e-01 9.167864823665200502e-01 6.506764874859864989e-01 7.446199869731257026e-01 5.568983515905707726e-01 6.619740305404033798e-01 7.231663230889454619e-01 6.602153650281286090e-01 7.028100682888167583e-01 7.140081679273615478e-01 7.761425671516868352e-01 7.584004146528220414e-01 7.004514119739780886e-01 7.769004759523027159e-01 6.456719621555885302e-01 5.331145017199809821e-01 8.014511658261121996e-01 7.314886473796516908e-01 8.060923499063940012e-01 5.766897149871625938e-01
1.384596890993068929e-01 3.260215043815878344e-01 1.419188184580973955e-01 9.236103201133979979e-02 2.607237831789339655e-01 2.428397381923058651e-01 2.047664836829348745e-01 9.581964356056521526e-02 9.650858724349908879e-02 2.584270646698646479e-01 1.582628707896426845e-01 1.741826575027394797e-01 3.001374171589635265e-01 1.604178955620835789e-01 6.339382066694604356e-02 1.222651016914930028e-01 3.033220864202018641e-02 7.797725577490471904e-02 3.163088444906144714e-01 1.406097961044688871e-01
3.381485752804537226e-01 8.756312385605380388e-02 3.381098675974995027e-01 2.368398855218037946e-01 4.735668179477534045e-01 3.198989851847475752e-01 2.312277049376605109e-01 3.150303711563060549e-01 3.018686042837212535e-01 3.009386929742310923e-01 2.183341025767410737e-01 2.525272554118093704e-01 2.965583056224040392e-01 2.291337037497575557e-01 3.485564370439964144e-01 4.696371579581706812e-01 1.880604616069372070e-01 2.448916403607051262e-01 2.060090382126735786e-01 4.213441577141722183e-01
4.205008134490356708e-01 5.166561721851735678e-01 4.577571180721328736e-01 5.696474840451217769e-01 2.495167943310441783e-01 3.754157695127475214e-01 5.150973409409642656e-01 5.512391352025437508e-01 5.889686558465397903e-01 2.275885835705815097e-01 3.926240990038163403e-01 4.912683202403451133e-01 2.416346753140542758e-01 5.738353631676054167e-01 3.644387885006314387e-01 3.428477762435904186e-01 6.398988872691725449e-01 6.621439399256030534e-01 3.755579475555478886e-01 3.805534074894037500e-01
3.564369241221421181e-01 8.176953662388489197e-02 3.221262134346835615e-01 2.574707346504370720e-01 4.895001210744924225e-01 3.264053619663800365e-01 2.387650339621518181e-01 3.012704183063377172e-01 2.904062462998251437e-01 2.924693344815202378e-01 2.250081822628541839e-01 3.100293893097896269e-01 2.295330938705835155e-01 2.149587918600861791e-01 3.462589305881396129e-01 4.809762510648860068e-01 1.985310018701907098e-01 2.808620230230849946e-01 2.126925292928721622e-01 3.996778796523089983e-01
1.846010756209099657e-01 3.867146647544936200e-01 1.714249198036327804e-01 1.864420108852730962e-01 2.520505115317095424e-01 3.153856069646487903e-01 2.504680978190509943e-01 7.762458214138887036e-02 1.073723411494162117e-01 5.070138539871476002e-01 3.756928639603631104e-01 2.956351876375916676e-01 4.964143259445408241e-01 2.457571727496173919e-01 2.784398398466016444e-01 2.187449526864813643e-01 9.693578285715706566e-02 6.864105135804096647e-02 4.119259452195300208e-01 2.270202288670181423e-01
1.782529687920066386e-01 4.069277111639484357e-01 1.687895913746741416e-01 1.896297863515270798e-01 2.797944677035211769e-01 3.202434839114615128e-01 1.860247440399328267e-01 1.157408780855135877e-01 1.243724809276906124e-01 5.053405533608684719e-01 3.987732380834962398e-01 2.728512933364539150e-01 4.640604036372735219e-01 2.322097989120829320e-01 2.571921154673246224e-01 2.028480846432227092e-01 1.286543189679421328e-01 5.140662468680474301e-02 4.054178885100819807e-01 2.031882952948934895e-01
5.167501531182046026e-01 4.762466836263690717e-01 5.026830300235856086e-01 4.174945051339094548e-01 7.432359407154814912e-01 6.180866895932111138e-01 4.915275197513281347e-01 4.357875481019327646e-01 4.192160136916237012e-01 8.149758414309635768e-01 6.230141942171040226e-01 5.362168363582635600e-01 7.795808138045069446e-01 4.529525548322053674e-01 6.639527110256685516e-01 6.920715976137974401e-01 2.820191517442077189e-01 3.610374098880215210e-01 6.304974739502338110e-01 6.212501220862188811e-01
2.047730887934835209e-01 3.598305931496151855e-01 1.826911985924547510e-01 1.569242424009394399e-01 2.499041019932620178e-01 2.839052633547992643e-01 2.466382525100729584e-01 1.126330166664338689e-01 8.663726026127949176e-02 4.555913554804879584e-01 3.510840070640313115e-01 2.461540730467533522e-01 4.707905620040504502e-01 1.966824067847005031e-01 2.754355802317163260e-01 1.934248579525305878e-01 1.091487438793962012e-01 1.063754805297349865e-01 4.673121195345660839e-01 2.548996152146103533e-01
8.964233938429509718e-03 3.579024821956376971e-04 7.083189538113151412e-03 5.798212504918199769e-03 1.758715825684226824e-02 0.000000000000000000e+00 0.000000000000000000e+00 2.509906971420918995e-02 0.000000000000000000e+00 0.000000000000000000e+00 9.368795653087669956e-03 3.657824573834808288e-03 7.245904925529537619e-03 4.406482898093429246e-02 2.319282758395138644e-02 0.000000000000000000e+00 0.000000000000000000e+00 0.000000000000000000e+00 0.000000000000000000e+00 1.110499044511585945e-02
8.656692863360564427e-01 7.146603222100811337e-01 8.706350063587677823e-01 9.615037419554329778e-01 7.324509543799370137e-01 7.108273624911412014e-01 8.014615512816548604e-01 9.413960547440756166e-01 9.404321091794171084e-01 7.800462247151115358e-01 8.516234111891340941e-01 8.463546878756065261e-01 6.852179801234741241e-01 8.663121219676653828e-01 8.691697719087588814e-01 8.738696455719507927e-01 1.000000000000000000e+00 9.144764855861954311e-01 6.804954471436645003e-01 8.146883718071755709e-01
3.486785519062194916e-01 1.174330447942280309e-01 3.474733711579597317e-01 2.550464349412449039e-01 4.604054230518147550e-01 3.398087322827540446e-01 2.782307711664288585e-01 3.307595775753874312e-01 2.811462972706300634e-01 2.872712717962728202e-01 2.371020258307633966e-01 2.633042812009228628e-01 2.872915639987860259e-01 2.315042079223064986e-01 3.734847547508369225e-01 4.884690052418340089e-01 2.483520177429949793e-01 2.478970125938250446e-01 2.122495967685371632e-01 4.190487817284834771e-01
6.327874308073725418e-01 9.150017318825153234e-01 6.709706333663940647e-01 7.223335785686976207e-01 5.424293318755371018e-01 6.816907019223817921e-01 7.423245506408463479e-01 6.646496841463603866e-01 6.755664820411200200e-01 7.148253801226409632e-01 7.868782368230656799e-01 7.679585561308448494e-01 7.375713816905454800e-01 7.188852202698423621e-01 6.484511299015861541e-01 5.114425643626641094e-01 7.835723849634805838e-01 7.438965219199519252e-01 7.962162198907859478e-01 6.223661562456916929e-01
3.696903648230179251e-01 1.365971924679992844e-01 3.219126533647372335e-01 2.774106797972483163e-01 4.635470680589066639e-01 3.006369921092644781e-01 2.401182051615413371e-01 3.070800123569303874e-01 2.827569221732069149e-01 2.775683722153091115e-01 2.416594691208071299e-01 2.435167650459086897e-01 3.143897130082250468e-01 2.515123177565469770e-01 3.673744485910488411e-01 4.832255387852166240e-01 2.643427943439095595e-01 3.023328343845292920e-01 2.095995170673574104e-01 4.235900365425961933e-01
4.450279945763571665e-01 5.143723882751429777e-01 4.661140933974781686e-01 5.741390012460839687e-01 2.355479546630105392e-01 3.687660803630497530e-01 5.362487964213287217e-01 5.454257153582384721e-01 5.967843623243878071e-01 2.097328495382275448e-01 3.994864475590683695e-01 4.478565370374450461e-01 2.812246355020581179e-01 5.574185710285776141e-01 4.038162823992323958e-01 3.476341707741116283e-01 6.747644225841301635e-01 6.498910677634741617e-01 3.662055919216143374e-01 3.854744407740147150e-01
6.345661371552099306e-01 9.066335655911639257e-01 6.883253127536478333e-01 7.245723248046515019e-01 5.317086905934624852e-01 7.064595300333790240e-01 7.613282786842533456e-01 6.442719673033481254e-01 6.832607756407182986e-01 6.582130775546447543e-01 7.632114275854720020e-01 7.748457655501596042e-01 7.010563788474191149e-01 7.428327554864218030e-01 5.927717942490298153e-01 5.241460361356033992e-01 7.842353793989637056e-01 7.574324896304813759e-01 8.335189010887803507e-01 5.742873571138020772e-01
1.163641858026425863e-01 2.935420754389757581e-01 1.110510616097032111e-01 5.732338982268610217e-03 2.646039898398823698e-01 2.537176962827359383e-01 2.272633362173892280e-01 9.613071811217398233e-02 1.505196275570925002e-01 2.355115500025908859e-01 1.476188517134684741e-01 1.846696951568196077e-01 3.131753239683534029e-01 2.013329940166531939e-01 1.013554747975224241e-01 1.099041609498035976e-01 0.000000000000000000e+00 6.221725269801808150e-02 2.953925022315653237e-01 1.419297562797356693e-01
