5.467406605870628322e-01 4.119049160061618586e-01 7.901100646390095683e-01 6.279729241947022977e-01 7.703701688529051017e-01
4.558783033968658582e-01 7.784451480232805753e-01 3.834606447081586600e-01 8.773181026241716474e-01 3.417194275884590238e-01
4.097027028392079551e-01 6.228844637943435902e-01 2.707203734123635464e-01 3.299296069949069210e-01 2.109200086379643402e-01
6.314797162706489164e-01 3.421694894805242804e-01 7.149652860233934870e-01 5.126831295977629654e-01 7.065479833221519623e-01
9.732944013771449576e-01 9.700282571811893462e-01 8.562336053659634905e-01 9.939937053027478875e-01 8.300721486632287593e-01
5.665540640358023294e-01 6.790759281751422849e-01 4.082096192351039599e-01 8.694041426315487486e-01 2.933160666624641810e-01
5.986676489986544336e-01 3.395719149326417718e-01 7.686389832164204350e-01 6.935835166145611907e-01 6.476690702543725919e-01
2.768167989824262334e-02 5.482334096640911758e-02 1.546565307169185943e-01 1.245160020865195005e-01 7.634859087284109891e-02
6.708904005072482413e-01 4.090951129218300952e-01 6.911709389777694890e-01 6.608043291869311053e-01 7.973930472913561829e-01
9.295804310918975855e-01 1.044525140410548225e+00 9.101587193050545421e-01 9.912037337691358418e-01 8.794936591090611877e-01
5.981205139124672332e-01 3.150101536242700395e-01 7.245887383736635545e-01 5.718772159060167004e-01 7.254423163176111355e-01
1.041335123400155993e+00 1.000210676916512220e+00 9.459746341576492634e-01 1.004151389255659943e+00 1.019889273773521898e+00
8.485429487595028686e-01 9.166723631595897759e-01 9.945051688506418852e-01 5.489289971145928648e-01 9.482198808080726238e-01
8.438144032102945502e-01 9.617418798644746802e-01 9.229172957891971230e-01 5.473775305832031535e-01 1.052435381805386427e+00
3.457444042170524923e-01 5.630805148127800974e-01 2.646637667421541384e-01 3.435545420669765537e-01 1.622669454227929631e-01
9.455210841931075416e-01 9.538715509046550300e-01 9.305891092199186643e-01 9.696105643185418677e-01 9.327308562585271412e-01
3.406779018700397121e-01 5.555027472471449901e-01 3.474513421733723684e-01 4.100828250190073354e-01 1.832798285182438702e-01
5.722132572285231200e-01 6.684575339740078670e-01 3.189165707339245981e-01 7.361560646510130201e-01 3.059303328614362272e-01
7.544382663585940119e-01 4.107892829733729156e-01 7.712335126914240391e-01 6.455697163125069249e-01 7.157753627621025183e-01
3.545022302639670997e-01 6.278616358038714429e-01 4.280361957157631236e-01 3.264955729395135342e-01 2.606383909107991559e-01
2.062738573888469595e-01 6.649424671596002034e-03 5.930848164874948786e-02 6.911339422663241583e-02 6.692110652106869617e-04
3.056424276902310333e-01 5.785877610055299991e-01 3.226268628381117054e-01 4.460185589100255088e-01 2.399137153572338255e-01
7.640590794292595467e-01 8.497683971227524280e-01 8.069218447194794752e-01 4.824135267685162876e-01 1.007414998602373268e+00
3.824764229481626421e-01 6.004007335566625692e-01 2.614960387219681381e-01 3.407258748251539293e-01 2.391709435904747494e-01
3.302343248823611521e-01 6.611812369269539635e-01 2.291316942110761812e-01 2.675691837840727394e-01 2.527465585469527709e-01
3.526432278955687893e-01 5.602625975953395843e-01 3.114587373352435407e-01 4.545021064463402038e-01 3.059941166788717193e-01
9.641323856850140261e-01 9.601590508196247153e-01 8.822443818014262806e-01 5.784637402077736912e-01 9.778033760247276662e-01
1.356456241132293628e-01 4.981274440873072196e-02 1.466894851973141178e-01 4.101205717916882043e-01 9.198212723111447164e-02
4.896139224875367124e-01 7.318791418447245789e-01 2.618399244539728610e-01 7.682007368679800718e-01 2.754564384279158951e-01
4.952836447254967828e-02 5.254021480228181912e-02 -2.040674252453342219e-02 -6.823720886469457347e-02 -1.946637021799285314e-02
8.129038232050280754e-01 9.035992529012977226e-01 8.633276031771713876e-01 4.855022262918007314e-01 9.510731226316508913e-01
1.582543275361385227e-01 3.505869885510772693e-02 9.140734199529132464e-02 4.029960269460903244e-01 -4.340606813432601463e-02
1.316053603986008791e-01 1.782295193905890640e-01 5.228556459348306096e-02 4.090608095331784710e-01 7.024659367277200084e-02
5.495999289261269682e-01 3.206993843988834025e-01 6.682933050970260025e-01 2.595804080647645673e-01 7.068290357668217672e-01
4.789225554542747010e-01 3.003013702490274772e-01 7.383651732826583824e-01 2.074714473216980881e-01 6.894753701916987998e-01
3.168990620882778941e-01 6.785123051683218387e-01 2.785553829123946779e-01 3.914415483385272898e-01 2.396602322190313494e-01
5.791252753864354341e-01 6.960752931146702016e-01 3.406492143755605606e-01 8.500480780360563093e-01 3.394949417976251826e-01
4.669271023320067382e-01 3.586772708181902303e-01 5.982427641568767163e-01 2.192332049715588760e-01 7.628858705032317555e-01
9.722253017424286048e-01 9.381175963228521875e-01 9.882374673306150159e-01 9.782483513517707951e-01 1.011512400478978391e+00
7.319000942763960182e-01 4.128882733090705748e-01 7.946481468857038433e-01 6.072389106549311855e-01 7.579464893957782445e-01
1.671494044050639283e-01 5.123740744947744008e-02 2.093869839708776409e-02 3.984934674386819697e-01 1.020833881060848047e-01
5.222602976982693157e-01 6.418167953280912164e-01 2.829974887916124060e-01 7.535400941646925865e-01 2.672334888714330559e-01
1.045019277390593082e+00 9.850822595655260860e-01 8.873201615914153573e-01 9.656068005216874583e-01 1.066314218548082060e+00
5.507594942365954260e-01 2.954252083731852552e-01 6.406153053187901847e-01 1.967501618975112665e-01 7.346656762620524805e-01
3.729438430301845742e-01 3.166995988286346320e-01 5.454947951480531021e-01 2.754205226279146101e-01 7.453149882832238449e-01
7.688121997136980745e-01 9.287478377208647773e-01 8.893102216343731214e-01 5.573519943564413381e-01 9.793419139900959580e-01
1.013669128487457716e+00 9.733765572158673551e-01 8.938332536169275588e-01 1.032866449706691281e+00 1.030881214989336936e+00
7.533335368169071788e-01 8.967647339151592067e-01 9.046165167677979735e-01 3.691956275270079635e-01 8.843602544981823410e-01
5.655986716737472220e-01 2.538747302564493546e-01 6.153496170891661343e-01 5.752436878139819409e-01 7.473203703693592770e-01
1.012279208390725493e+00 1.054347629280244947e+00 9.851546956578643988e-01 9.282490766490418821e-01 9.901830272702727420e-01
2.446221738788386113e-01 7.915000678571841586e-02 1.493761220566255654e-01 5.501919573085936044e-01 9.355504658819169261e-02
6.867369036244362901e-01 3.445558627927412521e-01 7.224313799775132772e-01 7.455684916916768268e-01 7.463436872722710724e-01
1.212219267294275676e-01 5.172990933390630292e-02 7.182149112485985976e-02 3.996462552348057917e-01 2.579492554955476261e-02
8.254561040016011875e-01 9.888488362228375905e-01 9.360532364081509682e-01 5.025209326210713368e-01 8.309093576261976644e-01
3.973268410766314096e-01 7.083394429735023756e-01 2.532291014767145687e-01 3.546191785163905763e-01 1.858307629878087341e-01
5.759465461435457900e-01 6.691717141212684128e-01 2.939527176617308113e-01 7.773270468183069992e-01 2.892265275652728951e-01
6.179298978654597096e-01 7.161089996332213881e-01 4.661214421646764361e-01 7.522130144618419667e-01 3.703169395116659435e-01
4.205235737000122542e-01 6.021315297082416862e-01 3.580881505044501978e-01 4.593519601249757001e-01 2.676586336347814843e-01
3.593950783430119866e-01 6.182274880535806316e-01 4.018279950692251745e-01 3.771241424076533511e-01 3.342609520130779277e-01
8.273716089923716099e-01 1.012373802943111967e+00 9.935708342985638541e-01 4.577228478563494796e-01 1.001917347203238107e+00
6.674377964509030370e-02 -5.193580091781620223e-02 -1.697885599574570567e-02 7.516285350773506402e-02 -3.528471590956796383e-02
3.239045019354393484e-01 6.668814593466886320e-01 2.878014794756292294e-01 2.777086959287295986e-01 3.418676432522638753e-01
9.495282465330548982e-01 9.672919443701724074e-01 8.971520189061339412e-01 9.602902834990455494e-01 9.299848155691977647e-01
4.083724506896270756e-01 7.125134751498756192e-01 3.447947666788207521e-01 4.100806343139459242e-01 3.916154812601631008e-01
4.412783293098229143e-01 6.720274166036103169e-01 2.941126769432282351e-01 7.299313228199393322e-01 2.670511041808834585e-01
3.769650944124257608e-01 2.795287721770425282e-01 6.694677347542445922e-01 2.767010238680986389e-01 6.409030620625879582e-01
5.430233188300550573e-01 2.913129169873318047e-01 6.886670009428578210e-01 2.304071098950549179e-01 6.835332692021778289e-01
1.135247210650176808e-01 4.839914328025883561e-02 -1.342566362989665307e-02 4.982503371863828967e-01 1.418432333012122418e-02
4.343206350792864767e-01 3.393345649777598227e-01 5.447959832318081119e-01 1.591761845481237392e-01 7.310618005269235997e-01
6.386175876914305105e-01 4.510758128943578305e-01 7.628030676382819841e-01 7.441146118310071333e-01 7.823031382950359491e-01
3.617891822577302130e-01 6.283602123440815701e-01 3.101780459646077959e-01 4.106387772417021131e-01 2.877999008870358866e-01
4.665474451303112668e-01 3.295169507558415312e-01 6.245383823637851162e-01 3.409786669161355421e-01 7.551782140041389813e-01
1.711813658289761675e-01 1.364054535207194774e-01 1.687061639535524515e-01 4.838882649666373936e-01 1.132810639005141229e-01
7.473937300562317754e-01 9.209813846279467642e-01 8.444470360778292273e-01 5.074739014259227465e-01 8.703944893972407337e-01
3.211955600205670391e-01 5.746644167986936225e-01 2.322682852837214540e-01 3.200282251597224570e-01 2.529049532024567060e-01
7.803591481319142042e-01 9.335510433760133564e-01 8.125407310288434992e-01 4.369988860360037308e-01 8.837809888157632798e-01
3.164398478924503877e-01 5.619176994840892059e-01 2.544840156635164163e-01 2.825671073407324263e-01 1.947070240338588110e-01
2.107907707370602624e-01 1.343919833562745303e-01 1.435422848559945730e-01 5.147277911838242792e-01 6.356550573991398556e-02
8.424597935309235952e-01 9.833888788500715350e-01 9.557946371822324538e-01 5.666383335809086486e-01 9.434324357697879693e-01
-7.054618873093068676e-04 4.384867217106299536e-02 -6.301116200767340088e-03 -2.040477965374522945e-02 -3.986970718199560337e-02
-4.874658270855536379e-03 1.970393448328163627e-02 3.981803776009371770e-02 -4.934921372995056815e-02 6.618757576931379172e-02
2.444664182228220850e-01 5.254899421069886278e-01 2.169310827065694391e-01 3.893136602382379907e-01 2.373924157743564634e-01
-6.318238199889007756e-02 -2.563159064782006419e-02 -9.852949749262483736e-02 -8.864201140360438921e-03 -7.707298833935857796e-02
7.053786322428852174e-01 3.685093341538612788e-01 7.824985421355311610e-01 6.704722423822553345e-01 7.386829937553850423e-01
6.450892890495543153e-01 3.203431041147695169e-01 7.522008194589372421e-01 7.174867129221398354e-01 6.784952231491840902e-01
3.605336477628553471e-01 5.813287864804653760e-01 2.797894639553000773e-01 4.723085791979343417e-01 2.060052913669315755e-01
9.267650484063665317e-01 1.069883855860003452e+00 1.018904750045000807e+00 8.905156085641751096e-01 8.722163405219717225e-01
3.345126335196666467e-01 5.781270968133052079e-01 1.417349500232593373e-01 3.949107399971531485e-01 2.141069982217800038e-01
4.353052729298346746e-01 6.459554081555165528e-01 2.823772293300387259e-01 3.771754681263839171e-01 3.288808505928876857e-01
6.822847399883203989e-01 2.448969965641451529e-01 6.376908432311297892e-01 5.573327433594151836e-01 7.355666066731622044e-01
8.182477853289038539e-01 8.488772701559643696e-01 8.679609332705291447e-01 5.292668896459133965e-01 8.860714598082020110e-01
9.846848625045614423e-01 8.775472862301247901e-01 8.515538986092442419e-01 8.981223074992353839e-01 9.923498450819753236e-01
4.914601223518576534e-01 6.489132080673156722e-01 3.017362482373889820e-01 7.374592067585390431e-01 1.747385354475522734e-01
-3.093798559723440894e-02 -7.634713159223322464e-03 -2.538131856057742122e-02 -1.360184770393939313e-02 -7.721471304826278692e-02
9.908111035282052281e-01 1.047983421559289585e+00 9.069983706637734233e-01 9.174729719009679929e-01 9.424253328187109924e-01
1.683473179018986632e-01 1.501962228103143060e-01 1.089849193677133732e-03 5.361850120326177027e-01 1.300465666072828097e-01
-6.378567604134491309e-02 2.684428091546446626e-02 7.527723977882067041e-02 7.768353231791232105e-02 2.896900299526873612e-02
5.793338517669975873e-01 4.348864877029898768e-01 7.823718573756924810e-01 6.676718264937751002e-01 7.385409950009056423e-01
1.038998390657918325e+00 9.566705187980716341e-01 1.010507842356207719e+00 9.836007125369953252e-01 1.071950920006164321e+00
4.616468272152719071e-02 -2.556915178544737557e-02 5.376146020330874187e-02 2.182719623716165847e-02 9.512490196277792465e-02
1.002622558023983368e+00 1.067324587399912650e+00 1.001303911079635789e+00 9.306014784758925851e-01 9.563924681744597756e-01
4.468244340352298116e-03 2.201392434423345146e-02 4.654296380251207038e-02 8.473248403357259984e-02 1.651176348518321180e-02
7.800393535767913278e-01 9.284076493832029708e-01 8.411278364146876907e-01 6.423801300705856976e-01 9.406403009601581600e-01
-4.281868867428914593e-04 4.841779823843289643e-04 1.040505156239482087e-01 1.718002296482796232e-01 5.442089370910019319e-02
9.984153932016136546e-01 9.090251977814018947e-01 8.633120556952879054e-01 1.052198480818890003e+00 1.005736871332572502e+00
2.138659892977004540e-02 -4.639133802613466806e-02 6.301694899450788201e-03 -4.583532606861339537e-02 1.196394957897211203e-01
5.440736749689645269e-01 3.114465185062984531e-01 7.415243661102500772e-01 9.832485774854968219e-02 8.498846422062152905e-01
5.238595258212563888e-01 7.609205092522722813e-01 3.558196369120091296e-01 8.546910334813866417e-01 3.444416297309728092e-01
4.971255354731739518e-01 6.175984301032321211e-01 3.859894318715912376e-01 8.896952094624124285e-01 3.248225173608658145e-01
4.594696488850857213e-02 -7.533920085804269445e-03 -3.954005193526777262e-02 4.868252427184054792e-02 -2.574524145585081747e-02
8.605729182100241292e-01 9.384378961859153323e-01 8.650215139481393090e-01 5.341612925019240121e-01 8.791735624760895762e-01
3.532947582832596245e-01 5.956470725907434538e-01 2.391208972463902405e-01 3.040960862382879881e-01 2.643197526780081130e-01
5.481666059607036567e-01 3.363544341902550139e-01 6.007638919849304093e-01 1.207498575930162354e-01 7.665614411051907551e-01
1.746096919680037163e-01 5.119697662068588284e-02 6.346221017901573780e-02 3.726674623208077186e-01 1.047406491211556184e-02
4.013637148243128783e-01 6.310877951179535428e-01 2.478141537502807634e-01 3.675817493767470912e-01 2.730250846586648739e-01
4.683378444081444103e-01 7.266137717155276565e-01 3.846769671128119072e-01 8.464660800656635953e-01 3.359587369963842329e-01
3.206911257527654269e-01 6.845270591998281473e-01 2.958078316983424050e-01 4.049431026041256376e-01 2.284969990231467407e-01
3.797262057619668063e-01 3.080418608731449459e-01 6.121095875468747227e-01 1.148975959204348862e-01 6.612138664513432795e-01
3.616073032143394261e-01 5.466887637306366843e-01 2.601215058238188771e-01 3.223348728109874939e-01 2.904782599972255408e-01
6.663699450546972658e-01 7.199677826626309507e-01 4.128410705338356745e-01 8.789254149121494830e-01 2.494591641322232434e-01
5.757937608699796872e-01 7.108106256664405986e-01 3.068901943350435535e-01 8.933216006668963649e-01 2.761854599166472246e-01
5.358398336196938949e-01 6.544603670891491198e-01 3.682393280200130237e-01 7.963541340734550111e-01 3.753364437471086168e-01
5.609574980220354279e-01 6.641429104284717333e-01 2.608406677087072856e-01 7.512633036818753274e-01 1.827601247178589627e-01
5.778219251886835828e-01 4.449779619593921542e-01 8.252042728814493744e-01 6.835897073018792902e-01 7.969748471547338786e-01
1.809498615651938813e-01 1.946022113550528038e-02 1.071837618156753630e-01 4.315206972132777929e-01 7.786802234493554742e-02
6.352825358851331705e-01 3.752504043596116556e-01 7.204803939227443221e-01 7.516541101405613823e-01 7.973905882067191531e-01
8.211085521882565130e-01 9.341475914158178240e-01 8.527316672446934032e-01 4.788263293886987904e-01 9.483072046397602595e-01
4.170398578702270292e-02 -5.223314833168844762e-02 9.331878130485725398e-02 8.287720699520402523e-02 8.322116285281153103e-02
6.022228878306259414e-01 3.954863489471442950e-01 8.323553272562436156e-01 6.714183761768524050e-01 6.867146541297448614e-01
2.488919945353501029e-01 4.746078813537742136e-02 -5.649171646221293197e-03 4.423041723734877917e-01 3.599824577100759621e-02
4.202645141873465606e-01 3.438073901748198158e-01 6.098729293145066510e-01 1.769114433359467164e-01 7.978299183938039052e-01
4.238118242727647034e-01 6.500656794110463155e-01 4.317171435139053881e-01 4.245910856663848709e-01 2.103079167847010655e-01
4.087374391526567285e-02 -1.283547603506213566e-02 1.161165515166453638e-01 6.837479489643760733e-02 1.280201958053585332e-01
4.626236090427172654e-01 2.744270444502951434e-01 7.681686064655177670e-01 3.143689821327299017e-01 7.098896319735249483e-01
1.137295611203464896e-01 3.245935831251794274e-02 6.492525053135654589e-03 4.557297334751760354e-01 -5.967814316648636930e-02
3.315381611838399412e-01 6.200064390939916681e-01 2.610987174859625282e-01 2.305324452999074625e-01 3.014486327343595118e-01
4.588606873436189559e-01 3.560099017086428841e-01 6.420110058799974873e-01 2.562486338109543627e-01 8.593198556436387747e-01
1.881157205184312564e-01 2.310836160798237365e-02 5.768421225776362848e-02 4.535856420433550529e-01 7.413415972363195106e-02
5.393914307540450537e-01 6.483852256678391823e-01 3.835747350282697754e-01 8.108592920199224618e-01 3.080210218857634130e-01
9.759697730558671847e-01 9.438175992409051362e-01 8.974415745496692187e-01 9.288704068347912735e-01 1.090032200037514887e+00
5.229323507406326010e-01 6.298967385439632194e-01 3.388657336455783708e-01 7.201409437003192249e-01 2.335779868587808394e-01
8.771245887954897125e-01 9.518304249900545466e-01 9.297213497454350772e-01 5.681343721783819189e-01 9.517836131955577095e-01
4.893518898876965117e-01 6.338146502215021849e-01 4.133682230105275024e-01 7.991609438548860078e-01 2.867706875107979836e-01
2.839967549607448349e-01 6.413738782199513988e-01 2.214735744781762272e-01 4.001228455684535668e-01 9.468568838238701491e-02
1.569459517656105613e-02 4.525190653471763969e-02 -5.454949309835728510e-02 -8.358149224425089063e-02 -4.935474162349157146e-03
7.970588328044732052e-01 8.904355688303186023e-01 9.152594795834557706e-01 5.556392272890332551e-01 1.034195698262206031e+00
1.742530571685905472e-01 7.109025030895593789e-02 2.615492450062657098e-02 4.539570902995044843e-01 8.325425247934437056e-02
1.785860641027275930e-01 1.293708785591828614e-01 1.414279125753495903e-01 4.767216058716842175e-01 1.319738211382993631e-01
5.694924011619231230e-01 7.539738855231832293e-01 4.018069041134356145e-01 7.776556590843544114e-01 3.828261435737306817e-01
6.272450878255223516e-01 3.078020871131170733e-01 6.741236144674318531e-01 5.795380166005253963e-01 6.799366778849239568e-01
5.688129723333171794e-01 7.824781262298200479e-01 2.482483538547220203e-01 7.142280682653292523e-01 1.846191222028278345e-01
5.700346169252198392e-01 2.687566958294785868e-01 7.761926512829038227e-01 3.210408072663626933e-01 6.592858822910192540e-01
5.545646380405636622e-01 4.020231306706823493e-01 7.283269482839114239e-01 5.749959916085212175e-01 6.760780720411674327e-01
1.154890792824788126e-01 4.679171793577772964e-02 1.239758571543690679e-02 4.758963838873785379e-01 1.057230078089946568e-01
5.968288878234820904e-01 7.195787976777255901e-01 3.734000441989802632e-01 8.272537614691142238e-01 2.830775353843613673e-01
9.847430924124492835e-01 1.033019791551559097e+00 1.003981446299594182e+00 9.626093472522024852e-01 1.026986658231924698e+00
4.526968310658083805e-01 6.410632477139971419e-01 3.302380228747563429e-01 4.397635114879560603e-01 2.004636105328153617e-01
1.808972350479398639e-01 6.282207296288069842e-02 2.223490471489962816e-01 4.850777999511770022e-01 1.167539171940705500e-01
6.099958783326385747e-01 7.653938310500131292e-01 3.701246901211736051e-01 8.332907562259550538e-01 4.532883414903347563e-01
4.532055506535070388e-01 6.664047521994298506e-01 2.056701223347428553e-01 8.411070178604732606e-01 2.939464427791500523e-01
3.870870950806660216e-01 6.375831215810272568e-01 2.346399365311286345e-01 3.535606331602772490e-01 2.325752302770925373e-01
4.779575047466340654e-01 7.898876800291850797e-01 3.711296848060008924e-01 8.580673137247140092e-01 3.383102515224884477e-01
1.099430601798960516e-01 -1.448975349073335084e-02 3.622437832815575409e-02 4.883810055871783962e-01 1.214763951228454431e-01
7.720692476118076186e-01 9.946965829743109611e-01 9.506652394556476260e-01 5.260810909522032341e-01 9.276017946219046184e-01
9.501707123135172406e-01 1.020334979207988546e+00 9.779520562477183043e-01 1.046723424512220779e+00 9.562579244398151657e-01
3.526947019635062186e-01 6.226510456664481330e-01 1.626734907165434674e-01 3.707908436443512201e-01 2.156527945482515085e-01
1.504823906384220034e-01 3.203074704716735860e-02 1.104201922860663654e-01 5.432170700764739069e-01 1.349925608925123532e-01
6.028894945719053267e-01 7.120351772818001024e-01 3.847435278583216656e-01 8.704786214920749998e-01 2.698748493466717191e-01
2.722897838328437459e-01 6.236009597195825149e-01 2.015907341090819038e-01 3.777911817432736963e-01 1.726236988690363072e-01
4.648448403248318650e-01 2.943814632494424210e-01 7.010183666436566874e-01 1.797626060751547905e-01 7.810974447087866146e-01
9.266586776341740883e-01 9.726778770668339513e-01 8.797944299287121517e-01 8.216138320629773339e-01 9.527419648745915071e-01
5.866619337719722882e-01 6.566937897973018634e-01 3.305917255554696177e-01 7.057506873688135229e-01 2.583670047056050856e-01
4.172975213470889733e-01 6.593272907295495422e-01 2.417085771376393244e-01 2.667062040125087741e-01 2.516062725594854221e-01
9.321888698201870049e-01 9.460747539541218831e-01 9.052966770970994892e-01 5.968569405666503958e-01 8.645606999102768420e-01
8.243534074516000176e-01 1.009112789955035172e+00 9.200843796034551270e-01 3.787454795108528005e-01 8.375429706214342351e-01
5.068717476779640574e-01 2.497896718976483632e-01 5.704137875949427672e-01 3.797074379636644625e-02 6.618827539978233698e-01
2.407954002938758054e-01 1.092279063620278101e-01 1.889557129034155902e-01 4.894671790289453206e-01 1.215638938208686987e-01
9.256350210051134120e-01 1.031015807721520128e+00 9.816298451095312183e-01 1.081488295621075624e+00 9.944493707701765883e-01
1.048431727180785922e+00 9.925126191668448561e-01 1.017849723049278232e+00 1.071702794207364473e+00 1.095460427269556281e+00
1.610195605184723544e-01 8.121832846191170963e-02 1.173006019035874731e-01 4.194052623527171897e-01 -2.573822684354271084e-03
2.414272486653895322e-01 1.041631800401313646e-01 3.592126587134382432e-02 5.126816006969823203e-01 1.358385612118623298e-01
3.878152212483418348e-01 6.423087165370973128e-01 2.366112327579534269e-01 3.244152051660295077e-01 2.698988940512686563e-01
6.584034378340012372e-01 3.386703720684585139e-01 6.988471454947851047e-01 5.842425066569449932e-01 7.383723237675243745e-01
5.988241583607472052e-01 3.953636118391142817e-01 7.930373488628117418e-01 6.625784912610089838e-01 7.154136176009140424e-01
3.044607220189121111e-01 6.278617257139081920e-01 2.427756616746022944e-01 2.886769488177439169e-01 2.420877735828672328e-01
4.479129942905274442e-02 -4.021182437672023505e-03 1.087274275987082095e-01 1.082671654162579156e-01 1.069289704952763737e-01
5.356114257903351605e-01 4.615618338939094789e-01 7.422733823619129812e-01 2.974702058942716443e-01 6.809675256576399605e-01
2.001781781532531723e-01 4.660588100504895609e-02 2.645996421412922378e-02 4.934759124516377993e-01 3.121957571876683019e-02
5.087630149235871091e-01 7.116284010741824595e-01 2.828167357580553265e-01 8.110960338633773636e-01 2.493582581819411836e-01
5.718206064332513883e-01 7.258766564414975697e-01 2.124992619662930959e-01 7.390367171160806548e-01 2.166377432008459447e-01
5.830337638776184050e-01 2.785927943516306460e-01 7.170126145386340744e-01 2.324416060314271337e-01 7.466190443012987732e-01
4.654258276474260159e-01 6.278702227669642477e-01 3.376440087480205854e-01 7.193900333637188726e-01 2.193270625302346510e-01
7.450794877450081510e-02 8.421078395427723795e-02 7.170165987309942701e-02 1.081903364289219516e-01 4.026845998862114973e-02
3.310411931006136399e-01 6.268151327748792134e-01 4.238816180983990822e-01 3.389622039308290979e-01 2.663893084550824075e-01
3.383812835576586187e-01 6.827449594300140090e-01 2.472553198206969838e-01 3.580497418904504681e-01 3.051480135347762190e-01
8.103844111164106856e-01 9.684504343629085632e-01 9.085069375676820824e-01 5.269893717506120012e-01 9.996258647139794062e-01
-1.119806568141097636e-03 2.555971131551590392e-02 -1.218730000962828242e-03 1.365015830180277001e-01 3.950198243937089182e-02
4.854432506524811175e-01 3.403157012136123205e-01 6.262222921883701110e-01 3.306238099538847397e-01 7.330237304267319676e-01
1.007992441376306392e-01 -6.286988258330834800e-02 6.716044651958101575e-02 1.261033536713808412e-01 1.322907472228409542e-01
8.548646825346749301e-02 -6.119937188113811627e-03 3.375928400912996813e-02 6.557995784898459912e-02 5.337060403858365915e-02
8.923734354982120198e-01 9.250405889210954191e-01 9.225170356578841213e-01 5.955373248461595104e-01 9.282913256480794795e-01
5.763078512461724534e-01 6.718421846936245556e-01 3.814373225021547298e-01 8.133289958974141420e-01 2.942813602139139895e-01
5.410322039679623662e-01 3.509871296872498214e-01 6.519876805409717813e-01 2.361776231610610011e-01 7.750100873727499007e-01
5.450281572835018462e-01 6.758929308558995208e-01 3.969992306067977594e-01 7.758091017693555802e-01 3.283924556345652612e-01
4.952774541702325006e-01 6.526575956584801386e-01 2.946314317874765276e-01 7.651480002474499997e-01 2.627563669317120598e-01
5.250226265855849617e-01 7.429247336572507576e-01 3.026222961255740085e-01 8.086495175576889904e-01 3.318853138567269268e-01
1.081693193790161711e+00 1.018023998069993219e+00 9.881713791214482567e-01 1.062724355328046544e+00 9.544828885069867042e-01
8.533632540710535119e-01 9.161504534374234066e-01 7.920980172538844011e-01 4.291510030959934108e-01 9.845091524284153017e-01
8.661827026363755344e-01 1.028327919072468788e+00 1.063007167583909229e+00 5.352775904876307944e-01 9.503329909194335734e-01
6.944311219757516307e-01 9.189745939694595744e-01 9.941987198860940955e-01 5.727353748292072222e-01 9.867821484528069842e-01
-1.139823559828049421e-02 1.226197027221077700e-02 3.287563236985600879e-02 1.049893132019113912e-01 3.974528921163309608e-02
1.002599304554538495e+00 9.553421100935114429e-01 9.710130885174156345e-01 1.003798577289412242e+00 9.413514705501050406e-01
8.871040784486983188e-01 9.853581545176014478e-01 9.454195955594982825e-01 9.473106039124891131e-01 8.939204016196417024e-01
3.782329436364173514e-01 6.055780592887313185e-01 2.637151500994465714e-01 3.551527239126566204e-01 2.022333257986354271e-01
4.022293357864435981e-01 6.069377323178279937e-01 2.525316768950949253e-01 3.888893479087789373e-01 1.894369205033594183e-01
2.059023363598258272e-01 -1.556910494553657986e-02 1.548873776751615028e-02 4.785519170805196953e-01 2.221467558121185265e-02
7.814669642611663525e-01 9.368291387834091211e-01 7.933586796341728364e-01 4.462002571201327261e-01 8.430758603718331301e-01
7.790627627096590180e-01 8.951786353361846915e-01 8.297131385800161629e-01 4.623138613697406751e-01 8.904701063957479734e-01
7.954994958564080010e-01 8.982253653499103763e-01 9.368388858807854547e-01 5.477997951552404654e-01 9.899305154595502421e-01
8.282196442065876685e-01 9.687453823408811449e-01 9.996227657066415473e-01 6.107366783150827150e-01 9.232117230891331294e-01
9.255816921378527337e-03 4.336587853518197866e-02 1.715599636085839499e-02 -3.784083673934700992e-02 -1.824442405486060084e-02
3.858259866862865373e-01 7.103254946607641118e-01 2.629373640474215179e-01 3.184594542022032848e-01 1.963283012735557720e-01
4.744506898105380621e-01 2.572328735207531358e-01 5.874130407361388695e-01 1.333649875506436322e-01 6.884466524524902598e-01
5.920820255472004634e-01 3.680500180554537315e-01 8.048702145621561277e-01 6.385167840473994216e-01 7.023328231595490356e-01
-3.613193104026816982e-02 1.074428619666468743e-01 -1.366713784388791375e-02 1.500641260674970279e-01 7.875184441889747367e-02
4.667852407095592349e-01 3.513690843856845381e-01 7.011777351330040764e-01 2.412669231190605612e-01 7.630055361048168061e-01
5.565640298450711398e-01 2.799726316852635954e-01 7.598196108888667366e-01 3.267270128547796748e-01 6.819494024763255169e-01
6.230731571614834818e-01 3.336046907394060179e-01 8.258899619720866392e-01 6.167966012596611813e-01 7.146176279463907210e-01
2.370333467947648987e-01 1.284721103310967338e-01 4.406174672828752636e-02 4.517646459968375772e-01 5.863336788465234317e-03
5.016639191679433951e-01 6.108440158174074375e-01 3.055304671832595464e-01 8.106681931059738222e-01 4.378762024611822512e-01
-1.146302278974825097e-02 9.650620475819902955e-03 1.089531062664423067e-01 2.644664741457656253e-03 -5.379723103514525567e-02
4.813370930572965500e-01 2.842724373496381962e-01 7.660584590853709575e-01 2.877056790915424322e-01 6.726257511028561620e-01
8.379071581850130457e-01 8.797599206393665883e-01 9.963114463442982460e-01 5.906218642017603271e-01 9.321364767574910060e-01
4.801091991364876410e-01 6.442349335961579104e-01 3.269858157186351644e-01 7.295786583937825531e-01 2.437733970150801621e-01
5.578618566813479118e-01 3.171182830222795679e-01 7.869314416979974469e-01 6.001261894641602979e-01 7.747200624528973734e-01
4.793101909735623112e-01 3.429681183079812956e-01 7.199204704675652433e-01 2.891001853018256296e-01 7.614264308802825010e-01
4.378172517902114702e-01 3.762511524464696167e-01 6.248846786148578580e-01 2.372095326323225561e-01 7.261613129340810380e-01
2.736860921462301866e-01 5.935553075405866075e-01 3.222030574025094296e-01 3.421344858618391438e-01 1.390259602575272257e-01
3.990647048822695137e-02 -5.611596370633170627e-02 1.664062226035942227e-02 -4.860159783834552133e-02 4.084404244907137438e-02
5.918719492996026288e-01 7.142215642055531610e-01 3.364508683743740458e-01 8.114317279487790469e-01 3.762480326724002011e-01
3.577544663719661178e-01 7.211960900324487778e-01 1.458700448067516975e-01 3.571413096209601901e-01 2.260099147836962530e-01
4.820532205347438093e-01 3.073398024008190954e-01 5.667751340746184363e-01 2.579861558795548682e-01 6.892325338803934054e-01
7.410999481005949852e-01 4.190540060385866128e-01 7.782879699649258853e-01 7.117078788751116658e-01 8.230597258698828522e-01
-1.392321588488488852e-02 -1.356027801346740627e-02 -7.533228779948655807e-02 8.038085125754273683e-03 1.448442984540690426e-02
4.876036606469711931e-01 6.730577283349645779e-01 3.117913484700095550e-01 8.004169397580913614e-01 2.520167530599491390e-01
3.030658237611988937e-01 5.689298262665621886e-01 1.791418593553816274e-01 3.224216400569360763e-01 2.421779915059220356e-01
-6.887115796733808692e-02 7.158877299899955859e-02 1.997697592628563945e-02 7.190321201747748581e-02 2.596197741365118342e-03
6.430983220022591373e-01 3.927506751615448821e-01 6.673594071505307701e-01 7.064035144877324202e-01 6.997535654180323528e-01
5.407387433413988198e-01 6.327415065285778573e-01 3.128544502031447294e-01 7.685560690803940886e-01 2.300106096707985603e-01
9.637646229591328995e-01 9.241614414530696653e-01 9.387585654333624463e-01 9.771837640418168380e-01 9.441286783930779025e-01
8.064986589595946054e-01 8.992636417751590505e-01 9.398124493220438858e-01 5.876080868057689255e-01 1.064945521547539853e+00
2.217652262619965731e-01 9.981287678995681700e-02 8.169132717571475633e-02 4.874931353808077406e-01 -2.703051300786143973e-03
5.678641584429091616e-01 7.220522076626095798e-01 3.687848357896504892e-01 8.324463686361033288e-01 3.130135668231798229e-01
5.655478665208106825e-01 6.533574573495909421e-01 2.975817508642225051e-01 7.935267815648668899e-01 3.153755654492666483e-01
7.489189159653432126e-01 8.536267696349585377e-01 8.867111721791277601e-01 4.681778055114947379e-01 9.222034972339440140e-01
-9.775394631234874884e-03 -8.840617342331368034e-02 4.197148934936441138e-03 -7.579022156256662313e-02 -4.038149770336121186e-02
7.332441404393765794e-01 3.753862180346352884e-01 7.455603974466785688e-01 5.492114209189400409e-01 8.145179911537249184e-01
2.362191751403006634e-01 1.024629225197570825e-01 1.322431363084125289e-01 5.283566251538870384e-01 8.956280526899562666e-02
2.260624403639086011e-02 -1.357450122937041079e-02 5.614822127345824032e-02 2.361551917269687217e-02 9.242932823133373499e-02
5.830466390016074696e-01 3.727348299585978020e-01 7.063042753202003476e-01 5.987664623497450656e-01 7.252635420857472814e-01
1.020505974506965424e-01 -7.229230022514494813e-02 -6.076964449324187556e-02 -4.232349913889176668e-02 -5.606086553124306482e-02
5.392818352820337446e-02 -1.730662071720655976e-02 1.129355434975935490e-01 -2.390530118732111381e-02 -5.948627287109416184e-02
3.902172325185029184e-02 2.930239250613268787e-02 7.301554606167441619e-02 9.625435943696733498e-02 2.602630133851413508e-02
8.050850195393800535e-01 9.824428533624637305e-01 9.465318892964633690e-01 5.719841101136016182e-01 9.192894326649055925e-01
-4.224897288064662082e-02 5.403274758060403089e-03 8.079189265652590712e-02 1.315982859294219653e-01 9.372991432137800505e-02
2.211450207043032246e-01 9.070180546938222399e-02 1.422280497985046188e-01 4.094071045822283428e-01 1.972293011474386681e-01
9.985084830975259340e-01 9.678074528871574156e-01 1.058059796568628919e+00 1.015814840187515111e+00 1.091297640171854599e+00
4.838528542009332134e-01 6.505618196654469054e-01 4.002977400400743457e-01 8.339556725612097265e-01 2.970874589707566127e-01
5.038557789573100409e-01 3.038139220489757819e-01 6.845611249538078313e-01 9.079841422219114833e-02 6.800113937323115643e-01
5.365598322155407107e-01 3.417142229005166176e-01 7.123293126733695191e-01 2.371682476096846348e-01 7.743073183676132398e-01
6.421268917803817367e-01 3.486246015664523634e-01 7.217735247845640245e-01 6.292404971330060048e-01 8.611039549163447271e-01
5.277813696506012953e-01 5.941186732068158838e-01 3.534761167695971706e-01 8.312779114490412846e-01 2.931533475555608281e-01
2.629687109797496647e-01 6.856778099697511397e-01 2.463646974244277921e-01 2.564418416186723948e-01 1.958505755995846309e-01
4.239151468960739577e-01 6.082537105206756722e-01 2.952664984016383776e-01 3.831944782837127250e-01 2.985785024213092331e-01
9.497221438827178897e-02 1.881655189382145515e-02 5.402203601798701710e-02 -5.614245546742501619e-02 1.143437519070390068e-01
5.497675119824367851e-01 2.337513077604140288e-01 7.468679583285739998e-01 2.433719369816410016e-01 7.439908256342132598e-01
9.123209629118563813e-01 8.893022882341902191e-01 9.754523921614830506e-01 5.077008353650148686e-01 9.696041618844392085e-01
5.325950777434246275e-01 7.153209416266571585e-01 4.012884991337857254e-01 7.808534404715291588e-01 3.698167940625834427e-01
-1.376561701210290978e-02 2.572593089190088229e-03 1.712974652704633144e-02 -2.652995554273170076e-02 -1.049397436337417416e-02
2.587706443961744762e-01 7.422980155325217821e-02 1.670591389516183911e-01 5.150256719747794421e-01 -1.229557359514919790e-02
5.674345646904496165e-01 7.224333108594455100e-01 2.743897991934332037e-01 7.841233911432222703e-01 2.161069939212107993e-01
4.014096972580357692e-01 7.015117862347982625e-01 2.511844522810035008e-01 4.960833806931444490e-01 2.798854014913508270e-01
8.135851429162815895e-01 8.511001019652320032e-01 9.016757957021757086e-01 4.713936941374602396e-01 8.854359372339158929e-01
-3.697259196207577231e-02 -2.898791851244985826e-02 -5.641685375374547867e-02 4.588130410059045733e-02 -4.510988943583433240e-03
3.058291356977893560e-01 6.515506717403637404e-01 2.517969333013875821e-01 3.876545686267358071e-01 2.496961810004740545e-01
-5.288829151028649755e-03 2.626813675364489051e-02 -7.819701557569816441e-02 -2.427254360083699837e-04 -7.556660242543948580e-02
7.558667784810106649e-02 9.408835157473491306e-02 -3.104560964546438512e-02 -3.274476526487241079e-02 4.346884912427679409e-02
-4.796869512668222590e-03 3.044533445194121807e-02 1.142335375019303267e-01 -1.628092257347745625e-02 1.125143027797373824e-01
4.941509759783836442e-01 3.188945467015277258e-01 7.519165364875539659e-01 1.511147421433234328e-01 7.740573830580882442e-01
2.951841713538559397e-01 6.896293791883125746e-01 2.437747670739917605e-01 4.212917538643970450e-01 2.389072189747876163e-01
1.953802897441941355e-01 1.015984568208989636e-01 7.898061653016708039e-03 4.649429123094400151e-01 3.228628093225005546e-02
4.714294190933250306e-01 3.849257682179633711e-01 5.938040795219221568e-01 1.561610057963762621e-01 6.372209958996679635e-01
8.433955614411181578e-01 9.817286531862394749e-01 8.303483137190892371e-01 5.632311417163329281e-01 9.204876405996003097e-01
2.435441480193807073e-01 6.866053944810697474e-02 5.028446207712743143e-02 5.231446225313186593e-01 2.403714165011740928e-02
4.379724494686053071e-01 3.535108269195562647e-01 6.482648233869384713e-01 1.175188229186312217e-01 6.365036006012173564e-01
8.375771665051343629e-01 9.017099859143675733e-01 8.493890227301787998e-01 5.211781549974957573e-01 9.423309172904916764e-01
4.269495029842494960e-01 3.476999129714670733e-01 7.808780537327052462e-01 2.220975354386112155e-01 6.803950391423287947e-01
5.397934130111841089e-01 3.136493419253961190e-01 6.499351401174611187e-01 2.215599278544951867e-01 6.750546950797180479e-01
4.446266624360379338e-01 2.676332646055408215e-01 6.130449432169536861e-01 2.023779419616469899e-02 7.026735899771352489e-01
8.486194554640840160e-01 9.921573057182525579e-01 8.877696037162091658e-01 5.083031194316075529e-01 8.999001311683884063e-01
3.978138389037770284e-01 5.684501459150473890e-01 3.058489518906342686e-01 4.261515929349665166e-01 2.986944683261864020e-01
2.110292271441157330e-01 2.056488584337319570e-02 2.393861933530158637e-02 4.331578072888851993e-01 4.928245752087941078e-02
5.568732035435720595e-01 4.369021833077551542e-01 6.842838765004710666e-01 6.530408936008562648e-01 7.206120447446932031e-01
9.116799562849187133e-01 9.593354521433274940e-01 9.797544334893459883e-01 1.007446204417298041e+00 9.554121749142747699e-01
7.096007055265692864e-01 4.099431012211757208e-01 8.293396549384105532e-01 5.488690941067458917e-01 7.316954495012412130e-01
9.145234283923604490e-01 9.727581237942241055e-01 9.975879490625987334e-01 9.297165001891374292e-01 1.029710439199305272e+00
4.156068579123873286e-01 3.303390312797821471e-01 6.771621098457853982e-01 1.561310954329324374e-01 6.813316020109044802e-01
6.428937922621617007e-01 6.559098569337511453e-01 4.045003363993888157e-01 9.813360500849995782e-01 3.418456092834863957e-01
6.845054968777997129e-01 3.197489729799614100e-01 6.764040528472039515e-01 5.783635050980832082e-01 7.202728961956398335e-01
1.579622706789506337e-01 4.728823944846383132e-02 9.965957009605663774e-02 5.707309009979587566e-01 8.802240210685424726e-02
3.666042581491665842e-01 6.361853170866549334e-01 3.391268966656808548e-01 3.588976319098635681e-01 2.264007024056455541e-01
6.560341606546211679e-01 3.778269751664286580e-01 7.285857942102025309e-01 6.249055788553774526e-01 7.820418656310923478e-01
4.036155917744021493e-01 6.064330518418908911e-01 4.031868612917673955e-01 4.402357300528894068e-01 2.461292948611900344e-01
5.435160644983344502e-01 6.890771316252880530e-01 2.695988485159498405e-01 8.098556334658818523e-01 2.800957240680984617e-01
6.632997510170987043e-01 3.801132903255005080e-01 7.691348966934057341e-01 6.530098610871981624e-01 8.404850266146628446e-01
7.226952418640195663e-01 8.727257805697178350e-01 7.950197576139905742e-01 4.662649895560104230e-01 9.420623508375530752e-01
1.868445645437530334e-01 2.292584602898289914e-01 9.670643820732888196e-02 4.633885720387066476e-01 1.224992015781133925e-01
7.256028299550973948e-01 8.063692605071963726e-01 8.668596481021780820e-01 4.800064887788200729e-01 9.263787533990452960e-01
6.021295058265543343e-01 6.832904906094955377e-01 3.017489382220183702e-01 8.542599283761269646e-01 1.593808442816261051e-01
5.423051445494406764e-01 6.756061031947774298e-01 3.070146110372012904e-01 7.869442938133334176e-01 1.847048889875694266e-01
5.140656207760871954e-01 2.606918194638385700e-01 7.553630104380896215e-01 1.469190640940121473e-01 7.619778443303049098e-01
8.203142400596751260e-01 9.125625429007424572e-01 8.461339356873601725e-01 5.026361375241136242e-01 8.469358333778671533e-01
1.836074190575924005e-03 1.870684983060151574e-02 -1.593145210616062346e-01 -9.830811712159510246e-03 3.459428795291690645e-02
2.976501917469506209e-01 5.730178873374806026e-01 2.156454190328895293e-01 3.159161308282407710e-01 1.889201434447657368e-01
-7.799791420316778967e-02 -2.846976655319862284e-02 -3.102049887250195662e-02 2.718588727828861323e-02 5.504328214425657784e-02
9.231144051015438556e-01 9.999828332097435712e-01 9.114652950049080271e-01 9.471535269917725763e-01 8.823474808504063738e-01
4.124129946509475647e-02 1.601261161778399361e-04 1.194528517180735022e-01 6.314307262142219990e-02 6.949945269997229169e-02
3.084013637739476121e-01 6.677697051383579829e-01 1.065606014901229470e-01 3.878978866517749369e-01 2.335565717361975102e-01
8.262154436624067344e-01 9.578064355431777921e-01 9.157341745554458123e-01 6.200379071084014537e-01 9.980895116275132484e-01
9.174505466283551236e-01 8.825640021180457540e-01 8.935339169400731141e-01 9.177898447813140903e-01 8.972725851151112098e-01
3.658856560813859016e-01 6.026827750872245648e-01 3.045041944375477816e-01 3.457845393757547070e-01 2.496032024804933913e-01
4.210573389546475309e-01 3.608187968907388132e-01 6.339467593656556987e-01 1.999052434190697058e-01 6.826104704883574348e-01
5.991567637211027142e-01 6.584054679856019554e-01 4.785387517602858742e-01 7.533981233405161460e-01 3.813451764323868010e-01
4.412641024048424288e-01 3.166197813431732011e-01 7.032180481357773738e-01 1.790705862227577883e-01 6.757839271547050330e-01
7.938893800501228837e-01 4.213903320475503866e-01 7.005957641234772382e-01 6.660847281909773043e-01 7.089930133384648725e-01
2.407917625095044034e-01 -2.367432223135181035e-02 9.829907415883575028e-02 3.046509839884986026e-01 -2.334383781116153300e-02
4.810674817250761848e-01 3.009643402544342483e-01 7.323615962248745115e-01 1.616416659617964657e-01 7.224959689986819589e-01
8.235226059338232041e-01 9.122103485107486698e-01 7.554516893687234225e-01 4.166161125023427614e-01 9.423425061413420734e-01
9.560622714113079512e-01 1.045016934474167991e+00 9.118184880808850590e-01 8.835885788039228306e-01 9.387598504577527869e-01
4.709549853685144338e-01 6.846434692882220618e-01 3.843912270801789210e-01 3.649726463461273052e-01 2.369855058765913403e-01
1.470292615022835425e-01 7.277398177030346138e-03 1.684254102359061256e-01 4.725509274026086226e-01 1.629905441760337234e-02
1.442299136489349209e-01 1.540671829561608697e-01 1.702418144405876133e-01 4.321685781248428837e-01 1.750891484489954242e-01
8.556376403382576212e-01 9.677090751933714596e-01 7.856070108320325485e-01 5.554189030010748818e-01 9.234592295540100526e-01
1.750784683303957534e-01 8.979896033030929092e-02 3.997142434851891357e-02 4.679574486361101626e-01 1.345246113355360804e-02
8.327151241843795404e-01 1.082994657847858200e+00 8.970538447956605266e-01 9.305518996762576212e-01 1.013464418555826807e+00
4.491154802443166338e-01 7.144463439195801735e-01 2.623339745686926183e-01 7.980183122789558103e-01 2.284794522670612338e-01
8.964129779705914958e-01 9.880093532700012782e-01 9.803965807727340609e-01 9.435433680834225401e-01 9.703874730981740804e-01
6.082590263869650515e-01 3.951671428406056674e-01 7.149484132834232897e-01 6.709737367198381763e-01 7.012198965220963753e-01
8.877926956480634013e-01 1.073231283988463236e+00 9.256708428214591722e-01 9.716107133726885614e-01 1.004178334028580588e+00
6.658850805222212843e-01 3.901316953869717885e-01 7.686188997196555794e-01 7.180765298077054215e-01 8.479496544838442951e-01
5.118145987978044431e-01 7.351042691878245661e-01 3.842729364230341726e-01 8.680810275703321199e-01 3.570527730258251653e-01
3.298757576259742086e-01 6.243349653240303221e-01 2.432206204507521563e-01 3.505947124602231124e-01 1.889886381967746665e-01
5.569429398969586442e-01 3.972535551108996033e-01 7.484036228238664101e-01 6.622917366772177461e-01 8.528632459692163659e-01
5.771826224841355435e-01 3.701075999486934665e-01 6.289454962162822627e-01 1.934915855048920108e-01 7.752939596914379949e-01
6.919230899707580207e-01 3.137921377131156486e-01 6.667026836270503187e-01 7.177417240862605796e-01 7.881355900894484456e-01
1.037569055506230464e+00 1.014249034656512283e+00 9.526019892325057192e-01 8.304337436088662372e-01 8.786415055242963179e-01
2.781647405149583197e-01 6.206843106363958001e-02 2.020953633799677795e-01 4.568397433613790581e-01 1.253931958031551386e-01
1.107263056118720640e-01 6.664838765504670082e-02 1.689977549469218188e-02 5.588950487766300990e-01 1.649866955338637545e-02
5.262370129819575748e-01 8.073736526559469606e-01 3.354669649981990576e-01 7.634526094334058710e-01 4.022847940912090969e-01
1.743391681239693514e-01 -4.394971016917298412e-03 -1.714202259862213085e-03 4.040311084650119455e-01 1.267546676718702414e-01
3.208912036367250198e-01 6.661405303634784225e-01 2.860380144420712201e-01 4.935377578051796110e-01 3.294978230558347487e-01
4.009916161284294844e-01 6.669865636731352465e-01 3.456147941297966764e-01 4.090069611914884384e-01 2.987570432840941370e-01
5.223858197538536752e-01 6.521569372926192543e-01 4.138600558823455344e-01 8.173801771982701636e-01 3.239171411544235490e-01
-2.987496699417387450e-02 1.475131007322280641e-01 -3.220139069689722383e-02 1.082586804941323456e-02 6.816249574997533534e-02
9.476504162487098260e-01 1.020386807445679445e+00 8.233235444186273178e-01 9.094873364448839981e-01 9.761371885144304317e-01
5.984190132650348826e-01 2.708493266386942655e-01 7.062896362702067998e-01 2.970734523668243643e-01 8.124648327202869114e-01
2.739819241946992445e-01 -4.001916262607255192e-02 1.771323606572833276e-01 3.616659526991964357e-01 6.921990092561979002e-02
2.867866022037838247e-01 8.916540882125817413e-03 1.944549547108853360e-01 4.142336832810852298e-01 1.087131350515384426e-01
5.260365690553990836e-01 6.460131392267248751e-01 2.158693657221680273e-01 7.649318204631290197e-01 2.178599859268009753e-01
1.133564998803364421e-02 2.880647065785714445e-02 2.085775519076099593e-02 1.279149229691294368e-02 -1.003379342753214776e-01
5.265510592577162807e-01 6.693503515902740064e-01 2.885907685972631254e-01 7.740593537232494104e-01 2.994008164781509773e-01
2.857122693262514335e-01 5.552020883113907290e-01 2.426918976842543652e-01 3.535901224114654795e-01 1.991510659135644901e-01
8.913887416996018054e-01 8.825963706873390935e-01 8.490998208252324986e-01 3.601614355425800662e-01 8.181739080662833175e-01
5.073348965771933283e-01 1.900753352057236722e-01 5.687833185211271791e-01 1.680829413629312818e-01 6.609934218648528814e-01
3.268107708751255003e-01 6.040551844607779941e-01 1.593714794226038234e-01 4.264490990041204244e-01 1.997736562163980878e-01
-9.890520323269551273e-02 1.005613014339779704e-02 -2.769674900041078913e-02 8.686437177552464028e-02 -7.253628160518825474e-02
7.437154533574659165e-01 9.803506076839452188e-01 9.016719004009250416e-01 4.726518099141638340e-01 8.618729531376075892e-01
7.670660023698943064e-01 9.176896393495692639e-01 9.718805887796595488e-01 6.493328051222446717e-01 9.642544720749988141e-01
2.407428877588404237e-01 8.838508177446731395e-02 1.942792275381982903e-01 5.636173573072020826e-01 1.891680814215059570e-01
7.676900968193999253e-01 9.835864930389653926e-01 8.489382990521138206e-01 5.345724452737631305e-01 1.007745498454515776e+00
1.009834744493136816e+00 8.962742615732072204e-01 1.016545971036249441e+00 1.005251507711051095e+00 1.075317047588703057e+00
4.665315500833416285e-01 2.941706746256671501e-01 6.216547226809989724e-01 1.861772206232467364e-01 7.190568095954243955e-01
2.559250063019776755e-01 1.093081355795942622e-01 1.568407739665347578e-01 5.773328477511833201e-01 6.328176019848050227e-02
6.853292790658300770e-01 9.510722593150185977e-01 8.939757176506037961e-01 4.729307214879459598e-01 8.924687427142055096e-01
3.860478092977558950e-01 6.836036224417266771e-01 2.440051145555232892e-01 4.135342577050304946e-01 3.219593010411720968e-01
4.259175113900930953e-01 6.352672136710723061e-01 2.727581554687276144e-01 4.005172100107198818e-01 2.467588058505952864e-01
6.232654420879860657e-01 4.733365691011163778e-01 6.959782182890442703e-01 7.245575271212112423e-01 7.459918416698454458e-01
4.640086386725343903e-01 3.059113371788098057e-01 6.204118046352409266e-01 2.005937506156699746e-01 6.968704068839232102e-01
6.247415400704678934e-01 4.547226047765694501e-01 7.699433824106193258e-01 5.786631561881735442e-01 7.626430509808276303e-01
5.647697261545845393e-01 3.351631892700098758e-01 6.259590890972615007e-01 6.206458947520885339e-01 6.170964197221311398e-01
6.390951884041148334e-01 3.696510578606089226e-01 8.249779698666858119e-01 6.314398942997975217e-01 8.652580038078339086e-01
5.177333202422267355e-01 7.518222901780704515e-01 4.332153449832158998e-01 8.798415865224491483e-01 2.669817605628552193e-01
2.353736808987193507e-01 -5.657301436644060488e-02 6.846590463581876673e-02 4.113562631973044503e-01 -2.290793903794566266e-02
6.337285562107496384e-01 4.155105190585024477e-01 8.426532924000158520e-01 6.307072299696165896e-01 7.777141126126679849e-01
5.501475304232842367e-01 7.600580888663727164e-01 3.142779060656435419e-01 8.663135103060576325e-01 2.723519115425037107e-01
6.841177263744157022e-01 3.759709733938320086e-01 7.047482911642949377e-01 6.216470494874483110e-01 7.269175258097858583e-01
2.834148905021360854e-01 6.011359946360526063e-01 3.108810080502731332e-01 4.198766892655020344e-01 2.219208415685691715e-01
5.523741542348046263e-01 3.004330246604530186e-01 6.066656456097454519e-01 1.609917130424699250e-01 7.055708947419697674e-01
1.087104131151507058e+00 1.127291110158154197e+00 1.098759728697273674e+00 1.032671024830275064e+00 1.173573756108222232e+00
3.411611698463368758e-01 6.126791162987645922e-01 1.364157622220618094e-01 3.803799471685255784e-01 2.670703969661172850e-01
3.726281588446585524e-01 6.344330893962737417e-01 2.748860354308295117e-01 3.454883273956164680e-01 3.003573127103411622e-01
9.332220806660491697e-01 9.781780733014763252e-01 8.067122619342602663e-01 5.152383106651183819e-01 8.430242649745190997e-01
6.149050623313332409e-01 3.400822386967145561e-01 6.185022852735529986e-01 6.009718295988458747e-01 7.308667043429356580e-01
7.927052624066536213e-01 9.345195329631998948e-01 8.667373172082964983e-01 6.194135029698470962e-01 9.909432105216098297e-01
5.285507815848565771e-01 3.212403221406341935e-01 6.800625454959789984e-01 6.342705303645445047e-01 7.471478362547628871e-01
8.470215569746145645e-01 8.762110625877804759e-01 8.819916812283382646e-01 5.286506345823757114e-01 9.263053769029364615e-01
6.636947131771920860e-01 6.133092369774666430e-01 2.021319360691953282e-01 7.452436874128913757e-01 2.351245337603617425e-01
4.115203633588324084e-01 2.701712607980693570e-01 5.593287139755401816e-01 1.818605086388656589e-01 7.332084213527302330e-01
4.574116689123735036e-01 6.275304580076814798e-01 2.655032397136197209e-01 3.709695645976909817e-01 2.202650727852436541e-01
1.755985816269539646e-01 9.840520256178952874e-02 1.587691858370047782e-01 4.093529351092362600e-01 4.806203926658830783e-02
9.931380113853444103e-01 9.978560325222194383e-01 8.737859693262478578e-01 9.980976775237693221e-01 1.051193462621606622e+00
5.686030573478136896e-01 3.822021899832520608e-01 7.240949468866366701e-01 6.284467564339398793e-01 7.272228753404543777e-01
4.495978530624828440e-01 3.286529742035467216e-01 6.524332659284503011e-01 1.679226342888625045e-01 6.833866360232345727e-01
9.436603480804656163e-01 1.055947827418745044e+00 9.614562757863933662e-01 1.038960289852270735e+00 9.571233309060439565e-01
3.924160097947884673e-01 6.555903582190367729e-01 2.185613279621612948e-01 3.003435552854118451e-01 2.158003709936149317e-01
8.545305290413804933e-01 1.046274769382979475e+00 8.934614971306700237e-01 5.687502811949813886e-01 9.735816908336411002e-01
5.275886810750780587e-01 6.504199386705422636e-01 3.849177766624622965e-01 8.378440092359983327e-01 3.082078664274700008e-01
6.066701615936797021e-01 6.956354848398540458e-01 3.364361522689993111e-01 7.886018851292274645e-01 3.175486031008969423e-01
6.115886894384660044e-01 6.546847468513707913e-01 3.695424189829478179e-01 7.975650769186072298e-01 3.242158566423360977e-01
4.114216929624736618e-01 3.368971411515050418e-01 6.670052958897109141e-01 2.200988309403556498e-01 5.375961921833513069e-01
4.856723556102867656e-01 3.532906707773202926e-01 5.505811306545681516e-01 1.233347561196757453e-01 6.231065594075301250e-01
7.430600240661098255e-01 3.098350484824486384e-01 7.629921020394229147e-01 6.500470345502186165e-01 8.296158234145883936e-01
1.851681891587617090e-01 -5.712216320911325806e-02 -3.227864117756154561e-02 4.721315370146422219e-01 6.846474853428466401e-02
3.426095793360191960e-02 -1.381912156942217453e-02 5.123427408829258484e-03 4.148843044390336521e-02 4.344495515146814396e-02
5.643334142936914377e-01 7.259114673373983084e-01 3.456660882398299162e-01 7.535501189920803533e-01 2.474540442543641250e-01
7.004705151761883575e-02 7.254386720223669760e-02 -4.689278107441598176e-02 1.388129062661085933e-01 2.679452645643558284e-02
4.105939564320452706e-01 2.741976369447136075e-01 6.982420254657386582e-01 1.896979609224739849e-01 6.629013725187387074e-01
5.326152464058639957e-01 7.180688707247628866e-01 3.409871355393031545e-01 7.569008082803049264e-01 3.390563419650829413e-01
7.977817530343250807e-02 4.978575433041269871e-02 1.104108371585990622e-03 1.292077267711813915e-01 7.593649271135423373e-02
9.632565605302362277e-01 9.669438812249517845e-01 9.903549637806771111e-01 1.084200642961510974e+00 9.890752088807507336e-01
2.024087678851913263e-01 1.701569072082065315e-01 1.625075709140604563e-01 5.025019778528478920e-01 1.269456025361218043e-01
4.094487364908559468e-01 3.034725821880525087e-01 6.320392851558140901e-01 2.402572968424706024e-01 6.944999506618187990e-01
4.824716125991710403e-01 6.854817003128454989e-01 2.212091518694840608e-01 7.558058633472823917e-01 3.457360214614203509e-01
1.019573942117283583e+00 9.960377127016996068e-01 9.734356563977600851e-01 9.293583158755512885e-01 9.716560077010675256e-01
4.960496696602065825e-01 6.694005290561906296e-01 2.976450375980261298e-01 7.734527953458771865e-01 2.644316371256281717e-01
5.193637584553593284e-02 -4.936785602707802895e-03 1.424537322242580284e-01 3.077705037145223727e-02 3.607576833329405319e-02
3.736118984655160680e-01 6.107211095209554852e-01 2.401817898759567305e-01 3.369707961310667299e-01 2.504752103411137520e-01
5.901822000711637317e-01 4.480174581499145603e-01 7.838235398577095836e-01 6.433591119040804607e-01 8.257422379743373231e-01
2.420045644818861197e-01 1.207327711858361408e-01 1.758535476083623594e-01 5.193145622383235072e-01 1.548969479919877212e-01
-1.721780451321066469e-02 -1.826643144192334825e-02 -3.396396227281316821e-02 4.500657678090332764e-02 -4.141321639195641446e-02
1.976014330056707902e-01 5.417721001923349322e-02 -6.950237707735602843e-02 4.048447835667480232e-01 4.170794350121568433e-02
5.668241129216197161e-01 6.668868420183773349e-01 3.054798299148631102e-01 7.616856038657267014e-01 2.444830176543970335e-01
6.887540720948965856e-01 3.252998959927513312e-01 6.808871808319847396e-01 6.699539631413918839e-01 7.253104565832534378e-01
2.790779136003180838e-01 6.759973308544779957e-01 3.186048987900877982e-01 3.430160348432320094e-01 2.519759167300433811e-01
-3.501933837905976676e-02 6.154934989821861380e-02 1.208105208036181211e-01 1.211234038490391351e-01 -4.916506192085418059e-03
7.811841057781333530e-01 9.152639510527543765e-01 9.273573238397767593e-01 5.298989394252479057e-01 8.531100363306388656e-01
6.595167041836056399e-01 4.649582569907964036e-01 7.585750531213705239e-01 6.329049310319839750e-01 8.058107563430882969e-01
5.541996545944338770e-01 6.938056105572590893e-01 4.326355004437127394e-01 7.569904627358088334e-01 1.879798990993816754e-01
3.678433094199706765e-01 2.838396419726572084e-01 6.704771020845645690e-01 1.246495879497409864e-01 5.633536364809669239e-01
1.012625998281516448e+00 1.001725275305292984e+00 9.621804472001473929e-01 1.037994877493281676e+00 9.030963446311055520e-01
3.455905474480449602e-01 5.373414396569666796e-01 2.213266057724174729e-01 3.627613020939057797e-01 2.404659113069680110e-01
4.635825463097337229e-01 6.124650750552804723e-01 3.494897634975194234e-01 7.728043948714713451e-01 1.587418947326118546e-01
5.036064049847377433e-01 2.814347473992094839e-01 6.826528974366173896e-01 1.405485146133111096e-01 7.610845132150927395e-01
8.594802143621770307e-01 9.240780781732834681e-01 9.407475887760456956e-01 5.297850340626171217e-01 9.420772759875124525e-01
6.734912581864364034e-01 5.348604164255232885e-01 7.682114675646357638e-01 6.770218901207301077e-01 7.959092559024901758e-01
1.682969767629958480e-01 -1.581900826977761243e-03 8.160340537572087494e-02 4.717816213495096833e-01 -2.683064621245442871e-02
4.556095544117453322e-01 6.245381835903170975e-01 2.934093896449520011e-01 7.861207955443195727e-01 2.156527600958435542e-01
5.303021411497155224e-01 6.922133280744710015e-01 3.710267197440985654e-01 7.581984022358226882e-01 2.820571656456857257e-01
5.744185250099531626e-01 7.225727675215758428e-01 3.807499237174364892e-01 7.752343866743089951e-01 3.527276923951767618e-01
6.865588508868534223e-01 3.806167230342960006e-01 6.540038386311498586e-01 6.102711817967408914e-01 7.254616022923398022e-01
2.360543094455277990e-01 8.508511317885573966e-02 1.264567547460906383e-01 4.122947300999385001e-01 4.878007981158537232e-02
7.875920932853714973e-01 1.001640248776322295e+00 8.578058582554503042e-01 5.402195578385560193e-01 8.977811410557212657e-01
5.162653653755495675e-01 6.929480828465199860e-01 1.890346690745736968e-01 7.986842250430560286e-01 3.474201199040920507e-01
6.397439060137530831e-01 3.261131110212305839e-01 7.279289710642270483e-01 6.116975998224802868e-01 8.483463837109801453e-01
4.010626693334923276e-01 2.638123248773981411e-01 6.909716869231588010e-01 1.806422879358498546e-01 7.080367490092988048e-01
1.900568973166673059e-01 -4.427085071264144633e-03 1.531858372623992326e-01 4.199482760719989716e-01 2.599746998652587709e-02
8.350455829523052431e-01 9.279460415088299774e-01 9.052346441135797894e-01 5.866642236655905673e-01 9.170561965571162322e-01
1.921105308950973589e-01 1.512818673046419371e-01 8.644568802290533704e-02 4.362993371161655864e-01 2.450315914010880308e-02
7.141459124376838830e-01 9.520023593447439758e-01 9.147188381869619800e-01 4.874262195732645409e-01 8.521197015858478219e-01
8.331387668624252729e-01 9.103835671498011761e-01 9.298285363560521155e-01 5.415620897313189186e-01 9.561489111897619741e-01
9.171534174524482719e-01 9.693493208994322652e-01 1.041718772998385223e+00 9.631448892716548693e-01 1.065593827591306164e+00
4.873595042672052013e-01 2.304180264847173754e-01 5.948376662587402386e-01 1.195764365702506465e-01 6.200497907271920184e-01
4.184186828508215106e-01 7.850596226005757128e-01 2.600999755661759227e-01 8.647446978799058215e-01 2.306638250684607261e-01
1.220418542145290663e-01 3.998977092543681833e-02 8.158420679120574615e-02 3.830692724053206266e-01 4.220870092839949100e-02
1.189635891071355867e-01 9.111253802932597901e-02 -8.190360104358400395e-02 4.899225042741524594e-01 1.411113949019518476e-02
4.109237390202699625e-01 7.352746280061641659e-01 2.789332767800427049e-01 3.996528116718158774e-01 2.491766354335903377e-01
6.907003941884353182e-01 3.010324951320503262e-01 6.270755197337651854e-01 6.793984951200485733e-01 7.103041810464358896e-01
5.136070879865268779e-01 2.588671193759530254e-01 6.823161502667210998e-01 2.044843559216588114e-01 7.562068615725284770e-01
2.230591403728207911e-01 7.894911630701595406e-02 1.803870748627278420e-01 4.018558921983492738e-01 1.398863314573812189e-01
7.514378216445975756e-02 -1.825709810699394087e-02 1.057068742286536717e-01 3.663772340338792288e-01 -9.538966855285366253e-03
1.463097676234610331e-02 -2.358681709465519291e-02 8.124815855804759512e-02 9.040739881249347520e-02 1.589191429712710768e-01
4.670144043762419206e-01 7.049639528681012068e-01 5.371007047245389687e-01 8.530543134301458164e-01 3.181686628911666315e-01
8.275462047874472260e-01 9.531326336782456332e-01 8.970810164544273935e-01 5.371488918380014077e-01 9.770526662748697522e-01
4.336644373992520896e-01 2.633111133402639692e-01 6.232666874604240181e-01 2.460469602833390002e-01 7.359153523199960523e-01
1.087436666252089124e+00 1.059647614179927810e+00 1.020512627457383692e+00 1.013992637027766319e+00 1.007760721302830786e+00
5.958625597038399446e-01 6.842077162700167525e-01 3.631999184406828340e-01 8.303988880696364649e-01 2.686551881020033394e-01
8.693543142595026030e-01 9.515675316009788443e-01 8.766093672700985273e-01 6.120779201140268411e-01 1.056732442171166353e+00
5.519401162288893881e-01 6.652150108942317397e-01 2.693065558170512630e-01 7.665795684797429566e-01 3.619724619161270307e-01
4.037060568982089315e-01 4.086318955859522539e-01 7.336713793387257265e-01 1.672363912861679069e-01 6.738672476252495214e-01
1.879420496301330290e-01 8.480120593451809241e-02 1.111963299842478603e-01 5.619669414247263628e-01 7.258266483879965980e-02
4.703024869872791669e-01 6.544202220729580244e-01 3.249059514660250780e-01 7.648402657598712961e-01 2.633269586874485979e-01
3.766887073635815097e-01 6.169738218208299374e-01 2.115837329672680678e-01 4.300564064644878393e-01 1.484064515710822041e-01
-5.690657632569569302e-02 -1.021841660122662782e-01 6.480743810705680286e-03 1.713645082786396101e-01 1.334395949294890360e-01
4.151620611337758504e-01 3.977280456824119348e-01 7.303539133353402768e-01 3.569894792623536928e-01 6.911854314277028344e-01
5.825435221953138010e-01 3.860527130842527632e-01 7.169486346336513272e-01 5.712231191283879683e-01 6.683816899818613155e-01
5.059771576729658049e-01 3.119879347789437096e-01 6.253989810087836609e-01 1.982452099716485172e-01 7.700342337148760041e-01
5.100691371940105912e-01 6.100003747777633656e-01 4.169035333181195790e-01 7.964896644428482997e-01 3.369393888288722549e-01
7.159552206666291996e-01 3.846504716277023839e-01 7.858767116760090321e-01 5.834612399154947004e-01 6.873986257436290881e-01
8.746827306815585512e-01 8.800910046590183500e-01 9.344826579252537568e-01 8.721891654877585998e-01 9.630838789793356725e-01
9.674275980189396273e-01 1.061209940317842548e+00 1.041304095665520180e+00 9.154953265310964428e-01 1.091215518036852128e+00
