8.633967588575610641e-01 8.194016306452452936e-01 7.801869156913967540e-01 9.314024679194743417e-01 6.781741122032380886e-01 9.260500275138524584e-01 7.967895553935111508e-01 7.119182203417673271e-01 7.902969894312478205e-01 7.749386984952530977e-01
1.323346681588213336e-01 6.190157623317446567e-02 1.464373434378616889e-01 1.893636837819297480e-01 2.467098168401280489e-01 1.398799559684472116e-01 2.122316224463560996e-01 3.836881103152909311e-01 2.465718362459422552e-01 2.009601864251107650e-01
2.035216317729643398e-01 1.623212503094805526e-01 5.110089321428686882e-01 3.071570960390614946e-01 2.127175635044668556e-01 4.684164691632006772e-01 2.496438303655485191e-01 1.464018994515126626e-01 2.072455676990226370e-01 2.906281515922059522e-01
6.507565820270105883e-01 5.946184303465137377e-01 4.173634779761893343e-01 6.991450916648375147e-01 4.733815535565997767e-01 4.742432516609833004e-01 4.828039833590524466e-01 4.752794576628891488e-01 5.972235407102757243e-01 7.509567597305976117e-01
7.785208435802924987e-01 7.871151262442672714e-01 5.621360497808067791e-01 7.000533821694179260e-01 7.136860457469035302e-01 5.213293551727213870e-01 6.747288808485155664e-01 6.812574237586290771e-01 8.257334728594248885e-01 7.392197713367082423e-01
1.612960433798992510e-01 1.581225858545516338e-01 1.937033856027865208e-01 6.857127716695485264e-02 3.054570957762219319e-01 0.000000000000000000e+00 2.226658067674154862e-01 3.212183307020558543e-01 1.490232954002458643e-01 2.298051302907641591e-01
0.000000000000000000e+00 5.053542056257168819e-02 0.000000000000000000e+00 0.000000000000000000e+00 3.609588694449653024e-02 8.379848185327680790e-03 3.380437746348702310e-02 0.000000000000000000e+00 0.000000000000000000e+00 0.000000000000000000e+00
2.821235769278055815e-03 5.155004549646139507e-04 1.433104946297286512e-02 7.112842727384056929e-02 3.270194663908966570e-02 0.000000000000000000e+00 0.000000000000000000e+00 0.000000000000000000e+00 2.355674252576260563e-02 7.820040542645283199e-02
0.000000000000000000e+00 3.202847877373505431e-02 4.794585093880904259e-02 7.498556986064917884e-02 2.652132060436631147e-02 1.484521416142089816e-02 8.800372590082948532e-02 6.176132216202880054e-02 0.000000000000000000e+00 4.637862291014416272e-02
5.420859693719806693e-02 1.658665216299291534e-01 8.868846811997181667e-02 4.491355328250859480e-02 2.991676282633290995e-01 4.878798242026533699e-02 2.247235743677126196e-01 3.287582630608589795e-01 1.769385627050250598e-01 1.561554673125153947e-01
7.307636980003703320e-01 8.041924826442161667e-01 6.127429302699703983e-01 7.019545786489579386e-01 7.964162010371549361e-01 4.998831333085575479e-01 6.898010534298885110e-01 7.315953200946527790e-01 6.737682426418902804e-01 8.008698944959160571e-01
2.914559331388416052e-01 1.539151318414704039e-01 5.253683649702166614e-01 4.005666825487322891e-01 2.495487603230065743e-01 4.427670153713093582e-01 2.740205189834704069e-01 2.122837445679583990e-01 2.230868472166849803e-01 3.125947411643012486e-01
8.390875646860678216e-01 8.679127485005762033e-01 8.709924840171239246e-01 9.302219387154730956e-01 7.246600345014896360e-01 1.000000000000000000e+00 8.314397192930056413e-01 8.124639294992328509e-01 7.311338255031597511e-01 7.375696063353054388e-01
4.156924425311588900e-01 3.210713818207804326e-01 6.797059206775415419e-01 4.249113339469060557e-01 4.725601973023173530e-01 4.625746841096325390e-01 4.818116910135705755e-01 5.767395764328145935e-01 4.682503898128018149e-01 3.904002235511562779e-01
2.234508449082828196e-02 9.779845618178184541e-02 1.122876598886703332e-02 1.322622501488810755e-02 2.499865307659629790e-02 0.000000000000000000e+00 7.369250544237673783e-02 4.491607389150267804e-02 1.524722161764809764e-02 6.274648277072530922e-02
3.055166279771458493e-01 3.249931486346939180e-01 6.229260416277514478e-01 4.528484894215022427e-01 5.533690892609424150e-01 5.559535973816385201e-01 5.868845411057239669e-01 5.239584209125477399e-01 4.572945133758674618e-01 3.251031018491919444e-01
1.935523801818022638e-01 2.396724112859414668e-01 1.780995308699794832e-01 0.000000000000000000e+00 3.283014641452522420e-01 1.145648056350937471e-01 2.185970829466207244e-01 2.903010713934831011e-01 1.964563044236651290e-01 1.091034034467832786e-01
7.482859178972205427e-01 8.630436047525718024e-01 5.110109424190267813e-01 6.907581217843645760e-01 7.466305211626704796e-01 5.613506592113503002e-01 6.511587645937132462e-01 6.732507189956223881e-01 7.541965089718811743e-01 8.067371544335396605e-01
2.198985640931340191e-01 2.131232089639016059e-01 5.189498358181647841e-01 2.476245651095121958e-01 2.366550028556925478e-01 3.978468365480148372e-01 3.055501947171440635e-01 3.486970146084718558e-01 2.802903404427420364e-01 2.065359164753765853e-01
9.948657704467520624e-01 1.000000000000000000e+00 9.747932808902919355e-01 8.965430463833082841e-01 9.608213235496696480e-01 1.000000000000000000e+00 1.000000000000000000e+00 1.000000000000000000e+00 1.000000000000000000e+00 1.000000000000000000e+00
3.047596679274549580e-01 2.194064020328919118e-01 5.107310806738183384e-01 3.228104647032513097e-01 2.419090054715940519e-01 4.838810175459277718e-01 3.704240748719110909e-01 3.198609221097494237e-01 2.437473133741157316e-01 2.177948961860302068e-01
2.666914632286152553e-01 3.047688931139419521e-01 4.697807545621990322e-01 3.215280894879489759e-01 3.216051438187899070e-01 4.595767157704205852e-01 3.006023689315177050e-01 1.973492230602794106e-01 1.815663652171719822e-01 2.113379157381488349e-01
7.281117648669956921e-01 7.041153881015467242e-01 4.872617521648592853e-01 6.655043654451994195e-01 8.100306730880810768e-01 4.866631990785130757e-01 6.372170025097777524e-01 7.323041764931403907e-01 7.462635308781560006e-01 8.117656884971605757e-01
7.974817932649163055e-01 7.693448259580633053e-01 4.795234905742064568e-01 6.096750047177834642e-01 7.692092014822580204e-01 5.582065461740708390e-01 6.090111461916986046e-01 7.848152680633837530e-01 7.857236821257017612e-01 7.657401816222690893e-01
9.717102359234376374e-01 1.000000000000000000e+00 9.963143273552037549e-01 9.580020215541839024e-01 9.794331210993785231e-01 1.000000000000000000e+00 9.931430730969624809e-01 9.971149677500869002e-01 1.000000000000000000e+00 9.789429803831584120e-01
3.424224050727057156e-01 3.281549388203981454e-01 6.204665566059159865e-01 3.968787591779334156e-01 5.096461760433080856e-01 5.624760515742552869e-01 4.607160981606129857e-01 5.740794228799699361e-01 4.715343623230370818e-01 3.117510636061003315e-01
7.169926254837638568e-01 7.351372433777711990e-01 4.965650537316051438e-01 7.030615559075865661e-01 8.280758456898787978e-01 5.960559194285179885e-01 7.236867037573539996e-01 7.952869661154612357e-01 7.383612423613187259e-01 7.792414270601280002e-01
3.148793354931233579e-01 3.893426722388628192e-01 6.006697989419876871e-01 4.939454333085203652e-01 4.952634968867815624e-01 6.045547094062219129e-01 5.035165324654088392e-01 5.243138204269041092e-01 5.440465925116239054e-01 3.497275685425738079e-01
1.455844546354862767e-01 1.998086073359880421e-01 2.075805258428571054e-01 5.766170216347118321e-02 2.701981909358578959e-01 4.341639395424112119e-02 2.507329553816600165e-01 2.382862897185614171e-01 1.392219969563897042e-01 1.415190979789969494e-01
3.725062816211538452e-01 3.404089389830305401e-01 6.730833153438812166e-01 4.903933440272739697e-01 5.533693688979393066e-01 5.269286755113283816e-01 4.360888588045285230e-01 6.209912266813975013e-01 4.016808692017359017e-01 4.598401550372952507e-01
3.831578341669409360e-01 2.629886389053202600e-01 6.693790077746020195e-01 3.591277214768475723e-01 4.996193960812584378e-01 5.582164625213419384e-01 5.620375603932402653e-01 4.927272079639016811e-01 3.365971942458264587e-01 2.925792179990191477e-01
2.837885696277797631e-01 1.905489111302539895e-01 4.622996435736507759e-01 4.231041227544751759e-01 2.029528272141398471e-01 4.637926851863856670e-01 3.323009302105279783e-01 2.068695640799382840e-01 2.678338218617390409e-01 1.218101997239717516e-01
7.872371895924760166e-01 7.001048162534525554e-01 4.597223604319382040e-01 6.933136865555491468e-01 8.143993390468923232e-01 5.312995238685880306e-01 6.362686939102463191e-01 6.247980586815451431e-01 7.484546997321577244e-01 8.152462898729907481e-01
9.244652696081796517e-01 1.000000000000000000e+00 1.000000000000000000e+00 9.569792839097198689e-01 1.000000000000000000e+00 1.000000000000000000e+00 1.000000000000000000e+00 9.680480066229070202e-01 1.000000000000000000e+00 9.655630058125478365e-01
1.000000000000000000e+00 1.000000000000000000e+00 1.000000000000000000e+00 9.427679101635293435e-01 1.000000000000000000e+00 9.730417520626871708e-01 9.088431254126713155e-01 1.000000000000000000e+00 9.427248316727070421e-01 1.000000000000000000e+00
9.708665871048643981e-01 9.761064866979517474e-01 1.000000000000000000e+00 1.000000000000000000e+00 1.000000000000000000e+00 1.000000000000000000e+00 9.545414222160973905e-01 1.000000000000000000e+00 1.000000000000000000e+00 9.471697811647894483e-01
3.771642258406916470e-01 4.280113174828935607e-01 5.889652612009800281e-01 4.748362680777579725e-01 5.910392056015491002e-01 4.970087673099294889e-01 5.200881743143779268e-01 5.004626845928918932e-01 5.019817442098521987e-01 3.609398949144886348e-01
8.522971151733832462e-01 7.688473191427787068e-01 5.262508196497203139e-01 7.195870850237446881e-01 7.973414973039097964e-01 5.274457560653470489e-01 6.164079451412474153e-01 7.819225903822853985e-01 8.252345550127965224e-01 8.515685241849981768e-01
0.000000000000000000e+00 1.490770691010688022e-02 3.284011433876303510e-02 6.593737968147216078e-02 0.000000000000000000e+00 0.000000000000000000e+00 3.378719394471154606e-03 7.041672255609884856e-02 9.110395705479839776e-03 5.988840852262403841e-02
5.682866074051275140e-02 1.783449610961376081e-02 0.000000000000000000e+00 0.000000000000000000e+00 3.681875266182933759e-02 0.000000000000000000e+00 0.000000000000000000e+00 0.000000000000000000e+00 0.000000000000000000e+00 7.849819619578830843e-02
3.017273300051762641e-01 3.059141508327616887e-01 3.998976212083539261e-01 3.675886819420884910e-01 2.296031273992682475e-01 4.446596282084134266e-01 4.036186848315987952e-01 2.252043797432588812e-01 2.862048176373540587e-01 1.440606577824543599e-01
1.260214859193417858e-01 1.986522188140187606e-01 1.304805201410981497e-01 1.589171401865514532e-01 1.768564799928443732e-01 5.526762312512883274e-02 1.877344736409443660e-01 3.774205481757578751e-01 1.228646699384193519e-01 2.026475902529077944e-01
6.424563467214750023e-01 8.182061236997644205e-01 5.847265221202492258e-01 6.255718549146843666e-01 8.316567298761210481e-01 6.319641155583152203e-01 6.688845729389880645e-01 7.297580180694820395e-01 7.171237414093001306e-01 8.055203698408134327e-01
6.314926635027980906e-01 8.391721075297324806e-01 4.910215809273802412e-01 6.376782629842806527e-01 7.417087516005400616e-01 5.077802932907818922e-01 6.677836313330545170e-01 6.537766226650656431e-01 7.952299316852591282e-01 8.004073476148337862e-01
5.645460025078732347e-01 6.667143835824308473e-01 3.666583636446166250e-01 5.941950141085410309e-01 4.350743566073811408e-01 6.059990405291389992e-01 5.736715233923646018e-01 4.370930646925805796e-01 5.519591172833782089e-01 6.817277047174244986e-01
8.644728914191106561e-01 8.427465573807003674e-01 8.875154246584778805e-01 8.524643133539185902e-01 6.670740481387820164e-01 9.111317678697561373e-01 8.564002845753860838e-01 6.555138795249570993e-01 7.825724358860488561e-01 9.702574505624806944e-01
7.132854197921634221e-01 8.754369970488531383e-01 5.868973089520976849e-01 7.096699326015153408e-01 8.390801502608790097e-01 5.652843620976769623e-01 7.282586694600272637e-01 7.228727539683954539e-01 7.400526886292856377e-01 7.720690694126289833e-01
4.244731262018835993e-01 4.501529712707931230e-01 6.582109826372162242e-01 5.130507185575503559e-01 4.737917549862906696e-01 4.619366158695670244e-01 5.509853337206971347e-01 5.967062051795292144e-01 3.949640393291982132e-01 4.492240373510560936e-01
7.582393910041395069e-01 8.833885280591536882e-01 4.557630942026482668e-01 6.192602435802163630e-01 8.454973177677750362e-01 4.808057553678766194e-01 6.517519030877589881e-01 6.829053559629943981e-01 7.576930024816113107e-01 8.547271622721306361e-01
2.229353800308324640e-01 2.392768478674886790e-01 5.538049865275618266e-01 2.694544020543985785e-01 2.957691824082727683e-01 4.779505000469219667e-01 3.221298828718066054e-01 2.701702320338157381e-01 2.261094089075738611e-01 1.422104295378793792e-01
4.272867951400564634e-01 3.504902098268165012e-01 6.658745181066597629e-01 4.912904847176298717e-01 4.636006507526059806e-01 4.620067916245961803e-01 6.308616062725451723e-01 6.195880153197185214e-01 4.200850182472051220e-01 3.977501866930874819e-01
1.665830902977838979e-01 2.875941172222133413e-01 4.207877083015960640e-01 3.740277611692456317e-01 1.724771545304140119e-01 4.434929340640634265e-01 3.052989150393867757e-01 2.738552852583362451e-01 2.403984709218411064e-01 2.371010080733132463e-01
0.000000000000000000e+00 0.000000000000000000e+00 0.000000000000000000e+00 0.000000000000000000e+00 0.000000000000000000e+00 0.000000000000000000e+00 0.000000000000000000e+00 0.000000000000000000e+00 2.048362631432096639e-02 0.000000000000000000e+00
8.615942408318874590e-02 1.946076405218672700e-01 1.744006951348604229e-01 1.186109023955246866e-01 3.324432466872228598e-01 1.883952565884398911e-02 1.788786305752208261e-01 2.701994794315522586e-01 3.789511081234644974e-02 2.694889836954134643e-01
9.169357551367423032e-01 1.000000000000000000e+00 1.000000000000000000e+00 9.701427520673817639e-01 1.000000000000000000e+00 9.948769421734137142e-01 1.000000000000000000e+00 1.000000000000000000e+00 1.000000000000000000e+00 1.000000000000000000e+00
9.221878428731187238e-01 1.000000000000000000e+00 9.697121604831483443e-01 1.000000000000000000e+00 9.768244210799872373e-01 9.904934048139876213e-01 1.000000000000000000e+00 9.629556046185426821e-01 9.804964379378887651e-01 9.806104153798271827e-01
7.974821795655187007e-01 7.522425414645113051e-01 4.819946401326897223e-01 6.932132390869121252e-01 8.278539694717821362e-01 5.667571195299672127e-01 7.425571584376473577e-01 7.142108127107028581e-01 7.164364740583918367e-01 8.116260250036536616e-01
2.244481922201872759e-02 8.692350485065571120e-02 9.025483527319227983e-02 0.000000000000000000e+00 0.000000000000000000e+00 0.000000000000000000e+00 0.000000000000000000e+00 1.744263905377078233e-02 4.163565732124852037e-02 3.692125023285072055e-02
1.000000000000000000e+00 9.435621600312323887e-01 9.721307600394225590e-01 1.000000000000000000e+00 1.000000000000000000e+00 1.000000000000000000e+00 1.000000000000000000e+00 9.680265384133512896e-01 1.000000000000000000e+00 9.780067509581851226e-01
6.560658577127915780e-01 6.609530839539142777e-01 2.479687634352860937e-01 6.212926993751681781e-01 5.026872366240737744e-01 4.969269157027627060e-01 4.111806333577440187e-01 4.209585173099555933e-01 5.145247321867745249e-01 6.147934637138880998e-01
1.308204913219322141e-01 1.462335838943139843e-01 1.721399939723565753e-01 6.532433528556488844e-02 2.515932247232607333e-01 2.635559906188085499e-02 2.220850690554129758e-01 2.395211140839191288e-01 1.937854024603434255e-01 1.734252553588617185e-01
1.000000000000000000e+00 1.000000000000000000e+00 1.000000000000000000e+00 9.894812427954070566e-01 9.664601302203315036e-01 9.886581990591628566e-01 1.000000000000000000e+00 1.000000000000000000e+00 9.997059421131688772e-01 9.095878271724686659e-01
0.000000000000000000e+00 0.000000000000000000e+00 1.782412937189909938e-02 0.000000000000000000e+00 2.322925441415263359e-02 0.000000000000000000e+00 3.787390335461905937e-03 8.612056325901223941e-02 0.000000000000000000e+00 7.368012739621401797e-02
2.997760830255475906e-01 2.595143517878913952e-01 4.628049414647372739e-01 3.123139630174736614e-01 2.160409703960103067e-01 3.364225411278105593e-01 2.901743687704585462e-01 3.007734284701460425e-01 2.794450267462610382e-01 1.216857657109909618e-01
7.293251891547934962e-01 7.047893997138224842e-01 5.207344220187759554e-01 5.994203344798708644e-01 7.276575430988375670e-01 4.995685845304372319e-01 6.386988132370903237e-01 7.412762302372155609e-01 7.101484443913578248e-01 8.660114140064278931e-01
2.989345657115567434e-01 1.439770204257307118e-01 5.791810580820847543e-01 2.888936253072177385e-01 1.728819896288793234e-01 5.002192263990844490e-01 3.788140271839623985e-01 2.293880557038301404e-01 2.456071710412381925e-01 1.955593955753242019e-01
9.300977534448964246e-01 7.895910422119211125e-01 7.957097495554950051e-01 8.743782606246790490e-01 7.791278035868953733e-01 9.257506549052200162e-01 8.564322929558746411e-01 8.062608431013256194e-01 7.621876091625999772e-01 8.286791491949745403e-01
2.265328186843967861e-01 1.868615419658449239e-01 4.462304136418586697e-01 3.290482988588686042e-01 2.404654200986305057e-01 4.414286264432347728e-01 3.357754665044360709e-01 2.657525370692854216e-01 1.801731745815786101e-01 1.425408449481707363e-01
4.404674404074696015e-01 4.443297186736483440e-01 5.526037251034654485e-01 4.371212489183459726e-01 5.095021171527849280e-01 5.013526385208677549e-01 5.936322279689175696e-01 5.347858455330484206e-01 4.530013514825722010e-01 3.841580984689914602e-01
8.233544662899073829e-01 8.635462943956111470e-01 5.270528940815777386e-01 7.501915427677042780e-01 8.364214837586183560e-01 5.561468253124288719e-01 6.885490207204271185e-01 8.230530337481380965e-01 6.840858863184359206e-01 7.901351055408849522e-01
3.143553938272322101e-01 2.030721566835787528e-01 4.243757553620313150e-01 3.571220583310732999e-01 2.007114792970429162e-01 4.536907488699041258e-01 3.210575788319424695e-01 3.054104821025243055e-01 2.692172384298421317e-01 1.899930422125987173e-01
2.011840768015221714e-01 1.792490997378684003e-01 5.709532198374639433e-01 2.878486976861347468e-01 2.181604022827163536e-01 4.785563787571585626e-01 3.870191047462794298e-01 2.909489118356212711e-01 1.988294369973598597e-01 2.046039774661553567e-01
6.050323247780705627e-01 6.503525294960817993e-01 3.925291830176020347e-01 5.098593417047651011e-01 5.857577960460207400e-01 4.282947973610134462e-01 5.888098571171930251e-01 5.728323554574592524e-01 4.954451849259216001e-01 7.213991621192106241e-01
8.915212789889526146e-01 7.822534841704074093e-01 8.128631347978793054e-01 9.280150800792991150e-01 6.463044557603706552e-01 9.178639603115372747e-01 7.968444685331372845e-01 7.640592702955391058e-01 8.228255387483101035e-01 8.938676360438663204e-01
7.002944115980230810e-01 5.951700723367552293e-01 3.351980342912878053e-01 5.437264012443228101e-01 4.699870433702461048e-01 4.737264277772158527e-01 5.164677869091014450e-01 3.731333589765967740e-01 5.257412069040413582e-01 5.988714471698254327e-01
1.000000000000000000e+00 1.000000000000000000e+00 1.000000000000000000e+00 1.000000000000000000e+00 9.847990277109033297e-01 1.000000000000000000e+00 1.000000000000000000e+00 1.000000000000000000e+00 9.446094369853925699e-01 9.923342263962069421e-01
2.986687034793634732e-01 3.239666642105500927e-01 6.455257483680653108e-01 4.453443093995841373e-01 4.042866511199310620e-01 4.901378917299594185e-01 6.064668671750160778e-01 5.498327077464164603e-01 4.082009952004691522e-01 4.336712156190843936e-01
6.391226518481812890e-02 0.000000000000000000e+00 6.455474412647453641e-02 0.000000000000000000e+00 0.000000000000000000e+00 5.855631241024842476e-02 1.742887094750901131e-02 9.406875063661994385e-02 3.168763056613842916e-02 0.000000000000000000e+00
9.534097411385501486e-01 1.000000000000000000e+00 1.000000000000000000e+00 9.774221039543332656e-01 9.638676064614897232e-01 9.429182662094501843e-01 1.000000000000000000e+00 1.000000000000000000e+00 9.738392236777555500e-01 1.000000000000000000e+00
2.513074854899517985e-01 1.716318261267222589e-01 4.553737153447999786e-01 3.349454087314469031e-01 2.885195234618491145e-01 4.016946195289023969e-01 2.960647295670673085e-01 3.127267945026023233e-01 2.317511842751261153e-01 1.817254207148305545e-01
2.067108486424988900e-01 1.895035263097135381e-01 4.772496891652366346e-01 2.724878970848344517e-01 2.031162592336373807e-01 5.108116337407098140e-01 3.256745832835346022e-01 3.144300833063760070e-01 2.613189641309222044e-01 1.868997499919014260e-01
0.000000000000000000e+00 0.000000000000000000e+00 9.769339121635213508e-02 4.636427887433729189e-02 3.663477056748861566e-02 6.235136503335674679e-02 6.865210009940642122e-02 0.000000000000000000e+00 0.000000000000000000e+00 0.000000000000000000e+00
7.779988429403544847e-01 7.422701490213475806e-01 4.351194923121043390e-01 6.894800139052628118e-01 8.149638301457019507e-01 6.258798478627136674e-01 5.921002586842725179e-01 7.416109149648376642e-01 7.913058216864328198e-01 8.203246133088768488e-01
8.797713400067644351e-02 1.454758748685879288e-01 1.745465278794745834e-01 1.971538946026314965e-01 2.892391838389626879e-01 5.888997233885268773e-02 2.518658003446376803e-01 2.806208341057870315e-01 8.826529157366008738e-02 1.609948011636588294e-01
1.000000000000000000e+00 9.729479413947960120e-01 9.997641361224718359e-01 1.000000000000000000e+00 1.000000000000000000e+00 9.791496776846487782e-01 9.781372530940115606e-01 1.000000000000000000e+00 9.953441512091324439e-01 1.000000000000000000e+00
7.846476282817043124e-01 9.236116718237210588e-01 8.093053119746377311e-01 8.187267230980019850e-01 7.453889980217878186e-01 9.459323977946968443e-01 7.634755709341827234e-01 6.763455758018561692e-01 8.180027427694442910e-01 8.042990742696485285e-01
2.387062511953366717e-01 1.204591704146062703e-01 4.831674983264538925e-01 2.796379229024537061e-01 2.382701493171446860e-01 5.641142174863933434e-01 3.507081400684623484e-01 2.346464811964026342e-01 2.268262926106260347e-01 1.479181470644828911e-01
6.375419325979073681e-01 6.965926058602319726e-01 3.965821468371095726e-01 5.807545215562787133e-01 3.673458424383135856e-01 5.243305494431544922e-01 5.396977424135085410e-01 4.128961775405127210e-01 5.258604210353182706e-01 6.274016529832183720e-01
6.752195331335428818e-01 7.111342774442696024e-01 3.548748157443794571e-01 5.592361085539234722e-01 4.409387200813826846e-01 4.642932884302563012e-01 5.753114512771897449e-01 4.371182341704774599e-01 5.129407438326519797e-01 7.057583000365431625e-01
8.528333725400522036e-01 8.892261958641731745e-01 8.821927709497888737e-01 9.264123222051603435e-01 8.261976157554069555e-01 9.627875374470700187e-01 7.969193703147914309e-01 7.106124314653715635e-01 7.704674030544134133e-01 8.322783124202629557e-01
5.512323610491034476e-01 6.672983179777659535e-01 3.592714941901669068e-01 6.016671967554552136e-01 4.929816741092623578e-01 5.471230960191399983e-01 4.432395110537464267e-01 5.138052310229138664e-01 4.881057829980217089e-01 6.187332438038798399e-01
9.674599535892619562e-01 9.924924635038382403e-01 9.839430424355807281e-01 9.759116872905490014e-01 9.794836392184863572e-01 1.000000000000000000e+00 1.000000000000000000e+00 1.000000000000000000e+00 9.578985458912732120e-01 1.000000000000000000e+00
8.117963015209709310e-01 8.579220676464702766e-01 8.363822111695388140e-01 9.303682810091864486e-01 6.502727936012510090e-01 9.738677458700497613e-01 8.689827847359143931e-01 7.206535444354936759e-01 8.085510649349713086e-01 7.821037688113098296e-01
5.772603497510172543e-01 5.975857977179285241e-01 3.439259965166012178e-01 5.776016675116896204e-01 3.912910277110248636e-01 5.016921662584380437e-01 3.984925170982036580e-01 3.787475466210987185e-01 6.312147910383399951e-01 6.525928590046022881e-01
1.417150661609342666e-01 1.772686107711154146e-01 1.780131549560870496e-01 1.368005323657839056e-01 2.682557669410956525e-01 4.079785644552707397e-02 1.856268315866685670e-01 3.145876620692097947e-01 2.962841936774802676e-01 2.652860134663913017e-01
2.391606310849882788e-01 2.257581959346568745e-01 4.125618161310558030e-01 2.832828224447070942e-01 2.883879552072603492e-01 4.528556628754316082e-01 3.170392430931182615e-01 2.658879281085146373e-01 2.162870449854429056e-01 1.622150149662908158e-01
8.595590715270378102e-01 8.602403370928861648e-01 8.580366985803097313e-01 8.497894369299271444e-01 6.360899384973686121e-01 9.958483766973752482e-01 7.901651491406583849e-01 7.806776870967776505e-01 8.273757419469827123e-01 8.499448005794106864e-01
1.000000000000000000e+00 1.000000000000000000e+00 9.734206373689404668e-01 1.000000000000000000e+00 1.000000000000000000e+00 1.000000000000000000e+00 9.373905339868529030e-01 9.079770661712284197e-01 9.656476803416220722e-01 1.000000000000000000e+00
6.721266312123380660e-01 6.684586830744400077e-01 2.522140194178252304e-01 5.218945518248090387e-01 5.745226067129071135e-01 4.220159934945383884e-01 4.379484523740339030e-01 4.643509229312241526e-01 5.985889584428243371e-01 6.807213522375958892e-01
2.969340663699874261e-01 2.797502628051086182e-01 5.673376300548818030e-01 3.464604961957835627e-01 2.289736190142283301e-01 4.828156174675732326e-01 2.626683717454268985e-01 3.493013352472634225e-01 2.973908217499034445e-01 2.102430852386727445e-01
2.059446698696791242e-02 2.623423001130745918e-02 0.000000000000000000e+00 6.004303183562947205e-02 0.000000000000000000e+00 1.777539478000913012e-02 8.268400986609683589e-02 8.614561216873003677e-03 2.589618523283812590e-02 1.977183212171579677e-02
0.000000000000000000e+00 1.109179578612529138e-01 3.681179461016254040e-02 0.000000000000000000e+00 0.000000000000000000e+00 9.587231720492039172e-03 0.000000000000000000e+00 0.000000000000000000e+00 2.383167978123708342e-02 0.000000000000000000e+00
2.300193373019615295e-01 2.325083079275080955e-01 4.278681403194983801e-01 3.317136054163140613e-01 2.575834608148055427e-01 4.348060105888045812e-01 2.947333963223010556e-01 2.708959809795991047e-01 2.253284932444746258e-01 9.937568379442528188e-02
6.998245247025287608e-01 7.999149758655298426e-01 5.195179939082242848e-01 7.433635070715201021e-01 8.009596995728063273e-01 5.769094178914258020e-01 5.884639748905640122e-01 7.795655191160213437e-01 7.688364391704886058e-01 7.993950222853506427e-01
2.941984314892122088e-01 2.054203735562943889e-01 5.246415105554099734e-01 3.229500088779443390e-01 2.747915734408455379e-01 3.929655891735508444e-01 3.462717350659844096e-01 1.771440383061388402e-01 2.410102474325039046e-01 9.200389737247904876e-02
7.441217140664834195e-01 8.366117407209896495e-01 5.869716385009213777e-01 7.783327799309922579e-01 7.800249126800380406e-01 5.096106732285651253e-01 6.628537952464029770e-01 7.585136997770930423e-01 8.042800223196572285e-01 8.752890916243997177e-01
6.392970372109048061e-01 6.612092900046424582e-01 3.082944443931668332e-01 6.139920115802779410e-01 4.790189934522838255e-01 4.939440281032188573e-01 4.823968165523552787e-01 5.354063344882973308e-01 5.514743067227231288e-01 6.128252314719646598e-01
5.446180135164249703e-03 1.948472725597490823e-02 0.000000000000000000e+00 0.000000000000000000e+00 5.171117851305084140e-02 0.000000000000000000e+00 0.000000000000000000e+00 1.461369123321534513e-01 7.841832639121580628e-02 8.385847984894397034e-02
8.265198691428670141e-01 7.985058922697555461e-01 4.061350603443140139e-01 5.831504332857944117e-01 7.892207046121262337e-01 5.214121150252321035e-01 7.414841339093893868e-01 8.159473625018631715e-01 8.268893266340193726e-01 7.820819278938140329e-01
3.022305971447885597e-01 2.091060479184073673e-01 4.861703787524017106e-01 3.323369116472814078e-01 1.621240841345054640e-01 4.772683289384299643e-01 3.170413065971036670e-01 1.609581492886995036e-01 2.124105544165026949e-01 2.298241757085489057e-01
6.587819185175125547e-01 7.008321825039287578e-01 3.240659754463421915e-01 5.682887737012189966e-01 4.765978446255298984e-01 4.641275354268811215e-01 5.226812260229474205e-01 4.965210024086034735e-01 5.262073787943677416e-01 6.180374156549647280e-01
1.195949644588403804e-02 1.959148930292917701e-01 1.380807040393689233e-01 1.814320471073464225e-01 2.781754637330683400e-01 2.420804023037013974e-02 2.209016902153816408e-01 2.186232312225592223e-01 9.889031235851489243e-02 2.304357536094405190e-01
4.178637998005447773e-01 3.699939324965422216e-01 5.930098484826444860e-01 4.456123355922314566e-01 5.173746702975458023e-01 4.920459327729570509e-01 4.806312674919680505e-01 5.261747460784803598e-01 4.681750812209187207e-01 4.156062360590000448e-01
8.973750764317963702e-01 8.183840732442725363e-01 8.008882761768922887e-01 9.118283491224815629e-01 6.895029263533181130e-01 9.834075899829728407e-01 8.064638613117471877e-01 7.140221172937217808e-01 8.093462385100276268e-01 8.050970351814279447e-01
8.107167352405368899e-01 8.049020869274471357e-01 5.126300447516078940e-01 6.766573910004508585e-01 8.280554547959099176e-01 5.162339344167927724e-01 6.002137558967032271e-01 7.510795106564296386e-01 8.644949284421368230e-01 7.093660481491789183e-01
6.886775144309315033e-01 5.548234699232179601e-01 4.032260825848806296e-01 5.384161382833300147e-01 4.624236053240538546e-01 4.735574994940403570e-01 4.384538037182965087e-01 4.112102947270644959e-01 5.648537177723732539e-01 5.757590294170741307e-01
1.000000000000000000e+00 9.518526367329923632e-01 1.000000000000000000e+00 9.531046161423780694e-01 9.887863439053650172e-01 1.000000000000000000e+00 9.264748594982307184e-01 9.852695776660901350e-01 9.189852934130192663e-01 1.000000000000000000e+00
6.101855186553183374e-01 6.112889561831520435e-01 4.165206680091330105e-01 5.798544272525131271e-01 4.385057682545013824e-01 4.930626999361560903e-01 4.313665298261976089e-01 4.722392992193550354e-01 4.538704343862818291e-01 6.659042388637049781e-01
5.962619085750827663e-01 5.762264414968186754e-01 2.775989533596359693e-01 5.756153304565575501e-01 4.518321796398980794e-01 4.428506400850072966e-01 5.321414731468897541e-01 4.259417593463412088e-01 5.715251012707405209e-01 6.558537484411645080e-01
2.499642457563554798e-01 1.314745987363732938e-01 4.468558060530599119e-01 3.369875218938581662e-01 1.262197699747811264e-01 4.525405760870479521e-01 3.375065037908461796e-01 2.915275807878128234e-01 2.651501677625194842e-01 1.688387104184906340e-01
1.177540156838953293e-02 0.000000000000000000e+00 5.829074598520892631e-03 0.000000000000000000e+00 0.000000000000000000e+00 0.000000000000000000e+00 0.000000000000000000e+00 6.441828221629090911e-02 0.000000000000000000e+00 0.000000000000000000e+00
5.204783007428106512e-01 6.361569088577945230e-01 3.643056879313164576e-01 6.034752967070599050e-01 4.454475671268115500e-01 4.905022754780603567e-01 4.123724633139025375e-01 4.044058013544997721e-01 5.932627147856889271e-01 7.331246146794047069e-01
7.915156617442589138e-01 7.913863442582631524e-01 4.844946864167822831e-01 6.325243420596395882e-01 7.837078336236257270e-01 5.109132349061286105e-01 6.007202129709917626e-01 7.643287196109966875e-01 8.104865093997652981e-01 8.371576171648507092e-01
0.000000000000000000e+00 3.039991389040779327e-02 4.001673705282935561e-02 0.000000000000000000e+00 0.000000000000000000e+00 4.396248238693767178e-03 8.407635522106705200e-03 0.000000000000000000e+00 0.000000000000000000e+00 0.000000000000000000e+00
1.187244191281301431e-01 1.921068958131816884e-01 9.378903430063556534e-02 1.791298897001140089e-01 2.957208740965510119e-01 9.514735529882399623e-02 1.772474738943300432e-01 2.907058074576482354e-01 2.154668630360730974e-01 1.901736592461348851e-01
8.694781718378129520e-01 8.264061236334234728e-01 8.775753698465791341e-01 9.007711709919574705e-01 6.838620110900958116e-01 1.000000000000000000e+00 7.940538577877866988e-01 7.005917347553543006e-01 7.490354515646977518e-01 8.232194584431419271e-01
8.525488116768087377e-01 9.169690776229220130e-01 8.226658736628604807e-01 8.551871296816913048e-01 7.294127943867833030e-01 8.924157634434238817e-01 7.958741727925563447e-01 8.076422995949431582e-01 8.609514919648354470e-01 8.598212377254059735e-01
8.660807976081683068e-02 9.462659500391371048e-02 1.319145289801159637e-01 7.838021608621383030e-02 3.851458664491160810e-01 7.502513954766049098e-02 8.964549655674131090e-02 2.655137092600430848e-01 2.543648790440914409e-01 6.759265111845373653e-02
9.591367408305585540e-01 1.000000000000000000e+00 9.767449770465076453e-01 1.000000000000000000e+00 1.000000000000000000e+00 1.000000000000000000e+00 1.000000000000000000e+00 9.102758464082855161e-01 9.965420806409506227e-01 9.547072924697248553e-01
2.000406468093062773e-01 1.343606729779511233e-01 4.747249471706074253e-01 3.098062220858385785e-01 1.459895598362523361e-01 4.503296686732423670e-01 2.711086822650335959e-01 2.062025135599730996e-01 2.492304698222665427e-01 8.095515661388186235e-02
9.689433816763263208e-01 9.574961730158078055e-01 9.925790561169930415e-01 1.000000000000000000e+00 9.665144967008193477e-01 1.000000000000000000e+00 9.803878865296323797e-01 1.000000000000000000e+00 9.489005012647525605e-01 9.560225018519672435e-01
6.122964196924548519e-01 5.960375295711498600e-01 3.417000291037767812e-01 5.411300469122700685e-01 4.966413603657292564e-01 4.691278981329944919e-01 4.325262690838535540e-01 4.153286656715816094e-01 5.603093055049025439e-01 6.129480106135103412e-01
4.374550758051465316e-01 3.812967134428760785e-01 6.483517434379730826e-01 5.378876798062607323e-01 4.248419948056296747e-01 4.680296019069341007e-01 4.820919335623610746e-01 4.214153216004644653e-01 4.240524254245727764e-01 3.036712238389880913e-01
8.846483197793547637e-01 8.344171692693581610e-01 9.434116905662113250e-01 9.133813084028208351e-01 5.626378754197947085e-01 9.742348133032766588e-01 7.526142125998502852e-01 7.281238587265407292e-01 8.406099684935076644e-01 8.681286548410748205e-01
1.674985656048585611e-02 0.000000000000000000e+00 9.175254931456736096e-02 5.275785022197116390e-03 4.183403652227282721e-02 6.003914195440041013e-02 4.125739067764394585e-02 3.061694955894717074e-02 0.000000000000000000e+00 7.349853524864057540e-03
4.522909596799016274e-01 3.641820412036735344e-01 5.562379373180476039e-01 4.133600951464209139e-01 4.948071559358160343e-01 5.012843876623811479e-01 4.833661957730874814e-01 5.280662857029384538e-01 4.483567300678851231e-01 3.566262419150934004e-01
6.526810363918771341e-01 6.410862191910791097e-01 3.629642921378438691e-01 4.829180125318368044e-01 5.236635059993874908e-01 5.607025837469308271e-01 4.852018676322690238e-01 5.029958968467195257e-01 5.600300872601071678e-01 7.185092663979518735e-01
1.000000000000000000e+00 1.000000000000000000e+00 1.000000000000000000e+00 1.000000000000000000e+00 1.000000000000000000e+00 1.000000000000000000e+00 8.684711811407388460e-01 1.000000000000000000e+00 1.000000000000000000e+00 1.000000000000000000e+00
1.200403289983641431e-01 2.353344825458771883e-01 1.185654479568554187e-01 1.512787920808764952e-01 3.692774755498459127e-01 0.000000000000000000e+00 2.637019058460289278e-01 2.803885226974619505e-01 2.205953815481498381e-01 1.620795128393798246e-01
6.229732017183512438e-01 6.773158631242748307e-01 3.332522345028898769e-01 5.512599309933763347e-01 4.660021732704496822e-01 5.628049737395198759e-01 4.883108900925152152e-01 5.176993851742233144e-01 6.856288940868899839e-01 6.515196445434553452e-01
3.348649535610112027e-01 3.804657397173697997e-01 5.463365577486988256e-01 4.058180482815244017e-01 4.587830920946739388e-01 5.887377285307153763e-01 4.855850420107546417e-01 5.866093199026447547e-01 4.085808670161817924e-01 3.403531624736871875e-01
4.050170983510016365e-01 3.842115147796315577e-01 6.240822930568340476e-01 4.616091468207703108e-01 5.945595942507508891e-01 4.937368472328619862e-01 6.032887377516242822e-01 4.905766051227796742e-01 3.026384405304028968e-01 3.635407306535848870e-01
8.930614994444049382e-01 8.107482718091751916e-01 8.010789711376825606e-01 8.780868465858242544e-01 6.972911480370582726e-01 9.072934397214335034e-01 7.489547028395170392e-01 7.311025989646200429e-01 8.208844264338543972e-01 8.729430439268803799e-01
4.044881852573006253e-01 3.233911081521219644e-01 6.319610897223204571e-01 3.081082156738502720e-01 4.398885124326176177e-01 4.626360996388363400e-01 5.104294426376286831e-01 5.644954907975585634e-01 4.096477396212065969e-01 3.446359646881186345e-01
0.000000000000000000e+00 0.000000000000000000e+00 0.000000000000000000e+00 8.577321653091855846e-02 0.000000000000000000e+00 1.520929621910671603e-02 0.000000000000000000e+00 0.000000000000000000e+00 0.000000000000000000e+00 0.000000000000000000e+00
2.765527621491857824e-01 3.372420611073043695e-01 6.576791509747593745e-01 4.347920372996061378e-01 5.237121297586310176e-01 4.807040342835043889e-01 5.688205792390963467e-01 5.118023397546633824e-01 4.214579781499881994e-01 3.599838781017292155e-01
9.530963070190653919e-02 1.730099399817828509e-01 2.010602561514002184e-01 1.312357961504751203e-01 2.860952118216674722e-01 1.081694588142832480e-01 1.080481569297715577e-01 2.550790097499998632e-01 1.615636941753588740e-01 1.742072729797682074e-01
9.404298036276255157e-01 1.000000000000000000e+00 1.000000000000000000e+00 1.000000000000000000e+00 1.000000000000000000e+00 9.720883460341251947e-01 9.271737054730160299e-01 9.039548485724486770e-01 1.000000000000000000e+00 9.772970455019726055e-01
9.660568889379015367e-01 8.915603702962374699e-01 1.000000000000000000e+00 1.000000000000000000e+00 1.000000000000000000e+00 9.194751781477255026e-01 9.805865935086887086e-01 1.000000000000000000e+00 9.478786596672678089e-01 1.000000000000000000e+00
6.994373506815069197e-01 6.378139914510178032e-01 3.124333105375124431e-01 6.802122429077066545e-01 4.399992179697473915e-01 4.662844446198124437e-01 4.693156188770316040e-01 4.310814616914644959e-01 5.991150500633742881e-01 5.398653380174676109e-01
1.712952890214264612e-01 1.306122888394581349e-01 2.535699871309996523e-01 6.775570663116561865e-02 3.905897032753282705e-01 1.475366583368362960e-01 2.512744949098399405e-01 2.886091755454615049e-01 2.005896520292058394e-01 1.398272998293942082e-01
7.857561616392261250e-01 8.181981776213897994e-01 5.107247974510892297e-01 7.016317010110436625e-01 8.539457217868502426e-01 6.001521395295490446e-01 7.436213802324163069e-01 7.316960735058075649e-01 7.051990426307677140e-01 8.334914490324160097e-01
7.843042646551573460e-02 1.867928232408008760e-01 1.911554798825282342e-01 1.676376467974100004e-01 2.855403092866136139e-01 0.000000000000000000e+00 2.683177406650366081e-01 3.328974932191722247e-01 1.417750008362612113e-01 2.382446341901486297e-01
5.949296386960500893e-01 6.134874770678762079e-01 3.283055448666276632e-01 5.411706925939928636e-01 4.739140100850939286e-01 5.651276724744807023e-01 4.733775351317803248e-01 4.736390675324007038e-01 5.271095201983078127e-01 6.961058131408962568e-01
1.627148772721831171e-01 1.556432204831056654e-01 1.772272370265022823e-01 8.961032850447255005e-02 2.431839414658082399e-01 3.819227008781970328e-02 1.195798283490543401e-01 3.133072999318171070e-01 2.472724936740643420e-01 1.915442316480485685e-01
1.000000000000000000e+00 9.487952522186576809e-01 1.000000000000000000e+00 9.753587574704799534e-01 1.000000000000000000e+00 1.000000000000000000e+00 9.411337979764864414e-01 1.000000000000000000e+00 9.144906637024252660e-01 9.069942175015497376e-01
8.729129718694642603e-01 8.436538459042183247e-01 5.212778631728427481e-01 6.594463951365847620e-01 8.346462220103941787e-01 5.789103649915360306e-01 5.952730861712665078e-01 7.424284171078516792e-01 8.236670827980744347e-01 7.814282832606262996e-01
7.262573624191800414e-01 8.464932690769833012e-01 4.780542784189787953e-01 6.185510316651895435e-01 8.622989069391638894e-01 4.957468287677748164e-01 5.606311520780838942e-01 7.409359863234732391e-01 7.972513079487055787e-01 7.899340850109650702e-01
8.423059219748616488e-01 8.348306845172193125e-01 5.579724169414614909e-01 7.181007045045477710e-01 8.518545529151783091e-01 4.813696443345656384e-01 5.903640695502100355e-01 8.836123337432770786e-01 7.494735935076530797e-01 7.749583148280085876e-01
7.854870647969190989e-01 8.216925144392688285e-01 5.066698637104634084e-01 7.298298847161752700e-01 7.495665199986056848e-01 6.230987998645931558e-01 7.601701153242952369e-01 7.364242332828603299e-01 8.245265692027731186e-01 7.813381449725892436e-01
4.024067880751740489e-01 4.484764674595695388e-01 5.828602925860955075e-01 4.010044116836102845e-01 5.853904534266995974e-01 5.301985532278110647e-01 5.532029491285002099e-01 4.776574100838503201e-01 4.901331834746762151e-01 3.266905571190416580e-01
7.904297350288748136e-01 8.677329605516359567e-01 5.516891175901834643e-01 7.019695347897049187e-01 8.048054627501706193e-01 5.870576120483796956e-01 6.462394670141273778e-01 7.106210310214799986e-01 7.670877731242452535e-01 8.234715974762759627e-01
0.000000000000000000e+00 3.024890364182426794e-02 0.000000000000000000e+00 0.000000000000000000e+00 4.229549057212780849e-02 6.241764000425492620e-02 0.000000000000000000e+00 3.291013971285208783e-02 0.000000000000000000e+00 0.000000000000000000e+00
0.000000000000000000e+00 0.000000000000000000e+00 0.000000000000000000e+00 0.000000000000000000e+00 0.000000000000000000e+00 1.039520887557991713e-02 2.407472415488636289e-02 0.000000000000000000e+00 0.000000000000000000e+00 0.000000000000000000e+00
8.067893905701715163e-01 8.187455955236436766e-01 5.201052892009726536e-01 6.790422213474637259e-01 8.246387205493761474e-01 6.381012476261641586e-01 5.989706805515168098e-01 7.237430611691759719e-01 7.089445971226064902e-01 8.216561975104860194e-01
8.647892006062932735e-01 8.545591201178702745e-01 8.872333747652078051e-01 8.403144099766564068e-01 7.195309136130575434e-01 9.737848053934692327e-01 8.273813825160530877e-01 7.436840605317492914e-01 8.583438719192395538e-01 8.243583694108556070e-01
3.847954161552782221e-03 0.000000000000000000e+00 1.123004704139856681e-02 7.176317227515770225e-02 0.000000000000000000e+00 3.428612732435007415e-02 0.000000000000000000e+00 7.155423767154082959e-02 2.018279835668407990e-02 5.381847498299348331e-02
2.168015444489481414e-01 1.835684556221088282e-01 4.861001934360147381e-01 3.791237338255705192e-01 2.478304432585835826e-01 5.050556981441380877e-01 3.488015330665009128e-01 1.791463403682092281e-01 2.832379553822299001e-01 2.026780353674234592e-01
6.399243348682073229e-01 5.924604111601192713e-01 3.252406748454986785e-01 6.264150917912764127e-01 4.960940554098834943e-01 5.240430049034863202e-01 4.544421706550808571e-01 3.536270148925122481e-01 5.756394946244058897e-01 5.724834435119189324e-01
1.568201938625284064e-02 1.982548303063904824e-02 3.075740092984283885e-02 0.000000000000000000e+00 3.544429064625360948e-02 2.988219110603417342e-02 2.401836069865008472e-02 0.000000000000000000e+00 0.000000000000000000e+00 0.000000000000000000e+00
9.753368316335596644e-01 9.649009018239063096e-01 9.397886361596461402e-01 1.000000000000000000e+00 1.000000000000000000e+00 9.907949490720661112e-01 9.849150210183982290e-01 9.570495809350210159e-01 1.000000000000000000e+00 1.000000000000000000e+00
2.666360130120296046e-01 2.119438725604394502e-01 5.240079567667258464e-01 2.550974661494666562e-01 1.935378881794475314e-01 3.824197876684818920e-01 3.133335036123239825e-01 1.868456619395211793e-01 3.452279200301365258e-01 2.149546617105390078e-01
3.046697039447462396e-01 2.155158089816041067e-01 4.764692332079934478e-01 3.243678065066319949e-01 1.432498645258024061e-01 4.631522182524058784e-01 3.046633128939922885e-01 1.764055931082669781e-01 2.268492434451345185e-01 1.491509943959287432e-01
6.443517652184347355e-01 5.891344045150189723e-01 3.646962685814822969e-01 5.597872730381378004e-01 4.198725817334781341e-01 4.996505489201829575e-01 5.366897039164085781e-01 5.112368330467560451e-01 5.640035015503532811e-01 6.987251586108851331e-01
8.877745241612887694e-01 9.604117778801639638e-01 8.538675256547505477e-01 8.825161006041614131e-01 7.557309167921028026e-01 9.285300480036737802e-01 8.317541048055062669e-01 7.287017022721691273e-01 8.223412125418895213e-01 8.260653351787405896e-01
5.696482211356471703e-01 6.949164473309099588e-01 2.570724224578757600e-01 6.844618155477699695e-01 4.687817113403490166e-01 5.238233861058659846e-01 4.806166356000586282e-01 4.484286768593383488e-01 5.886642711280793971e-01 6.080778418116068451e-01
8.067066111097276337e-01 8.192390166247488503e-01 8.894405480683871268e-01 9.176179915722647573e-01 6.986159423734346063e-01 8.915698756186137830e-01 8.329314497036054421e-01 7.501358191887638194e-01 7.806073103096260457e-01 8.526565711041389495e-01
9.855972174369418415e-01 1.000000000000000000e+00 9.385178353611001167e-01 1.000000000000000000e+00 9.785152481933037105e-01 1.000000000000000000e+00 9.795851550840298794e-01 1.000000000000000000e+00 1.000000000000000000e+00 1.000000000000000000e+00
7.966296547120232940e-02 0.000000000000000000e+00 0.000000000000000000e+00 0.000000000000000000e+00 0.000000000000000000e+00 0.000000000000000000e+00 1.312838115584716997e-02 1.620256297861106740e-02 2.162973308561785823e-02 1.801985969704572935e-02
6.235269117082806734e-01 7.172571194800092531e-01 4.873515021493873833e-01 5.450549000414502965e-01 4.482703601759444600e-01 4.364218541813797980e-01 4.169313078585235033e-01 4.486057114575601745e-01 5.812215634274000564e-01 6.011591402828442288e-01
4.434944602690714666e-01 3.112261545016376529e-01 6.504125888329800320e-01 4.480762404845309854e-01 5.420853257376513357e-01 5.259081382459708243e-01 5.977363378488409484e-01 4.805108072633037519e-01 4.209669537299769448e-01 2.847327737078652055e-01
3.533469805572064248e-01 4.659213984004963449e-01 6.567500018602625556e-01 4.374337941859333667e-01 5.579368720730557563e-01 4.710974282780361344e-01 5.039420122294505644e-01 5.816440410268193251e-01 3.944781600731025462e-01 3.754113484593979422e-01
8.052188613341624279e-01 8.191117368915310504e-01 5.110547844037142129e-01 7.346857532950793468e-01 7.762035956640677137e-01 5.580873329722141341e-01 6.588451941538275847e-01 7.285143943251169985e-01 8.202972641295311895e-01 7.257824536052377429e-01
9.760566085341029208e-01 9.565992954531987724e-01 1.000000000000000000e+00 1.000000000000000000e+00 1.000000000000000000e+00 1.000000000000000000e+00 1.000000000000000000e+00 1.000000000000000000e+00 1.000000000000000000e+00 1.000000000000000000e+00
9.486373727695895930e-01 9.970061552805672411e-01 1.000000000000000000e+00 9.808666020045920808e-01 9.701699613835136349e-01 1.000000000000000000e+00 1.000000000000000000e+00 1.000000000000000000e+00 1.000000000000000000e+00 9.617463367768116500e-01
0.000000000000000000e+00 0.000000000000000000e+00 0.000000000000000000e+00 0.000000000000000000e+00 0.000000000000000000e+00 1.846978974470516940e-02 0.000000000000000000e+00 0.000000000000000000e+00 0.000000000000000000e+00 0.000000000000000000e+00
8.361085457427621659e-01 8.373096928659051752e-01 8.608952213491579686e-01 8.162337496860283537e-01 7.022734430213000145e-01 9.726110012747892775e-01 7.600598580635350432e-01 8.223471909884760844e-01 8.146472950038549099e-01 8.479479653941981443e-01
3.738625819016606622e-01 3.791592555239580720e-01 6.486182618298138580e-01 4.474140774037905777e-01 5.216540988339283258e-01 5.256446490336964539e-01 5.678205040742257959e-01 6.639916869539583821e-01 4.936561226787632983e-01 3.054076681613898114e-01
3.192460580602310971e-01 3.277568663428694351e-01 6.410375778629049393e-01 4.530706370786974357e-01 4.083358015429074395e-01 5.171389894785966002e-01 5.604407293022803938e-01 4.714047994732671332e-01 4.522142375272973913e-01 3.445138038430174965e-01
8.478868633839007352e-01 7.816408361247997316e-01 7.897012068928003226e-01 8.975975616432233517e-01 6.742664858338817124e-01 9.483206822543669423e-01 7.890139484189606645e-01 7.651806344066091059e-01 8.092296820377691269e-01 7.831548435103381500e-01
1.902530797398444273e-01 2.124231954057969607e-01 5.002272481776598445e-01 3.386565691858096083e-01 1.974880655568452548e-01 4.573263040953060576e-01 2.805764383787393013e-01 2.386352022003674633e-01 2.238186702699629937e-01 2.032699486520503918e-01
6.597672945390054000e-01 6.909486464111780357e-01 3.731487399045871345e-01 5.767270113040960933e-01 5.134658649390014817e-01 5.927795837895297737e-01 4.754813765505624956e-01 4.785310459275092243e-01 6.549539103275483498e-01 6.581329963279387574e-01
6.867711572253972774e-01 6.313736202000812536e-01 3.619662816768972058e-01 4.828646823049745906e-01 5.863546959974306194e-01 5.708141432263083015e-01 3.830461379507852926e-01 4.217432447854934652e-01 5.407097094767175927e-01 6.344611588844777383e-01
8.551353498881780757e-02 1.843243444454448765e-01 1.844715271800785594e-01 1.355643001634267986e-01 3.034769336707032750e-01 8.057965364600352953e-02 2.319523114428198585e-01 2.106478992657189186e-01 1.710051162288219184e-01 2.244079227309154212e-01
2.083331038319554129e-01 1.460721039617668138e-01 2.158024802402598863e-01 5.608390099715111071e-02 2.213066222715542875e-01 6.099071450314921122e-02 2.266955513761575447e-01 2.189727571716381105e-01 2.251704550936279026e-01 9.375570716668543692e-02
6.356810552309390960e-01 6.891993381393521911e-01 3.539589769803524466e-01 4.765229079161483750e-01 5.001954989642494187e-01 4.887541856453154754e-01 4.502773529908498107e-01 4.278366449133310656e-01 5.098713034297779334e-01 6.689703621607399064e-01
2.410212389150980239e-01 9.397033655169970134e-02 1.706905649641507206e-01 1.736006117490597189e-01 3.407834619161729250e-01 7.470243060162640170e-02 2.408377575200738585e-01 2.247629671584977784e-01 2.209179758702427554e-01 2.270439287667155859e-01
5.798104278530906708e-01 6.779789906827324852e-01 4.259594840071793120e-01 4.901296643483019633e-01 5.756441235912678200e-01 5.541760764338830025e-01 4.557950911385467707e-01 4.097775431962170090e-01 5.588882922166241718e-01 6.872412902638018739e-01
0.000000000000000000e+00 1.770179597711029826e-02 1.784142139616505182e-02 2.353152862348153671e-02 6.735533842979543606e-02 2.977416839523994163e-02 0.000000000000000000e+00 0.000000000000000000e+00 4.046703688203821120e-02 9.373989556332361361e-03
2.239003064966870182e-01 2.274409578049736702e-01 4.377291375028480869e-01 2.940949151521871086e-01 2.755816324266863737e-01 4.546343336407606683e-01 3.543209347118216335e-01 2.190331578153098535e-01 2.787284102086241000e-01 8.031273811706184096e-02
