8.934646736264834077e-01 8.839019043098739203e-01 7.863642643945335520e-01 9.414958150120387170e-01 8.158668833723271563e-01 8.988353609027728286e-01 8.234898491826981859e-01 9.376685312108313797e-01 9.345537435283544081e-01 9.128406111249842692e-01
3.005907831246032447e-01 1.674880493935563264e-01 3.909257467129720887e-01 3.385934958142594597e-01 4.033056893580116986e-01 2.530819764361718627e-01 2.797215010611321384e-01 2.384045849169535991e-01 2.326013747749547111e-01 2.805180938156839332e-01
8.164451405113291038e-01 3.999920917695826694e-01 6.642789090589424905e-01 6.794180886524358032e-01 7.584561757739677335e-01 5.957742406244490585e-01 6.482891588620761647e-01 4.668115670858462019e-01 4.695257119525316769e-01 6.265306264255773305e-01
1.085132110827028568e-01 8.374732318423432076e-02 2.357616032397862327e-01 8.393188269312466809e-02 1.506794515584829186e-01 9.519982765884540954e-02 1.710748527317486611e-01 8.281436456175858551e-02 1.147554519315733546e-01 1.287226131241625826e-01
1.482247599999955701e-01 1.286170280361535467e-01 2.143870469140747859e-01 2.973930011894032610e-01 2.659463614958432198e-01 2.025718435436282550e-01 1.372246275805590887e-01 1.476024000702900185e-01 1.605036400006656094e-01 1.855792118246290812e-01
2.086464222171062199e-01 5.926181890785581219e-01 3.569496356387468761e-01 3.047320144047460655e-01 2.349566666310652086e-01 4.148645653916406273e-01 4.026245033990499822e-01 5.687112888442966696e-01 5.245603434529397813e-01 4.255053597215104899e-01
8.071750830121090514e-01 8.565413452511076997e-01 8.519091068653530385e-01 7.401455730333126315e-01 7.214656683003455306e-01 8.588816046240075330e-01 8.366810045200181456e-01 8.206369334690611916e-01 8.327777749230886872e-01 8.183207916701857876e-01
7.969987986476251285e-01 8.804020138566287512e-01 8.296907245875823067e-01 7.223119871102632317e-01 7.409648414986236276e-01 8.111992778922678671e-01 8.549773740789523568e-01 8.351024763684291585e-01 8.616096394995701457e-01 8.349782337867942550e-01
1.794759946048697652e-01 1.130554946706566199e-01 1.716215085153943443e-01 2.948206466446337548e-01 2.318029750097943820e-01 1.472830745461223834e-01 1.289848360956698248e-01 1.641026484756996917e-01 1.247481619314646933e-01 1.895003959985883946e-01
4.429691186341453424e-01 7.221043859988487412e-01 4.725862126999720303e-01 6.523483662926947702e-01 4.631662010855620570e-01 5.707984924049751552e-01 5.108580318110605978e-01 6.830989872228016013e-01 6.745440003362613846e-01 5.616166493543316429e-01
6.776120797063929224e-01 8.123806680379127565e-01 6.075504738158501450e-01 6.252005333982338930e-01 5.740586197877920460e-01 7.673513520851835690e-01 6.868688361107726514e-01 7.760662984188961833e-01 7.750879081066397447e-01 7.195076254800962801e-01
2.908989497937750079e-01 6.824707030167382893e-01 5.859623730262241148e-01 4.138412554811264354e-01 4.202988597186013697e-01 4.625427961244846786e-01 5.524729765917032465e-01 6.163140916679543668e-01 6.060669872738899677e-01 4.904513745595912022e-01
2.216419878660516041e-01 1.153879940444127450e-01 1.441870250554827260e-01 2.833918871357224978e-01 2.691967720119377572e-01 1.441811505215736811e-01 1.395768673752936506e-01 2.112058658327505833e-01 1.467803020514575341e-01 1.911837536428588613e-01
4.918925850335877370e-01 1.612917109662535542e-01 2.223811579165051178e-01 3.259608640960637294e-01 3.284172680479916506e-01 3.502643555436405487e-01 3.285645129611275417e-01 2.303816767843913371e-01 2.428349361292479469e-01 3.616029967216706220e-01
9.625526430004165412e-01 9.929545209335349787e-01 1.000000000000000000e+00 9.962684663119421025e-01 1.000000000000000000e+00 1.000000000000000000e+00 9.865782562100500197e-01 1.000000000000000000e+00 9.813482474091321794e-01 9.914082184681697330e-01
9.226357710257835354e-01 9.001968042003595238e-01 7.533490728140425086e-01 9.371903330567902257e-01 8.753514014161626333e-01 8.989546541150552628e-01 8.359246053455816616e-01 8.968909438583937410e-01 9.325604926947468343e-01 9.025979947564897188e-01
4.901121301519461015e-01 1.995446811095332729e-01 2.399099172337480212e-01 3.110532201386911888e-01 3.286752814123214961e-01 3.427127355914467155e-01 3.451849322538601550e-01 2.558388783758077101e-01 2.124322762979555801e-01 3.310576237114721265e-01
8.890846873722310084e-01 9.268596285397282530e-01 7.559042612562274499e-01 9.369971311846641004e-01 8.549970419239139030e-01 8.678447205483388327e-01 8.094280778880157401e-01 8.932761482624015370e-01 9.272313015720248242e-01 9.046230350567202594e-01
9.917102693218046161e-01 9.603959827184050946e-01 1.000000000000000000e+00 1.000000000000000000e+00 9.964445744299610386e-01 1.000000000000000000e+00 1.000000000000000000e+00 1.000000000000000000e+00 9.996482396978418894e-01 1.000000000000000000e+00
3.153378670309460730e-01 7.260977023908065098e-01 6.094938453368750064e-01 3.814669843047653885e-01 4.167832096731226010e-01 4.789855520011477297e-01 5.057281494395481358e-01 6.187642279709031357e-01 6.223484060666094608e-01 4.713725364492613590e-01
3.761160958852142189e-01 6.839145372170379877e-01 5.223661962007347670e-01 5.711103620688766647e-01 4.880607181382646265e-01 5.864910403190756183e-01 4.917523542244034984e-01 6.829137680754513440e-01 6.962245453336751710e-01 5.852648371697383167e-01
3.254042324505159178e-01 6.679842846691513847e-01 5.959113298567809691e-01 3.906066723310352984e-01 4.207861983223439850e-01 4.715106195921900389e-01 5.225895384784271513e-01 5.918901107845977450e-01 6.085327071200072879e-01 4.714075668554343346e-01
6.290398131383918567e-01 2.994814708646257317e-01 4.922378181344970738e-01 4.111707274308890603e-01 5.288639940776622694e-01 4.641092411607781187e-01 5.373445255035463886e-01 3.142256349293260920e-01 3.011428115153340079e-01 4.655705225872676101e-01
9.897144793164186494e-01 9.874989818993388235e-01 1.000000000000000000e+00 1.000000000000000000e+00 1.000000000000000000e+00 9.966149460541937621e-01 9.981107267328509502e-01 1.000000000000000000e+00 9.905625574021093005e-01 9.970484293902397432e-01
1.260654432804527159e-01 7.519112336254127338e-02 2.570198888246292834e-01 4.041184008594254917e-02 1.705381530732589523e-01 7.239755318862728384e-02 1.783541069658678979e-01 1.159219780000927957e-01 8.272061847604288143e-02 1.235000892958855040e-01
8.102505086960212211e-01 4.417380456868660321e-01 6.089044321558899631e-01 6.533436896305883090e-01 7.409618005193302492e-01 6.331325258819577861e-01 6.370043960064386557e-01 4.659535380185175213e-01 4.651161451215812814e-01 6.102882390525333767e-01
8.878349007747010635e-01 9.083832737441500660e-01 7.556208894283765742e-01 9.499935952582601040e-01 8.221079915870582733e-01 9.035984744978137195e-01 8.392796780919065114e-01 9.451943449820927601e-01 8.789787498094263629e-01 9.039674044034945455e-01
1.422005446265700579e-01 1.019377852255502898e-01 2.579726898159048210e-01 6.498509374339279943e-02 1.603312191965394484e-01 1.002173137568942440e-01 1.805055155249217225e-01 6.657360001988633924e-02 7.832050552844900537e-02 7.479318801492951252e-02
6.768625005519832705e-01 3.173781155138741816e-01 4.080912975300108880e-01 6.100760857099545298e-01 6.154304571096467225e-01 5.282907132313811038e-01 4.237673450117899199e-01 3.639159027284147863e-01 3.629584310223560317e-01 4.889145094736783159e-01
6.204528339752577448e-01 2.855711777118155603e-01 4.708546612784696439e-01 4.097221554848171077e-01 5.134680665453422721e-01 4.465020169075301637e-01 4.879368026060745267e-01 3.210477788717872594e-01 2.981315468750989628e-01 4.426188860924246127e-01
5.160624949191467969e-01 7.822541614260849485e-01 7.134834349372713991e-01 6.579269614040266223e-01 6.856589952069779281e-01 6.639269667044850332e-01 6.456260728588248954e-01 7.758757118653267781e-01 7.582612134100896739e-01 6.598833338877283516e-01
4.156926203162650824e-01 7.014713578628045676e-01 5.116579445917313063e-01 6.233387485903907343e-01 5.131766576855326667e-01 5.428015761370871273e-01 5.313385774613439416e-01 6.951726793813879368e-01 7.067521865377710544e-01 5.744419647458494094e-01
7.098354725872090265e-01 8.048032676071731339e-01 5.971167433410317082e-01 6.227706005105972942e-01 5.859804437769818852e-01 7.349031041415277077e-01 6.763244691395445818e-01 7.393039389404908457e-01 7.897605965897208646e-01 6.697125612340381062e-01
5.047186829143702758e-01 1.804157075304573254e-01 2.348029315170625519e-01 3.452635336330404647e-01 3.811408973276624312e-01 3.293564671185802428e-01 3.607727867299418967e-01 2.031950124149032866e-01 2.431253122462919414e-01 3.693477833512943675e-01
1.030145079591050644e-01 8.043412418775630623e-02 2.079053822088837711e-01 4.891594069676311052e-02 1.453898426346164063e-01 9.141308251081926850e-02 2.229268374377900153e-01 9.878554009644947842e-02 1.302276246924436442e-01 8.456536323462013338e-02
9.132799014652723812e-01 9.428385175501612370e-01 7.913006341469430716e-01 9.413906800451472545e-01 8.254010713513874054e-01 9.151960146100416305e-01 8.422503092583745188e-01 9.185572046596581774e-01 9.171608907933882504e-01 8.846077824710435467e-01
6.360199151359010594e-01 3.059901199521688486e-01 4.828597526509017523e-01 3.880750311144069431e-01 5.198886728371012733e-01 4.474268578671938279e-01 4.956914687387486973e-01 3.176788932641338437e-01 3.339462981533255492e-01 3.964603168133959410e-01
9.124930301632813157e-01 9.159021550326164052e-01 8.138844104399601820e-01 9.280511392780728119e-01 8.190443278462842258e-01 9.074015790741450926e-01 8.453922629837068436e-01 9.097699615257249794e-01 8.878721504464555103e-01 9.057584418273301186e-01
4.637343311508175803e-01 1.737886521588880573e-01 2.274253918700948063e-01 3.211658571639116055e-01 3.569152481612043459e-01 3.714223835315198508e-01 3.643550336422214930e-01 2.275940394715645909e-01 2.304488814076932346e-01 3.396326994989030124e-01
4.618201779260650564e-01 7.935996389915057625e-01 7.427515281468727304e-01 6.701927839964658684e-01 5.969604497875347082e-01 6.513421694220272729e-01 6.962433699204527704e-01 8.056703355439976955e-01 7.753958361581257952e-01 6.662741475448158424e-01
9.963970734858716982e-01 9.893880801177493689e-01 1.000000000000000000e+00 9.805619644304528482e-01 9.627880169717385472e-01 1.000000000000000000e+00 1.000000000000000000e+00 9.927872042320099455e-01 1.000000000000000000e+00 1.000000000000000000e+00
1.930295193443055390e-01 5.506027786534781754e-01 3.854174136738730549e-01 3.193320597042623166e-01 2.519710964344789583e-01 3.973910269199002476e-01 3.610157083925596422e-01 5.326304733453131046e-01 5.495990959245860008e-01 3.966508781025846475e-01
9.078165899983541287e-01 9.161790028287997156e-01 7.715403956324159429e-01 9.470993604841076996e-01 8.234828006946759427e-01 8.939969133958942660e-01 8.223632605789529260e-01 9.156235513001912407e-01 9.252250818146636746e-01 8.912603255832488580e-01
7.072324292012482916e-01 8.264137013907156826e-01 5.393984330160357388e-01 6.405262681873139519e-01 6.221118581498885636e-01 7.445437802838330565e-01 7.061683631031167030e-01 7.475076639181941207e-01 7.260753103380757079e-01 6.919503208107307124e-01
1.119595706287681951e-02 4.578945325168404419e-03 2.044623240882489576e-02 0.000000000000000000e+00 0.000000000000000000e+00 0.000000000000000000e+00 0.000000000000000000e+00 0.000000000000000000e+00 6.353605219356795765e-03 0.000000000000000000e+00
5.905947382043924554e-01 2.752639785136374861e-01 4.893687097443568113e-01 4.395835239797574734e-01 5.367268153378741413e-01 4.017515322399313749e-01 4.803212454691856426e-01 3.036676868200618440e-01 3.419660137410105438e-01 4.337980973988903033e-01
8.161151479773379736e-01 9.027129122659958149e-01 8.277193728726951472e-01 6.936829860153996830e-01 7.703200495347358734e-01 8.109944071891314055e-01 8.241327849327250155e-01 8.204678305227122159e-01 8.358799690767227952e-01 8.437414707097956601e-01
1.898984218657286949e-01 1.460421857428387260e-01 1.859543338394265555e-01 2.834325813995765553e-01 2.296752942712834977e-01 1.708958784946350007e-01 1.339751722713833915e-01 1.748921525536366040e-01 1.543821137500446805e-01 1.771007794863296014e-01
6.636056227348623437e-01 8.104817217817749109e-01 6.159819905639815074e-01 6.828026421114814504e-01 6.150534710836933483e-01 7.144931072820029927e-01 7.171374064791148362e-01 7.563082178823983259e-01 7.801403045396746450e-01 7.215546194713298167e-01
1.743794291709303557e-01 5.867299451996579318e-01 3.508048945918842421e-01 3.107335148564412952e-01 2.495670798686278613e-01 4.016483064753250121e-01 3.790464859464054426e-01 5.079903584959598595e-01 5.322164235546469335e-01 3.823104609951450961e-01
3.823906704913119237e-01 7.109275678988901115e-01 5.159437617535213016e-01 6.072718967997632333e-01 5.030946818303254631e-01 5.833414435646435692e-01 5.182860959972312997e-01 6.768066334830573627e-01 7.113016569121264343e-01 5.772586187507147137e-01
7.068626112266598316e-01 2.985580267770229779e-01 4.414147742002488273e-01 5.844642493107780057e-01 6.037168424887229268e-01 5.514791075423381983e-01 4.423689409502512548e-01 4.171662218934353294e-01 3.882616779995340384e-01 5.073831749919148759e-01
6.843640274232882792e-01 8.118555189805287675e-01 5.869772325257059942e-01 6.305005304444755154e-01 6.032686959772889379e-01 7.286011484355457979e-01 6.381556685627091108e-01 7.406378660592362051e-01 8.034952153465648728e-01 6.999005930310444601e-01
8.095265015225789895e-01 4.191895384414446868e-01 6.692755507574985607e-01 7.022609049659112035e-01 7.250122723510900036e-01 5.621170601436137337e-01 6.132131903826664177e-01 4.481903722026266967e-01 4.577639490561206115e-01 6.299750214761022926e-01
4.986828322635756261e-01 2.101310857058271142e-01 2.431859030046295833e-01 3.545406115402549019e-01 3.454071431095631084e-01 3.436832044812327402e-01 2.989637661037370941e-01 2.426285738159001670e-01 2.523070250014765037e-01 3.378726105843447014e-01
8.107557350795817630e-01 8.924550192045841435e-01 8.475993158681676132e-01 6.986106563339918862e-01 7.898861585407132013e-01 8.279892416329408533e-01 8.430192238700024987e-01 8.177879735374707915e-01 8.783886157348202994e-01 8.044698157690381990e-01
5.186547319150740520e-01 1.993070868519330185e-01 1.968753966211927164e-01 3.583790752898797782e-01 3.295038397430091748e-01 3.085934607871236302e-01 3.491057009198466621e-01 2.058243189740761869e-01 2.270888511627434381e-01 3.490789749318232160e-01
8.563446103890024474e-01 9.140354901734927262e-01 8.610187438557546091e-01 6.975684074123134071e-01 7.850100411730499550e-01 8.325573485455184386e-01 8.511683115930944732e-01 8.332941146277061950e-01 8.609836504742235386e-01 8.052412792148135878e-01
6.909772315840669865e-01 7.921607580857978892e-01 5.730619954655109538e-01 6.356613572479017371e-01 6.056124722320047615e-01 7.421141699828797123e-01 7.161832457794533591e-01 7.662149040788679422e-01 7.669399944861519103e-01 7.390622079333852845e-01
2.008582393196952365e-01 1.103429078513539496e-01 1.693722614695494511e-01 3.184491628263526608e-01 2.608734011350230531e-01 1.714489988049430758e-01 1.725066293783533988e-01 1.543939852983371996e-01 1.568030467252310711e-01 1.943229632651295447e-01
7.705786002904209120e-01 4.090687985121550518e-01 6.472468623369680429e-01 7.026829447431189868e-01 7.561284711440378059e-01 6.519981535746726120e-01 6.351942943321876589e-01 4.417797156840689854e-01 4.850054236852625600e-01 6.029553179957545250e-01
8.307920998319716643e-01 9.023112236880584947e-01 8.286019182679849049e-01 6.922318098417878929e-01 7.732321485743027800e-01 8.246797216294361466e-01 8.724421202101960704e-01 8.252434816016106511e-01 8.386493582532138502e-01 8.148024507671133287e-01
6.932514768347738388e-01 3.256760842613694029e-01 4.182788222383758137e-01 6.390375944014878851e-01 5.552568328731389835e-01 5.204890506021977448e-01 4.893275790766491995e-01 4.216141073820119378e-01 3.698836311014456757e-01 5.073076571227554954e-01
9.178112789177402808e-01 9.409639634653267359e-01 7.624017310920719881e-01 9.131542421130314224e-01 8.491714281481822502e-01 8.843059957087263667e-01 8.569042311189045691e-01 9.169002913670849519e-01 9.083728650011374528e-01 9.196354980124069600e-01
5.167294002112818863e-01 1.803067918510141421e-01 2.327646633406844079e-01 3.734713489285858001e-01 3.241474174033360245e-01 3.586144015784319961e-01 3.230742088175690974e-01 2.171720062783250027e-01 2.143345270164681016e-01 3.150257984009209311e-01
6.903105667782629684e-01 8.069860760156405410e-01 6.009385840937384593e-01 6.285492660272330445e-01 6.400073232165932602e-01 7.224011594908198441e-01 6.661369095359134240e-01 7.259369081307653904e-01 7.905742291878037342e-01 7.333364630080684288e-01
6.975948953303059419e-01 7.932860946423195836e-01 5.877287700232212142e-01 5.994378306989592842e-01 5.876895765115096593e-01 7.510037105743639918e-01 6.931134913967252897e-01 7.565977699222796726e-01 7.475174709287206731e-01 7.323241647001016430e-01
8.827142683823334668e-01 9.126744160975031050e-01 7.892850890061879898e-01 9.341307608697336784e-01 8.530505929056587666e-01 9.680097578074323694e-01 8.194880094063922149e-01 8.828318631056085719e-01 9.244409632746730665e-01 9.351084685420046894e-01
6.597935964964748165e-04 0.000000000000000000e+00 9.131281950709295783e-03 3.698435904018788911e-02 0.000000000000000000e+00 1.191583248412030754e-02 0.000000000000000000e+00 5.399961306456543819e-02 1.251798842372521710e-02 0.000000000000000000e+00
2.985688637209304441e-01 6.382168061313898688e-01 5.882188778179788802e-01 3.518217540057131942e-01 3.805760968818870382e-01 5.014296173323801176e-01 5.365907347628324775e-01 6.008827741949354095e-01 6.125871656606399762e-01 4.799180187676720943e-01
3.948382220303435219e-01 7.063856219185397078e-01 5.349780130880766871e-01 6.083969970771584412e-01 5.091418538798846427e-01 5.339724656397062397e-01 5.081813065964142506e-01 6.866219055849246411e-01 6.938162122794708786e-01 5.624069066731667288e-01
2.954750716577703162e-01 2.182701762817163826e-01 3.886059759550599679e-01 3.948498584843253001e-01 3.779136433051591415e-01 2.672312940031685846e-01 3.021996244866457793e-01 2.727058395994745865e-01 2.273180406471803361e-01 2.598079093376324811e-01
1.827443947914305644e-01 1.075648754628250742e-01 1.598210143396920357e-01 2.954296500410628079e-01 2.722165319579611942e-01 2.042545391945639055e-01 1.652765022753292234e-01 1.712390022243751864e-01 1.492197185589191899e-01 1.646825930229171564e-01
8.903272236974346665e-01 9.394383361094615914e-01 7.848719657132424699e-01 9.149367515558177733e-01 8.672299318763675435e-01 9.283927751126681560e-01 8.558458592620682426e-01 9.236772090436111693e-01 9.269933644836974018e-01 8.844939510647146230e-01
4.948786143051330244e-01 1.880682772817218740e-01 2.405409465540331027e-01 3.563428968242327577e-01 3.729535888169525082e-01 3.495619651912594827e-01 3.214073970813875469e-01 2.275681817913433047e-01 2.451657257147605018e-01 2.933265879510251750e-01
2.769764429541246020e-01 6.938571587253243855e-01 5.943404013310781275e-01 3.856647566981457609e-01 3.836874997001704091e-01 4.538709369241627489e-01 5.259033131324812871e-01 6.322227748417074134e-01 5.832994429258813174e-01 4.484498010935293877e-01
8.279848700238123804e-01 4.074231167550407262e-01 6.569341459537261230e-01 6.630681362738053419e-01 7.207012816269835476e-01 6.423570419371074092e-01 6.418234201659842597e-01 4.730378024198683695e-01 5.089313140382553113e-01 6.570517782918652294e-01
4.496457323347659574e-01 8.249582882809987083e-01 7.805452312485099409e-01 6.608855673851051771e-01 6.471618124097830993e-01 6.750113912563701080e-01 6.945963336792667642e-01 8.123735979390293016e-01 7.312130464782058414e-01 6.641018621099615826e-01
5.150721118171193158e-01 8.064061687569555881e-01 7.520341925702538344e-01 6.677964044641379049e-01 6.523405652779199482e-01 6.384314250997515927e-01 6.788641769876697651e-01 7.458766528381103322e-01 7.908318422909221823e-01 6.324864044805675878e-01
9.033242453832330821e-01 9.020054967248087863e-01 7.705355628453912642e-01 9.345069212054387675e-01 8.486862083496301556e-01 8.844007731006309214e-01 8.148339728763259737e-01 8.841712355555783054e-01 8.983280004117325523e-01 8.879591132455508795e-01
1.134747968527072548e-01 9.481569606184599153e-02 2.348119892559205890e-01 9.179522538304901724e-02 1.504933687200192827e-01 7.466555584288128711e-02 1.701611527010735980e-01 6.922938132396411204e-02 8.295729187297534724e-02 9.006369850353732054e-02
6.690610070307491108e-01 3.139472874127625102e-01 3.990812520558801313e-01 6.557315215955346055e-01 6.151741714783522941e-01 5.408014896944081107e-01 5.011976621135798560e-01 4.088195009658394663e-01 3.808743606706138651e-01 5.361172339252512353e-01
2.984153191982659714e-01 2.385403183196742327e-01 4.222893670220277951e-01 3.852550726960459193e-01 3.959258592668568610e-01 2.719994943077642113e-01 3.015642835384023113e-01 2.460634010817051021e-01 2.330821933532675472e-01 2.809239966296402380e-01
5.239413583536193242e-01 8.082542305576023711e-01 7.721219638428292731e-01 6.504043424906954529e-01 6.611435660924248614e-01 6.352175941284629035e-01 6.830937065655348084e-01 7.523934146035999859e-01 7.673621568762298839e-01 6.492768297653149778e-01
6.233283091689987288e-01 3.180818758570647664e-01 4.876096493829024103e-01 4.122403003857521564e-01 4.973430010709325999e-01 4.223581765331964055e-01 4.773293147850890539e-01 3.256963709008811603e-01 2.791696878186191166e-01 4.172273311771634297e-01
1.000000000000000000e+00 1.000000000000000000e+00 1.000000000000000000e+00 9.810852110562985340e-01 9.861254301187800664e-01 9.718367010731089328e-01 1.000000000000000000e+00 9.740157219086483797e-01 1.000000000000000000e+00 1.000000000000000000e+00
3.348201315571231601e-02 5.771165901064728015e-03 0.000000000000000000e+00 1.186397261196624545e-02 7.684529611133563733e-03 5.332488515763776984e-03 4.196581039474111055e-03 0.000000000000000000e+00 1.412211411783266882e-02 0.000000000000000000e+00
2.083271024452540421e-01 1.474819252281240334e-01 1.674388301716986938e-01 3.321259534521506240e-01 2.521529687082788018e-01 1.533211581178401395e-01 1.391107847750917004e-01 1.601868630179338060e-01 1.489253468467437169e-01 2.259362356514311720e-01
6.734467019468121096e-01 3.392981810092308148e-01 4.134665321031190111e-01 6.339108492208557211e-01 6.186752431458958368e-01 5.058633840106133706e-01 4.378634811812529004e-01 4.244152671317991121e-01 3.687756650477326814e-01 5.213657354546734624e-01
7.107276732931396834e-01 8.048885497462714422e-01 5.623937133377950870e-01 6.539916144726840574e-01 6.013514895892770884e-01 7.238064035517485229e-01 6.948808443870601037e-01 7.744999950261226562e-01 7.757400986967646350e-01 7.257752336521537950e-01
8.135458969117591588e-01 4.098904189923068819e-01 6.023647636125284421e-01 6.744722181902044200e-01 7.717222566363820535e-01 5.748252510036966356e-01 5.937019952618730612e-01 4.741651111105945615e-01 4.681115155337802758e-01 5.848464325659558094e-01
8.968653679480315111e-01 9.278046977587555144e-01 7.630254199916187696e-01 9.145972612781063660e-01 8.445983970108521532e-01 8.939837548472893136e-01 8.379057371010717459e-01 9.051229942058088840e-01 8.904032361871294654e-01 9.338760236574510376e-01
5.046485785324128504e-01 1.925595665734936013e-01 2.426659917182518167e-01 3.369383379080097551e-01 3.617932000608481413e-01 3.582952059446558590e-01 3.348095378202589067e-01 2.433185149668144753e-01 2.500783277448776487e-01 3.529349789107009139e-01
8.636928052521275490e-01 9.397154675841650207e-01 7.684641984982205631e-01 9.187724860733390564e-01 8.202426431591164357e-01 8.760714213542589723e-01 8.168754428845828031e-01 8.987287442931108927e-01 8.803731173055036052e-01 9.065533913716676828e-01
7.910515201113381689e-01 9.000799970903278213e-01 8.198070875828917803e-01 6.816221771222121806e-01 7.305341985554675288e-01 8.324089316518519244e-01 8.715353959503948644e-01 8.595933964556805584e-01 8.505913379938661034e-01 8.099375533300674501e-01
8.592151650315115186e-01 9.114207581017310655e-01 7.671917143337203537e-01 9.308932393130565641e-01 8.496186083083931972e-01 9.355091512542815790e-01 8.102185060399200722e-01 9.359191179151977735e-01 9.088392227979713578e-01 9.137416244363573137e-01
6.635807567536040619e-01 3.338326027639071936e-01 4.255202112108774082e-01 6.280277437197331336e-01 6.330055641447936976e-01 5.137428354721309542e-01 4.648580394163041030e-01 3.898493748696873484e-01 4.036858714866577991e-01 5.288766355678713449e-01
8.357669382036209127e-01 9.181499497228683415e-01 8.043990538528070777e-01 9.476285412714493539e-01 8.382848755998115742e-01 8.925655655087566531e-01 8.093762758930305168e-01 9.284812451741243366e-01 9.439314117720212227e-01 8.913087417963754255e-01
5.045810677336877159e-01 7.654158059474185372e-01 7.309574553474382785e-01 6.730412963662320003e-01 6.522022938942573234e-01 6.325438694963273489e-01 6.683046569494114353e-01 7.632143215741619136e-01 7.707421954112484430e-01 6.338121548535007310e-01
8.200624171720670708e-01 3.981322301338882097e-01 6.448033234536795222e-01 7.224211738992869503e-01 7.530490810273324787e-01 6.342344737648174524e-01 6.556982625389280450e-01 4.874855179158242291e-01 4.594149260377444755e-01 6.258329139105405226e-01
0.000000000000000000e+00 0.000000000000000000e+00 1.396848751014647012e-02 0.000000000000000000e+00 0.000000000000000000e+00 4.237122910119429237e-02 1.449787622618035898e-02 0.000000000000000000e+00 0.000000000000000000e+00 0.000000000000000000e+00
6.801140585036087316e-01 2.938343427919108963e-01 4.110715799224403666e-01 6.382641316623344219e-01 6.117065666172952776e-01 5.225972599088316572e-01 4.437415789649149511e-01 3.956222956591020079e-01 3.739589493289393607e-01 5.022207828373214111e-01
9.877146222752757332e-01 1.000000000000000000e+00 9.906542951228234362e-01 9.984825568602843093e-01 9.879742729650032862e-01 1.000000000000000000e+00 1.000000000000000000e+00 9.730861705286580898e-01 9.948451189245504089e-01 1.000000000000000000e+00
1.858188400144476227e-01 5.924341561985725368e-01 3.329914482244984431e-01 2.583068334372036756e-01 2.384575990260310585e-01 3.753412449841008192e-01 3.929453224138582668e-01 5.294402825340634999e-01 5.225130906019438415e-01 4.445895197646532737e-01
7.805817436919586516e-01 8.707166278672205939e-01 8.837555871302664734e-01 7.135147004615195465e-01 7.563848497599319209e-01 8.300603971954113591e-01 8.543277778978026760e-01 8.499021178769887719e-01 8.212245334036509803e-01 8.384153165748826630e-01
1.000000000000000000e+00 1.000000000000000000e+00 9.923610180813208226e-01 9.976120661062806150e-01 9.848907646187438081e-01 1.000000000000000000e+00 9.846574519558826122e-01 1.000000000000000000e+00 9.880147137834157656e-01 1.000000000000000000e+00
1.186144190900089851e-01 5.350779949266259994e-02 2.195217690678561706e-01 8.514066034657834237e-02 1.312818757900823530e-01 1.382355032468461364e-01 1.831591435549618785e-01 1.242206982691596850e-01 1.037907676873269652e-01 1.199014463826022364e-01
2.951908880261672752e-01 6.574843481523680033e-01 5.648588403529802848e-01 3.749947190050785251e-01 4.254523992573307489e-01 4.617071808544110367e-01 5.534238058244885794e-01 6.309669612297807983e-01 6.120893903548958459e-01 4.739378316295133620e-01
4.947982106758674337e-01 1.779773841157089032e-01 2.417010234763524723e-01 3.632324270650041376e-01 3.719155733548374365e-01 3.570362640278778033e-01 3.440835468178987666e-01 2.036305001913976676e-01 2.466862086100977403e-01 3.401661556288647081e-01
6.838507209343063220e-01 7.528777442628640237e-01 6.232255758049619621e-01 6.309423778881626532e-01 6.028232248579811214e-01 7.168975404372144311e-01 6.926967806942661010e-01 7.590059830471412861e-01 7.442484754000161518e-01 7.240496606436874760e-01
3.037423960999151573e-01 2.214514180174468605e-01 3.679517975325636847e-01 3.412266181021800238e-01 3.919212704554387861e-01 3.046307799296490426e-01 3.524930929751434183e-01 2.886107938924477589e-01 2.190208664828482976e-01 2.641163536512758925e-01
8.272007865051337339e-01 4.197273568154893386e-01 6.414591255176428364e-01 7.032102500302143122e-01 7.478309586822103894e-01 6.232441689574788057e-01 5.963840004320981603e-01 5.089474824992672453e-01 4.841824323727996204e-01 6.348516114698083967e-01
7.047032370425304615e-01 7.795492384799184160e-01 5.936243012842495892e-01 6.495388026758419642e-01 6.102260895880151637e-01 7.251284554832638785e-01 6.340061582237828119e-01 7.206529694490972915e-01 7.749771361387541857e-01 7.279160775183910470e-01
6.013989114322012552e-01 2.780060170678591014e-01 4.769425897049771601e-01 4.020044791435924414e-01 5.078063317519483366e-01 4.593870959263536280e-01 4.769771026146490955e-01 3.127609312818593335e-01 2.730702398127239916e-01 4.379523496822277928e-01
6.980395419422632530e-01 3.353136109353506145e-01 4.442716132374029958e-01 6.275879429073834004e-01 5.600541940666095009e-01 4.887674570843270616e-01 5.006747397014221779e-01 4.074783548879084560e-01 3.593099891134050594e-01 5.276782253131039324e-01
2.940962312403897494e-01 6.652959652141876568e-01 5.981865540366078093e-01 3.624151019651687955e-01 3.478569334371695021e-01 5.053176771277402279e-01 5.311035413430539309e-01 6.295486209523523113e-01 6.189058256258631596e-01 4.578817529733765213e-01
3.002395386902217966e-01 7.032438757229194648e-01 5.700451456518095261e-01 3.847186756478737091e-01 4.144089936485357839e-01 4.588547582056040630e-01 5.220555827636849111e-01 6.292149650989767862e-01 6.235081310159588108e-01 4.800252319668391054e-01
3.283116444876154061e-01 7.253882003152302138e-01 6.018389361470773968e-01 3.886346056176902541e-01 4.229258930408094641e-01 4.720785898381525958e-01 5.181369468113584675e-01 6.350915227152417186e-01 6.278713779632051351e-01 4.440180321217914172e-01
6.902506510176787957e-01 3.079380502645872597e-01 4.311529396776200840e-01 5.786588134421473129e-01 6.172946633646912984e-01 5.118259716913393653e-01 4.655805037617549713e-01 3.737699924219277658e-01 3.840334054022092602e-01 5.261036996460962678e-01
8.795447560241025364e-01 8.994716435023404344e-01 7.673866059571913256e-01 9.737175202837741184e-01 8.415895005137650209e-01 8.972598665275162144e-01 8.285937792584563422e-01 8.593980138421503101e-01 9.012317463607514290e-01 9.512329726940109698e-01
8.030762665582074078e-01 8.836351188219595532e-01 8.267364255785533134e-01 7.086086883898301547e-01 7.324281667389320738e-01 8.453213011083134942e-01 8.561124124944586855e-01 8.783536234847456603e-01 8.686627270733984219e-01 8.140933633001712355e-01
1.000000000000000000e+00 9.964302417116253086e-01 1.000000000000000000e+00 1.000000000000000000e+00 1.000000000000000000e+00 9.841705340576728522e-01 1.000000000000000000e+00 1.000000000000000000e+00 1.000000000000000000e+00 9.892397018554985877e-01
8.687163523045337010e-01 9.262384683805761076e-01 7.737014445632386384e-01 9.226845150210624125e-01 8.901431541656353863e-01 8.926298721756390497e-01 8.293304368841499796e-01 8.997046577134245604e-01 9.436149218633903546e-01 9.349240324296979043e-01
1.825302198326566316e-01 1.574128316358420765e-01 1.768264855517674705e-01 2.434461649189227084e-01 2.923715204360211595e-01 1.833345974709846282e-01 1.252113751585672841e-01 1.584131264851907916e-01 1.663536007865716038e-01 1.978258886131765426e-01
3.323644379074659483e-01 2.189230110931263684e-01 3.948038150779512034e-01 3.460046841573665155e-01 3.598164343263377529e-01 2.376417261978069906e-01 2.894365297804692427e-01 2.292675683296193923e-01 2.726583446982121517e-01 2.784424899457074165e-01
3.133063011211758009e-01 6.960814548166778248e-01 5.488723223534799356e-01 3.736842985863000899e-01 3.915273647956008518e-01 4.907396832489905880e-01 5.629260729268910080e-01 6.373579359079991624e-01 6.460478148392951869e-01 4.962340649993119968e-01
2.107828617755970746e-01 1.328013450154433006e-01 1.522630934288451421e-01 2.871314804732947312e-01 2.401457978247947267e-01 1.775427449399766822e-01 1.366256381388532837e-01 1.502467913841251390e-01 1.666956295792584586e-01 1.871190836406711189e-01
1.275580118943372698e-01 7.442221207018477613e-02 2.277426914554540882e-01 6.229796376288017357e-02 1.348014014954334039e-01 9.490276393407200139e-02 1.440583538932701246e-01 1.024231192576158106e-01 5.873402659642620871e-02 7.523225692523202723e-02
1.000000000000000000e+00 9.785998592093658743e-01 9.871390048957744412e-01 9.647908849711235302e-01 9.846811735263795162e-01 9.897817519705855993e-01 9.907475677578383433e-01 1.000000000000000000e+00 1.000000000000000000e+00 9.595553643676084654e-01
8.630710916231237873e-01 8.706036440481883520e-01 7.795043383206397003e-01 9.380143539075224135e-01 8.326487728949061307e-01 8.987063266007028206e-01 8.151207533349609236e-01 8.805022430640424558e-01 8.970016443486543700e-01 8.986736579349656751e-01
9.797195397472422407e-01 9.777671409804992164e-01 9.998873193658863734e-01 1.000000000000000000e+00 1.000000000000000000e+00 1.000000000000000000e+00 9.777590195843849363e-01 1.000000000000000000e+00 1.000000000000000000e+00 1.000000000000000000e+00
2.091495831688765517e-01 6.324903216614242707e-01 3.750833923201140063e-01 2.762691985383519122e-01 2.569116973590076514e-01 3.997290572107048967e-01 3.453037068847937263e-01 5.227803615519845959e-01 4.950196848525504900e-01 3.985787803231436999e-01
4.681120622977995582e-01 8.359101137188974517e-01 7.524466883134456330e-01 6.453328557831335965e-01 6.745028198498437266e-01 6.118609452780425784e-01 6.443503824280724102e-01 7.775697700725434647e-01 7.625401553913148112e-01 6.182030446645365718e-01
7.698740421373053699e-01 8.913872399769272592e-01 8.250431216650866428e-01 7.304505120826163544e-01 7.418678525643620514e-01 8.280609139846754063e-01 8.507506115989300621e-01 8.502077459551898864e-01 8.462250032255410614e-01 8.529972545781721038e-01
7.922458176368566418e-01 4.085201168598958099e-01 6.266941415211536581e-01 6.842955686497397272e-01 7.337857673302049522e-01 6.066901517701029922e-01 6.489171694142183977e-01 4.897105753834816722e-01 4.597165822060829687e-01 6.359672321286776731e-01
4.831345798871504726e-01 1.894018087029446518e-01 2.352498949687028551e-01 3.156348123789025628e-01 3.555012928540631223e-01 3.157795020287176291e-01 3.051869198607120581e-01 2.344618825924069117e-01 2.485863428739286396e-01 3.222747259852828394e-01
5.394456784692477358e-01 7.936140017784878431e-01 7.703185678455178875e-01 7.145862214025003878e-01 6.504530989667377527e-01 6.776115709521737251e-01 6.582877430161503396e-01 7.926907771479821951e-01 7.740229355771666153e-01 6.364874327011281752e-01
6.281926908489010586e-01 2.826566528410528467e-01 4.694683568615424796e-01 4.045726307923768750e-01 5.465315779375236049e-01 4.548784913888610504e-01 5.111593993348841902e-01 3.048164138226030495e-01 3.353305643301827677e-01 4.737550819557973525e-01
4.897881198791607105e-01 8.281643908462545944e-01 7.377125419422047026e-01 6.856730569744338144e-01 6.614296918961782845e-01 6.733056890111734916e-01 6.769569870635939735e-01 8.023155605464218354e-01 7.486144656922202323e-01 7.038041014399651907e-01
4.908904252508875521e-01 1.982098658495996812e-01 2.542871924401599593e-01 3.261158540694366614e-01 3.350841170628065524e-01 3.480320390026881983e-01 3.220424717723783803e-01 2.244455072575450016e-01 2.373634263055570959e-01 3.477663517018608208e-01
1.047811525633575713e-01 1.016454367959512967e-01 2.466195055090563415e-01 8.665418126665172527e-02 1.581366087511720253e-01 6.247030751562036854e-02 1.819945457260755683e-01 6.160892136656386658e-02 9.041756009860899002e-02 5.069153482649040032e-02
3.997901494680132228e-01 7.385265070983645375e-01 5.382361510278261818e-01 6.078323904380670273e-01 4.919177222254622617e-01 5.664838650160322064e-01 5.029831754926158416e-01 6.764156575356548018e-01 6.975262637512950059e-01 5.550773545764249306e-01
8.276415281833773285e-01 8.695220700764926258e-01 8.458703078126555974e-01 6.782479005683325068e-01 7.243880874697264938e-01 8.315095826236084120e-01 8.765487395173566787e-01 8.365414208942979490e-01 8.355446981796548211e-01 8.261550384886273690e-01
8.987263202282538277e-01 8.909753669898424766e-01 7.673139050567567843e-01 9.447301178941990285e-01 8.804918945131303687e-01 8.730076409617693045e-01 8.504062211910867752e-01 9.030790520684416345e-01 8.939320208527459233e-01 8.853660587817879790e-01
7.409331831859896633e-01 7.774660217458545519e-01 5.771805366735679454e-01 6.423520254588214184e-01 6.207636920842287687e-01 7.557683222945454915e-01 7.273709548500598698e-01 7.359080199916451237e-01 7.561919852120011498e-01 7.427476744279420950e-01
5.021176397957674009e-01 8.215661055829610593e-01 7.470903490399184443e-01 6.533271840151659848e-01 6.703367894035245911e-01 6.266036048332240815e-01 6.583987401546880225e-01 7.731204818710202264e-01 7.445236270415874769e-01 6.651217413594866512e-01
2.290685160543234622e-01 1.237042926856121300e-01 1.486153684277158327e-01 2.820154159686722450e-01 2.608747662564366299e-01 2.009372416574323195e-01 1.766270760506455928e-01 1.755296604880602351e-01 1.464786913359637510e-01 1.819233060545962233e-01
5.054352950542843059e-01 8.156433407055485585e-01 7.507936936006108786e-01 6.878236809844879840e-01 6.316736918300569492e-01 6.305124842651399497e-01 6.911548793397933599e-01 7.830024859236275336e-01 7.249638079543945235e-01 6.363541868225532916e-01
1.000000000000000000e+00 1.000000000000000000e+00 9.972817266661029301e-01 1.000000000000000000e+00 1.000000000000000000e+00 1.000000000000000000e+00 9.726884643705033806e-01 9.877721961484463575e-01 9.831787532716071976e-01 1.000000000000000000e+00
5.314962815111766714e-01 1.630153579067457059e-01 2.307659415516962187e-01 2.930242567823644340e-01 3.298692867349471980e-01 3.267676098330798973e-01 3.078200606655798199e-01 1.978283265121513479e-01 2.254269615205612975e-01 3.683258605473085923e-01
5.788548535211880397e-01 3.065241930895559186e-01 4.598326457342751805e-01 4.099978475811643652e-01 4.956866100960217181e-01 4.305215947213858474e-01 5.004529214308510721e-01 3.071484940748493431e-01 3.302092743434636990e-01 4.532670620951145257e-01
2.085837246783869281e-01 1.388730938735582565e-01 1.778036424636015578e-01 2.661045671287984304e-01 2.341918825156884543e-01 1.834292377060663670e-01 1.554496414845237817e-01 9.613017664238364401e-02 1.172800553398857526e-01 1.762148126897260247e-01
2.580420213345047675e-01 2.188726363137454833e-01 4.056864903689111346e-01 3.767764898950266561e-01 3.830493924137847173e-01 2.838804173568093558e-01 3.123985221127734691e-01 2.846000432132639868e-01 1.906929692229193951e-01 2.504639996353125730e-01
7.212050951292287015e-01 7.925584484743054547e-01 5.686686346463049047e-01 6.363928353606479460e-01 6.011219698563972091e-01 7.613851117981571548e-01 6.705516545699968800e-01 7.723514385668877047e-01 7.540145386563680274e-01 6.958679643052592123e-01
5.201476530469271164e-01 8.185851266059905873e-01 7.888526027412718911e-01 6.777095949974225597e-01 6.470432106429911956e-01 6.394987207634569293e-01 6.860108336969146237e-01 8.048714428644805352e-01 7.611036875488481623e-01 6.085868311367538253e-01
5.021420722491364286e-01 7.760874638170859319e-01 7.402636356393922368e-01 6.384263602853080810e-01 6.198342018569639178e-01 6.627091804851275025e-01 6.715283489999783750e-01 7.940720411516246635e-01 7.898757053133509398e-01 6.637116651371287590e-01
8.151682003755941208e-01 4.265107750850559154e-01 6.096530634626402545e-01 6.762620594654844552e-01 7.575667988292585919e-01 5.975262892524870750e-01 6.510444467029080640e-01 4.775688817398773267e-01 4.509902314667392775e-01 5.891574373388783759e-01
8.507735540037680844e-01 8.880144824392909308e-01 7.897407478482425525e-01 6.824834217993149821e-01 7.698083019917447700e-01 8.319913414378458105e-01 8.368418225995972737e-01 8.303693627048757131e-01 8.288165917980280240e-01 8.321133150262061129e-01
2.689586473104474962e-01 1.972553924839236250e-01 3.914334333721118941e-01 3.471959705041981481e-01 3.955051812884224360e-01 2.467960605242040528e-01 2.899733402504159341e-01 2.617302486581074006e-01 2.317128165067089685e-01 2.411546099803814347e-01
2.962640171488635232e-01 1.957474310612059010e-01 3.967982194805663720e-01 3.300772082390868722e-01 3.927192048641253708e-01 3.134159925470719199e-01 3.407077246892718514e-01 2.891311194167188736e-01 2.704626587240765434e-01 2.790164396802549129e-01
9.169903995608545966e-01 8.875656190633743892e-01 7.878579522911880462e-01 9.308239826211254231e-01 8.404584677643767154e-01 9.206442713529905397e-01 7.807787369325656091e-01 9.205574776360346823e-01 8.878023907829073469e-01 9.106421555471972962e-01
3.704762095079716100e-01 7.249582693726582816e-01 5.064743669925395597e-01 6.073754992200488534e-01 4.566628232470691384e-01 5.517029488814323424e-01 5.009961213697862181e-01 7.059871805908735087e-01 6.882692696154502077e-01 5.449686193739377016e-01
8.008453146166072401e-01 4.046265274480513319e-01 6.714384138701572358e-01 6.901026054997195791e-01 7.197275697491001267e-01 6.377129645032022509e-01 6.353866255873518165e-01 4.457763221705764445e-01 4.463927637288553907e-01 6.170420990314301468e-01
4.817162284611078982e-01 7.990026417151543381e-01 7.678669112599569857e-01 6.477265430157577164e-01 6.872708271380659761e-01 6.083707076651286849e-01 6.945360109640087432e-01 7.948959888125177731e-01 7.611002105080465485e-01 6.156881477764789556e-01
4.186650375395906121e-01 7.194730848360549880e-01 5.034635384351549003e-01 6.188735109249396960e-01 5.106671156968903835e-01 5.719942812043862235e-01 5.079811125484705592e-01 6.978514501443022766e-01 6.414899622762370024e-01 5.836193997287213442e-01
6.207327949419070290e-01 3.180795272814074259e-01 4.617973954608908804e-01 4.142066035605368457e-01 5.065153870076999354e-01 4.357064748631089279e-01 5.030472382404255205e-01 3.255559134941138910e-01 3.228294048540749639e-01 4.063922302522985364e-01
9.910685387683156877e-01 1.000000000000000000e+00 9.929892114163341166e-01 1.000000000000000000e+00 1.000000000000000000e+00 1.000000000000000000e+00 1.000000000000000000e+00 1.000000000000000000e+00 1.000000000000000000e+00 1.000000000000000000e+00
2.702251685820323823e-01 2.236437350841458949e-01 4.003270355067661823e-01 3.554555900288229320e-01 4.177436600955405921e-01 2.790122451824934013e-01 3.451711924653271257e-01 2.700634230905446520e-01 2.059607844239165764e-01 2.601645520778060328e-01
9.631242840521864190e-01 9.642623939405610134e-01 9.776881256228667771e-01 9.823451618681215969e-01 9.933973989864500753e-01 9.997260838085858525e-01 1.000000000000000000e+00 9.767277215533863854e-01 9.873233771830942640e-01 9.963990064891774523e-01
3.017785918459993666e-01 6.733536158521005177e-01 5.533199003201596522e-01 3.840850729699056831e-01 3.646818162368444804e-01 4.890657530252345842e-01 5.594524200808468350e-01 6.305163427179790725e-01 5.965891752570586792e-01 5.054444622650385854e-01
7.939541419710768322e-01 4.353656195494331471e-01 6.768014301114628761e-01 7.261697798323085706e-01 7.733817853301961920e-01 5.981032024659208579e-01 6.239639854702356825e-01 5.156426907116880010e-01 4.493642138360691707e-01 6.433254739470251060e-01
1.907023322497774509e-01 1.007178345942324332e-01 2.127258253440236502e-01 2.915440963989062162e-01 2.429276339097804771e-01 1.539565906785522187e-01 1.878282068349731437e-01 1.761227489174672367e-01 1.154951342994908758e-01 1.930642886868370878e-01
2.716980962240357345e-01 2.109146329401220543e-01 4.128693898803077467e-01 3.327427006259204290e-01 3.951437708961381690e-01 2.643439513332956903e-01 3.284465491454894304e-01 2.887258349423072468e-01 2.608494737741290370e-01 2.429071400078659515e-01
8.583335509796751195e-01 4.138942586550005132e-01 6.672463590320850679e-01 6.696686510710568863e-01 7.504090066964158590e-01 6.291924809162535714e-01 6.327983520797871853e-01 4.388905425750666556e-01 4.693425750423552145e-01 6.434165461614855808e-01
7.874948953732298085e-01 4.220997965413619268e-01 6.377857781857776409e-01 6.375610512335035951e-01 7.619615275777266161e-01 5.994677332149125348e-01 6.343954210540956318e-01 4.550710362467855208e-01 4.846323150951563075e-01 6.386249634811826947e-01
3.047371994373025417e-01 7.214260416674804777e-01 6.254817334191200562e-01 3.752242504408205281e-01 3.734807439886450586e-01 4.750257887515516586e-01 5.477397461273298962e-01 6.044488723127160457e-01 6.143550127306395270e-01 5.121087985317002156e-01
9.153334440459005572e-01 9.105629147157145997e-01 7.642995426715198937e-01 9.413650978848344675e-01 8.593854492030668091e-01 9.080838118908969303e-01 8.100933811304636967e-01 8.706930842183022712e-01 9.211451721427407202e-01 8.925610657359733802e-01
5.511975000201516650e-01 1.724275225364430564e-01 2.492879874858903999e-01 3.283396318598263419e-01 3.744629276652646777e-01 3.604879211150953666e-01 2.887471157331052973e-01 2.343947090432140778e-01 2.284521641075439036e-01 3.176746182415354225e-01
2.082291147402815235e-01 6.043531601218805616e-01 3.596143044723648652e-01 3.207574529370763039e-01 2.461049784384832517e-01 3.898308646970435332e-01 3.830910920409974496e-01 5.219396303659976644e-01 5.243960080416744107e-01 3.984257516011562306e-01
3.162177049981589882e-01 7.313300219003124880e-01 5.917885327966135867e-01 3.805314160213084662e-01 4.034452033860869147e-01 4.635228025092319459e-01 5.452186639458794781e-01 5.863302917835256922e-01 6.186186885460159823e-01 4.780089601816836509e-01
4.662519093713291540e-01 8.019853918515756908e-01 7.802768303600460253e-01 6.416999641748051264e-01 6.541232025955292517e-01 6.305262898635826119e-01 6.865740513655099742e-01 7.678138093379202056e-01 7.791617226653018147e-01 6.753411146697402279e-01
9.022149983588125810e-01 9.080748647742222790e-01 8.095535914293165991e-01 9.648731767103859713e-01 8.517151144620226377e-01 9.219637849569203292e-01 8.008795827032774151e-01 8.838748405350110859e-01 9.010547872733504216e-01 9.002495576733087201e-01
2.955282671474546707e-01 6.903390677940578479e-01 5.609972382734760288e-01 4.159592278973417989e-01 4.239520798558932269e-01 4.340241055936923109e-01 5.346450946577223640e-01 5.953438141803656380e-01 5.978930306300009878e-01 4.745323900243902937e-01
4.813317453017994518e-01 8.291449310459804156e-01 7.458067942337196499e-01 6.396865154148332344e-01 6.561076538995588292e-01 6.466459931516376214e-01 6.273378034905078282e-01 7.909376666576612980e-01 7.494414549880696885e-01 6.544243952770407713e-01
7.105346731578944253e-01 7.501317644021099351e-01 5.983274342123980905e-01 6.774282058474586643e-01 6.009989390165931811e-01 7.363927217698912342e-01 7.072817887439812878e-01 7.388429509845547694e-01 7.661238012247311158e-01 6.940786078924305880e-01
4.844634943794078330e-01 1.897602606563436323e-01 2.644891400362598954e-01 3.182499777330647928e-01 3.302238468978145325e-01 3.634614392303762709e-01 2.954356153646223726e-01 2.765225140507071022e-01 2.451746388026588286e-01 3.709831484299596083e-01
9.013585739766611926e-01 9.078800564576285925e-01 7.743881665158597327e-01 9.143109060144902767e-01 8.444494587042324918e-01 9.037751222649047511e-01 8.492603448906007602e-01 8.876770896248084020e-01 9.069061288573625479e-01 9.023697761697421216e-01
7.084529078952591860e-03 1.110035740738273512e-02 2.797362878933262048e-02 6.233925359194875636e-04 6.422404347780696215e-03 3.989074619220499968e-03 0.000000000000000000e+00 2.761341603573733497e-02 0.000000000000000000e+00 1.470501919097951145e-02
7.078626621337106295e-01 7.979733832341221467e-01 6.153907917434068287e-01 6.299165963627525455e-01 5.931461749791918647e-01 7.121017328744074781e-01 7.320035149624116722e-01 7.547120682393083646e-01 7.675185797840697877e-01 7.357510666387756526e-01
2.052285554560815406e-01 1.288391512503432312e-01 1.920140133869005228e-01 2.804275241070715574e-01 2.529782392018947723e-01 1.988061433663262934e-01 8.022494175637254199e-02 1.512505682907030746e-01 1.808935012534043374e-01 1.914219020196259724e-01
3.992947301065081778e-01 6.821670678412835587e-01 5.107924220496274925e-01 5.735243880385992865e-01 4.694599863425615305e-01 5.742494452304655050e-01 4.789721857450046638e-01 7.131925871895471447e-01 6.696673500709331428e-01 5.767596328500326219e-01
2.591557739098497848e-01 7.939604570398002548e-02 1.372307437820450837e-01 2.580126975708350590e-01 2.498632839101050940e-01 1.663675378763341539e-01 1.216755021127320785e-01 1.798651945014943243e-01 1.570869122781628768e-01 1.548274075402155392e-01
7.850886145256710247e-01 9.016107278336743525e-01 8.126170204720998269e-01 7.160961492615445234e-01 7.227598753238464457e-01 7.912082284703094714e-01 8.615934189733318593e-01 8.371291192063972098e-01 8.887732640369115922e-01 8.023884289826199723e-01
3.231842484327724918e-01 2.201736312658371941e-01 4.032705026934275683e-01 3.648484698551473504e-01 4.244226313587569077e-01 2.843074200495995796e-01 2.820841008832042363e-01 2.792846196557388638e-01 2.178514926481312786e-01 2.594264084594767872e-01
3.284498471180204993e-01 6.740553364572013928e-01 5.219628822917702360e-01 5.529054043177722422e-01 5.345169107140171905e-01 5.671050508880997043e-01 4.617492435557896679e-01 7.056459100831903308e-01 6.712623596699980322e-01 5.538226833033729202e-01
0.000000000000000000e+00 3.816571801396399788e-02 3.162909326778443053e-02 0.000000000000000000e+00 3.700860090004789299e-02 4.125598086026482231e-03 0.000000000000000000e+00 0.000000000000000000e+00 0.000000000000000000e+00 0.000000000000000000e+00
6.902403041398965655e-01 7.937466891242777045e-01 5.832297928488388017e-01 6.079677674823898981e-01 6.280384181674861788e-01 7.416318831592646488e-01 6.755796186718433516e-01 7.300965172829989580e-01 7.498151110377387907e-01 7.012832294629797181e-01
8.786931058751946688e-01 9.150859746521115001e-01 7.593241280102703827e-01 9.062199712430636378e-01 8.401170396791025619e-01 9.031925660301571845e-01 8.243857102360950817e-01 8.941540562661052238e-01 9.417641973507328013e-01 9.322506484047596853e-01
3.058932813703701958e-01 7.093878767753813985e-01 5.656195881012303639e-01 4.168635688188651045e-01 4.167606223912130314e-01 4.605239201836917595e-01 5.269197065886259690e-01 6.158139581716527422e-01 6.133490219810621147e-01 4.695289536792442431e-01
1.000000000000000000e+00 1.000000000000000000e+00 1.000000000000000000e+00 9.925426040966912611e-01 9.768193635830927368e-01 9.845191202957239707e-01 1.000000000000000000e+00 1.000000000000000000e+00 1.000000000000000000e+00 9.981767352300902063e-01
