2.517742198009805255e-01 6.708458504364938069e-01 3.916289371374119810e-01 4.205764574641705500e-01 6.083942020825857666e-01
9.974359223360964588e-01 9.896174767269105832e-01 9.349095882043245709e-01 9.866932444421658843e-01 1.059364679079822791e+00
1.448005433581401047e-01 2.294324141991307409e-01 3.875108294053051239e-01 3.068144808749928565e-01 5.032016418655405054e-01
5.924326102954069473e-02 2.977757435457373258e-01 -9.290278236624879837e-02 1.887962001897255104e-01 -3.705395244182416864e-02
9.224696821753014531e-01 6.651182505964616798e-01 9.908132023985319892e-01 8.459347219767329173e-01 9.570460604606380040e-01
7.644983000962600750e-01 3.047095371626603599e-01 6.462355917243625125e-01 5.374988904094383235e-01 4.437463310622342672e-01
9.196009693500545312e-01 1.097968937592640026e+00 1.026800662774664197e+00 1.039357831743547234e+00 9.608440805094859982e-01
8.981491065977933452e-01 6.593902504282033172e-01 1.077478344435812918e+00 9.174917173320773500e-01 9.274193886784859453e-01
8.876732722994160607e-01 6.489597686247225994e-01 7.139138578146863034e-01 7.442215619237941837e-01 4.477822069167956553e-01
1.063403809333538508e+00 1.007595491721595460e+00 9.657610151384239394e-01 1.023172312422051533e+00 9.456417173994268177e-01
6.417165281363641782e-02 4.594820501318814393e-02 2.901000915702469166e-02 2.912077192055488595e-02 -6.755228589595165499e-03
2.658130647672748426e-01 6.616076939448023442e-01 3.846143819196682356e-01 4.216446409945774909e-01 5.653230421091814950e-01
9.837324592682152868e-01 9.263801567639110557e-01 1.014273080604821686e+00 9.731607065539478185e-01 1.022187835869529771e+00
1.032842064593767928e+00 9.881729175266769083e-01 1.068165361804929381e+00 1.029727865729777925e+00 1.012675651538494481e+00
2.402117949779203690e-02 -6.378426184956539902e-02 1.183571170227942435e-02 -4.455218622036187515e-02 5.550337769541048571e-02
7.945759141162636041e-01 3.989391180954211524e-01 6.666156451375985226e-01 5.899874904808856124e-01 5.034769102796869955e-01
1.714816460491222841e-02 -2.086438836778254161e-02 8.238682605078764820e-02 -2.979721796876722700e-02 5.338037900065159894e-03
7.647709766016383415e-02 6.944827602387153298e-02 3.297147614873027072e-02 -1.038293839927145745e-02 -2.083834382893091572e-02
-1.287938763303365930e-02 3.441985847434426704e-01 -1.292369369457233366e-02 1.466536144431838107e-01 -1.006898550117190372e-01
9.583296210500953372e-01 6.588741323146252160e-01 1.079425579177061723e+00 9.107886941418033011e-01 1.022463787101617338e+00
-5.226798945941601993e-02 -6.521986190604565914e-02 2.222457857153702435e-02 -8.596211539790952691e-03 1.804964986853246217e-02
1.355369125329340119e-01 2.413057712472505834e-01 3.349975169409278863e-01 2.873688093012959910e-01 5.843940549399233575e-01
8.237888928489145446e-01 4.601370304741997375e-01 7.037870087243529582e-01 5.512179134705024186e-01 4.141754306751251891e-01
9.819819363422935821e-01 1.009253155846845607e+00 9.999992842658551595e-01 1.034093186278544962e+00 1.050010586528685730e+00
2.794696294877345721e-01 7.407597911257256529e-01 3.019055394093204114e-01 3.648218486701512164e-01 5.932144985869520770e-01
1.019131986186027961e+00 1.066628329905571659e+00 9.870982063632859349e-01 9.515418231644153790e-01 1.043884212113619592e+00
1.359535891176057165e-01 3.096008397502523768e-01 -2.558614893865213819e-02 8.040522693928331410e-02 3.753728397999329253e-02
9.801688068289702294e-01 6.972405794322100725e-01 1.031056761958888179e+00 8.421561860766355601e-01 9.573035585191482788e-01
7.781471642383080978e-01 4.317243453513807117e-01 7.041261992080858345e-01 5.396108999158081287e-01 3.825210899186086144e-01
8.321114431965604963e-01 6.545414273574415853e-01 6.086315920376145217e-01 7.040503623317292403e-01 4.301128177237507066e-01
1.506681351149529169e-01 3.037940468788002946e-01 3.834223848691650782e-01 3.155756316659282246e-01 4.763036141361696174e-01
6.183355390563671783e-01 3.411041257249787240e-01 5.866430396949674497e-01 6.388884232216247572e-01 5.129160177817995159e-01
1.714872368540827641e-01 3.525421070789935274e-01 3.235836027840006679e-01 2.428133617908233011e-01 5.699085444116250843e-01
9.424148943906238696e-01 6.076262769773532746e-01 9.770651309093983938e-01 8.530652120922972426e-01 9.710968922915681478e-01
7.886234462267127654e-01 3.872036411308680814e-01 7.017923893387609802e-01 5.317999498477172793e-01 4.439204938244701304e-01
2.624581658119959360e-02 -8.588043766524116815e-03 -6.356851494440264594e-02 1.139595631767810783e-03 7.427231542250517515e-02
7.780795353856847507e-01 4.042174771400777189e-01 6.506098330771414862e-01 5.989779701361157560e-01 4.264899588005004460e-01
9.046429910951629960e-01 7.243589803459370424e-01 9.807733440361399158e-01 9.376146446994687578e-01 9.466889841494686708e-01
1.542932760368175282e-01 3.067342243827031467e-01 3.564474371432151956e-01 2.835495488285550980e-01 4.785461511845633398e-01
2.206487129633874777e-01 3.240607685184664910e-01 3.034827921846235399e-01 3.018997203906480520e-01 5.517607825182305747e-01
8.901513224915897915e-01 6.827579844332959391e-01 1.018679641321758700e+00 8.740629207844904380e-01 1.005851779968759852e+00
1.730346962375394204e-01 2.659434786003700424e-01 3.672534939186004044e-01 2.654188343109815662e-01 4.496023786273474765e-01
8.858188535425665089e-01 6.887526234547134418e-01 7.125005599641959231e-01 7.178456746038698322e-01 3.612355867531861220e-01
2.115612212415980964e-01 2.044174422201150143e-01 2.933806165166838453e-01 3.341106659943517410e-01 5.176748268480267923e-01
-9.290616923901430860e-03 8.651748921580984519e-02 -2.841504840140435945e-02 -2.408877678967384639e-02 2.933906893582246059e-02
2.364315554886708970e-02 2.355550945701002652e-01 -9.894199948591236166e-03 8.389741215073497071e-02 -3.785373844246188446e-03
8.872834216371422444e-01 7.194254709608420839e-01 1.038922841024629840e+00 9.329957081800307472e-01 9.115592891341023352e-01
9.424664238698807761e-01 6.105474761174303211e-01 1.024086046734236533e+00 8.159598500218115946e-01 1.089190246169660981e+00
1.001666430586537038e+00 1.000416158185994053e+00 9.413803795210103909e-01 9.307352666686461440e-01 1.035754853169613243e+00
7.033739414105776300e-01 4.180236118673166246e-01 6.125366389347576268e-01 6.341699952427302112e-01 4.664931160687145195e-01
-2.604219755033747308e-02 -1.016900146620400291e-02 3.336226731120092021e-02 1.463376602116829052e-02 -3.299315206489340097e-02
2.732515952766538803e-01 5.542843805450986538e-01 3.934860079341431227e-01 4.360324335284352926e-01 5.852747444436114943e-01
6.826440854112185430e-02 4.323871470951348162e-01 3.397715169711124084e-01 2.689599776970488798e-01 5.031090706736293106e-01
8.619932840459801904e-01 7.292291180921555149e-01 1.043660885493069790e+00 8.570043061090456549e-01 9.166769882569104633e-01
2.003225723111127024e-02 -1.279458864359018025e-02 -8.733237260496420906e-02 5.245298800954827784e-02 3.648646484510671001e-02
7.970190639203719174e-01 3.585882765700517671e-01 5.703105895411766380e-01 6.040650122672305278e-01 3.069602577992979753e-01
6.621929561969611688e-01 2.305898411927480018e-01 6.292047386188861502e-01 5.653145918173969608e-01 3.966525336394423062e-01
-8.565450152208603507e-02 3.016032611735845054e-02 -1.498589133487437768e-02 -1.648435752443146510e-02 2.859806254819451457e-03
8.177940926143008049e-01 2.412645280793811187e-01 7.074632994178791101e-01 4.716423361096490074e-01 3.083000928568928600e-01
9.075256917938624435e-01 6.611137665368599370e-01 9.891392205215248090e-01 9.367186114480745562e-01 1.004015642557199328e+00
9.459466565286032136e-01 5.977409713112098455e-01 5.989209531965866695e-01 7.317286440881691778e-01 4.393067404183303992e-01
-1.343901146417810777e-01 7.087974299532354139e-02 9.812827173790752977e-02 -9.471476220853060346e-02 6.652958469574402067e-02
1.037057151202323224e+00 9.455401184323370956e-01 1.075223393958693485e+00 1.005945814221848034e+00 9.926265653364066965e-01
2.287440322828256656e-01 6.903163293554126501e-01 4.063977387086489812e-01 4.123035728979053682e-01 5.272020175216197702e-01
2.650124146969262129e-01 6.210936262576860489e-01 3.572382045281519702e-01 3.464776379835976527e-01 5.680820990485216937e-01
9.173134979275174850e-01 6.665563840400777762e-01 9.907612178306284267e-01 8.347813103336952922e-01 8.826191314767679597e-01
8.761915456816665726e-01 6.525292855978849227e-01 9.366288280625438833e-01 9.136794419083598129e-01 9.065330515091752916e-01
-8.286150790805522567e-03 5.902458145770596298e-02 1.743859150981382075e-03 -7.029335837091997552e-02 -5.831303422308360684e-02
9.739429715029062073e-01 1.094317469372712015e+00 1.029803416590930221e+00 1.057007970496327998e+00 1.041180613761564677e+00
7.555045983747111782e-01 3.012907877956781943e-01 6.585122070240576608e-01 6.304395384541339187e-01 4.935353289244999164e-01
9.425511781619294593e-01 6.885716757633385532e-01 9.236856478507817769e-01 8.042745426759879690e-01 9.496395093741856197e-01
8.194439676569564845e-01 3.982984252559615412e-01 5.367968624419201529e-01 6.516683053082584776e-01 3.697827546016859701e-01
1.852119018440016029e-01 3.359216113257451619e-01 3.236771720669838759e-01 3.147531563568217727e-01 6.098211494283912737e-01
2.487276266661010427e-01 6.121727247409848305e-01 3.235318039556761560e-01 4.123596535252229134e-01 6.373220509819887969e-01
-4.717270839681675376e-02 3.615197240867260714e-02 2.136017407493814857e-02 -5.292466030266710503e-02 -1.351997790463497495e-01
7.486624999246155321e-01 3.608823485400026176e-01 6.047954301890215989e-01 5.836306877842464269e-01 4.071264807062002777e-01
8.611204746838378998e-01 3.896028955609841526e-01 6.833597201332841653e-01 5.398568289070199144e-01 4.235532103843880347e-01
8.125890726482355442e-01 3.395518597429723617e-01 6.408120450991784400e-01 5.822397761809622319e-01 4.115086231074980283e-01
7.772559046588327358e-02 2.734407668523703983e-01 -7.990086715852577279e-03 3.173856825886597899e-02 5.534437826297779889e-02
7.331765280144088015e-01 3.236330466419570784e-01 7.338135816877400242e-01 6.689899553047840008e-01 4.681608581396872193e-01
1.536281768526080449e-01 6.111432920793127277e-01 3.836780987507712459e-01 4.466240360474857396e-01 6.330031788615658739e-01
1.516677698261809093e-01 3.742705904187428323e-01 3.523267068784207701e-01 3.037405146932653510e-01 6.285862232401880911e-01
8.067796698112982279e-01 2.494242597598838040e-01 5.753016610014324295e-01 5.581336928483028315e-01 4.489233463399184831e-01
8.294925204057745916e-01 5.884089909255958428e-01 9.459295994715273270e-01 8.806735831237545442e-01 9.560834240183385679e-01
2.780872834261532422e-01 3.154176394858198007e-01 3.913951066684245306e-01 3.572854530533948192e-01 4.548848409873372245e-01
7.236579336889676917e-01 3.796623510275233815e-01 6.271569638333546193e-01 5.940679664474531885e-01 4.540868069716436639e-01
7.348274294784001848e-01 2.898116763690920528e-01 6.568393408626703733e-01 6.369502428102952196e-01 4.062972021844575288e-01
2.220348173075720744e-01 6.597895397679526264e-01 1.633904508296834812e-01 4.569401176328036218e-01 5.719921166061507911e-01
9.582783142751550853e-01 1.023836304570031164e+00 9.370485738987046620e-01 9.783818581562184757e-01 9.962911947074132302e-01
7.813277833784331161e-01 6.879611822858741066e-01 6.991270812687588876e-01 8.265486481072162883e-01 5.477688302282851529e-01
5.291065936270598208e-02 -5.935208982640088199e-02 -1.008068602008398013e-01 -7.672178138124723101e-02 3.004532800676939716e-02
1.735962145335958051e-01 3.484477110474983319e-01 3.758816400565460625e-01 2.402879508880527981e-01 5.864316524511338224e-01
8.332206590066733309e-02 3.256342224361586934e-01 1.496913908014715737e-02 1.820201660754529605e-01 -5.176412531848771648e-03
6.905527716601148058e-02 3.537028658303232320e-01 3.568540746835411892e-01 3.259946621456853988e-01 5.307430345003107952e-01
1.194830479237470600e-01 3.315105813227894882e-01 3.377538929251211464e-01 2.656150112042589551e-01 4.726305589154610742e-01
-3.603961077937117147e-02 4.588408056965265214e-02 6.989291192408799086e-04 -5.063638075023520202e-02 -3.474075277318662038e-03
2.635620037684666128e-01 6.188474940288732906e-01 4.310842486752017866e-01 4.325698776803210688e-01 4.941557386484505265e-01
2.559391640247645205e-01 3.414121889020106937e-01 3.122403755524577051e-01 2.570799836680446870e-01 5.618390622701332493e-01
1.320858184284641745e-01 3.450180262378720331e-01 3.115580405863902502e-01 2.567518418819944581e-01 5.440633125231396638e-01
1.005353575175076258e-01 2.883923848193377104e-01 -4.283970640205144592e-02 1.303142723958116700e-01 -4.354244931137209174e-03
-4.109623250501037717e-02 -1.142666003015247178e-01 1.460779744575718513e-02 -1.373493478136327342e-02 3.235698758146550447e-02
7.937742379674731508e-01 2.584849754589701454e-01 6.899040624083947471e-01 4.585441536361192783e-01 3.501970366562494608e-01
-9.939973051359060618e-03 2.705019884264661112e-01 4.349520319701815491e-02 1.049238345212697571e-01 -4.092369921231012869e-02
1.521635944211281455e-01 2.700123898069251016e-01 -8.822665391529555673e-03 1.328435739594649723e-01 3.693420751430235432e-02
9.315293596871004889e-01 6.588448972043960961e-01 1.007330417586776328e+00 8.408551420535885779e-01 1.076409453236697455e+00
8.296477406735277560e-01 7.677022850130110765e-01 6.560613758945025298e-01 7.464196851236193364e-01 5.477749374313083397e-01
2.152493226754095823e-02 2.964824840850154852e-01 -1.944001446189352542e-02 1.207468696735978508e-01 -1.222131163489265093e-03
7.768578818400199149e-01 3.261742828805053174e-01 6.101604171496557427e-01 6.266061652432322049e-01 3.973231578774193973e-01
-2.064585894363876739e-02 -1.214975335436532106e-01 -1.898944762810162584e-02 6.348772277432130143e-03 9.983871107378086696e-02
-6.363460010874219530e-02 4.878417362515446998e-02 -2.627972957282718059e-03 -1.309590393609910419e-01 -1.071985173090186233e-01
7.889444772721343480e-01 6.455027227376964882e-01 7.268485711329881749e-01 6.819808150826628390e-01 3.889012337764589655e-01
9.883480979744600770e-02 -8.409822222537874370e-02 -2.190952604899420314e-02 -3.351743104241471788e-02 -4.095576195230345856e-02
2.061988417916461591e-01 6.406363257671712219e-01 2.998275615661092908e-01 3.503614214438959262e-01 5.571972597767215207e-01
2.381598109303614819e-02 2.911184717702710589e-01 -2.370285911618892974e-02 4.145092575346531749e-02 8.939121829436361133e-02
1.002463561495110067e+00 7.252788633494345882e-01 9.262891491586400239e-01 8.642032298751706199e-01 9.162581757690460016e-01
6.817806351463000236e-02 4.868662513329476832e-02 7.081035141297724669e-03 -3.053072504212885410e-02 3.276489300121989551e-02
-7.101894879483094947e-02 2.357863863981977948e-02 -7.252497771336696014e-03 2.007810978107873318e-02 -1.444925498782546371e-02
-4.089556033739837060e-02 3.949029911118679369e-03 -3.005837952540460489e-02 -1.629335605536552309e-02 3.262529852401313546e-02
7.402783710526622540e-01 3.413998763661201252e-01 6.997997503822780407e-01 5.599550196478902953e-01 4.102793037066257420e-01
8.950412832920208173e-01 6.984474868405829984e-01 1.009570638557826028e+00 8.850679064151036890e-01 9.734829104550619672e-01
8.069583298313567354e-01 6.694352218964646495e-01 5.700129133471221188e-01 7.364781536502500447e-01 4.726193337624138846e-01
1.822775523479872595e-01 6.481120706299756673e-01 4.319718483583399604e-01 4.186709607433692359e-01 5.829491678522560338e-01
9.717761266729637581e-01 9.508363966331889738e-01 9.813510834898115931e-01 1.129126554998155285e+00 9.733281416838657218e-01
-2.108788571841674689e-02 -2.274968017484619437e-02 -6.299898550509729078e-02 5.253905300651406235e-02 3.118945304767303806e-02
9.330115489251407102e-01 6.545623658277736068e-01 1.022478133567557901e+00 9.672787714904054202e-01 1.024257113327528446e+00
7.599680838574017772e-01 3.326515798005869051e-01 5.553953093405813446e-01 6.105345054531248206e-01 3.755639290934350560e-01
1.873008650581529377e-01 6.450127755060978130e-01 2.916069254427076096e-01 4.550343950940281545e-01 5.806176541375800415e-01
8.529740286701120722e-01 6.515185698646729362e-01 1.014457189791751812e+00 8.022614357528208284e-01 9.123059816862356675e-01
8.387085772794651284e-01 6.229101865226234214e-01 6.909165259562745076e-01 6.877974965131421481e-01 4.118036911161839231e-01
7.777779934089731340e-01 6.153730570801998478e-01 6.934048556290938192e-01 6.316413868849033442e-01 3.570699421344566971e-01
4.623451835172421448e-02 3.226502707248685153e-01 -7.481657264112952233e-02 1.499917141611813720e-01 5.160449882432444069e-04
9.292410556319588011e-01 6.296160683535444447e-01 6.402126232962339625e-01 7.253197332121233964e-01 4.654482389840891021e-01
9.531611516436603315e-01 1.030925405851747412e+00 9.621678553985885118e-01 1.005053092601874587e+00 1.002844243288421922e+00
1.425240469162323276e-01 3.473962627355506871e-01 5.993433552493059729e-02 2.110180649738590819e-01 8.049738487661628472e-02
2.385884430205268969e-01 7.274625829520527942e-01 3.528190464284809424e-01 4.830721119870068359e-01 6.167560366819974105e-01
7.783961830124361825e-01 3.462597449758865742e-01 7.179865712452069282e-01 5.925752425747192742e-01 3.815099538246452537e-01
9.902382744457393082e-01 1.002764490545995146e+00 1.074033635586284507e+00 9.608034640315327168e-01 9.608285827413064473e-01
9.193554402226250533e-01 6.636182638280049284e-01 1.020254930815122973e+00 8.295168644190620277e-01 9.394257072757473681e-01
8.108593871942896270e-01 6.887471088978105449e-01 6.502258336229013169e-01 7.175700788323109425e-01 5.168184366614733127e-01
1.782531817899337123e-01 3.089568193314136124e-01 2.904023915557132351e-01 3.215164545840237809e-01 6.122136201611525497e-01
2.470800848056693977e-01 6.985372743464401957e-01 3.374900032059931498e-01 4.247200517590900004e-01 6.474254482871787397e-01
9.822511255704046151e-01 1.021814631367847781e+00 1.056970775757091863e+00 1.042292362140504469e+00 1.055059975211494860e+00
1.006841823628097154e+00 1.000197339980247735e+00 1.039387101107175582e+00 1.013974033195374824e+00 9.987445206328859904e-01
7.072994616697036996e-02 3.924057656390033122e-01 -4.306918368957644155e-02 1.400143173545573272e-01 5.630246748375455912e-02
7.883898391864818667e-01 7.006110250660749772e-01 6.758251368409653459e-01 6.619434738975694676e-01 4.737434564723047026e-01
6.149043287326978746e-02 -5.349177289385102091e-02 8.479381107711990440e-02 2.997812677657610975e-02 2.556715900152200724e-02
3.491818683186166672e-02 2.650553563524713496e-01 1.230281848673812212e-02 6.780631122408625755e-02 5.890990764284929904e-02
1.610141576581027856e-01 2.791591979639424514e-01 3.760834739036249541e-01 3.438501038118151332e-01 4.876088698595509308e-01
9.314007281076006617e-01 6.710140581608179389e-01 9.766589763198371132e-01 8.065672562172264692e-01 9.059785687424811718e-01
-4.674248275571293854e-02 -2.597970974929614957e-02 2.998971147455047059e-02 1.900294162906042243e-03 5.254191245306610858e-02
2.064195661224644818e-01 3.024084555814067765e-01 3.067568697367916153e-01 2.440011350506547938e-01 5.570409092960326713e-01
6.612565531306768829e-02 3.905569513936789083e-01 3.798657382328294307e-01 2.340700262339435733e-01 5.061597986515183889e-01
1.127269606176588002e-01 3.103576684889862158e-01 3.287549585701101118e-01 3.229784399328136657e-01 5.751202155524798298e-01
1.131212544059956859e-01 3.816742148464908335e-01 -1.774280392698722453e-02 5.492205765364267800e-02 1.518876865490459971e-01
3.479563118883502448e-02 3.425617133069093767e-01 -3.644621550395110363e-03 1.319159499172986583e-01 1.359287140457362750e-02
9.418986965532850919e-02 3.017624094305312310e-01 3.056806933538156953e-02 1.990125768639182668e-01 4.402436223603575782e-04
1.027065362537495030e+00 9.847784458392828677e-01 9.445351540433691850e-01 1.051441976680262957e+00 9.769515979607158451e-01
9.595815085515796861e-04 6.407032434620150985e-02 2.836639022522660300e-02 9.519490755029179352e-02 3.918294406826014487e-02
6.211469019704641409e-02 3.151371463230931425e-01 1.037665597041378118e-01 1.374536923315832215e-01 -1.407096471341413857e-03
7.959761511622768237e-01 7.231583183997238873e-01 6.901560141181616315e-01 7.802413561611251103e-01 4.797501930804984882e-01
7.321181688239648822e-02 3.249166893836964998e-01 -8.268611514390004913e-02 2.154712176410057134e-01 4.089513972310084011e-02
4.905764557340564630e-02 2.491784026316379297e-01 -1.297014345315075645e-02 2.042576130073117113e-01 -7.307642944453858480e-03
1.813157362589756794e-01 2.305802853114127249e-01 3.986692878878892454e-01 3.485767204657013174e-01 5.225304829196402157e-01
9.508367231358696436e-01 1.064081569959549389e+00 9.694491013724823025e-01 1.100969164056551985e+00 9.093212881001179193e-01
7.847697128837638481e-01 2.946270530437432034e-01 6.977081485155822715e-01 5.168763062453607393e-01 4.259277875957196979e-01
-7.122359765836147605e-02 2.807136898252833579e-02 -4.270841067743471470e-02 5.365531453666379236e-02 -9.854162205046155046e-03
9.638271302551412179e-01 8.951374352779873922e-01 9.479542663852618123e-01 9.893603610392966985e-01 1.025611916083326358e+00
8.577142996562975297e-01 6.662211231556526281e-01 5.929667600552087636e-01 7.435583457611524283e-01 4.877281363953089866e-01
3.042414128548375229e-01 6.508653837510190998e-01 3.642902684826085369e-01 4.703016477473080381e-01 6.166110205276372769e-01
8.942846074238511855e-01 7.040092088185083696e-01 9.851099909065588189e-01 8.840292273007231971e-01 8.923559938364493682e-01
2.560056953221639398e-01 7.263836012813671417e-01 4.451644900459699739e-01 4.014946699607372382e-01 6.070503252726453525e-01
-2.624939840313617045e-02 1.249005718428498717e-02 9.110775357805986005e-03 1.349263771195501407e-02 1.520343112265106454e-03
9.478800637165967213e-01 1.096914999282694092e+00 9.439234607707737146e-01 1.059513824906850088e+00 1.051781443420501949e+00
1.045737702101747990e+00 1.010107806362808391e+00 9.267926899227589832e-01 1.064442733206270919e+00 9.417800692721833844e-01
6.573900721937331326e-01 3.850618474169584804e-01 6.063575172840668381e-01 5.820871677977486058e-01 3.807794017191208358e-01
8.316739190710638052e-01 6.673742349906524041e-01 8.628980837674919968e-01 8.897922796272286217e-01 9.896526284515989591e-01
2.054895558637420128e-01 2.430036849833593360e-01 3.719772764811338783e-01 2.976839214891646712e-01 5.184340815809439507e-01
1.048978384581695567e+00 1.008537895920481819e+00 9.544538034149490091e-01 9.893695034544971456e-01 9.699328174386204759e-01
8.793378551633936890e-01 6.940730073936153266e-01 1.002072890047819964e+00 9.199830686352765685e-01 8.863078114314799638e-01
9.167228098790005664e-01 6.564403633100899249e-01 1.050950098580080150e+00 8.306120321729492106e-01 9.520334553554564705e-01
9.130509576558036855e-01 6.805831619386610853e-01 1.008380585436309484e+00 8.353798071612011933e-01 9.497640557376297865e-01
7.691770996427131912e-01 3.472110526973616329e-01 6.275657699742990259e-01 5.643332610075144640e-01 4.241421352222065067e-01
7.980638033484627192e-01 4.021036186875506235e-01 6.373489326993115878e-01 5.875436449113234927e-01 4.000325761657120838e-01
8.014667981873360159e-01 3.297310114243993118e-01 6.524493538475539811e-01 7.224318969408578539e-01 3.580707201772905801e-01
9.781398267067271668e-01 6.620665038745285891e-01 1.043479340935050459e+00 8.808325396473816182e-01 8.947873815501052874e-01
8.609727656011972874e-01 6.943136600383879031e-01 9.653774963343882964e-01 7.949362803427884039e-01 9.297623410616274731e-01
1.660449366350483236e-01 5.864402112063697992e-01 1.918223059914440365e-01 3.453757416880297026e-01 4.786512496919415049e-01
7.945936897607728255e-01 7.266654619211504462e-01 6.006414136990709807e-01 7.032945577698218598e-01 4.864674452592020470e-01
1.052154666299761482e-01 -5.309825254911683390e-02 -3.819965071603524664e-02 -2.279063160347949424e-02 1.011795685441063686e-02
2.783619762252910190e-01 6.912795229805507313e-01 2.955347244880112689e-01 4.899598582021288395e-01 5.768533736935627099e-01
1.677698333336981040e-01 6.576331173121141571e-01 3.862969775937281081e-01 4.691008688342038768e-01 4.400436204566716691e-01
1.640673915797703775e-01 3.195908806673578573e-01 3.897915166253143604e-01 2.847280497828336143e-01 5.674298722927499927e-01
1.694191580226590554e-01 2.830501968377991950e-01 3.682374154205846351e-01 3.681745104645300914e-01 5.399479361336265715e-01
2.798328513533564488e-01 5.213602894014137679e-01 4.299295991495465374e-01 4.301082909173485347e-01 6.836774713316449148e-01
2.159443774297286917e-03 -8.806744012330743054e-02 6.589475427104066196e-02 -1.708809168814857948e-02 6.153625516981678367e-02
1.717984955093998511e-01 3.703819585341663889e-01 3.274704441111430664e-01 1.740438418005674781e-01 5.418683733621345588e-01
9.856462531355109080e-01 6.864849891055072595e-01 9.807494457056252779e-01 8.346321932382052555e-01 9.010213658697674433e-01
9.125795341526719007e-01 7.497418599884888568e-01 8.944469503402749933e-01 8.663472259940686593e-01 9.059930149321780979e-01
8.713660420870512624e-01 6.401592940512951246e-01 6.347620133496847394e-01 7.658654252414879293e-01 4.110867109442070677e-01
2.881302519772182547e-01 6.681696164546773176e-01 3.773570281046224606e-01 4.608885831296996027e-01 6.051521006666898961e-01
