2.304424102777953287e-01 5.393006669388041019e-02 4.284026001350491608e-01 1.540275304698459913e-01 1.449474252080974190e-01 4.083918859945131347e-02 9.877220699704389317e-02 -1.238002573060701522e-02 4.004541997918590335e-01 2.151338869241796736e-01 1.466254800831647276e-01 -1.170031698012821003e-02 1.963602636273501512e-01 1.521974105503705599e-01 9.876490682438085478e-02
7.630858601324056467e-01 7.421604655877801493e-01 7.339895191340597425e-01 7.510979166144978736e-01 6.015860415571503417e-01 6.996623227251358434e-01 8.826564400344889538e-01 6.424348608211170042e-01 6.417242142038837027e-01 6.199645122806072273e-01 7.236385133499692035e-01 6.683876494334040075e-01 6.170043548853870741e-01 7.541134390995666292e-01 4.365112193254472306e-01
1.550330767905565010e-01 1.409603013097913971e-02 4.374522693161019687e-02 9.172718393181929220e-02 4.294403089082613617e-02 3.592268691035958861e-02 2.293104884085462869e-01 -1.118785268878316752e-02 6.152691379305651187e-02 1.442653106942739724e-02 4.807963235189923260e-03 -5.132073250018914790e-02 7.811485303394449797e-02 3.262484917171565302e-02 -1.116931488945597101e-01
6.779949964340650226e-01 7.284940300216812270e-01 5.917702655245246079e-01 6.673927614624574067e-01 6.748071207979750019e-01 7.384895667383580831e-01 6.325578513580188966e-01 8.052873082466366350e-01 6.615357566086572660e-01 5.411182953200384116e-01 5.942726758394961672e-01 8.981164926077706001e-01 6.754741443808633949e-01 3.899029151928384840e-01 8.195857077276543778e-01
4.437565935366507563e-01 4.646883940126735335e-01 6.075562232175644173e-01 6.935513236350114852e-01 7.404978854718200498e-01 7.482102876243330591e-01 6.408689338993003304e-01 5.642186028702943501e-01 6.647885847930385950e-01 9.943103873186398545e-01 5.595589332299473195e-01 3.747592231543754315e-01 7.146421871783183999e-01 8.487389813620792589e-01 7.177162192911404892e-01
6.272321552216617579e-01 3.627152224182057516e-01 6.538284610329531121e-01 6.016415358803145486e-01 6.689222744747931326e-01 3.488519075109184908e-01 5.099201717743121476e-01 4.247742657768247554e-01 6.466663467788327235e-01 6.775897732643006988e-01 4.747084344598802019e-01 4.134045205948410628e-01 5.329408572925673493e-01 6.313520998192916345e-01 7.208999070377760665e-01
5.833169920205621972e-01 4.931279919947487156e-01 3.709639141131562123e-01 3.896862410830915779e-01 5.195439142809359367e-01 6.076663791395791048e-01 6.407147862485367273e-01 5.789871051319140927e-01 3.755635117414813373e-01 6.227069437709487065e-01 5.171916394662960936e-01 4.259090087807317904e-01 5.621946936405909367e-01 6.079705721153838560e-01 6.790488470973643498e-01
7.555469515773878264e-01 8.245154012844048141e-01 7.318768989700761285e-01 7.437880442465896191e-01 5.200049882691445413e-01 5.396726785813440452e-01 7.799089669960733717e-01 6.050413145747668420e-01 5.918708254029203530e-01 6.521853466596314597e-01 7.134353428595446855e-01 6.120074393552838998e-01 5.845589625463346595e-01 7.543751989690051785e-01 4.039751114492648454e-01
5.463044307396693888e-01 3.523415833122679475e-01 5.991756475993171849e-01 4.911110413520822227e-01 5.762873328185011967e-01 5.488793996325109781e-01 3.663466784878119387e-01 4.703558034925258147e-01 7.135048090516897812e-01 7.489717441895368255e-01 4.172238028868275883e-01 4.492472295981456698e-01 4.750757837342037826e-01 6.193980848440742148e-01 7.632735003549313557e-01
8.512690137330890527e-01 8.611275136002352060e-01 5.673171787907016483e-01 7.925160918228423279e-01 7.349501139804361927e-01 9.329017666366078432e-01 8.303085510673950953e-01 1.013066391399350730e+00 6.933432274076517521e-01 7.953126692096703643e-01 8.241073392134437015e-01 9.024135388927720935e-01 6.934145432961329458e-01 7.534638110095723817e-01 9.020905714804059450e-01
5.662979563975333308e-01 4.889891075818084132e-01 3.873446549429351293e-01 4.473508343107210905e-01 5.538520767702893588e-01 6.184910001842723881e-01 6.850547822566813716e-01 5.768536934769529223e-01 4.031289103505850124e-01 6.689798676090886742e-01 3.793392854573190420e-01 4.471224716098070040e-01 5.378641569392713651e-01 6.085920753345779310e-01 6.974992656097726007e-01
4.927505234818628788e-01 5.788780797298626046e-01 6.423101470483119080e-01 6.753838018184910030e-01 3.493246911784785302e-01 3.773806052432148728e-01 3.179804248222300456e-01 3.851668964971814435e-01 6.273489252150546980e-01 4.734235596997204421e-01 4.900694286605958849e-01 6.517352597894291444e-01 5.026443333714147865e-01 3.082793840398020402e-01 3.309284265940455327e-01
6.089499275306285986e-01 3.807116517028115155e-01 4.635550776914426629e-01 2.797890365818830882e-01 3.339618163290444808e-01 2.923135106745988754e-01 6.598135360483008416e-01 1.983239419486043653e-01 4.123020481386198144e-01 4.138205429078996578e-01 3.461830860991261249e-01 1.010414747638878619e-01 3.748751126731951766e-01 5.619794531814665817e-01 2.194631854577843155e-01
4.574920172262462170e-01 7.044759584681581366e-01 5.045232061979935123e-01 6.296595464049723478e-01 7.843513695543777864e-01 6.264765210827845099e-01 3.402427324126175989e-01 6.918512293179276407e-01 4.959873391410145604e-01 5.061192990531679925e-01 7.443559634638382549e-01 7.957687431404334433e-01 6.846286566015961084e-01 4.069340209522107621e-01 7.271926994606083827e-01
6.015762020288758505e-01 4.686682357985250125e-01 5.868060807479480445e-01 6.281183688005659294e-01 7.337150575837927402e-01 7.392265257373593634e-01 6.103891018947475988e-01 6.436287408106557972e-01 8.136847986864548243e-01 9.086196788245971545e-01 6.149502621038692718e-01 3.526412694278300286e-01 7.423842499225309366e-01 9.467883525341225237e-01 7.894638628089509780e-01
7.130156769684543594e-01 9.496597250953838776e-01 6.668202116813852776e-01 7.924871849004092583e-01 7.757331609120109439e-01 9.106071280309305793e-01 8.586512566937072322e-01 9.106103551966694409e-01 7.179166314337960264e-01 7.969867253883902158e-01 7.861062266968553702e-01 9.324376986664704159e-01 7.814280724171522863e-01 6.750787112547552704e-01 8.772689809779509185e-01
6.721863551933237035e-01 5.856483305755882940e-01 7.670054214595340980e-01 6.064373001416312192e-01 7.000082478962171839e-01 7.163829378519396274e-01 8.391198273552087361e-01 6.071301240635105234e-01 7.532535334727850085e-01 8.528396291647125649e-01 6.322367975799447759e-01 4.782497086500541172e-01 7.075242144340693207e-01 8.653943719796967082e-01 7.774448208893657286e-01
1.590453872518262091e-01 1.296541947215373580e-01 -6.541566658655906252e-03 4.577651217858033639e-02 6.034491699449942570e-02 -7.163410867174282992e-02 2.141665991254864398e-01 5.154598188218795229e-02 4.600240451801837493e-03 5.109837676277611054e-03 1.040768301142352692e-01 4.693782745955724089e-02 3.004682345090429682e-02 2.995121895463290218e-02 1.150850663395664303e-01
4.250399183982825901e-01 5.507070502035340542e-01 2.962511696986294130e-01 3.829472273660106119e-01 2.956170473976661994e-01 2.739989037984551512e-01 3.586184211007495959e-01 3.423627502148467450e-01 2.946715744075333321e-01 9.633786631579903392e-02 3.593856215345148652e-01 6.248681539072395985e-01 4.219972015320264669e-01 1.403072514191499587e-01 2.897532545535645432e-01
4.827166859118183218e-01 2.897366781558180504e-01 5.428907929966558799e-01 3.156234482799885610e-01 3.965803374239797452e-01 3.398101093336604039e-01 6.567667795245604179e-01 2.937582248234115179e-01 4.360147504366976290e-01 4.920438302476162207e-01 3.215945248626826958e-01 1.762357424497441871e-01 4.404596801361411740e-01 5.782508358073593646e-01 3.031465027657628819e-01
1.107071932158532473e-01 1.887351642427999021e-01 -1.484981137863949918e-02 -2.906916270948108061e-02 9.284623255117502305e-02 1.921724342883826542e-01 2.946902352943454595e-01 1.822034264524729219e-01 1.073472454292360850e-01 2.403265454679045787e-01 2.142965154219829138e-01 1.154556837319754663e-02 6.153139463564154255e-02 3.232143558841804598e-01 1.026847409334216560e-01
6.202831583454255782e-01 7.183767848474835738e-01 6.493228173812614079e-01 6.905262464460221183e-01 5.578419874780248255e-01 5.793742722136830947e-01 5.713751439792936759e-01 5.558213099416574599e-01 6.531494442256072785e-01 5.177239570236059629e-01 5.825497080599001398e-01 5.617639152184819018e-01 6.624658805716335808e-01 7.734071674663530738e-01 4.444670027535766454e-01
4.099726339681941667e-01 3.475348911589904444e-01 6.412315981951234312e-01 5.876839559415875103e-01 6.384598374628456252e-01 3.873280041196461854e-01 3.492941636076954959e-01 4.687150320640157131e-01 7.456033443877199129e-01 5.968845768244774863e-01 4.161005291980010568e-01 3.599567932415684290e-01 5.799657533150442967e-01 5.342240579233570319e-01 6.543931440980195191e-01
6.234588998386556558e-01 5.212692789903485835e-01 7.748826304122100606e-01 5.678786127285730956e-01 4.076024144523851533e-01 2.993633990287124513e-01 4.613117477863711846e-01 3.850907655366024307e-01 6.074910757816481821e-01 3.833431723089071874e-01 4.962079669924336911e-01 5.796126410900499515e-01 4.955132084193774600e-01 3.862162896752167618e-01 3.700849265976529634e-01
4.679238597866868243e-01 6.065331050275822866e-01 2.941573992568332074e-01 3.830321355970184305e-01 2.565383449027655027e-01 2.381801930071694440e-01 3.375643952307738060e-01 3.496165702530205643e-01 1.720015048757153608e-01 1.171396998914018550e-01 3.297319347487395746e-01 5.098205342910946403e-01 3.732300354423871425e-01 1.925682761596390902e-01 2.736989390419209967e-01
4.102598551231825263e-01 1.654251694407670170e-01 4.567604034639560773e-01 2.853627530848962257e-01 1.934109610421870518e-01 9.234736507053577237e-02 4.234926341463436383e-01 6.620612473932566133e-02 4.544818498705537335e-01 3.115916953313977444e-01 2.163485437718461468e-01 1.166185820912566118e-01 3.086341343908757251e-01 2.945954151310362090e-01 2.607955822713244332e-01
1.465205427684216355e-01 1.252519405302751909e-01 4.182071874189098870e-01 1.620307708199678343e-01 2.612762044438351472e-01 1.497402302205135260e-01 2.076795582751879143e-01 2.832975529307080534e-02 3.952033526567833022e-01 2.240875452891251951e-01 2.445848132229201388e-01 4.903454523546309923e-02 1.522236674236399634e-01 2.979124946843433319e-01 1.055087021862564228e-01
5.864634301526434612e-01 8.937184425000841426e-01 5.886553400537903880e-01 7.774669922821269008e-01 8.207206793128057898e-01 9.161018216214662502e-01 6.908218915309498609e-01 9.723612384429837219e-01 5.776605943076100758e-01 7.370003938072854366e-01 8.577778667094316800e-01 9.135721362338553586e-01 8.584125802500491842e-01 6.535015110902684388e-01 8.714437429339633168e-01
8.110829750282534389e-01 8.171428162919470717e-01 7.903621800238782580e-01 6.207355688170631547e-01 6.130837474768005002e-01 6.701882052375366383e-01 7.879419294628872139e-01 5.842001779418122265e-01 6.771326760107096998e-01 5.287715488407034314e-01 8.164129261278119110e-01 6.236227894891365198e-01 6.731266286939419086e-01 7.163086299015670733e-01 3.942809226737143957e-01
4.995271148756957325e-01 4.807022749682930418e-01 4.335794246033896071e-01 4.134496816328723789e-01 5.248787748620139526e-01 6.442921191388312208e-01 7.096482052086446890e-01 5.996133306720965450e-01 3.960087747462575081e-01 6.949709664935579401e-01 3.901638836834032675e-01 4.287795223480838636e-01 5.250239323635219613e-01 6.312796595838381375e-01 6.872317173731185003e-01
6.289269516951256911e-01 7.284227835760539449e-01 4.487111728793646281e-01 7.980487209368671842e-01 7.055078087638881890e-01 6.447422669774330872e-01 6.406964660179272908e-01 7.624748416293281039e-01 6.098967866519715564e-01 5.250437075615691507e-01 7.040684299434729621e-01 9.113123067633721597e-01 7.313880824210521325e-01 3.905993386716037352e-01 8.569834707780383809e-01
1.099451795762132200e-01 1.541753145815529247e-01 1.714635136548874061e-01 8.301475932455829043e-02 1.568559682050300608e-01 2.680554817184173655e-01 1.363327896719363774e-01 1.781767165407710518e-01 1.077805063851683537e-01 1.794142268100017146e-01 2.496698501416844407e-01 1.693664575498927960e-01 1.928204289044854192e-01 3.985540751969551265e-01 4.081038795240947425e-02
5.987638722962619342e-01 6.825929834156396758e-01 8.136758448517038556e-01 7.381430092762291117e-01 6.230177876768315803e-01 6.558968470994317457e-01 4.326572200182990935e-01 6.559333567664517028e-01 5.868698768597714333e-01 6.091528580546390348e-01 6.493377200881670364e-01 5.655162535818909486e-01 5.883662502709703368e-01 6.875912979755940402e-01 4.267919534721964503e-01
2.001903541087619032e-01 4.379659765548968298e-01 2.405976471016315066e-01 3.788592763976070810e-01 2.496658490281484788e-01 1.651558451218761991e-01 1.890614456783343833e-01 4.332875435718055446e-01 2.073983101867010737e-01 6.509300744002710637e-02 4.106411686375858738e-01 5.507211390775957893e-01 2.623956512441037447e-01 3.498821318697992178e-02 2.095283529930501709e-01
4.000396200611612274e-01 3.048629256910583285e-01 3.653075261767818049e-01 3.521777999961454575e-01 5.284633448418238899e-01 5.783158074217228384e-01 4.490275788867795215e-01 5.096159181742330180e-01 5.112636287025581483e-01 6.551606305096291383e-01 3.511311495864958832e-01 3.820948750614618916e-01 5.148376632899923644e-01 6.088305970097477315e-01 6.601842054046779262e-01
6.160753242013796704e-01 4.043130855300304249e-01 6.589620706819573348e-01 5.669390999532600839e-01 6.485840846296340167e-01 3.648175261434417616e-01 4.684696961708363916e-01 5.005447294473843733e-01 6.883541615011644632e-01 6.325850107909954945e-01 5.046516752057453870e-01 4.903151940550815047e-01 5.565175680730374275e-01 6.149124536173234956e-01 7.178983430412556599e-01
8.016947077711658043e-01 7.743188132270021340e-01 9.392913311247178543e-01 8.947661540927849266e-01 8.854486227543806320e-01 7.296827533030131319e-01 5.899520831785373121e-01 7.496557172172987338e-01 9.605780580513438860e-01 8.370797436474491926e-01 8.493246671301917239e-01 8.127441654304983221e-01 8.242509990070007175e-01 6.414481950634522978e-01 7.359355504072688792e-01
5.567720151134798456e-01 6.867147157442375915e-01 4.972878949835855544e-01 6.935279218032033288e-01 5.959726050974448741e-01 6.149737140353916942e-01 6.248000603874772629e-01 8.088098243823865774e-01 6.549542309640806748e-01 5.794765109231007072e-01 6.118284474131993056e-01 9.310429934245925132e-01 7.003772877557629117e-01 3.841194188420714584e-01 8.535215987157559470e-01
5.171472269317826109e-01 6.707352968115136704e-01 3.903740370393039560e-01 4.644739159409751461e-01 4.214076385858466223e-01 5.708389518009059360e-01 6.689534230145636196e-01 4.969553766502181058e-01 2.955865898959009197e-01 2.756830294194739239e-01 6.174815789987709858e-01 6.379568600815952450e-01 4.569964677393738572e-01 4.957066243699731478e-01 3.119680405289343428e-01
8.124835327214591230e-01 9.026114609708694170e-01 1.015096796376143695e+00 9.932650116440204791e-01 9.119486194344582630e-01 9.475815144077346375e-01 7.501018994285233443e-01 1.034738826006065482e+00 9.898544869391386891e-01 1.079825374862324328e+00 9.725918272090161576e-01 8.891866163359850583e-01 9.817984366230803062e-01 1.002209105907092557e+00 1.003811599522196785e+00
1.042147852463748192e+00 9.398835643247409610e-01 1.070990820817478539e+00 9.923091101494267985e-01 1.037360296618079047e+00 9.930144226832610110e-01 9.514165198249049382e-01 1.032851884687317590e+00 1.046186529670325660e+00 9.269260082247967603e-01 9.182754467008349408e-01 1.123078690048855410e+00 9.877666922601184840e-01 9.218939108490822321e-01 1.054488582996413459e+00
6.921284290745829404e-01 4.861633168141871741e-01 8.245831795244844553e-01 6.315664945549862574e-01 7.136561089358650634e-01 6.829385024170504526e-01 7.432489995552171713e-01 6.958187199852022831e-01 7.540416967600336307e-01 8.884887105185129696e-01 5.686136171460660638e-01 4.927219756552381202e-01 6.945989150392219980e-01 8.521599718347369068e-01 8.531989216757490668e-01
5.841701150926821295e-01 3.561503218559336492e-01 7.681268264028445758e-01 6.020185622174473172e-01 6.877399989815039527e-01 5.378474097804130105e-01 5.521089199098636602e-01 5.416428170061239333e-01 7.632051490577032027e-01 7.251934767880369170e-01 4.159399551597741107e-01 5.223181808480578114e-01 6.005412036659404373e-01 5.529253140786345444e-01 7.437948314022957419e-01
5.580532976163907755e-01 4.701206419000643622e-01 7.628478780030671924e-01 5.402293197477684439e-01 7.572451367199874994e-01 7.502970598649546519e-01 6.397020319384796316e-01 6.149189006558674064e-01 6.830179798833663218e-01 1.025986382717968715e+00 6.281129456185878812e-01 4.164715683853259520e-01 6.992084941695234646e-01 8.954173905839342140e-01 7.752198901924554075e-01
4.884963560969616814e-01 2.919981489699883248e-01 4.550440617394361786e-01 2.659065131538161375e-01 3.397937637790127141e-01 3.820222259377082930e-01 6.233316792639240767e-01 2.341333734646345588e-01 4.295558651832620534e-01 4.518423048324671232e-01 3.689452306199612064e-01 1.424031729894757459e-01 3.515499855549605313e-01 5.944960298766598372e-01 2.945740580350461046e-01
8.869371187156681602e-01 7.837966443811513750e-01 9.134103189531608269e-01 9.814033751736748190e-01 8.963293984485133370e-01 6.898420058166916391e-01 8.218483672344922830e-01 8.090208926520863209e-01 1.021706970021756700e+00 8.304819175421519484e-01 8.217729594626845824e-01 9.654322372756447557e-01 8.961544872979252396e-01 6.561670720362049458e-01 9.055880031694578669e-01
4.742456786117810741e-01 2.670816721853280784e-01 6.257851621878272041e-01 6.116334494064179506e-01 6.246361973808322032e-01 4.610407835826647038e-01 2.913010461195327805e-01 3.948645894935828848e-01 5.656334963702953633e-01 6.674473243519879473e-01 4.099845487834620772e-01 4.047827861292583873e-01 5.169953396718143246e-01 6.371383752513865018e-01 6.697142261746699132e-01
1.889153646062848857e-01 -3.820571354633453542e-02 3.785112969533145355e-01 2.913936797856473970e-01 1.246019939961026946e-01 5.411314499093555774e-02 1.122619203865846960e-01 1.479958690430973889e-01 3.473435079358590527e-01 3.277745624738294117e-01 2.275005657646606005e-01 7.342538881895163683e-02 1.460516921966571458e-01 2.248221251245202945e-01 6.212905435584006875e-02
3.994734166615436233e-01 6.512004175873384870e-01 2.776938533443448764e-01 3.960836695552270581e-01 3.894104395241843597e-01 5.677108913996232742e-01 4.788157722459912002e-01 5.708108977404569018e-01 2.591150043098088829e-01 2.832488724885200426e-01 5.264339844948270342e-01 4.938057482737092663e-01 3.924728160407293664e-01 4.298781268524585197e-01 2.256657568222503185e-01
3.950240011592835443e-01 3.189902014787062701e-01 2.793143254910252504e-01 3.346531131659029601e-01 4.339711736630348926e-01 3.737760063572145852e-01 4.247725602531132183e-01 4.180374022366629694e-01 3.407209063067052068e-01 4.662282579077029476e-01 3.849151723631361044e-01 3.662009335506162255e-01 4.808311282571547385e-01 3.564250744994090225e-01 6.937913912257424043e-01
3.677380256745488851e-01 2.250940624878187413e-01 -3.140544167361890293e-02 -1.836922846115005697e-02 1.464634245571996007e-01 2.746497006734364699e-01 5.491317383654772399e-01 1.820811705007387149e-01 1.459445085982130630e-01 2.351281964933117641e-01 1.038013245384382388e-01 -2.979876044804925794e-02 1.856782961047106217e-01 2.741400759113243324e-01 2.533075095019617917e-01
2.589811097272681772e-01 1.919628759849612287e-01 3.140919694455409084e-01 3.253924122599335389e-01 4.932511427251384806e-01 3.246989487217719073e-01 1.988459424630474592e-01 3.865781843342970259e-01 3.418550652265399670e-01 4.493061087185385438e-01 2.568501208938274716e-01 4.023765442116131741e-01 4.155078444333307752e-01 2.989833083879097075e-01 5.250301145650917434e-01
4.362551887183310773e-01 5.036732269296790854e-01 3.148278594463673197e-01 3.864568526845095220e-01 2.120963590056069437e-01 2.881855614524315712e-01 3.530922386935750890e-01 4.098452715635398369e-01 2.588092544692618957e-01 6.640517127234174533e-02 3.028741090219089216e-01 6.094688462150630315e-01 3.902948503934375868e-01 1.356550614933822452e-01 1.870183288384719145e-01
5.236232710763406573e-01 6.626534544127021809e-01 3.489162688358831699e-01 4.569094136163768805e-01 3.597419726874886980e-01 5.160314259915906865e-01 6.354741578393945378e-01 5.764951189183821212e-01 3.108573633837120598e-01 3.210313948231623415e-01 5.069618878027094544e-01 6.559707816465870645e-01 4.300099923107935096e-01 4.043856061574589433e-01 3.532215516448292680e-01
7.811698645830836840e-01 8.684909536646325812e-01 7.836190865189972543e-01 7.404428025014220260e-01 5.178727491243046988e-01 6.482739459316566588e-01 7.698503690904240360e-01 5.056581885908238982e-01 5.963988215946731675e-01 5.303656852904113927e-01 7.166859630214637011e-01 5.970624566811765233e-01 6.728869496253924165e-01 7.619653613393948532e-01 4.518391078769161684e-01
4.252886091251913969e-01 5.367238222304793194e-01 3.042198315616512772e-01 3.899975691225147090e-01 2.750503389033743251e-01 2.846337336287693143e-01 3.836926226411909724e-01 4.488265526615301537e-01 3.016227849052996457e-01 1.023262233804751870e-01 3.598653991928814078e-01 5.887139590554851809e-01 3.527881633550912222e-01 2.336912243116017474e-01 2.919596224173468535e-01
1.637539018522380652e-01 2.410136633411373575e-02 5.434235744225623249e-02 2.263984313356551606e-02 1.453870559988987635e-02 -9.577151205370011688e-02 7.912820197450458337e-02 1.250087975842335830e-01 7.115139823029974220e-02 6.822180681903711186e-02 8.327318991518652125e-02 1.399427636334207303e-01 -2.545945914133242866e-02 2.943692023327400958e-02 8.709349703443247659e-02
6.127465220401977497e-01 7.621392941507543206e-01 3.374337596240895576e-01 3.685529605098389894e-01 3.659891351815587890e-01 5.135054565003507321e-01 6.706155759127528926e-01 5.186738362803793301e-01 2.740204248180582169e-01 2.523311663798698534e-01 5.707566697171415626e-01 6.291421786713978781e-01 4.415889746453108833e-01 4.477290353491547026e-01 2.741241297015218903e-01
4.663920570470834193e-01 7.142429185982981377e-01 2.573171955116621556e-01 4.527632676070671991e-01 3.717967810714187249e-01 4.841298960903248627e-01 4.231564976600684092e-01 5.543394047391746460e-01 2.994423858217810652e-01 2.342167304758747681e-01 5.077457852775659752e-01 4.547572546130491666e-01 4.419509221756872663e-01 3.750453667687683179e-01 1.802238745073925230e-01
3.720798147409327683e-01 4.249721724623000685e-01 2.993876940848201329e-01 3.613676903994083034e-01 5.614484514809336968e-01 6.414755538897082277e-01 4.605455163886018610e-01 5.847010475519883732e-01 3.303755357268636228e-01 6.236603525916433188e-01 3.846455584657732518e-01 3.802928018258590614e-01 4.809158948658595056e-01 4.779613142274722337e-01 6.939182770848075776e-01
7.278884528307899560e-01 9.064035304705035934e-01 5.632553021739592491e-01 7.461789866726207254e-01 7.791262578398892025e-01 8.927100397104891227e-01 8.694858905945710426e-01 1.017728538617816980e+00 7.390756869308702237e-01 7.450627031822353308e-01 8.135066119712610622e-01 9.281795666105977505e-01 8.154321141921302418e-01 6.695718265190692131e-01 9.361424942879282840e-01
2.206591864044881168e-01 8.309139549649129097e-02 3.484330260209312913e-01 2.448545674036914643e-01 1.663076503364885328e-01 2.784179269482385533e-02 1.770771321579748259e-01 -1.470835473821126282e-02 3.429851336786901572e-01 2.712354401576105856e-01 1.887165231566707568e-01 2.047872298538174277e-02 2.309420590137151730e-01 2.899250571949142374e-01 8.600719026180324300e-02
7.088181734569007908e-01 8.216282191187095352e-01 8.942451307468056720e-01 9.805536596051371845e-01 8.944941719177689210e-01 7.553545179434597578e-01 5.480921512210326085e-01 8.324390361519805603e-01 9.030503393551980729e-01 8.558706124496280321e-01 8.286970541397560286e-01 9.421692162599665243e-01 8.290498702823275723e-01 6.214748276322175080e-01 8.879913086141650869e-01
3.753667130304293997e-01 3.064085851425410456e-01 3.151480856661764141e-01 3.685180051343195373e-01 3.399347995951183532e-01 3.890886873764547449e-01 4.158748914480773773e-01 5.113168336092707156e-01 4.527299427196419535e-01 5.278523484424847423e-01 3.321122167995699814e-01 4.616870389659424867e-01 3.131066579360478608e-01 2.527324191713009593e-01 6.644985428398498817e-01
3.117094528873908255e-01 7.885781385730017412e-02 4.816658399765755272e-01 2.467939782573915775e-01 1.859813741364998718e-01 1.383053273975465292e-01 3.638189168251739769e-01 1.615523513725644067e-01 4.450198892115422855e-01 2.862549375388616646e-01 1.847155202878421054e-01 4.019304330578954421e-02 3.064350753822491780e-01 3.083093989016921777e-01 5.527770649855026641e-02
6.174577475673577176e-01 5.554332489325987110e-01 7.114771208569251604e-01 6.136850003601336256e-01 6.971099934299276324e-01 7.249793016565453385e-01 5.800833772503347641e-01 6.135213320124259795e-01 7.614465856608980676e-01 9.106910272973081089e-01 5.542480175517504604e-01 4.508519500366654498e-01 6.541364261818342074e-01 9.077117101846426950e-01 7.322059851892277482e-01
3.555951852889451814e-01 4.893132462913930558e-01 3.367559958355829663e-01 3.706057612526068024e-01 5.370314381253945557e-01 5.937085986376487989e-01 5.043387928756670746e-01 6.668108521823813417e-01 3.742638098781571609e-01 6.933911655501200366e-01 3.522248495300078219e-01 4.371088279906826801e-01 4.534268507785618740e-01 6.094103821569261115e-01 6.630900015647382961e-01
4.277001521257519090e-01 7.449896510926410365e-01 4.311419882119778557e-01 4.899403265233088223e-01 4.556602918054660223e-01 5.348945271852297845e-01 7.460529623299936297e-01 6.189567632913138828e-01 2.370643047602966624e-01 2.678407590460594734e-01 5.439609476235768293e-01 5.782980487107974854e-01 4.275786652463007265e-01 4.702676345389573132e-01 3.251834311897807694e-01
8.154504454030381266e-01 9.116796692381309297e-01 9.038320260495860126e-01 8.928787236511402936e-01 1.038688121077472770e+00 9.667605684469152694e-01 8.092028629957388475e-01 9.572781264003477064e-01 9.505210356015085793e-01 1.036964589582168195e+00 9.522443021054368684e-01 9.410197247082293659e-01 8.913139543035413226e-01 9.864024201578827089e-01 1.050010500615351505e+00
5.109485567908114145e-01 6.415712268377271599e-01 4.998593707430554756e-01 6.324496618773917112e-01 7.285502774473866516e-01 6.777870257026987755e-01 4.174812971126532490e-01 7.367470316972255517e-01 5.386218580875228312e-01 5.884198066602467359e-01 6.653610774184733900e-01 8.116534107870191361e-01 7.341138390581315454e-01 4.129294343316451399e-01 7.287122273813694262e-01
1.928075049486871195e-01 3.981646619912301843e-02 3.961301768141505808e-01 1.951018753070856149e-01 1.822761378326149539e-01 1.539916108496505731e-02 1.840703505852965549e-01 9.231552171538570661e-02 3.241210436011017215e-01 2.201690580452071444e-01 1.533598053387552340e-01 8.443897573936159917e-02 2.215070239455914358e-01 3.267637447695330710e-01 1.294022694501313353e-01
2.706640647632785335e-01 3.841690477159125372e-01 2.636886262335932374e-01 3.278311980608136222e-01 6.395630309932756052e-01 6.643196036847791586e-01 4.896962320670808499e-01 5.481153847289313985e-01 4.217803338165639349e-01 6.902705426417580226e-01 4.027785532646144251e-01 3.487067849336698000e-01 5.332584781160764065e-01 5.710134488533060715e-01 6.559671070992877384e-01
2.568157272904157407e-01 1.738705045931403237e-01 1.864902583188142171e-01 3.160552499335009258e-01 4.160727622667665382e-01 3.891218304442823350e-01 1.695808285648930380e-01 3.985700433989506908e-01 4.351452362106207339e-01 4.566396214589163449e-01 1.752445661732649484e-01 2.428591161000222542e-01 3.604148618379729441e-01 2.199101770849407333e-01 5.471009816216614308e-01
8.553422091111875236e-01 8.767730878869764988e-01 9.561394829055429589e-01 9.824192243722216222e-01 1.066091376026640836e+00 1.112723404849970121e+00 9.604384023493746092e-01 1.011642563808805795e+00 9.970329546605237736e-01 9.688670682015746438e-01 1.040472536756674060e+00 9.046870669378669350e-01 8.693332599566524488e-01 9.202631633531638267e-01 9.533952904696667563e-01
1.344605083684476121e-01 9.743179601299592485e-02 6.147661736187912812e-02 1.693202195179241420e-02 -3.518261545976698879e-02 -5.700207392292013647e-02 1.519406574431390600e-01 1.071851053374724971e-01 8.618088521857865392e-03 -8.383470720159408307e-03 3.616482704042740109e-02 3.951377906331607348e-02 5.594247981156476313e-02 2.719076491678759297e-02 8.176569026778014726e-02
3.841340935721095362e-01 2.302783881122108245e-01 2.194392036324017969e-02 -5.307046452481865156e-02 2.027783595978071840e-01 2.508460753175906222e-01 4.572358405290841143e-01 1.910803241224395543e-01 6.482508133863312816e-02 1.895929193004649016e-01 2.105830597423403727e-01 9.056416960069135769e-02 2.012047522686248313e-01 3.685616351383856903e-01 1.508963869492083998e-01
4.580537220869346227e-01 2.828728287105870542e-01 5.177223705542555177e-01 3.519663424537210483e-01 3.699474069408155708e-01 4.655672721232333999e-01 6.545868700096117987e-01 2.135761563236066585e-01 3.825437655339921639e-01 3.971252396457357614e-01 3.187520813070100489e-01 2.207238351284485645e-01 3.887058753857342008e-01 6.587264842028660583e-01 1.876351121726919646e-01
5.420128674555796389e-01 8.303343352473369077e-01 5.919909173626983767e-01 7.321436179728889604e-01 7.549995977500342237e-01 8.964681710407264026e-01 6.442515285762525634e-01 9.081783927766843290e-01 6.445518753638569409e-01 6.017804483499230583e-01 7.258924563212640901e-01 8.801678685861493712e-01 7.918199233378635515e-01 7.394267668976187702e-01 8.571089575000631067e-01
4.353100656959931203e-01 3.396269952884735099e-01 2.035914599950544024e-01 3.788573070545120380e-01 4.521085579688649547e-01 3.033598794834927448e-01 3.693967568964253712e-01 4.090519737311099080e-01 3.848381557331100322e-01 5.428709185955418182e-01 2.527208212701467782e-01 4.847466113181214120e-01 4.063620126168151492e-01 2.951901966536568667e-01 6.556140851271512471e-01
4.287482148536725934e-01 5.356950344592558144e-01 3.039325636398457764e-01 3.029787509440324267e-01 2.918511164321869189e-01 3.423444471597660854e-01 3.611457953149739275e-01 3.962363704130643094e-01 2.409584098441224509e-01 5.018052132316490332e-02 2.764172576704961859e-01 6.206485001148879244e-01 3.589808885909039349e-01 7.916669959996278094e-02 2.493650292223914822e-01
7.427745119922454231e-01 8.743171840396231076e-01 5.925934499904150776e-01 7.197800042463275982e-01 8.570007976745555034e-01 9.483006664163541322e-01 8.570145011074471464e-01 9.464435501855110733e-01 6.768955550945181532e-01 7.694570874800458204e-01 8.137417994483298056e-01 9.825474678277773544e-01 7.828796864754294926e-01 7.433105148258460915e-01 8.465762314721249071e-01
6.702568891956731667e-01 8.203942031597847295e-01 5.534487569001071972e-01 7.878897112296936456e-01 6.214147468835000687e-01 6.738186285797695962e-01 5.547993199553122867e-01 7.104869822197165119e-01 6.150981889912515710e-01 5.309228029904776713e-01 7.257500337531984647e-01 9.189420949328312993e-01 6.932679526491469790e-01 4.236170211040086175e-01 7.566034552329771179e-01
9.696815363131334742e-01 9.662878756970086913e-01 9.847801900357066041e-01 9.410378162996004825e-01 1.026453709545162685e+00 1.072586629851053797e+00 9.475451766915691243e-01 9.709645420051058462e-01 1.002470203321630171e+00 9.642267130585512325e-01 9.341587543850042863e-01 9.910566402538429909e-01 1.040166351597426875e+00 9.306876371847828677e-01 9.948536893823339833e-01
7.029692526032108590e-01 8.216673679908420569e-01 6.994131716013645139e-01 6.454588962309600886e-01 5.859173705715570168e-01 6.614531812687051149e-01 7.937995199854267492e-01 5.421928806986993088e-01 6.270581362535186942e-01 6.126189019333840857e-01 6.798531378361992727e-01 6.470211830977864453e-01 6.295171006891109311e-01 8.442109834032518467e-01 4.404624144956035270e-01
3.574441911045109777e-01 5.718723293117433659e-01 2.925748752191050239e-01 3.927518504294125190e-01 3.619447425350995062e-01 6.093209582463714469e-01 4.890332022078509588e-01 5.095447463272628763e-01 2.482500182005621392e-01 3.334925347576364607e-01 5.034727894771851009e-01 6.098378100388121004e-01 4.063190862515054791e-01 3.892482671648099246e-01 3.211943749769541889e-01
1.749320503089806522e-01 1.047258115038036813e-01 -1.421758376378030181e-02 7.270104503420332653e-02 -1.216434308181864044e-01 -6.867401696129026012e-02 2.216333378566557322e-01 1.812600096543635075e-01 1.231549918112085501e-01 6.121573146289050610e-02 -1.824230449151495459e-02 1.741276876681746855e-01 2.515097931436369172e-02 7.695361302444062024e-02 2.675668329735866532e-02
7.305802161534394878e-01 6.631676545936588951e-01 7.604756258836652405e-01 5.742746583437867702e-01 4.282874846165486971e-01 2.512843806182942785e-01 4.651474251998427012e-01 4.096798029098246419e-01 5.966169863450045963e-01 2.938350869071205684e-01 5.505101764669051434e-01 6.160713009206778557e-01 5.332156999017513277e-01 4.128061466105685251e-01 3.888135632932038788e-01
5.822967488836958694e-01 6.921888586439274293e-01 7.831296039985221613e-01 7.298234678459949443e-01 5.233093817260059399e-01 6.013344220992099531e-01 5.963419028676726352e-01 6.377530725614499740e-01 5.879656164839910382e-01 5.148570187225751660e-01 7.339837864261209432e-01 5.599506722826259608e-01 6.090473194655465772e-01 6.813685117709903372e-01 4.173667551267051801e-01
3.366966447955377362e-01 2.642994946562114422e-01 4.559658864755378183e-01 3.103234393519438417e-01 3.864428685660280527e-01 2.874527393116612650e-01 3.524165601633263978e-01 1.141445356671084710e-01 3.933489850190366455e-01 4.839925798851413830e-01 4.176424816465795220e-01 5.600216668398221020e-02 2.681453356828329970e-01 5.999352336083403348e-01 2.323167266949259235e-01
-4.236686042352758030e-02 4.164232735983208061e-02 5.044120289628489101e-02 3.672231799726243667e-02 -1.836354510672204288e-02 6.127129534154871632e-02 8.732721361897413659e-02 -2.259249545676006443e-02 -1.897741933497264612e-03 3.437761464360452462e-02 4.230508660435049889e-02 -1.439240767187311559e-02 4.837071901776613531e-02 -6.923716980714840832e-03 9.386870273126601827e-02
3.509873902115737132e-01 7.228785791111193015e-01 4.976427835587645676e-01 7.596992494725558487e-01 7.354676841419827138e-01 6.701889850735931464e-01 4.621005508529284489e-01 7.044700204679357203e-01 5.883069397554753222e-01 6.461451052592936950e-01 6.640725315683430052e-01 9.060901921205392062e-01 7.339354027926785484e-01 4.035327862411045019e-01 7.825886147602406639e-01
2.435470093718194173e-01 1.197759294986310841e-01 3.459847463967039571e-01 2.823888034765716926e-01 1.843133935313928939e-01 8.815903447208620070e-02 1.092880153373531477e-01 9.346213985464198182e-02 3.729796526104630638e-01 2.342653391403727858e-01 2.269064072456409564e-01 6.495545733404348154e-02 1.488434136657333373e-01 3.346159096511961417e-01 5.240459638554294253e-02
8.873751685807578227e-01 7.450177998826330583e-01 9.572831091802808112e-01 9.943353579164613265e-01 8.838368283666977465e-01 6.647089755283656087e-01 6.890126388842432448e-01 8.996873368303521801e-01 9.495561898212628860e-01 7.832359382434311845e-01 9.321367247185102789e-01 1.065462713457905997e+00 7.329973845387161013e-01 6.893453627247090321e-01 9.088407027063390986e-01
1.074534022464670446e+00 9.611247794501249775e-01 9.559297433813188638e-01 1.026843392103443664e+00 1.015578111112992454e+00 1.018227000278205452e+00 9.522342977367518335e-01 1.056110850030949733e+00 1.053760468311925269e+00 1.076236366165201019e+00 9.805621495062933901e-01 9.360330651436462590e-01 1.091613619686350845e+00 1.072494676305468353e+00 1.039544692770480339e+00
7.859521323822192818e-01 5.204629177380596383e-01 6.767461928414200134e-01 6.856233520668316705e-01 7.580843684515622405e-01 6.784026397135970443e-01 8.254378894054156257e-01 6.145924693188183907e-01 7.853209607064443043e-01 8.836206347096311475e-01 6.291019692379778983e-01 4.362850106721605226e-01 7.370934020877031312e-01 9.096152282103776576e-01 8.441405453494311706e-01
2.616615901572122427e-01 1.329967538693566376e-01 3.395327124922652984e-01 2.354356909291290822e-01 2.109098759225725150e-01 1.328223107184776097e-01 1.251523551241628673e-01 1.758440841364203658e-02 3.350340332580751812e-01 3.073830592034750286e-01 1.512230742421977747e-01 -1.096100871081341632e-03 3.039457801127712910e-01 1.982029781195150109e-01 1.083073770866447572e-01
6.699057836877090333e-01 7.607151237119075260e-01 5.695947478072541648e-01 7.713301468330828747e-01 7.224733128765512546e-01 6.268513172804295319e-01 6.931924269012723627e-01 8.334124782510056173e-01 6.085192948631115151e-01 4.958420685946268724e-01 7.070618065192642021e-01 9.296196493863383425e-01 7.803521480635536856e-01 3.831202974096212799e-01 8.956531156100329127e-01
2.943410407516225957e-01 3.893104401881387067e-01 2.831345774529394621e-01 3.441671458284697449e-01 5.275872087198363314e-01 6.398000530870716629e-01 4.457488520348444894e-01 6.623982728730993808e-01 3.083701294756009403e-01 5.789966348005061159e-01 3.801750832189095264e-01 3.643622778592596756e-01 4.429750509793179969e-01 5.663730696849327284e-01 6.629114177077374270e-01
6.616618802872653582e-01 6.309048773557085488e-01 6.305468729030323516e-01 6.641796886911647269e-01 4.232163041029327055e-01 3.267778356040542675e-01 5.182631596417038855e-01 4.341758445854642656e-01 4.846924454835348506e-01 3.004422777912941767e-01 5.936962035388101411e-01 5.805339874650672360e-01 5.331521121574327449e-01 3.541910210152281469e-01 4.328995018861561683e-01
2.395739182685216184e-01 2.131971950898073065e-01 8.655029433922245552e-02 7.699836772202062196e-02 2.053330480535322522e-01 2.789114080354103131e-01 3.942008398799758950e-01 2.264567182761126896e-01 1.887754618271897389e-01 2.155876323652428372e-01 9.471290297257244084e-02 6.186134263566109293e-02 2.380492006116108894e-01 3.862710263739138616e-01 1.741482657783327559e-01
6.765607986662723894e-01 7.690781972926934440e-01 8.544105474901414476e-01 8.976038298988162634e-01 8.505030714682210169e-01 8.054016444170932765e-01 5.957173335976233552e-01 8.317772859555860876e-01 1.001051777987219227e+00 7.703168287920978408e-01 8.928713894281018471e-01 9.601736460930221373e-01 8.540183498781548366e-01 6.064949045469048006e-01 8.423944113521625310e-01
2.295090483651476276e-01 5.526144794741316008e-02 4.039748348757906116e-01 2.368900396759487936e-01 2.091036669676025472e-01 3.766615621823565796e-04 9.646701647523241163e-02 4.028111921722362515e-03 3.827167429991709113e-01 2.272733105665294961e-01 3.486862040562365150e-01 -3.856070543845221271e-02 1.755606025618494659e-01 3.507431284930176973e-01 2.314981879308477541e-01
3.719008817947934697e-01 3.049537044010505182e-01 6.178425797756518234e-01 5.243232362173086969e-01 6.824214127270771257e-01 4.287061256692920042e-01 3.217246812765335862e-01 4.211225166107193107e-01 7.718426546902843466e-01 6.515838319051721061e-01 4.445283061613859998e-01 4.566373370670993026e-01 4.820648408407980368e-01 5.568430013841790815e-01 7.090165912525534520e-01
6.375149103802708606e-01 3.917925857452526084e-01 6.477328179465126068e-01 4.904311829676600842e-01 5.183751449354367935e-01 4.518261761599423054e-01 4.553264702991420831e-01 5.239017731661852473e-01 7.597025705480252578e-01 7.005281378859051777e-01 4.963200420637152721e-01 5.172209577147292014e-01 6.292238560288904159e-01 5.446335139185660701e-01 7.579676395335437356e-01
1.019746431713787205e+00 9.649192670875544886e-01 9.659570707313582805e-01 1.001943485382569055e+00 9.982020042782823177e-01 1.123939607666159413e+00 9.418660814939181503e-01 9.615691103822791019e-01 9.882908421747430561e-01 9.718665650483742091e-01 1.049197610295233396e+00 1.050580897739768815e+00 1.000953798527734806e+00 9.698504784234317500e-01 9.768492021283531335e-01
2.020369570949122617e-01 -3.568832746674591161e-03 5.364146496200426772e-02 7.541417482762496904e-02 -1.712281298062205692e-02 7.115875922960909761e-02 2.067445491566056448e-01 4.476250423160874070e-02 5.283802527652338432e-02 -2.495242619461647549e-02 2.864155319964088037e-02 6.956602628284151713e-02 5.619272713615335035e-02 5.067212267651879237e-02 9.101973283556474836e-02
2.621430599345297985e-01 5.567255064697056444e-01 3.073545732777489548e-01 3.802631775740834552e-01 2.081331415630665593e-01 2.901396820476243033e-01 1.424574295511447652e-01 3.815023952762733317e-01 1.976314373620061959e-01 1.059143859399973020e-01 3.899239850821203390e-01 4.705496996163714973e-01 3.803630335787624994e-01 1.811022985821356956e-01 2.036800772022048234e-01
3.848284627214362263e-01 6.923802221853739836e-01 3.446103075752485756e-01 4.376305708926352955e-01 4.095925320504017475e-01 4.896210349520487837e-01 4.402073185396805921e-01 5.441088005266243588e-01 3.281258902997269966e-01 2.586048620077661675e-01 4.762219523528469778e-01 6.287719303086227729e-01 4.104456748217211182e-01 4.539378469252007831e-01 3.473825268792529175e-01
6.584438871014960948e-02 1.094256921241646696e-01 3.209919171721480752e-02 8.894950814376828552e-02 6.283512334564077262e-02 1.972441694415456304e-01 2.790270587285873516e-01 1.641949350179054967e-01 8.534917476235512335e-02 1.445217228560052580e-01 9.205416309477559844e-02 6.256503979048794184e-02 8.864336255573754264e-02 2.255646566938074304e-01 1.346761150319550904e-01
6.784050318071574437e-02 9.184555404087324515e-02 9.959430835157209727e-02 1.225240938403059088e-03 1.392641567600559904e-01 2.868648806350666547e-01 2.605740900629148760e-01 1.550600233026231400e-01 -3.485104993701876319e-02 1.822991412661072452e-01 1.804688382926460666e-01 -1.473641647585651436e-02 1.832781251758907048e-01 2.838695418455904340e-01 5.052254154233411926e-02
5.135345343674549978e-01 7.433543117296554925e-01 5.465194733972907892e-01 7.562922154075041314e-01 6.211004792087622128e-01 6.924358551102373083e-01 3.588032023411895088e-01 7.755594017438458554e-01 5.494547800003559690e-01 5.220110872729830653e-01 5.360880682698854205e-01 8.651944199265966251e-01 7.068519186335990856e-01 3.648120450445344609e-01 7.111975190646289136e-01
6.779846487695446733e-01 3.553491810385939198e-01 6.340077170702469456e-01 5.394658664294802453e-01 6.094766475903098391e-01 4.397224821475813061e-01 4.894976436621493732e-01 4.413117929081169510e-01 7.050128633785957000e-01 7.031516757253911676e-01 5.065910855641811983e-01 4.852095014949348584e-01 5.190707976923875089e-01 6.496646664211807032e-01 6.845868836709829708e-01
5.594247953836622989e-01 7.785976382027981479e-01 6.228553322293218786e-01 7.352658253913990638e-01 7.956201378657871137e-01 8.648848945095453100e-01 6.785027311437843434e-01 8.995169144637487069e-01 6.045011968268003688e-01 7.489559910353984495e-01 8.215544194166842784e-01 8.660395545772894277e-01 7.121633681968124741e-01 7.539774253619977440e-01 8.488769534042114318e-01
4.010440209208416817e-01 2.469368331674788586e-01 6.617228442497511409e-01 5.296132347989926936e-01 6.279260510428491537e-01 4.336807373989078895e-01 3.009079471935907080e-01 4.641055167368951517e-01 6.663903194968124888e-01 7.106656836850875347e-01 4.683678383838261738e-01 3.381895474328245332e-01 4.869325765173668774e-01 5.130194569448613962e-01 6.049796247424583662e-01
4.342769907692955456e-01 3.648268899052935499e-01 2.443006639904502231e-01 2.704248753212847300e-01 3.985290428668470386e-01 4.420316150247605713e-01 4.555774997128132497e-01 4.260487322323272541e-01 4.084551484959257350e-01 4.570981451522433958e-01 3.037100828607876557e-01 3.350997718461155017e-01 3.876558936970923019e-01 2.819052698519702305e-01 7.424378605348260773e-01
7.731238414726009367e-01 8.334463740876231208e-01 8.929645652599230710e-01 9.293370963934252105e-01 8.908241650233732489e-01 7.463557761398653678e-01 4.831816609214179548e-01 7.945675590459312376e-01 8.671696688675534226e-01 7.500731539576883655e-01 8.402473606453894073e-01 9.133035654931387359e-01 8.419927647015832406e-01 7.222122569563574901e-01 9.031245825314030418e-01
2.740416253889719767e-01 6.286157215578269675e-02 3.396077415754831796e-01 2.093823872286140753e-01 2.645623818888329648e-01 1.588129762524480015e-01 7.518698624490106897e-02 -1.399077402710358770e-02 3.390118581746347504e-01 1.219265495281875999e-01 2.398029812642236969e-01 7.923897072949290243e-02 1.412816299756518290e-01 2.328802870470125519e-01 1.927140319233022481e-01
5.218238016298137882e-01 4.234720527857607220e-01 2.581266571144381072e-01 4.035713835005765304e-01 4.611121423867259317e-01 6.134595352338716445e-01 6.842874716237872246e-01 6.764188201672337586e-01 4.006577000975772851e-01 6.853436555655427753e-01 4.371386373965946981e-01 3.620715164684109588e-01 4.307749586399717834e-01 6.790012198098639429e-01 6.964158907837647572e-01
7.825457847909969011e-01 7.534118800513057712e-01 8.860494819254025600e-01 9.562998328915452984e-01 8.561926835180664330e-01 7.218278632742821666e-01 5.537203164426889312e-01 7.767461448826421533e-01 8.805099094466537490e-01 8.211292061537951437e-01 8.072611077924954914e-01 9.562923788434214423e-01 7.808120684695059044e-01 5.828975700205476507e-01 8.362397716616266630e-01
9.429755845632603606e-01 7.547466219959710898e-01 9.159813941078472910e-01 8.673050595742456403e-01 8.789735692972928671e-01 7.472583772969435545e-01 7.388387144612270641e-01 8.329897403023542868e-01 9.886081784126939942e-01 7.697424497009506261e-01 8.082321107830304774e-01 1.005563463082813636e+00 8.518957067481847112e-01 7.367427376635264924e-01 9.635704487577811950e-01
5.928638657343509033e-01 7.337027163811454811e-01 6.622827531693764591e-01 6.755640878360098522e-01 6.180307237656894603e-01 6.599339069081939790e-01 6.773334973687686889e-01 5.740373116307354584e-01 5.636339137798979104e-01 5.214431974947774107e-01 7.415354100317251840e-01 5.431724775744826150e-01 6.037442858086695674e-01 7.483281393896799027e-01 3.722161547115909186e-01
4.904452544769640210e-01 2.015344367931820035e-01 5.721910074140296176e-01 6.608365881811004705e-01 5.570578963089805047e-01 4.545698897900324331e-01 3.075266958686918572e-01 4.496223378158775708e-01 6.566568615261287878e-01 6.320977110583735348e-01 3.768548599975950486e-01 4.143106397791788131e-01 4.977076620360975090e-01 5.919298391720875241e-01 6.495131986673660096e-01
6.636536864558320037e-01 7.737044206107527300e-01 5.555447491911801317e-01 7.264052890960924769e-01 6.916034234418887428e-01 6.104011744044907095e-01 5.711302228648900137e-01 7.088381774076519815e-01 5.990461609108935770e-01 6.047665636576228243e-01 6.832959183371850598e-01 9.601977625680278017e-01 7.200369086247785377e-01 4.468000641790311755e-01 7.831649539427805173e-01
3.932826239589307660e-01 3.485066039746334554e-01 7.422801690729805557e-01 5.126957297595932106e-01 6.036859725642534924e-01 4.680774386977296642e-01 3.732076643234948921e-01 3.942077187735141264e-01 6.773476352216146745e-01 6.570999519955715851e-01 4.043760336357590246e-01 3.740533313216981015e-01 5.287662741904830543e-01 5.175421220941288647e-01 6.711423549190592697e-01
4.067222207313862525e-01 1.059619051145363200e-01 4.119353030333807175e-01 2.675956298127931676e-01 8.420002374591741001e-02 1.039392856514144009e-01 3.933004342066281356e-01 -1.516301463086013046e-02 3.324386487188203398e-01 2.335276152780558223e-01 1.599917615176701946e-01 1.267308550780655574e-01 3.338211162300952495e-01 3.321722287106481097e-01 1.938000190968448555e-01
7.342313011162903136e-01 7.946686029903842208e-01 8.349119788293760669e-01 9.761945150156016160e-01 8.742185760128435845e-01 7.108617260288315753e-01 5.189904224893583384e-01 7.238015045895752619e-01 9.336390026134865350e-01 8.270038591640647141e-01 8.154869637048726139e-01 8.973732899026222176e-01 7.926219176895205054e-01 6.577209244371091668e-01 7.956295293245512212e-01
9.415946813212497934e-01 7.961969451165631373e-01 9.477562684774458734e-01 1.003261518739133384e+00 9.502109387606113566e-01 7.833686731519440283e-01 6.359332218700064487e-01 8.647732982361032716e-01 9.230358751066211065e-01 7.778941752931129994e-01 8.046668825992020491e-01 9.862979988575966139e-01 8.515068392686158116e-01 7.244385241221933391e-01 9.142444206933705297e-01
2.637329797146515942e-01 5.049513657518248655e-01 2.546770248497526312e-01 4.096072136590976909e-01 2.322500524786988707e-01 2.941313537941051548e-01 2.085743846409099378e-01 3.727896121900747817e-01 2.102173042011631909e-01 2.163091062200278580e-01 4.480647751735633566e-01 4.921126268345569210e-01 2.920885180488527189e-01 1.155089232329610388e-01 2.239548135940372386e-01
4.913783104010465141e-01 6.638888428817069087e-01 4.677127418825980376e-01 7.060857048333621933e-01 8.225914130506979394e-01 7.179478338290880002e-01 2.657372892152554122e-01 7.878372374243933773e-01 5.723716818191707523e-01 5.303949098629178183e-01 6.878957741232427647e-01 8.535099932505380016e-01 6.673270164090397971e-01 3.476601014979629478e-01 7.449452630517672258e-01
2.107146983682581798e-01 1.836059303709862700e-01 8.474811866841028274e-02 3.655608944806925525e-02 1.057768296880296083e-01 3.031533426116304608e-01 2.966032883166778156e-01 1.213388178675289808e-01 4.989789045325792455e-02 2.382157202553782382e-01 1.512734124728854213e-01 6.356817458033790780e-02 9.971944604102664367e-02 2.485911757509720044e-01 1.657382423976928865e-01
4.743226780335672577e-01 5.166776198835192346e-01 2.943717553829700573e-01 3.887928965553532623e-01 2.513174974315555144e-01 2.677962644295792116e-01 2.824346384260160714e-01 3.809317582632582022e-01 2.248847457790580651e-01 8.035664528346503355e-02 4.473969949604695850e-01 6.353505459517072573e-01 3.367478270303094767e-01 1.676871603687677958e-01 2.182479297365596260e-01
6.849886542308190052e-01 7.406998437816522118e-01 4.580639701013462517e-01 7.242608644260102313e-01 6.189260465131052324e-01 6.976696156949245831e-01 5.463552242027219785e-01 7.480993252509474667e-01 6.380395708118927756e-01 6.056418656122114497e-01 6.617714901850110243e-01 8.941668736201187073e-01 7.018759802249346924e-01 3.981095651290900150e-01 8.537799224904251139e-01
7.809002617770899324e-01 8.184499316850706307e-01 8.204586262010056252e-01 8.787584792233664732e-01 8.133617272474699122e-01 6.248357421313400772e-01 5.029831067901735508e-01 7.618824945555825456e-01 9.525819322734893069e-01 8.142285672939164609e-01 7.796378968969338574e-01 8.420423746965579603e-01 6.817580444498814174e-01 6.843636993541502012e-01 9.183735137016683092e-01
7.308543791069810336e-02 1.091310062884165433e-01 1.490994246093795828e-01 8.410897129490074731e-02 1.216339560041166945e-01 2.499342191140717651e-01 3.128282964174899372e-01 6.876507581378524248e-02 7.177252616240467620e-02 1.685712146224701002e-01 1.193148166499763824e-01 9.429014520718230138e-03 2.442178139110439128e-01 2.490975693545658121e-01 5.536128807822498360e-02
6.552696510816311548e-01 6.985826905146410581e-01 5.109217904386542664e-01 6.817848492725900877e-01 6.751280709808269442e-01 6.541709416175019998e-01 6.552701849638944420e-01 8.519939458252403508e-01 6.262096320293099039e-01 5.627947104338916207e-01 6.474297089234550828e-01 1.005998056164163268e+00 7.136633666365647111e-01 4.298193637735091555e-01 8.672231494974380617e-01
5.520636736807339462e-01 3.844809135972554470e-01 2.934298626821972289e-01 4.136738141162635829e-01 5.376904851473429670e-01 6.460828856332548886e-01 6.666644586665532168e-01 5.646640274775427404e-01 4.103685218309170435e-01 5.691038275049353778e-01 4.957298405032208310e-01 4.494537631142658252e-01 5.402866056130308792e-01 6.139672937427681498e-01 7.333316763134924976e-01
6.322167961886911991e-01 2.957083555547508902e-01 6.178252412387045256e-01 5.806380561974258114e-01 6.773595055618107930e-01 5.045790192386649942e-01 5.353866602782960671e-01 4.344719011734355929e-01 7.186028311891684561e-01 7.778690385132382978e-01 3.949520451476682403e-01 5.024163764467516335e-01 6.469920714036171416e-01 5.265060166292510058e-01 7.247442462866885426e-01
8.443461798032850796e-01 8.879365877278698749e-01 6.035160428315033965e-01 7.555422380201016752e-01 8.477717139595279949e-01 9.340703851237128763e-01 8.845585627412614338e-01 8.858624951384882484e-01 6.492888389750085532e-01 7.103947850741987313e-01 8.753057465471614229e-01 9.222124840817002012e-01 8.477642466826119660e-01 7.443610041365649188e-01 8.835708258558373496e-01
6.120043846785679920e-01 4.173962725136594054e-01 6.233354631876741880e-01 5.820678930670161177e-01 5.890684087086042187e-01 4.278917632853154740e-01 5.211375870879726424e-01 4.557875747288050450e-01 7.673333650879323731e-01 7.059526995634578528e-01 4.968081155138515115e-01 4.273265372874767154e-01 6.108509484935226164e-01 5.267824654828177078e-01 6.906261896728693728e-01
5.291542083250169171e-01 4.912442016548976831e-01 4.314892208275650232e-01 3.013419633573128920e-01 5.797980734192056396e-01 6.108209845780925296e-01 6.746282171532803629e-01 5.739775489998133473e-01 4.382438378830969539e-01 6.698257200182360371e-01 4.127075490800777846e-01 4.161253164281618067e-01 5.785399015097120179e-01 5.294801609847404888e-01 6.777283438034807928e-01
5.618199010640151370e-01 9.353003284912093651e-01 5.512554974990767631e-01 8.456608286615300285e-01 7.652202207862375261e-01 9.770906057035985137e-01 7.267145177732698968e-01 9.264948471426668331e-01 5.255764451676421256e-01 8.356546829967748113e-01 8.274997267356233310e-01 8.080229409097179349e-01 8.188236528850916240e-01 7.260853518564743814e-01 7.272806378551008866e-01
3.475558602471688907e-01 4.409791281483366188e-01 3.262649888670481335e-01 2.989636141677899928e-01 5.674645535348633585e-01 7.066037844879987651e-01 4.257659589504545483e-01 5.992391613855411192e-01 5.061836592132368251e-01 6.272323395471035568e-01 4.327170952752332211e-01 4.524573252891339048e-01 5.243684954730272185e-01 6.040573289853548022e-01 6.936916110688080561e-01
5.329479760236423003e-01 4.194368082498320938e-01 7.634945069005074636e-01 5.789968262453261127e-01 7.174946551052968635e-01 6.489668986198846579e-01 6.719413116401924402e-01 6.084472845059034629e-01 8.912406565660068170e-01 8.705569735274790721e-01 6.449222185401692897e-01 3.426670622274403666e-01 6.442069190227870390e-01 8.117975087347697460e-01 7.968413750086545955e-01
1.386645828598042640e-01 -4.495124109515276356e-02 5.229315882974736041e-02 -4.946243490967968531e-02 4.165913408189567471e-03 5.624765316776211832e-02 2.088456254631840536e-01 3.293388153556947584e-02 -1.382733722580755178e-02 -3.143248012740638281e-02 -3.532967000209999431e-02 7.748084362995512342e-02 6.131828555864095309e-02 1.298019507317337180e-02 5.070656730983059968e-02
7.103241899514571855e-01 7.101391032317434515e-01 8.521198731690701189e-01 8.318781952511400402e-01 7.703964584159944673e-01 6.628840145387466798e-01 5.229206358900667651e-01 8.263019824761337340e-01 8.554787500218250518e-01 7.808145329374478472e-01 7.308138188754088604e-01 9.009624331298791144e-01 8.228671322917784359e-01 6.481187107685079107e-01 8.738616557527190132e-01
3.381127397249981681e-01 2.524851465527508387e-01 1.756380026359294355e-01 4.186128240150687602e-02 4.598616981461718656e-02 2.814534274899676558e-01 5.372505166415384448e-01 1.824159169096917499e-01 7.419370763699073557e-02 2.201103659897252485e-01 1.073613499565784363e-01 3.882521256021481681e-02 1.771690078923731093e-01 3.685304739031335930e-01 1.829819468373423130e-01
7.038710621506844012e-01 7.935955334115717408e-01 9.110540259020462051e-01 9.568202105679941560e-01 7.923211265803440373e-01 7.670398280745199804e-01 5.478011252680724530e-01 8.328077398980985313e-01 9.088616507121314303e-01 7.567837995266298856e-01 7.845504726278632601e-01 8.992010180920273488e-01 8.923953928944559078e-01 6.145767793513805533e-01 8.759570445840745290e-01
5.649071959266968035e-01 5.766870331717492970e-01 3.384131862447611327e-01 3.624207765188003916e-01 3.182705187997436624e-01 3.474929652175202666e-01 3.788067345906876437e-01 3.127759640329913493e-01 1.930221271309005282e-01 4.716040494854469717e-02 3.949585958919841211e-01 6.390591887291852125e-01 3.572705303020313750e-01 7.694510831857598321e-02 2.582111917724754790e-01
9.234648328185511845e-01 9.116898473289587468e-01 6.038479441491968469e-01 8.000437514793395932e-01 8.578765711938096672e-01 9.269717103847672224e-01 8.272451834885093946e-01 9.092438864932037568e-01 5.953975871339216575e-01 7.709740218464498085e-01 8.166808713744813097e-01 9.888357965420118134e-01 8.057754306974560521e-01 7.665213026980333133e-01 8.928274840981286209e-01
4.007714900947699221e-01 6.592503280763059026e-01 4.273396338116092763e-01 4.880645061824318010e-01 3.496785754891948983e-01 4.927468724059486660e-01 3.947666216577161435e-01 5.111909416885638269e-01 2.623742749210873915e-01 3.182807507228641586e-01 4.394223804744390449e-01 5.884434188648925979e-01 4.253603215081919187e-01 3.997980363164927997e-01 3.459356738852933377e-01
8.866457849967588345e-01 8.049615188077448025e-01 9.258278245366546866e-01 9.856192984430474091e-01 8.206887927559021190e-01 6.342121155585026537e-01 8.580310522395453443e-01 8.423470146854548091e-01 9.728056410014360722e-01 8.219925705846605757e-01 8.776573739623272363e-01 9.284893936435529849e-01 9.854747984180741716e-01 6.613166657476300392e-01 1.038170158848071400e+00
3.330417982721603498e-01 6.028815378952299131e-01 3.572513689115795477e-01 3.682060035229056671e-01 4.402698184426224737e-01 6.135887146361803657e-01 4.822764913930758790e-01 5.015896220136318862e-01 2.737798204527230883e-01 3.424378625127610931e-01 4.577851788746359896e-01 5.543813504110158830e-01 4.718879860809639393e-01 3.814346564645332838e-01 3.129730030723370526e-01
2.333502830830590513e-01 4.699465190593147268e-01 1.832516707018195801e-01 3.348507893592556073e-01 2.165039952679906898e-01 3.597586664880502716e-01 1.554815098321071232e-01 3.333738112827004385e-01 2.260328312244698212e-01 1.032820675005867578e-01 4.009079641018188367e-01 4.627553187576746718e-01 2.076503476700068962e-01 1.581510161098806655e-01 1.954073330034022393e-01
7.026642884807862144e-01 6.891992592613128688e-01 7.318913216100032537e-01 6.328269623692284185e-01 5.972530889809100074e-01 6.373261435517340034e-01 6.041455346241623170e-01 5.948511311202822061e-01 5.765489468453466326e-01 5.738889939844071808e-01 7.397307909248940216e-01 5.001846002306347128e-01 6.830876201291850025e-01 6.448179233243568342e-01 3.160244279223757280e-01
4.770860747742133867e-01 9.075811344174999906e-02 4.201905568123833201e-01 2.628554197831982076e-01 1.835040439304834181e-01 7.247275086865716254e-02 2.458235386973374736e-01 7.801076899549848342e-02 4.504986317507432281e-01 2.573184248491182102e-01 1.415538135213835480e-01 8.940684406347265689e-02 1.513037612644752561e-01 2.684578673730413367e-01 1.355705143925154399e-01
3.418984634121385313e-01 5.787890094943874963e-01 3.603121672730413283e-01 3.945609334371595889e-01 5.888151634584819494e-01 6.289879756440359682e-01 5.133522120663844834e-01 6.874943447113320838e-01 3.897408599518207839e-01 6.281555791606644457e-01 4.191669110617667893e-01 3.320541903054157196e-01 4.157986284463183191e-01 6.461773558924155392e-01 6.597304287254198707e-01
6.495646502319150084e-01 8.138192159133932346e-01 4.680868856306061310e-01 6.598714663984909246e-01 7.820003786742826257e-01 6.297195376151798474e-01 6.291093838203185573e-01 8.420780264892296918e-01 5.297455344270590727e-01 5.511156682162349219e-01 6.184508924292679843e-01 8.094658518142668902e-01 6.707962374769083080e-01 5.273793593524789269e-01 8.101720142085957477e-01
6.824024617318293906e-01 8.292868336332067658e-01 8.772095586218620067e-01 1.011233770960359379e+00 8.456095644338599282e-01 8.056207962005897949e-01 5.297886311910267043e-01 7.094758125181968023e-01 9.288099641473707146e-01 8.512087217773338654e-01 8.646932002309730692e-01 8.503921420084578076e-01 7.825552528051991086e-01 7.269062053281083458e-01 8.527051194135539802e-01
8.352110482704150352e-02 -4.870217913455274217e-02 -1.380277029651443554e-01 -1.338933716616571429e-02 -5.974509276369462107e-02 2.687561473879702262e-02 -1.927295471726276493e-02 7.919367179286652221e-04 1.738287234162051720e-02 1.729920753941416658e-02 3.546919236707107154e-02 -9.236416116940522267e-03 5.970669682437839548e-02 -1.505149335793256118e-02 1.840692993725147678e-02
8.058158179428541734e-01 8.172112405174603023e-01 6.843402796385565923e-01 6.842084007437503335e-01 5.640012594843057947e-01 7.157248966132401247e-01 7.899220248224015917e-01 5.931036538844418615e-01 6.551881772759833300e-01 5.333887190112818200e-01 6.719461852606223307e-01 7.198464226371266150e-01 6.227151285322509722e-01 7.291040818877219110e-01 4.030262313334249669e-01
4.401907893852760600e-01 3.112342005008546519e-01 2.954364605863488147e-01 3.231972922382216340e-01 4.190419319698263645e-01 3.861375691170383373e-01 3.997444987518879445e-01 5.043919419869128395e-01 3.830929563349123046e-01 5.146854649346132016e-01 3.172930267018976846e-01 4.501593715513897975e-01 3.643539896700109804e-01 2.571333798924873570e-01 6.268010859814771019e-01
6.126103731655573315e-01 7.471829026967504728e-01 5.220107785568390835e-01 7.036743138764529615e-01 6.391986801676402541e-01 6.880280175279229748e-01 6.051866186831509342e-01 8.110138867387886030e-01 5.120444654475750923e-01 5.600696696553466580e-01 6.093989689241943175e-01 1.044833878325620358e+00 7.340043202150535739e-01 4.744621672235848631e-01 8.094615630555048735e-01
1.069528377881977743e+00 9.789066306207836465e-01 9.962580856198685053e-01 1.016855596198949385e+00 1.005960269100899085e+00 9.560841427269651804e-01 1.003463588947421492e+00 9.111839406824462362e-01 1.020994863739490111e+00 9.608909084217686081e-01 1.065385856954163879e+00 1.009979571591572478e+00 9.025103493220989481e-01 9.459369510190890340e-01 9.477862323292631785e-01
3.904047542285133954e-01 2.905681845570789457e-01 6.900732137945644329e-01 5.808842497246040626e-01 5.776927246895418033e-01 4.620158196497923253e-01 3.673272603950108461e-01 4.151558280072308316e-01 7.425775575912346715e-01 6.808909322634192351e-01 5.181053132524919835e-01 4.397304228318273389e-01 5.197691493039314770e-01 5.655118042990119331e-01 7.560562607538149349e-01
-1.694745876273793042e-02 1.810751237711055381e-02 7.370072107952960888e-03 9.031295447073902152e-03 -3.353847770454280314e-02 -1.248372087546183867e-02 -7.877165841181414663e-02 -6.911776238740562073e-02 5.775045077313605522e-03 -1.063816405303806417e-01 -4.758364374241397243e-02 -4.529489353790141365e-02 -3.466327739937585112e-03 -6.174591281547939930e-02 -2.930001837060332640e-02
6.822155570445975759e-01 6.493311759424956753e-01 6.303574810606482615e-01 6.304474017015290199e-01 4.032566541800119420e-01 3.241415097278830260e-01 5.055352160140927920e-01 4.205838677169129736e-01 5.872438406255477972e-01 2.908090023702028515e-01 5.638760356779741745e-01 4.973556746887334290e-01 5.284024359432110129e-01 4.947234285085785888e-01 3.765299795844452291e-01
5.075536471216892664e-01 7.200603031748441518e-01 4.883592995173523521e-01 6.877198228190557483e-01 7.341036944966565780e-01 6.338128283485182646e-01 4.221121814236529768e-01 7.437995874542079333e-01 6.213737739808342653e-01 5.726203859845812039e-01 5.735321831179359675e-01 8.445666228406363274e-01 6.574709690791693539e-01 4.475715378241627573e-01 7.959791644691411872e-01
8.305154972245745171e-01 8.990455714542927579e-01 9.146829813797101583e-01 9.633243624352315626e-01 8.334441013830967693e-01 8.008283400756230908e-01 7.456747560556401533e-01 8.118394395814737541e-01 1.005949100956674336e+00 8.630253830346834576e-01 8.228725756235942823e-01 9.287049902116841782e-01 9.214827218981443968e-01 6.396820968431058407e-01 8.693479352116136871e-01
1.993354162429878951e-01 2.033484985145420920e-01 4.100365081084391683e-01 2.073703641286848975e-01 1.960570369654901501e-01 4.195985298034674016e-02 1.450809333001028267e-01 6.211169397881955573e-02 3.396052536761708929e-01 2.373998022697041133e-01 1.374451817668667364e-01 5.236579742796095699e-02 1.539840546788460440e-01 2.092177422377345664e-01 8.527311803937337453e-02
5.069375656810496400e-01 4.715306445251946643e-01 3.510160990376923196e-01 3.405986737669504105e-01 6.268749868380764090e-01 6.952354950260840605e-01 7.107098675849733427e-01 5.185953899782469456e-01 4.353623000805448284e-01 7.119872333019997557e-01 3.991976916197482184e-01 4.234213132831275983e-01 4.931231010666170533e-01 5.954125167681991737e-01 7.264702938419418388e-01
3.886833816503720840e-01 1.671162552427980230e-01 4.977974585883244152e-01 3.005330465773966564e-01 2.635439932926637585e-01 1.834641733011805886e-01 2.411282067895356707e-01 -2.845588707514841442e-02 3.303186139469607152e-01 1.999212910577283231e-01 1.024621537500329804e-01 2.250848774246178019e-01 2.514663197663302152e-01 3.624989555256586393e-01 1.228966350476548841e-01
2.464564209441046649e-01 2.549325518255443623e-01 1.343229628758917660e-01 8.715598594072090921e-02 1.488022075339077988e-01 2.598695209324460853e-01 5.260653253300248133e-01 1.599416883349473184e-01 1.192634972843583802e-01 2.320086999256001647e-01 8.405825544630736446e-02 1.266418272954025481e-01 2.231340952636337582e-01 3.454842553436680008e-01 1.296409295005533646e-01
6.623968413165971514e-01 5.514143785692078303e-01 6.179562978892374492e-01 6.417342592226341624e-01 4.283333930850219406e-01 3.261551812360042879e-01 4.766758142186772185e-01 4.633621839789646146e-01 6.612641212006343805e-01 3.089833800132834596e-01 5.817968211816444413e-01 6.566703645691136515e-01 5.136632000606143889e-01 4.766513223907650754e-01 4.103901791509723118e-01
4.451443288668528453e-01 5.569774616835281300e-01 7.057831426520031481e-01 7.094418895452402340e-01 4.843412588364098825e-01 3.055225366926374031e-01 3.145822062794692009e-01 3.805591726681718523e-01 5.490113090692949616e-01 4.325938412133738531e-01 5.811882269442292248e-01 5.447952968996091494e-01 5.869213938759704208e-01 4.630092162813609358e-01 2.637155934501453913e-01
4.717008885042632271e-01 2.117447875017525738e-01 4.938858044448107276e-01 3.006032114880653472e-01 3.905495105765847130e-01 3.237497068140162138e-01 4.979257574286894972e-01 2.309929468596468027e-01 4.103406915065648253e-01 4.742989898775128998e-01 4.023524317464500788e-01 1.352708079743861203e-01 3.478748798860450964e-01 6.689883469599856580e-01 3.126999246063484339e-01
6.370976569640791620e-01 7.151132360336200922e-01 4.924362346372645471e-01 7.809202874909416670e-01 6.096243019367287852e-01 5.571836711422489818e-01 5.378058082553006658e-01 9.431665194860830992e-01 5.915105706440242361e-01 5.178231676071920475e-01 6.790684519763299232e-01 9.817560906785711694e-01 7.298665976325873217e-01 3.884525689995450559e-01 7.882449368682150626e-01
5.194093986497094750e-01 4.558735088901285648e-01 6.539942121147127585e-01 6.806760919060914627e-01 4.413417460786656088e-01 4.249081991663108959e-01 3.516009607596392028e-01 4.081591625800318202e-01 5.538276685140983702e-01 2.788428527327856399e-01 5.084627495623873505e-01 5.940468528834408346e-01 4.940969091346905651e-01 4.276691932314848898e-01 2.848234764787254125e-01
4.987400409053320827e-01 4.754966263994730435e-01 3.623804191819843812e-01 3.669090032846440419e-01 6.337779867067794282e-01 6.738589935676373432e-01 6.457176577852988819e-01 6.332641222236475853e-01 3.591788010842951739e-01 6.674368355382297446e-01 4.654448105375782463e-01 3.772795062256843468e-01 4.406072014862360553e-01 6.449194419618972107e-01 6.585048504554823490e-01
5.301196449239450326e-01 4.937195477909283037e-01 3.272825233432711811e-01 3.859583516327938502e-01 5.692199833321625047e-01 6.407482493805554125e-01 6.372426712352939893e-01 5.831685281428978795e-01 4.578682819670703563e-01 6.943933685512468923e-01 3.620498751893428957e-01 4.156710235629181849e-01 5.437508106905237781e-01 5.492414157764595739e-01 7.806165499924584417e-01
5.595466635750903084e-01 6.552982835585315913e-01 4.887249931383291224e-01 6.893862198311325740e-01 6.927174700070678481e-01 6.675520109718453554e-01 4.049028993726738190e-01 7.891232768193677805e-01 7.020396084726785446e-01 4.889945648723861837e-01 6.101888205276428945e-01 7.458684285482416465e-01 6.369415533554251274e-01 3.235028742409997715e-01 7.564253197119841232e-01
2.666938880357478947e-01 5.360884191407019328e-01 3.170223901527031707e-01 4.063342659945154423e-01 2.977963261380919824e-01 2.530314516117506130e-01 1.997556275958832783e-01 4.484079390275494958e-01 2.744806098234922054e-01 8.147024722778831163e-02 3.646855323833755325e-01 4.782237507613761873e-01 3.125149802888300687e-01 9.701928713171212304e-02 1.815174951969307504e-01
7.775073454047956023e-01 9.744939092740566577e-01 9.835528920933875874e-01 9.961481111219555595e-01 9.385647538305199600e-01 1.016617307835679052e+00 7.378212669178844108e-01 9.499733471290564557e-01 9.444448027279662705e-01 9.505718806917031749e-01 9.264457016297523717e-01 8.949315751245985329e-01 1.062878966265139891e+00 1.019769359649492557e+00 9.111478272550717072e-01
6.202239689656501298e-01 8.496625933981386547e-01 5.392708620615961346e-01 7.870962376989533160e-01 8.089243341851982683e-01 9.911276994767663773e-01 6.391738119804725171e-01 9.544829100791878407e-01 6.720771348125058609e-01 8.866943164209323269e-01 7.682714832742763011e-01 8.232660945397003438e-01 8.075651121288514034e-01 7.269105541456822861e-01 8.437820865092211520e-01
4.860727947726701803e-01 7.857958950535284259e-01 3.535761225223958970e-01 5.106130283782686075e-01 4.523769305489746539e-01 4.503956232445842645e-01 6.500930277817004166e-01 4.800572325420920383e-01 3.281832060255881478e-01 2.714285504360453016e-01 5.094293008785794052e-01 6.623658543795172271e-01 5.573944224798597080e-01 4.432313533999043265e-01 3.192199509955565007e-01
1.474973287536092137e-01 -2.769318712112382730e-02 6.772292787989976637e-02 5.028624293791399830e-02 -5.923625739477515056e-02 1.469382951439317936e-03 2.129678522896385484e-01 9.202001907519095913e-03 6.435339685832366929e-02 4.919983873239573008e-02 -3.633724765492857972e-02 4.483671915467730973e-02 1.156862510610201233e-01 -5.236206891713923034e-02 4.479139369568238549e-02
6.541634178959289114e-01 3.909660655347454439e-01 5.780852014385943205e-01 5.464931740513335745e-01 6.704975501345024069e-01 4.571896660689331870e-01 4.787457899394538252e-01 4.986354995007603597e-01 6.259963330772124745e-01 7.153620288717312814e-01 4.529888163839263515e-01 4.681565588021927571e-01 6.083485878216955411e-01 5.764943209137343150e-01 6.913639580446193644e-01
-1.054084693073062129e-01 3.631153565226445321e-03 5.390936951600978910e-02 -4.601826154241157180e-02 2.615153667966370332e-02 -6.665323681066975814e-02 -2.397291298975883986e-02 -2.120838918165325257e-02 -7.769217453563086184e-02 -3.896218143728927275e-02 -7.877105457703355296e-02 -3.341231886651530730e-02 3.743891427237740210e-02 -2.034345443866670319e-03 -2.658364029440522802e-02
3.434595312967601011e-01 3.744484812101609439e-01 3.596569248200909286e-01 4.451337398749387608e-01 4.893070449434818725e-01 5.800044433490555429e-01 4.638816354471122505e-01 6.322503310344075311e-01 4.267683024337496356e-01 6.615150001998789664e-01 4.450298192474327341e-01 3.307045514455266844e-01 5.455119235496903585e-01 5.579703584389927862e-01 6.408486622032145696e-01
4.250107679488990264e-01 3.479504998609181388e-01 5.769894034355556034e-01 5.383676158321010208e-01 6.421116031280007519e-01 4.696327284716030892e-01 3.086373411504431119e-01 4.297878071584855797e-01 6.903883228155248686e-01 6.994291163337443828e-01 4.791849164772321035e-01 4.017746179310279220e-01 5.532750309661640387e-01 5.313218377468897913e-01 6.204991277938918248e-01
2.124665560675688125e-01 8.246861682853734443e-02 3.428608728532958061e-01 2.751930851536573686e-01 1.582424507038571460e-01 4.633931779023534731e-02 9.094622222622048002e-02 -9.600938170799294680e-03 3.223912026234592720e-01 2.608604263805407997e-01 1.920175771451442803e-01 4.115991230377253479e-02 2.403750338712400403e-01 2.117273402774796365e-01 7.209377464600577601e-02
5.489171237196941444e-01 2.319382769646659570e-01 4.352075145266098288e-01 3.069610387346660696e-01 3.691878610402809513e-01 3.327533527681594272e-01 6.533134638791630033e-01 2.606217756681837860e-01 4.859019285786619902e-01 3.603095320442274985e-01 3.827259638585425727e-01 1.000520705217311512e-02 3.745169716032971108e-01 6.765140033489649429e-01 2.927173233288483667e-01
1.793747971194330493e-01 1.214831551647862773e-01 4.005592835839180688e-02 5.733870229727788120e-02 -4.479008232912647797e-02 1.565188899764996359e-03 1.432267162560618701e-01 3.508113295761575157e-02 -1.903500242026137310e-02 -1.004204421595905894e-01 5.752166179805012075e-02 1.117434973385758729e-01 1.280049212651531154e-01 -3.166037692438451040e-02 9.708224829377391785e-02
1.160301049638151893e-01 1.633539254350860614e-01 5.583668232490617001e-03 8.998272498832089739e-02 2.380859018165930874e-01 2.790828945909354930e-01 3.600875569588399827e-01 2.079578963297015748e-01 1.398953222455980028e-02 2.183819050472822210e-01 1.094779478452677091e-01 -2.082931060290416081e-02 1.833767673224281636e-01 2.796994482555870132e-01 9.162119640681426480e-02
7.300609418089587521e-01 8.175348425282112919e-01 7.401056285733281781e-01 6.390863362746023180e-01 6.345898560499900753e-01 5.455586696773425670e-01 8.501587366876769414e-01 5.401302639771903280e-01 5.978366823270178099e-01 5.345450840683342308e-01 7.121073177417545086e-01 6.722687904700851425e-01 6.508658203506387796e-01 6.745520901417237924e-01 4.170268580873462971e-01
4.986446213444000186e-01 7.042824467314177106e-01 4.880784299931838488e-01 7.048725713805510384e-01 6.965823274316580438e-01 6.510511138426174904e-01 3.780561472202532691e-01 7.615323292943455558e-01 6.227347943100514094e-01 5.127404245038421626e-01 6.727437837493210893e-01 8.807187607091254700e-01 5.643443286032439055e-01 3.086622732860173079e-01 7.715449042705713190e-01
8.644574388051521827e-03 9.470332255955904444e-02 -6.506868215458080917e-04 7.983480265013402633e-02 3.290682353885263783e-02 3.471657700452069565e-03 1.338183305889083241e-02 3.847745142597452928e-02 3.475979369419272130e-02 -3.302587986071391785e-02 8.644324803555784864e-02 2.054435721646112253e-02 5.460840247192388225e-02 -5.628993232904791477e-02 -7.196135609843622161e-02
4.653096920824847382e-01 6.409513561830694206e-01 3.040659662633751759e-01 4.574234061245835425e-01 4.545913406654130129e-01 5.438108652030950729e-01 6.754255635185971718e-01 4.626789485619432485e-01 2.446309179293775782e-01 3.614697877289707040e-01 5.288737253100154190e-01 6.217298416016270313e-01 4.276287008777135412e-01 3.903730193942816507e-01 2.744487352355467480e-01
7.142072389670943711e-01 8.111603181086057823e-01 8.248947893429534606e-01 9.397352402049381492e-01 8.962605150242508589e-01 7.080284862011506641e-01 5.235893390113797174e-01 8.471351653157758177e-01 9.062621442857218268e-01 7.138607000117221935e-01 8.930786134862891412e-01 9.384366673592133834e-01 7.947569684454233174e-01 6.252057994599392599e-01 8.625619681908222036e-01
4.939167905993929186e-01 4.769123021335351931e-01 3.370266891663682984e-01 3.497658759793544347e-01 5.250009539416418125e-01 6.098597267078038620e-01 6.768874871807584181e-01 6.415450644036675421e-01 4.411138480932118022e-01 6.680336226276613054e-01 3.982861139553345864e-01 4.377893172480692430e-01 5.349124320597614668e-01 6.565318503499072422e-01 7.520944002419529539e-01
7.614123531241644427e-01 4.761583828050949818e-01 6.618703290471572576e-01 6.369887032142413918e-01 7.286674077278958439e-01 7.181848575698945858e-01 8.821540250538297823e-01 6.175902433756712551e-01 7.545078256700364916e-01 9.543965596796654127e-01 5.953300047246732341e-01 3.953150872601907673e-01 6.501186012165308670e-01 9.123353756506298318e-01 7.958855510132315514e-01
