5.656370143538582695e-01 6.227207247227326548e-01 5.463500632889780606e-01 4.982373294808697395e-01 4.328179881461261536e-01 5.229487208217108440e-01 6.300036911700104270e-01 7.448236913861646658e-01 5.478195041183265834e-01 7.264723145617022482e-01
3.457506972342880847e-01 4.157390514387531710e-01 5.142272216969263621e-01 3.831449411786402859e-01 5.526659490346206294e-01 3.294906120283712103e-01 4.267314308051256000e-01 1.901287803301172918e-01 5.210793632366705896e-01 3.003297780870072820e-01
7.181783020362924042e-01 6.569904212513296704e-01 8.810208423375527342e-01 6.740597339755790562e-01 7.656325833259087776e-01 9.009777676261361279e-01 7.076253338200764187e-01 9.640749615443866549e-01 6.341441190471104328e-01 8.180265080299715663e-01
2.120645673668788631e-02 0.000000000000000000e+00 0.000000000000000000e+00 7.420884437652355836e-02 1.626976835788375431e-02 1.348392776982207109e-01 0.000000000000000000e+00 2.222812120060500135e-02 0.000000000000000000e+00 3.245134669617834311e-02
9.063755197123588569e-01 8.431673922645619434e-01 7.504563301351512283e-01 9.577441672057754873e-01 7.381177998711436761e-01 7.884072991853979806e-01 9.076304300503785782e-01 8.612446006915888130e-01 8.514709815388503689e-01 9.315336905029247827e-01
0.000000000000000000e+00 4.270212013589485406e-02 0.000000000000000000e+00 5.007457282951276872e-02 0.000000000000000000e+00 2.168628556127050189e-02 0.000000000000000000e+00 3.325413280089683371e-02 0.000000000000000000e+00 0.000000000000000000e+00
9.981136276550065523e-01 9.428320095061375472e-01 7.851503051735951866e-01 8.405148794642317567e-01 6.991325890842856605e-01 8.787640224289482438e-01 7.898493131578083748e-01 9.582828475612157337e-01 8.482187073257293486e-01 8.993244123466330731e-01
5.041941828723679464e-01 6.031254295052854708e-01 5.775667101076438215e-01 6.795855400425040438e-01 3.107731533847486460e-01 6.710654228649528541e-01 4.741372253242917556e-01 8.226633643811320784e-01 5.442426146941602427e-01 7.485465594302211922e-01
1.319895696081487546e-01 2.925119506233228028e-01 2.500958879641589361e-01 2.492248573398585798e-01 1.677216461937906522e-01 3.323987832628880756e-01 2.442387365862756232e-01 2.677323039274294714e-01 7.757630865810442866e-02 1.156040860721062463e-01
1.105204515089910910e-02 2.739607143081083940e-02 2.517134278920116763e-01 8.432850245015982571e-02 3.144851473089286253e-01 2.485560204697820907e-01 1.340338178363833788e-01 1.806080841145800142e-01 1.468837891355735115e-01 2.755757910326658844e-03
5.003386854295540642e-01 4.523859465148628578e-01 4.608997833922710008e-01 3.442951443737263251e-01 4.748944714283909740e-01 5.129129298111316793e-01 5.947614505622389469e-01 6.467326672377864405e-01 4.668685064293151554e-01 6.961682893745526624e-01
3.908950828405369782e-01 3.106004399639445968e-01 1.924871877256084662e-01 3.597846565383498452e-01 3.262448631247961139e-01 1.377380510744300179e-01 2.489479494633214385e-01 6.655261109284807408e-02 3.674153127303302346e-01 2.085546395950249599e-01
5.204003745835211747e-01 6.018138822341386751e-01 7.143214578979120155e-01 7.456869722254936272e-01 6.467435546292225057e-01 5.540932973875404288e-01 6.338325602715351170e-01 3.904482872303504104e-01 5.987580713590947568e-01 4.414935657540074998e-01
4.853771758759170551e-01 4.178759888965305480e-01 6.083063465335990516e-01 4.129636045737193895e-01 5.218055115872848315e-01 5.819444388605691243e-01 4.931581767160937990e-01 5.658990324330093191e-01 4.643194730101128376e-01 5.407507962534353618e-01
8.590323388504318425e-01 5.701314879241483613e-01 4.592106334598495820e-01 6.616299586307783365e-01 5.745777130434617241e-01 5.474585027729889086e-01 7.025900111160627848e-01 6.424393072915712821e-01 6.967493149659174101e-01 6.962217670050324658e-01
7.026677185634756517e-01 6.925627502891157361e-01 5.088839263941222768e-01 6.958318780755049504e-01 6.610128081498658492e-01 5.946202514048830601e-01 6.783904947439343136e-01 7.357851095992038459e-01 7.568801559240164734e-01 7.697921854022193866e-01
5.369489296512105492e-01 6.054208790322302969e-01 5.805314886025489951e-01 6.100273734286062455e-01 5.136749024168718591e-01 4.526441559247379454e-01 4.884472379095946004e-01 3.627772460353227424e-01 5.543217696463731414e-01 3.262701295801532786e-01
7.548388992432944478e-02 3.292509272651397700e-02 2.351492395188992390e-01 6.125594685854311716e-02 3.450030647016566476e-01 1.836371137623156180e-01 9.813809117207968058e-02 5.926050217540219933e-02 1.048910966792058058e-01 8.873322488344353998e-02
4.878571606627262747e-01 3.764719126054978937e-01 2.347419630787673239e-01 3.516945986280405334e-01 2.772966376494880314e-01 3.394626298123197272e-01 3.577248087812107680e-01 5.368826324282689466e-01 3.040880596220735810e-01 4.799858882835356111e-01
2.592715192130355395e-01 2.336407977491526955e-01 3.819963137585911106e-01 2.292858202649228627e-01 1.686454941598400925e-01 2.564057630171762137e-01 1.691793533826361773e-01 3.053054628562821837e-01 1.977828355784790604e-01 1.125329452556798338e-01
4.206160097373181639e-01 3.535653659285040717e-01 3.373510869840464776e-01 3.015076158415400664e-01 1.951926411556867413e-01 3.372300995276286129e-01 4.236643654008360738e-01 6.055118799870295998e-01 3.511623090414897064e-01 5.145162116043203726e-01
5.767293625223042230e-01 6.709105219141812126e-01 7.867837389119241021e-01 6.476637302545348307e-01 7.267133151020531701e-01 8.093165151921097866e-01 7.461841086906978449e-01 9.418707831194114144e-01 6.909069932503786315e-01 7.438005306259276583e-01
1.000000000000000000e+00 9.731929636700532571e-01 7.194291827177983212e-01 9.468113344997243219e-01 7.488928536157208882e-01 8.202464664039645914e-01 8.176529506690138893e-01 9.605976243760488975e-01 9.485313317132473276e-01 9.251647227219831349e-01
4.315672185227419910e-01 4.790274022560999101e-01 4.365313493124247657e-01 4.846361356757140637e-01 5.840952502349102682e-01 2.839535780880135807e-01 3.329081688949343532e-01 2.327230470277373009e-01 4.426076765773313548e-01 3.314146943972189896e-01
4.223638033225506350e-01 4.094367591121599870e-01 2.509116971649038019e-01 4.349374413233361159e-01 2.856199261298625336e-01 2.981989748419165975e-01 4.464284821273551973e-01 6.226963049005010964e-01 4.283621158539123175e-01 5.091059850269261666e-01
8.347849056528737766e-01 8.034018211828755085e-01 5.864718959823795874e-01 7.298801142713250423e-01 9.440793185674475341e-01 6.462124561893317631e-01 8.002203124097687637e-01 7.903579930824377042e-01 9.275814014725501933e-01 7.798441919529052191e-01
4.127541275696165468e-01 3.828124197104689208e-01 3.516229819303561266e-01 3.628433665734253077e-01 1.676681394500462718e-01 2.727316717349988484e-01 3.358836480596856244e-01 5.396978743191785943e-01 3.028430663331967976e-01 4.401645674342092862e-01
6.456319521655569105e-01 6.043686150497784570e-01 5.770567114330338310e-01 5.944342578725495541e-01 4.938027663831580649e-01 5.550876578446890530e-01 6.358344929080715913e-01 7.325014081297867019e-01 5.234101797257492139e-01 6.085830752784497921e-01
7.383098481594329021e-01 6.361847111626702800e-01 4.426326179893821933e-01 6.980082409394838816e-01 6.229567767544478274e-01 4.913623780044421019e-01 6.969525424162760219e-01 7.807398509383967067e-01 7.667781263006692161e-01 7.059402149010441940e-01
4.364788528456058359e-01 4.090756223437712613e-01 4.184806930343263898e-01 3.801374653283841609e-01 5.928967461946008655e-01 2.872510795843082332e-01 4.348758986659730374e-01 3.247623404196159358e-01 4.966371294871120834e-01 2.727595265834803495e-01
4.703703384277985178e-01 4.818260556453159427e-01 5.669031564410369484e-01 4.086431501339661265e-01 4.941675319476117045e-01 5.475168472552524035e-01 5.518885518715740401e-01 6.917563220689514347e-01 5.209158455553313249e-01 5.391665229148309146e-01
7.408468340783983530e-01 6.592864010195805813e-01 4.604804236531051531e-01 6.847473191963160399e-01 5.848985109214480671e-01 4.661094720826646221e-01 7.023409729188753170e-01 5.809154880510942753e-01 8.389640495992898295e-01 8.215991920503555868e-01
8.951856128776023436e-01 8.026841146435410579e-01 7.274897990132966896e-01 7.876404204812377241e-01 8.842922591138649979e-01 6.684165303459773666e-01 7.876048106036481755e-01 7.516039079265233180e-01 8.188866160102287184e-01 7.826419734540971396e-01
4.964161770831690967e-01 4.045791606424390952e-01 5.763192336610646338e-01 4.572050419595332094e-01 5.596593313987650031e-01 4.908077033472824646e-01 5.300506784969764018e-01 6.229949436265213025e-01 5.024101489769268181e-01 5.328280082294705178e-01
4.749559795668469864e-01 3.938731569453545189e-01 4.167496831228168497e-01 3.797722371475293901e-01 6.638415706562562635e-01 3.181963985516773064e-01 3.759598483655652856e-01 1.172058464179041026e-01 5.356852793813816627e-01 3.116920798416127347e-01
5.787380431905732037e-01 5.933433273818132792e-01 6.147530936959173520e-01 6.157378407627038808e-01 4.423851556666535401e-01 6.587479342110422742e-01 6.379484300060966895e-01 7.915754981973580628e-01 5.037566567122253591e-01 7.316701972254443520e-01
8.271479358050487507e-01 8.254619811002048557e-01 7.256507389155398835e-01 6.064963334752357937e-01 8.362953766492949859e-01 7.043748971507581835e-01 7.732329812104501432e-01 6.982504128424525947e-01 9.101239337764307491e-01 8.273065747083931942e-01
1.000000000000000000e+00 9.433409282867235568e-01 8.077601146761855810e-01 9.191146910211209775e-01 7.375019177522919023e-01 8.522494294116822466e-01 8.786111248883741176e-01 8.776157192529601136e-01 8.783728932603772632e-01 9.915801355410296392e-01
6.099263317432069842e-01 5.961893127906873202e-01 8.079439453185861542e-01 6.631973967886326538e-01 7.269150468361599282e-01 8.254860352070645391e-01 6.580075424520912541e-01 9.462293749579873126e-01 6.360434373736284508e-01 8.419630412440545220e-01
4.749441059472423454e-01 4.852581166180205963e-01 5.566906668526955260e-01 4.211692942797213290e-01 5.095862349193356344e-01 4.708590900327025985e-01 5.113071185061172086e-01 7.326869748719551101e-01 4.566828314457179738e-01 5.377128838082025908e-01
2.627106455944462904e-01 3.719871494757190922e-01 2.370984371416505754e-01 3.340874562556299110e-01 2.884018239901267600e-01 1.461450419939794021e-01 3.009840241889570889e-01 2.900674193908662352e-02 3.542690220271934032e-01 1.996243930482044238e-01
5.074511508212088406e-01 7.404586510937026800e-01 6.803773350636470596e-01 6.205878580879912176e-01 6.963855625300472418e-01 6.501621373366343049e-01 6.483510627473055843e-01 3.774229180220499691e-01 6.961106839903201671e-01 4.637223683770755889e-01
4.668995618846314977e-01 3.673300876441356055e-01 2.920033473417121828e-01 3.869080576644730041e-01 2.531402665189913526e-01 3.221417719154492376e-01 3.536208415950762296e-01 5.976191341619003783e-01 4.712298206368434328e-01 5.566653938459034112e-01
3.514284418922249409e-01 4.265276857516708819e-01 1.357798165630639542e-01 4.058928789239060753e-01 4.215471159813827806e-01 1.221817532999158323e-01 3.242793691268712197e-01 0.000000000000000000e+00 4.052743539050613353e-01 2.742034214452903074e-01
3.235712170733598403e-01 2.743104606050306704e-01 1.674195114902073678e-01 3.788592000028119799e-01 3.168494264369426383e-01 2.073035725505611437e-01 3.186829846031284941e-01 1.451833580709034621e-02 4.088609334006449436e-01 2.319917974547716089e-01
8.103005845409623209e-01 7.269467018809352421e-01 4.268245474787113469e-01 7.997853914745342019e-01 5.023418229738504381e-01 4.271012201659599716e-01 7.025572466511990077e-01 6.852693775324200098e-01 7.973745847760073113e-01 6.938662057038013087e-01
7.808113820416806572e-01 6.440803742858098868e-01 5.688136714567703089e-01 6.436206102579846711e-01 5.936020722854024045e-01 4.676497044802163106e-01 7.485176029272282427e-01 7.640664089695439198e-01 7.319590439272776194e-01 7.924531432405300668e-01
5.895950079469716165e-01 5.193166935040079979e-01 5.250147116032339856e-01 5.801244960683097363e-01 3.784345499992677886e-01 7.034961791664852138e-01 6.358803632710304798e-01 8.157534370620154185e-01 5.857751393114654093e-01 6.954620590977395045e-01
6.186913256923901594e-01 4.758192355903937965e-01 5.506124467990706206e-01 5.494471937203306844e-01 3.935917313810598506e-01 6.782310219178032673e-01 5.340239278282934432e-01 7.938452171235698129e-01 5.541335271035149335e-01 6.990895647371869748e-01
1.628381076489910928e-01 2.640608862125604084e-01 4.386700569119759141e-01 3.710682061232973838e-01 5.290043085631264130e-01 4.911090313052591805e-01 2.887911769331601430e-01 2.880121677403485458e-01 2.903684616891956116e-01 2.891183603472040065e-01
0.000000000000000000e+00 0.000000000000000000e+00 8.177081814323662601e-02 0.000000000000000000e+00 3.197473473718719095e-02 9.889844111541775881e-03 0.000000000000000000e+00 2.801432241463681916e-02 9.960600824508984708e-02 0.000000000000000000e+00
0.000000000000000000e+00 0.000000000000000000e+00 4.439900680723367354e-02 9.653427613561926801e-02 0.000000000000000000e+00 3.368052900153390566e-02 0.000000000000000000e+00 1.204003606199594185e-02 0.000000000000000000e+00 8.145739635206669313e-03
3.887616953797126129e-01 4.508781546762690162e-01 4.300494643342611667e-01 3.933785810721704412e-01 5.667124665860222565e-01 3.735568184173595485e-01 4.444753006255733885e-01 3.012241683660143998e-01 4.936785334444062645e-01 2.974399423469564208e-01
8.752293780840878501e-01 7.845786484809762484e-01 7.055520901790598431e-01 8.835844007303437220e-01 8.208332586286959387e-01 7.339201959293251143e-01 8.964783577224127997e-01 8.094000841063779816e-01 8.291072255416123138e-01 7.491874910837095225e-01
4.882441836409891489e-01 4.865458255901852214e-01 4.979152339848947340e-01 4.535590785852812168e-01 5.168679658774472108e-01 5.262906486505958270e-01 5.692472550015588162e-01 6.550251862073976916e-01 4.952762680835626208e-01 5.750631531568111132e-01
6.623943968996546250e-01 6.564609886094471269e-01 5.220176709844470686e-01 5.083347770388197961e-01 3.542256065944626719e-01 6.473385450346722525e-01 5.788640469757700968e-01 7.709869283917204497e-01 4.999172950548402272e-01 7.502063863099156515e-01
6.301586766746702928e-01 7.536245485551864576e-01 4.387377904924951166e-01 7.717309125160187744e-01 6.777593033584193849e-01 5.159098372458211790e-01 6.910495313474699364e-01 6.858499340982732173e-01 7.805335561225439367e-01 7.843767992270165301e-01
4.629750041550652062e-01 4.531097904098272955e-01 5.154551805429262723e-01 4.327118289118960792e-01 4.543277724451264543e-01 5.551378814406696671e-01 6.026177611886214258e-01 6.471087033762271679e-01 5.125631862746984346e-01 6.588426789764613156e-01
4.653208172947912447e-01 3.469101692372643098e-01 2.318024489684673284e-01 3.245404860681187498e-01 2.206786094370274121e-01 3.540239448219256180e-01 3.769300937587468092e-01 5.144672218522672313e-01 2.926447642998619147e-01 4.853457782975111323e-01
8.093836301631497643e-02 0.000000000000000000e+00 0.000000000000000000e+00 0.000000000000000000e+00 0.000000000000000000e+00 0.000000000000000000e+00 6.919266469148634309e-03 0.000000000000000000e+00 7.256471091563897191e-02 0.000000000000000000e+00
7.467622990174191955e-01 6.788869966741011286e-01 5.298984000895828883e-01 6.908888968372475237e-01 5.962173111405435488e-01 5.176586046062858770e-01 7.061797881524327636e-01 7.322180348981576214e-01 7.071023019865642079e-01 6.623425854640108135e-01
9.069753438372100129e-01 9.333541463108705472e-01 7.455654099416718639e-01 8.337540516014357861e-01 7.094773046334115207e-01 8.653603148345081486e-01 9.545682053358915953e-01 9.138760204421325639e-01 8.340466233661032458e-01 9.361741914641255047e-01
8.197763729323841453e-01 7.710593826609988266e-01 6.554917022149483463e-01 7.439237048116121853e-01 8.522267175455604526e-01 6.889737090165832800e-01 9.040234039848308312e-01 7.784218289067047492e-01 8.017068721031439527e-01 7.560021790879484227e-01
9.713843038598646284e-02 1.271304341099889768e-01 2.350305663831670222e-01 5.867347316895649145e-02 3.270233401740473278e-01 1.806371108325592889e-01 1.289125039320875299e-01 1.458599235545595396e-01 8.415557582856211805e-03 0.000000000000000000e+00
4.239431262532289413e-01 3.134189034669082607e-01 2.888306607829230765e-01 3.482750321010780747e-01 2.410466385567650860e-01 3.410869172044911912e-01 3.638470631306045533e-01 5.926791154291476404e-01 3.813914111215667702e-01 4.934158271073824098e-01
8.979142290850660180e-01 9.206914944301466397e-01 7.355576497318769835e-01 9.066250490965774844e-01 7.127749117429020842e-01 8.944801037882090800e-01 9.256019166077932292e-01 9.405917555880701775e-01 8.435943351415038371e-01 9.319228098992232701e-01
3.235328198140853817e-01 3.660179932699100802e-01 2.702177887534369938e-01 3.297902769538347822e-01 2.901918762529825946e-01 1.695272330718711473e-01 3.460441488790818032e-01 8.429399914965246543e-02 2.988639612809882440e-01 1.354414087075070106e-01
3.041806202291623129e-01 3.026982995888858885e-01 2.159602092864174316e-01 4.152553540074874761e-01 2.878239889004255980e-01 9.312227716139677425e-02 3.062473116919938176e-01 0.000000000000000000e+00 4.186496576045110052e-01 1.958134631508836876e-01
2.391044666206951219e-01 3.477713564266367019e-01 5.402827809519412661e-01 4.348919400451413675e-01 3.794360381984565045e-01 4.685024227873655911e-01 2.407488518154710655e-01 4.147726737332747549e-01 2.270384715137335196e-01 2.393881036046013322e-01
5.580978025779794738e-01 6.442679099111228158e-01 7.567583248369216253e-01 6.827167880880500306e-01 8.346499081242373386e-01 7.008915840892712135e-01 6.221302301379718624e-01 4.672873623361039064e-01 6.688501693026966954e-01 3.592015908499365806e-01
5.942641106331010281e-01 6.500421642668148259e-01 8.758243972827984836e-01 5.855501025930902603e-01 6.321053748523840499e-01 8.317944574712877737e-01 7.230019210634519577e-01 9.645270622910593339e-01 6.075435225794811878e-01 7.398692953507979286e-01
1.855139121725255802e-01 2.827766593669696626e-01 4.970031510374863792e-01 4.063840984994880889e-01 4.593013562994259780e-01 5.043441996807198624e-01 3.355843408137909045e-01 3.004874918720449317e-01 1.756707270909877161e-01 3.066018490317833356e-01
1.077593879993821308e-01 1.404755105953822969e-01 2.917076453873547748e-01 1.446830090361359289e-01 2.969585589508084711e-01 2.568827486599394860e-01 9.854732743609977141e-02 1.755997544859674298e-01 1.043918938834462878e-01 9.434345782333855568e-02
4.976958083331664562e-01 3.710280642890670944e-01 5.087774294109019824e-01 4.718225995127623973e-01 6.736355402311507978e-01 5.527362296816920040e-01 4.688805783621096124e-01 6.513599458687023835e-01 4.381305636380704582e-01 5.024220569527908520e-01
4.857463700325456712e-02 1.984042440764584581e-01 1.579471290883157353e-01 8.079431300065999244e-02 2.245428042851976558e-01 2.155859996783200117e-01 6.257419661688967683e-02 4.364780270149200975e-02 7.905214147608186082e-02 4.133786255078514271e-02
5.187567794471853455e-01 5.597805400362982908e-01 5.819533395455779301e-01 6.207088546354221359e-01 4.199771528325406678e-01 6.680442388127739717e-01 5.886685099249796549e-01 8.763612513415418581e-01 3.871174696321636466e-01 7.468124730181668891e-01
8.189164860721958039e-01 7.293435814337421164e-01 4.373659472877322596e-01 6.599817214883143546e-01 5.962275803313474842e-01 5.757508189770044194e-01 6.210244364166489506e-01 6.006077846382904539e-01 8.061864400443867762e-01 6.794370728857251907e-01
6.520172841074022285e-01 6.132798623750604916e-01 8.147597604532192950e-01 6.082328038451803032e-01 7.160833167878879468e-01 7.842256683692440111e-01 7.336170318229944254e-01 8.835557458242411233e-01 7.259929644186401410e-01 8.264010856212724576e-01
4.512699441892528140e-01 3.772409002523781085e-01 2.863477036073802107e-01 3.795664852156268032e-01 1.886737261605440086e-01 3.797340989203834560e-01 3.584370763570208784e-01 5.234643737086418502e-01 3.693311371401451493e-01 5.819130585257782373e-01
4.728315740869350470e-01 5.997058048623741255e-01 5.938622302908801442e-01 5.121014980137267303e-01 5.045984725555060502e-01 5.041524838338131698e-01 5.992767156355252034e-01 2.525638264098428731e-01 4.483829822667456666e-01 3.576129759257829499e-01
4.689149745789381596e-01 6.186023055946767712e-01 4.766157940180003605e-01 6.457848514426505204e-01 4.618728235945083194e-01 4.652195776266813687e-01 4.867726136853738339e-01 2.717739741172510159e-01 5.220328381774798077e-01 3.830854796026042508e-01
5.313384485084687858e-01 5.230348596907908876e-01 8.387438484366781521e-01 6.264554904592884998e-01 8.166327431549430527e-01 6.581790371710132259e-01 6.675490506480620256e-01 4.845177818796232994e-01 6.488338666925882459e-01 4.704371159307660366e-01
5.069716760144714618e-01 4.857286233294201838e-01 4.849843475162277651e-01 3.500395993071824252e-01 5.085157308852485958e-01 5.067263193338713556e-01 5.644036329059307633e-01 6.682954078607656889e-01 4.522335163500019184e-01 4.904304519333369528e-01
7.647334763454751716e-01 7.216424641782560601e-01 6.361571632764798645e-01 7.990850263093193240e-01 8.968316273898616631e-01 6.022677539000160785e-01 8.667925940487015701e-01 7.922671394194552574e-01 7.975321883412768154e-01 8.630371177773472624e-01
5.682345429858457475e-01 5.150737215987497564e-01 4.223250140408676412e-01 6.279249642876653104e-01 4.706353202361883703e-01 4.645628198909638185e-01 4.321111386579229441e-01 2.678593397522245345e-01 5.002674433966998180e-01 3.939012407077421285e-01
7.295402379536215509e-01 7.005204583029976950e-01 5.313339851788502211e-01 7.190663062766724511e-01 5.965583197381889580e-01 3.442176543040086911e-01 7.213417612928936240e-01 6.396825293796642997e-01 7.657822155995954727e-01 7.459638083462889480e-01
4.553915354743990340e-01 3.628460440090504058e-01 2.824526409224360490e-01 3.011784358570849252e-01 2.116797939203720336e-01 3.642508611885691971e-01 4.094270309863419222e-01 4.737429883677246045e-01 2.601881411618150453e-01 5.367961770512268416e-01
3.031309646797140239e-02 2.386055177326786708e-02 2.195791262028331248e-01 4.050516692327709584e-02 3.475789833827854780e-01 9.176782490291432448e-02 1.208733213760126712e-01 6.739189357712886685e-02 8.594835795400357359e-02 8.250740465668641999e-02
7.098931757226393247e-01 6.580508482665252679e-01 5.453395082609204803e-01 7.502742925219498815e-01 5.717870503696854678e-01 5.131306962430465246e-01 7.355968870507245683e-01 6.836020471233560380e-01 6.928138722893799617e-01 7.587218801045189087e-01
3.792722537797461047e-01 4.078505893577705210e-01 2.578498839127305042e-01 2.469747949668686937e-01 2.443090716175564392e-01 3.704786320494550256e-01 3.735899889525454709e-01 5.473893099338819068e-01 4.036559522504576947e-01 4.707188141258218383e-01
3.835220918254912403e-01 5.018571928078880973e-01 4.422449413558209308e-01 4.106588302785182942e-01 6.325637747712625769e-01 4.313733592026505748e-01 3.564096270523712806e-01 1.266445321849792860e-01 4.667561645586992825e-01 1.250457826398787553e-01
8.301372789604090086e-01 8.406499122881943009e-01 7.420415166314553446e-01 9.141083384238346543e-01 7.933604441880472979e-01 8.459086885777205023e-01 8.728372010076956844e-01 1.000000000000000000e+00 9.165196999087235064e-01 8.824580670481403377e-01
3.622147643238676773e-02 1.421725646317665570e-01 2.502081358416929913e-01 5.497882289483149720e-02 2.418029699673299171e-01 1.013914820425093899e-01 1.249498876286536941e-01 0.000000000000000000e+00 1.997620182189439042e-01 4.185396522078597970e-02
3.495223680464656923e-01 4.196206993456914613e-01 4.125353086355889598e-01 4.375759345750793172e-01 6.089728787019179634e-01 3.425652185917478221e-01 3.433748740439522273e-01 2.585912684877669232e-01 4.411497807818554051e-01 2.590207067145096076e-01
3.939764991817689133e-01 3.839768212323791952e-01 3.568473610237990479e-01 4.484870797053304159e-01 5.983485712524230227e-01 2.476565893743157831e-01 4.140112505557467237e-01 1.132412338148279102e-01 4.151061005501776591e-01 2.106651236361673507e-01
4.731967268877769750e-01 5.983537207050935169e-01 7.434645561853983065e-01 7.250870993212283899e-01 6.811001320144077775e-01 6.592480924632384554e-01 6.930976660609874385e-01 4.122133120937115924e-01 6.156497534798542892e-01 5.122491451309819643e-01
4.372893417538593064e-01 3.193147045709048837e-01 2.539325350433967454e-01 3.703363521335096831e-01 2.032615964025235034e-01 3.739966806785112730e-01 3.788821884480489399e-01 6.019192847389882584e-01 4.067883131067912550e-01 5.598944246559028892e-01
9.260007592927653741e-01 9.390185790617755490e-01 7.185166246078658059e-01 9.554999762799245566e-01 7.183813179506879365e-01 8.421875124155042691e-01 8.660074636873903442e-01 9.719116531228270128e-01 9.079083971894463811e-01 9.152452767413954415e-01
8.176099452463558848e-01 7.164293501289382693e-01 3.472710207792155668e-01 6.284537851132824260e-01 6.204412253115919595e-01 4.892031391926159878e-01 6.880551038367380690e-01 6.705563949946262703e-01 7.505046148031053743e-01 7.647222153437037706e-01
4.441468734988867073e-01 6.454258116362152631e-01 6.188194522572559864e-01 5.388147676646360962e-01 4.491945732989869877e-01 6.630594416923601964e-01 5.424791080540991572e-01 8.080616605081362147e-01 5.935766009935021792e-01 7.274010878431047544e-01
3.343586599186268993e-01 3.003695358137292715e-01 1.646181440037856603e-01 2.552866115054580609e-01 2.756767770511121540e-01 2.545558758032747670e-01 3.039125702926586126e-01 7.116445875382164388e-02 3.877576625266892507e-01 2.873166697412479209e-01
1.000000000000000000e+00 1.000000000000000000e+00 9.906755171181723663e-01 1.000000000000000000e+00 1.000000000000000000e+00 9.856357202024292885e-01 1.000000000000000000e+00 1.000000000000000000e+00 9.207194982401822880e-01 9.309626995560400520e-01
4.364550035055696497e-01 5.855912296983885046e-01 5.301744395504878193e-01 5.626818822470637249e-01 5.581582693318012378e-01 4.653516936807488014e-01 4.760333560762978200e-01 3.500574450557352169e-01 4.967867992471547978e-01 3.803787091797012909e-01
3.183766346606332065e-01 3.895155365027038741e-01 4.539717087314876220e-01 4.162565405611988179e-01 6.073113777212144626e-01 2.290014420997974198e-01 4.483427286098846665e-01 1.163770355416689772e-01 4.292106878939132564e-01 3.055719424235176507e-01
5.430738552581089174e-01 5.504194762790204365e-01 7.034283519468804702e-01 6.855755223910384721e-01 7.195875298493218386e-01 6.107758793420551280e-01 5.849759895289839973e-01 4.369695445660501387e-01 6.366809818614490579e-01 4.626028824557204544e-01
4.892744526568354457e-01 5.125240570867093393e-01 4.892965604708875982e-01 4.102757000722885850e-01 5.778312159580335505e-01 5.782475140833434057e-01 5.460856779743258338e-01 7.047233671386524678e-01 4.664736833348430700e-01 5.925817005980138497e-01
6.956236664891408683e-01 6.104961270839155407e-01 6.246756511277065105e-01 6.481262288486977496e-01 4.030287323233543439e-01 7.012127026782980499e-01 5.696356764480446921e-01 8.239128691947830152e-01 4.409598959927348849e-01 7.366709165172037332e-01
4.760142795073219468e-01 4.931706385335093423e-01 5.089295473283662607e-01 6.225612792742489798e-01 4.120673408549386796e-01 4.184179412995206460e-01 4.115324251879214912e-01 2.098741142258515602e-01 5.790325751631174578e-01 4.106592577471244176e-01
5.667453244390739941e-01 4.510695790318594023e-01 5.133369104845189046e-01 4.454677050254244319e-01 5.232728310639533920e-01 4.383555325742957143e-01 4.317311549455230546e-01 6.214765738945450257e-01 4.028872324116179460e-01 6.092908727121416623e-01
5.153232923504140750e-01 6.473902745186501662e-01 6.670584404846483517e-01 6.759263181179969715e-01 6.956172765702177685e-01 5.455336728025298454e-01 6.236567853800658590e-01 4.236429398548570147e-01 7.133363067123719148e-01 4.970244334002975606e-01
5.195704956761325599e-01 5.645507795861778311e-01 5.326574964430214054e-01 6.234371262264207791e-01 4.268572565455335255e-01 5.221865834760954783e-01 5.602987587215833010e-01 3.239722498244431148e-01 5.037613109169368775e-01 3.732982827054147634e-01
1.591188841765575623e-01 2.695101708681397201e-01 3.199492322063752225e-01 2.050480073879868970e-01 1.522443544741187704e-01 3.611414599095928435e-01 1.597144086393228191e-01 1.988615740658569164e-01 1.703382827471958127e-01 2.197864911907624619e-01
4.801063172045319516e-01 3.998238878102330918e-01 4.716078890609803342e-01 4.705836942765180830e-01 4.870210387388053119e-01 5.534060648262214555e-01 4.351057986516744247e-01 7.981729121815928085e-01 4.627988474948143138e-01 5.230467601840559366e-01
4.649056461814004004e-01 5.504020049482503119e-01 5.413025228330387018e-01 6.599572128334482146e-01 3.834201532459715622e-01 4.565371428381002628e-01 5.902735574758026793e-01 2.383673421406731774e-01 4.458637646641104846e-01 3.762169254206876312e-01
1.223491436916716579e-01 5.885739920142019077e-03 2.484127381028835013e-01 0.000000000000000000e+00 1.920472310720066078e-01 1.355415545981466519e-01 1.138669607155661651e-01 1.635700893747715767e-01 1.395165650391018697e-01 5.278873214244080708e-02
4.098529935725612194e-01 3.288891033334435110e-01 3.315509406306200724e-01 2.419165935735823059e-01 2.115653828533546332e-01 3.672475586953941051e-01 3.931920073965841644e-01 6.089484496647608047e-01 3.716324990412567808e-01 5.460520539982244292e-01
6.299103174428022367e-01 5.207081358890914835e-01 5.850930124290076861e-01 6.057218338349179554e-01 4.695336082105858733e-01 6.844662967366960116e-01 6.392541667990786491e-01 7.004789502409234370e-01 4.879241325976065302e-01 7.908901350487813620e-01
1.822287070570572098e-01 2.485018702871704677e-01 3.335919157371877719e-01 2.344397342639588933e-01 1.838436419349090134e-01 3.998553865416364372e-01 1.066232919457433398e-01 2.833848988489681142e-01 1.832040903876544502e-01 2.843553875398652231e-01
4.959945917584389630e-01 5.338590268875273992e-01 3.925736582981494971e-01 5.890875910330065635e-01 5.436432895525745712e-01 5.115320860101431055e-01 5.132559523586357475e-01 2.418386845658443973e-01 5.682694011241374854e-01 4.171527000280347286e-01
5.759277171409747931e-01 7.220454322059495222e-01 9.347209180329328904e-01 5.425383523475730829e-01 7.269267990839421989e-01 8.115987027113102936e-01 6.521397519062234194e-01 8.698530954209400257e-01 6.338585257592557198e-01 8.397311888039127314e-01
2.387135136940867763e-01 3.046705018495301509e-01 5.095753740858028902e-01 2.633018787503776936e-01 2.703377604574296322e-01 4.597835478667489650e-01 3.801161139434894864e-01 3.792884330309120866e-01 2.017650428441589150e-01 1.754934826291531524e-01
8.847103277341376026e-01 9.307679535974763274e-01 7.703689866148119014e-01 8.751723611365764821e-01 7.620431639076099550e-01 8.657728145899189487e-01 9.220995559798619290e-01 9.233480493858219340e-01 8.751566597298572336e-01 1.000000000000000000e+00
1.918409495500451589e-01 2.226762985804828787e-01 2.348506704723821170e-01 2.493391631902038275e-01 1.222361171195944368e-01 2.772982319536603790e-01 1.526812878798693429e-01 2.245257297160785925e-01 1.564620438734775909e-01 1.468921438448812788e-01
4.663593115577499559e-01 6.118757144930673242e-01 5.187542435369596472e-01 5.769517675043828175e-01 4.538435634018117559e-01 4.790671578424573473e-01 5.463091440689443745e-01 3.892216520412403180e-01 5.878105786551565126e-01 4.160897204640017777e-01
3.577674146727127802e-01 4.340535697065804333e-01 3.282392190043306179e-01 4.221985612429932644e-01 6.128069251399437256e-01 3.334407276779498552e-01 4.377459014865464071e-01 1.247807473973431003e-01 5.645995647379739024e-01 2.223866452278194239e-01
3.181973436219906470e-01 3.037175549145188502e-01 2.055237627614132090e-01 3.813581059336091927e-01 4.030377937633124463e-01 2.277146333902022313e-01 2.660217238614719926e-01 1.004965048866987426e-01 3.852586809654079403e-01 1.726254486350941586e-01
5.559483761542436397e-01 6.747826882199684517e-01 9.060739891668357915e-01 6.299779773743543476e-01 7.025899313737530294e-01 8.554453189570081495e-01 6.292915458364044534e-01 9.169089625026112245e-01 6.645917687817333164e-01 8.088567355780635904e-01
5.475734089695039053e-01 6.872744856441448391e-01 7.484895936953867013e-01 6.164482332620266902e-01 8.093321374276909452e-01 6.774578786784589690e-01 6.314332893842531380e-01 3.174080241492437393e-01 5.785777762109433064e-01 3.401672272112546414e-01
3.363570263823545403e-01 4.467221363235573950e-01 4.046398172914304481e-01 4.331759080422406538e-01 6.112036106000681146e-01 2.688838945672658021e-01 3.935668831079856544e-01 1.381252690269222649e-01 4.750184813166723474e-01 2.379254341091242286e-01
3.269332980555549328e-01 2.941914352792637244e-01 1.280374897911790155e-01 3.367736222537365265e-01 3.318943849362338550e-01 1.060414299321855991e-01 3.122632313106342705e-01 1.244494479347338645e-01 3.729306127350058842e-01 1.678576511353493117e-01
9.868141945490095379e-01 9.747690046172874379e-01 7.594175112978548414e-01 9.007561453411376817e-01 7.187210595107323963e-01 9.318318065332021893e-01 9.454962813585432446e-01 9.147376995992597681e-01 8.990612816982145317e-01 9.466095002087450139e-01
4.837812518942198325e-01 4.577384919869770807e-01 4.889426973942569976e-01 4.026321146306638399e-01 5.392144585804899970e-01 5.985741836302660435e-01 5.611569448408370020e-01 6.679051292238884496e-01 4.556611065035598429e-01 6.582112825512966836e-01
2.136584718916598093e-03 3.209588116279235570e-02 0.000000000000000000e+00 0.000000000000000000e+00 1.070169800177979413e-01 6.785857719022589038e-04 0.000000000000000000e+00 4.488377059870152924e-02 0.000000000000000000e+00 0.000000000000000000e+00
6.615456852420945610e-01 5.702038873066033187e-01 5.671866297045755623e-01 6.069044108629865208e-01 4.835885097992678738e-01 7.381103709730049145e-01 6.085738415469170715e-01 7.564418126076118964e-01 4.826712071569075335e-01 6.617027245696684989e-01
6.136085307419422152e-01 5.484826838586163156e-01 6.655742327770662881e-01 5.800863785171637144e-01 4.070700961416487407e-01 6.555103096995695822e-01 5.858528237731117638e-01 8.142520488756987973e-01 5.294311678775041052e-01 7.451688176111289641e-01
4.645574213541853736e-01 3.464157941454492073e-01 3.299874682547573879e-01 3.214505493439918649e-01 1.579380477000099092e-01 3.708658168633164331e-01 3.962832945871034296e-01 6.384338073293047700e-01 4.378170325822199893e-01 4.684516944196356336e-01
5.269921858196841002e-01 6.008538390875618473e-01 5.389451113349055245e-01 6.131585280602991350e-01 5.655524298635848934e-01 5.114781727071664452e-01 3.803329891036280053e-01 3.708830851480041102e-01 5.466823777215504832e-01 3.463716914935898172e-01
7.784020008966279214e-01 6.552236740032986173e-01 4.370926720801455723e-01 7.434025569215304552e-01 5.968867193323705855e-01 5.348232790166471684e-01 6.753757688518187141e-01 6.075545729344422607e-01 6.988310524880145813e-01 6.837665175879006352e-01
3.862901559799519213e-01 4.070599800394208989e-01 4.482206066850569770e-01 4.264442966541936442e-01 5.361109624497097936e-01 2.901294057159437001e-01 4.170353564653324629e-01 9.872416234055941819e-02 4.901166901674796073e-01 2.775031364084329932e-01
5.345635947962730228e-01 5.936022074769834456e-01 5.206773780118483241e-01 5.421593831317728096e-01 4.576279406916399228e-01 4.814690870597591044e-01 4.657755987999070424e-01 3.498318292942699803e-01 5.890437850935467123e-01 3.200550897462993705e-01
5.156833648845964291e-01 4.571736282436061338e-01 5.862308579126956909e-01 4.277538249629816991e-01 5.089368286796348562e-01 4.896222688633501963e-01 4.298898695305079509e-01 6.533728565380514386e-01 5.073594959299113638e-01 5.591458490936358494e-01
1.000000000000000000e+00 9.735508591487758157e-01 6.915745842129237264e-01 9.306858387626801843e-01 7.771032589855816353e-01 8.637302256192230798e-01 8.914686945086934822e-01 8.815704036874244531e-01 9.512080011725745354e-01 9.412396161252013504e-01
6.342734875091191396e-03 0.000000000000000000e+00 1.653288291730916348e-01 0.000000000000000000e+00 0.000000000000000000e+00 0.000000000000000000e+00 0.000000000000000000e+00 0.000000000000000000e+00 2.006602893996158737e-02 0.000000000000000000e+00
0.000000000000000000e+00 8.687681813195960445e-02 1.164924907846081742e-01 8.178501526601304750e-02 2.720162979898991806e-01 1.247297624674943983e-01 5.904954447774567183e-02 1.203892417780648566e-01 1.090373335076206124e-01 5.977669256431748790e-02
4.743390880807454302e-01 5.054985058565801825e-01 5.329509355722881203e-01 4.526934577942628435e-01 4.052191635707101947e-01 4.354402361995096671e-01 4.730504537041885227e-01 7.143531063136420167e-01 4.765152400161649648e-01 5.956547650717852749e-01
4.734345940004324738e-01 5.711489577258594963e-01 6.714905559912557331e-01 6.732954470896765908e-01 7.594644012902622698e-01 6.493840099267168542e-01 6.115650023707058791e-01 3.641509714296453648e-01 6.002678177323508280e-01 5.302426288503248042e-01
5.172468776900547294e-01 5.572585390750942613e-01 5.179153884493179483e-01 4.612022037794525908e-01 5.750430049207342353e-01 4.658416586910893997e-01 5.169747876967437650e-01 7.478330131234365297e-01 4.672451268973157879e-01 6.291419387285693832e-01
9.468565213076541864e-01 8.825543417623187281e-01 8.125063960089066173e-01 9.682151451966767297e-01 7.714905266481144608e-01 8.376686258092069792e-01 8.145529179884405391e-01 8.973021885269766296e-01 9.063791218668489913e-01 9.570450627943902777e-01
5.960897005401428750e-01 6.246995554492068559e-01 6.688126281109859628e-01 6.491192446716764763e-01 7.843912023009532719e-01 5.839867904348149397e-01 6.250302061568911993e-01 3.412325495660066821e-01 6.740550016337664152e-01 4.649978428981438872e-01
3.727178665297922189e-01 3.982782539275940836e-01 5.102725841546317254e-01 4.482930120215483094e-01 6.566723676876646820e-01 4.017973245443733910e-01 5.048074789302187115e-01 1.480161206567570664e-01 4.980931343850041326e-01 3.096831801810767115e-01
4.997713497487352718e-01 7.177690497650571766e-01 7.185294276340844499e-01 6.183651864912644847e-01 7.387633265034969643e-01 6.050076916608465583e-01 5.158097742791445395e-01 4.355314510966948882e-01 6.309009166286688730e-01 4.932986687765699152e-01
5.061658045091305125e-02 2.161611281619670866e-01 3.750323116292599290e-01 2.294673867890890395e-01 1.189635108733141933e-01 4.302203586098296006e-01 2.820325332527723328e-01 2.273355849381180904e-01 1.519959446394058278e-01 1.603405749304274985e-01
1.768661139498663992e-01 2.460271820251024311e-01 3.707993620585512407e-01 2.486832037460929568e-01 1.520896460978094500e-01 3.493083629006678570e-01 1.895504657430922835e-01 2.420300766177524987e-01 1.398955199282637119e-01 2.168460942159537441e-01
3.751455803934507505e-01 4.056674896013823806e-01 4.418368851421421439e-01 3.635102479628457006e-01 6.088405814401001148e-01 3.397859662579431617e-01 4.737708260136353489e-01 1.324151380987287907e-01 4.879626587062907417e-01 2.012537676670025366e-01
6.313842721352720400e-01 7.054127859869235850e-01 7.610600691890834213e-01 7.069989515643632094e-01 6.032881862735490763e-01 8.810118941909212964e-01 7.301881217453281003e-01 8.912829748270260088e-01 6.371068613665942237e-01 7.749892464697540895e-01
3.428434445975617750e-01 2.806119668942893552e-01 2.004630974583307135e-01 3.534213356411323170e-01 3.701213887567487149e-01 1.635782142408513939e-01 3.202695555615253653e-01 4.383296205418622110e-02 3.008398260172471805e-01 2.516953808848145790e-01
4.809288929879669827e-01 4.602095057921698484e-01 6.177545012266478786e-01 5.039026394165034839e-01 5.320437521070809916e-01 4.289599489852911618e-01 4.642324312034508127e-01 7.190718328976952733e-01 4.977413519149495036e-01 5.654274694623100395e-01
5.204834488151894867e-01 4.451533560895168939e-01 4.766096735914151505e-01 3.460122472395301685e-01 5.458607154625196856e-01 5.566656130276792513e-01 4.043505573523677454e-01 6.897445433656170799e-01 4.662993008738167688e-01 5.828797998216613818e-01
3.790050562651454680e-01 3.452629438401818573e-01 4.523877949031048784e-01 3.732632915785298877e-01 5.964536873566943509e-01 3.846729981592393321e-01 3.847989434277285792e-01 1.314708691753021519e-01 5.670797624845862472e-01 2.801856055239780874e-01
8.469652695121797636e-01 7.418550984335469112e-01 6.739599362089065959e-01 7.580048514607727883e-01 8.477716752859985050e-01 6.507285596740857159e-01 8.011998853193067482e-01 8.507036443423741101e-01 8.894960505682834029e-01 8.129670557048352952e-01
5.621720463710129234e-01 3.028029654043973840e-01 2.980069995714083597e-01 3.743320681961209151e-01 2.509942751542261208e-01 4.007389295724589351e-01 3.366254078827887186e-01 6.230656849148806797e-01 2.864651839967607416e-01 4.861406264379098952e-01
9.871335638980793803e-01 1.000000000000000000e+00 1.000000000000000000e+00 9.693592889746851515e-01 1.000000000000000000e+00 9.180468483623436260e-01 9.811552202038679171e-01 1.000000000000000000e+00 9.968063642439023431e-01 9.098605745749641649e-01
5.044380118635718308e-02 5.949293295532497028e-02 2.147224096013012895e-01 1.451513510825413328e-02 3.262538577859953604e-01 1.698695468595537994e-01 1.103227892856929182e-01 1.450561926241317190e-01 1.412235835592295929e-01 0.000000000000000000e+00
5.711485083493640369e-01 5.642893027194886280e-01 6.973239288131997116e-01 5.442028640999352351e-01 3.928460728480066555e-01 7.739024604253150752e-01 5.296324360218405136e-01 8.669961992508319337e-01 5.513263190915462797e-01 6.793492434591538176e-01
4.012532402608609550e-01 3.676791588884039674e-01 3.790861274945169224e-01 3.932574046255561950e-01 6.066561786277692159e-01 3.624432123635366598e-01 4.586066513323917571e-01 1.951916937578405675e-01 5.311388606034911364e-01 2.967218789729000883e-01
6.912104779213885664e-01 6.815833060403214683e-01 5.185801502560416498e-01 6.931242542846622889e-01 6.163349750256983395e-01 5.334298643083700275e-01 7.071567715110064212e-01 6.680139250378471782e-01 7.658640268458177802e-01 7.377527649582099611e-01
2.537120861085446766e-01 2.431755517380506104e-01 4.457952319893658810e-01 2.350214777858663506e-01 4.110897020724910145e-01 5.556597799264371140e-01 2.620260185578542345e-01 2.884450064924978241e-01 2.661072179224324152e-01 3.381907079615400491e-01
3.583181690847450640e-01 2.954840522873378728e-01 1.729352213646874747e-01 3.051241113944637706e-01 3.494305588756625447e-01 1.305663100275287758e-01 2.620610124444501809e-01 3.082384268532162991e-02 4.022788488609124191e-01 1.756957634414585967e-01
4.984825774670545995e-01 6.283043102310045258e-01 5.036532438708383186e-01 5.801830831104464181e-01 5.348810761918443291e-01 4.460843982976419042e-01 5.285862002145925720e-01 2.738159648954975878e-01 5.142678294996423372e-01 4.480183599447195575e-01
1.912477841568291648e-01 1.898115101542256766e-01 2.551690063914975326e-01 1.677834893366144109e-01 1.731543984154333693e-01 2.837971712059049745e-01 1.851595287333095696e-01 3.213881925986502575e-01 1.176647185850864530e-01 2.164650724393695769e-01
4.723015302553665862e-01 3.685050533342608681e-01 3.023590459272711972e-01 2.660260191038023025e-01 1.976060371477814104e-01 2.943797222398088498e-01 3.598999205690805447e-01 5.602094462640592187e-01 3.742641335891080390e-01 5.613628702555605310e-01
8.653742035633316121e-01 7.289772466882097346e-01 4.819230168644922929e-01 6.124549931302287753e-01 4.963494006807812053e-01 5.428153701035215439e-01 7.921259398195402701e-01 6.886405825087437149e-01 6.957709738088000417e-01 8.082324335557813377e-01
9.605751831652564743e-01 9.774404536676686295e-01 7.779778498004683573e-01 8.592930782891585739e-01 6.709228831581772745e-01 8.366164270408062986e-01 8.963795176871122150e-01 9.648720428279161654e-01 9.709665495637637145e-01 9.220195318032069487e-01
7.749843995450087508e-01 6.584367109296738185e-01 8.075203287915987405e-01 5.799391177686521459e-01 6.781106515974838489e-01 7.486996711805049554e-01 7.043099001819942417e-01 9.099347252287245391e-01 6.203008203707084389e-01 7.319256418978664636e-01
8.999013514395247659e-01 7.981602762661175188e-01 6.705280540766985764e-01 7.636085258046770852e-01 8.405361084071691913e-01 7.225719040242946090e-01 8.261359434783963618e-01 8.097994611151291267e-01 7.932501985932697286e-01 9.009383742506515969e-01
8.583243874320622968e-01 9.708874282066917161e-01 7.930652069169937812e-01 9.261557520485466100e-01 7.396776229408026371e-01 9.205338613035076722e-01 8.377807208012826301e-01 9.292891809109161683e-01 9.087566670467948082e-01 8.799297653381392692e-01
4.690694048612547018e-01 5.960513752113656416e-01 4.709639978469790655e-01 6.163908026254113492e-01 4.184621768802632147e-01 5.050724768285334010e-01 4.806047020938765124e-01 3.177739490102657882e-01 5.210524271011833797e-01 3.815239156770537932e-01
7.439173652594256447e-01 6.547944812549875149e-01 4.710178296257290786e-01 7.296182689125051413e-01 5.316302579911413861e-01 5.125242213716685313e-01 7.105866001549555611e-01 5.879808713960772426e-01 8.289463304679851596e-01 7.952647248153490445e-01
4.287367830816296022e-01 5.886185879025538359e-01 4.347157997939999907e-01 5.512764083925870695e-01 4.427740252200448867e-01 5.187999659309314726e-01 4.995261142094752360e-01 2.046520743882450089e-01 6.008916904590079211e-01 4.064102922176427435e-01
1.978751453452651798e-01 2.884233836720732636e-01 2.905876539069507380e-01 1.777689360562526577e-01 1.622311025909941862e-01 3.046235891937644769e-01 2.363462271657905955e-01 2.241372311590868194e-01 1.436871208258314325e-01 1.424138563788330258e-01
2.849736492697147461e-01 2.792652304088284465e-01 4.652360153331697168e-01 3.055867772049305486e-01 4.833878151231406073e-01 4.983216711609779748e-01 2.998845291083428455e-01 2.926124180248073081e-01 2.867097947596630725e-01 1.848528919972357576e-01
9.228898746953010379e-01 9.499815550137225006e-01 7.313054193485228893e-01 9.120951922291722358e-01 7.446844963184258148e-01 8.684039917913125572e-01 8.607086444864985308e-01 9.449071787817443502e-01 8.911297751238453912e-01 9.048100728218100297e-01
7.460851854327649191e-02 9.745663114208027999e-02 2.738238867779112518e-01 1.008708176384671557e-01 2.508653603094881390e-01 1.926875798894162328e-01 9.194797598441560582e-02 1.310150998800721223e-01 1.915035518792657376e-01 8.702619615023193811e-04
4.467136984461003157e-01 4.440208036746654541e-01 3.486381634231849880e-01 4.279021394527489086e-01 5.855013768296076782e-01 2.826775810569002734e-01 5.561013579361574477e-01 1.643213333973497225e-01 4.750722629893806004e-01 3.321301485094279027e-01
1.511941234681360990e-01 2.179276523030551985e-02 1.012637051134628041e-02 0.000000000000000000e+00 0.000000000000000000e+00 0.000000000000000000e+00 3.275610197631374353e-03 8.816754604815163487e-02 0.000000000000000000e+00 0.000000000000000000e+00
1.230454850205816263e-02 0.000000000000000000e+00 0.000000000000000000e+00 0.000000000000000000e+00 0.000000000000000000e+00 7.992043570669989105e-02 0.000000000000000000e+00 0.000000000000000000e+00 0.000000000000000000e+00 2.016961149659360006e-02
9.887372972710415375e-01 9.715588482421693151e-01 9.039935075302621970e-01 1.000000000000000000e+00 9.787248610514480696e-01 1.000000000000000000e+00 9.518979291845239832e-01 9.581804850024562281e-01 9.779200320737335694e-01 9.758965409752736742e-01
4.056479620902511130e-01 3.367570146007073939e-01 2.052176235468281817e-01 3.771249186000812381e-01 3.759429842837350710e-01 8.008838097493040098e-02 2.825527320262957165e-01 1.783132607846976969e-01 3.971085540523350277e-01 1.706375819164994423e-01
4.779624604984133995e-01 6.397149054176256566e-01 7.208659424042838104e-01 6.880317552644601431e-01 7.856152469004004102e-01 6.892578296709106489e-01 5.298033477619408238e-01 3.707720906002741068e-01 5.921533355119403819e-01 4.600732692369203791e-01
6.606069211520258777e-02 1.638347949608112697e-02 1.736284851121641382e-01 8.173664923632313617e-02 2.570187013877373028e-01 1.739337837377384621e-01 9.861527231224642698e-02 1.280809595815495250e-01 1.119258270844657038e-01 7.983596604038016575e-03
9.304409353732766563e-01 9.135566931793831502e-01 7.255801503949610431e-01 9.850599170724758658e-01 7.173222838175934424e-01 7.581055233292232076e-01 9.033299415328356341e-01 9.042504328354068477e-01 8.789212184477883660e-01 9.670913190459795583e-01
6.168599138553092498e-01 6.525475378144337535e-01 7.144318992783481592e-01 4.495827589085176768e-01 3.470044024277909589e-01 6.570895842056752034e-01 6.304059371793274691e-01 8.115776172951132406e-01 6.031107066253695859e-01 6.520928629586487668e-01
7.836780126740711117e-01 5.655149640967118696e-01 3.774725725231320439e-01 6.653530162245867574e-01 6.055690992422486651e-01 4.211981844164727762e-01 7.114441061681108236e-01 6.344894366331831348e-01 7.436431543994067583e-01 6.649518018846446443e-01
6.527349966413986682e-01 5.382366824233222324e-01 6.976930649830457298e-01 6.172281780064595713e-01 3.253411827907101150e-01 6.393944960200871330e-01 5.786337332845810089e-01 7.617639936560325342e-01 5.493540544909013557e-01 7.523068845766986978e-01
8.801443620000639623e-01 7.482745506981999251e-01 7.068433302991881106e-01 7.399212948034209480e-01 7.973843666583005918e-01 6.595401522103563341e-01 8.365445577528082266e-01 7.968887324800861816e-01 8.774460926907713398e-01 8.475201921926734938e-01
7.575890926772629319e-01 7.955843455306581546e-01 5.634583226740179640e-01 7.931377667939510934e-01 4.916898708871424439e-01 5.503670978911550105e-01 7.698617548530981569e-01 7.002862154269581252e-01 7.288556137845708660e-01 6.816444654944905368e-01
2.137783726527633377e-01 2.750299592220705192e-01 3.386324782963607838e-01 2.241674585809109721e-01 1.772167277978395628e-01 2.924864791342766668e-01 2.845136284250204817e-01 1.660802418538019076e-01 1.864174592190601110e-01 4.421570652831541270e-02
1.600061807877084519e-04 8.221743060778936851e-02 2.982183816853729019e-01 5.733062910444660515e-02 2.813450583352763434e-01 1.577354044711395953e-01 1.443330332994187115e-01 1.690439223779483524e-01 4.773101100216282228e-02 1.089048565737884555e-01
5.253807043702777291e-01 5.838081267097896543e-01 4.486305323715265581e-01 6.080553967180926112e-01 6.194700617992197067e-01 4.333077600296399989e-01 5.057007653111426082e-01 3.248519567686128928e-01 4.981562924083215438e-01 4.559998969173010841e-01
4.626473496062731838e-01 5.618232591335886594e-01 4.272788701095973085e-01 6.717789886307204972e-01 3.910997809921027413e-01 4.134337092313071782e-01 5.241683355389976651e-01 3.340344558584239509e-01 4.877827526029957506e-01 3.938207212374457700e-01
