2.690033498982214444e-01 4.614150366277087745e-01 4.922317976195528799e-01 3.066927509945973074e-01 4.530537582774646355e-01 7.040265736106322558e-01 1.390984359073856313e-01 5.556111295557072394e-01 1.911526770228149374e-01 5.122968199873606521e-01
5.215279548781058538e-02 6.902397805081235405e-03 3.473534646757936439e-02 8.116976765852143560e-03 5.069550578014370146e-02 2.341450156047044651e-01 1.061342320544016726e-01 2.242392355761670120e-01 2.265572023796854351e-01 9.120014816976451666e-02
4.036525084032460686e-01 1.560585539549212142e-01 3.081240430434688538e-01 2.708407020394903997e-01 3.571661030504624801e-02 8.525662079045621955e-02 2.639683745022086137e-01 1.179813320894066708e-01 1.529161118351143045e-01 7.052079538738956210e-02
4.988285539131601110e-02 0.000000000000000000e+00 0.000000000000000000e+00 0.000000000000000000e+00 0.000000000000000000e+00 0.000000000000000000e+00 0.000000000000000000e+00 0.000000000000000000e+00 0.000000000000000000e+00 1.344261182812296618e-01
7.100983576331061364e-01 6.785392997307985175e-01 5.624621402363496614e-01 5.969075962677897751e-01 4.663900340645736331e-01 4.265469167820759577e-01 8.211625089838641145e-01 4.795729695376099722e-01 8.260130171919488618e-01 4.149686858421270941e-01
9.189733630550400711e-02 5.434098648777941493e-02 0.000000000000000000e+00 8.367475462463770663e-02 6.036048683708346296e-02 2.227849263452358619e-01 0.000000000000000000e+00 1.006111607059624741e-01 1.177005054773690995e-01 7.069218751447982341e-03
7.448621449869591293e-01 6.236501892301665739e-01 7.844094097957874379e-01 7.746193135220704740e-01 8.510144397727218424e-01 9.273999743858380995e-01 5.273520150563812958e-01 8.802170205055499519e-01 4.648735451953784348e-01 6.850085048177448899e-01
6.279829674424011188e-01 5.873877408829503155e-01 7.837993631177941900e-01 5.831608438000475125e-01 6.719030764061654226e-01 5.754615550155889325e-01 4.578516704725301145e-01 7.160860939655036006e-01 3.235312138089500578e-01 6.498111666167486478e-01
3.883926685964690928e-01 3.655768887693355840e-01 5.071569796755334147e-01 3.879919972360091895e-01 5.803226713195565045e-01 8.636140545539089386e-01 1.884620946846909950e-01 6.798240349945227079e-01 2.818844554657585766e-01 6.150316815009050364e-01
6.546882466967536285e-01 5.440617064190108598e-01 4.385842650198381043e-01 5.678588499512834398e-01 3.776554956424992837e-01 1.385596447907950779e-01 8.305138321099000409e-01 4.028921399620675192e-01 7.299455552239431100e-01 3.714724701011274388e-01
6.483662606350074631e-01 6.627389144052159287e-01 4.653589170322022239e-01 6.686100750347667709e-01 4.458337199218407321e-01 2.164046578763581807e-01 7.177333816661705113e-01 3.375937685623600082e-01 6.663950425512554787e-01 3.183075494301899622e-01
6.632410413901328461e-01 8.042134577918021998e-01 6.900400576137830644e-01 7.724260963793267987e-01 8.290472631738244891e-01 9.387444293246520743e-01 6.430717680555841920e-01 7.575262621122070827e-01 9.579414058078110639e-01 9.329200972776882095e-01
2.486789407156668463e-01 3.585730617858298164e-01 1.525430867685110548e-01 3.195355381537434147e-01 2.932316463158090025e-01 1.404260045816625724e-01 5.021944747807464138e-01 1.174844028015599312e-01 5.168379357204250235e-01 2.345756202312955507e-01
3.642861727719328147e-01 4.417900975367309302e-01 2.160631223762509989e-01 3.981117442887414093e-01 3.065983490426414382e-01 3.761777339544293830e-01 4.715416037206587307e-01 2.169819673273996052e-01 6.523794072324460291e-01 4.262736721129274375e-01
4.843922475266051464e-01 1.908687010297887565e-01 2.740822750195743285e-01 3.768673711023594053e-01 1.555413059696943989e-01 2.662687648272472618e-01 3.232442817235228194e-01 2.749530716030214039e-01 3.071498560976009262e-01 1.808665854339027990e-01
3.848380598985977064e-01 4.722298521963514961e-01 5.155188798039621600e-01 4.032459255718361946e-01 5.261321083147466604e-01 8.105840787519672519e-01 1.529779965865055713e-01 6.058003273864100979e-01 3.707419493085687967e-01 6.275781033557759070e-01
1.844661305066234713e-01 3.856995185776362911e-01 2.686260689774815358e-01 2.976575553508823968e-01 2.844489659213308985e-01 0.000000000000000000e+00 4.743479568556029924e-01 6.630197725347913851e-02 6.029916178763154999e-01 2.592582952101313842e-01
3.536676318005213537e-01 3.538932684026361297e-01 4.748901022566905383e-01 2.794711724348545312e-01 5.786327881413080299e-01 6.091740616166886335e-01 1.785959972834764986e-01 5.094634333124665737e-01 2.275163935858245667e-01 5.858756172525305672e-01
5.242109284440591432e-01 7.870726300479231607e-01 6.623637131823270074e-01 6.467722666489631456e-01 7.511706548201424472e-01 6.048999259530204453e-01 6.466465541465165057e-01 6.518706837476450078e-01 6.944913752454481282e-01 9.099094082072807232e-01
6.592961412579401159e-01 5.903543731628193569e-01 4.701066200147099861e-01 7.048047127630385766e-01 4.441782848386603977e-01 5.099061620457685517e-01 7.884732469118134190e-01 4.325446374017475892e-01 8.543813724802450382e-01 4.686761375157167953e-01
6.190299766157785211e-01 6.240287457227474688e-01 7.895630986466056767e-01 5.451434596356943274e-01 7.199450872284309799e-01 6.559124442070197736e-01 4.465823795659474293e-01 7.419304631207561673e-01 3.717007379655453692e-01 6.543068357016922354e-01
7.680973334600600388e-01 5.375710757081937352e-01 8.717069438017895910e-01 7.367715187825917278e-01 7.492937340059612206e-01 9.108529588257535670e-01 4.700198704805411687e-01 8.997144600561560734e-01 4.319025064098589994e-01 7.744736950741858417e-01
6.279559919969768256e-01 8.273538110839434578e-01 7.093898871310299059e-01 8.116542714481007614e-01 8.608929900668977897e-01 8.716277746980937158e-01 8.038758043612215243e-01 7.612040437852718444e-01 8.832124770707467931e-01 8.347813638023690030e-01
7.190835541709056367e-01 6.498061980806826288e-01 8.960838279125472594e-01 7.168524083451661699e-01 7.942617820118574867e-01 8.845820592167967789e-01 4.955555087990409779e-01 9.249747790270044234e-01 4.478780624968633495e-01 7.379194977674670142e-01
2.181025138551826448e-01 3.639745664833218819e-01 2.001913389726388826e-01 3.223776673732418052e-01 3.684286309964829309e-01 1.138573850009628186e-01 4.882993006404492409e-01 1.286157371138238470e-01 4.618451803589229687e-01 3.144788086322709564e-01
3.715431533036246958e-01 2.318717104017822273e-01 2.642062614892383143e-01 3.313783082705684113e-01 1.840569574082476234e-01 1.238665541404906090e-01 2.191196171929515046e-01 2.644202405995706440e-01 9.332164432032116763e-02 7.705554849881394996e-02
7.850617045921728376e-01 6.195841453545316568e-01 5.293994341204052434e-01 6.345571403044907299e-01 5.562203844337014758e-01 4.574517979857554706e-01 7.653826634517967298e-01 4.576842391855290848e-01 9.131001211894206326e-01 5.574659994947444019e-01
3.667911577681149948e-01 3.963153621496522949e-01 4.776382256447470054e-01 4.285322082465767846e-01 5.864347569378689506e-01 8.466545982612461163e-01 1.494142873010597672e-01 6.860056786714826549e-01 4.631879912999019577e-01 6.546826776073532139e-01
6.109171342506020119e-02 0.000000000000000000e+00 0.000000000000000000e+00 1.328363857067687073e-02 3.059871370065816651e-02 0.000000000000000000e+00 0.000000000000000000e+00 6.137696010940547897e-02 0.000000000000000000e+00 1.506513763662520929e-03
9.878329710111227735e-01 9.921290601180332569e-01 1.000000000000000000e+00 9.373930128360160596e-01 1.000000000000000000e+00 9.373790906763981301e-01 9.902112919055268137e-01 9.740871263448518391e-01 1.000000000000000000e+00 1.000000000000000000e+00
3.644039302402761193e-01 1.973520748399420488e-01 3.090505922690114371e-01 2.191546068191532748e-01 1.613213525050529451e-01 5.842872821225207625e-02 3.593086868041693860e-01 2.224292952161125714e-01 1.684823764311091099e-01 9.815698583046872372e-02
3.680811982802956184e-01 3.991056962832449373e-01 5.581926343182276318e-01 4.172264039482395104e-01 6.439480104952556294e-01 7.926870590548282802e-01 2.393165234397754415e-01 6.381747854601309555e-01 3.483140940765538374e-01 6.366076813934483658e-01
6.661151913508189804e-01 5.951728171089595287e-01 7.869490875707485511e-01 6.361018743613382487e-01 7.393945202606206912e-01 6.049682190787781799e-01 4.785590253565769059e-01 8.040490632970949125e-01 3.161150297204253778e-01 7.217566411481495248e-01
3.023056098217530990e-02 0.000000000000000000e+00 1.374833456461668074e-02 4.803760486703859134e-02 1.149844262846546478e-01 9.411830632716179645e-02 0.000000000000000000e+00 0.000000000000000000e+00 1.857082744528551141e-02 4.914307066493114190e-02
6.278573652965988572e-01 6.342786115921505985e-01 7.102880480185744805e-01 6.244844022805579042e-01 8.457663301705037329e-01 6.537431180022543753e-01 7.945847099426559534e-01 6.709925917540983109e-01 7.900851498651380034e-01 9.155716226616119613e-01
6.794423867286654151e-01 7.983953468751571192e-01 6.585208093685702702e-01 7.709227875267250507e-01 8.559690793331671266e-01 8.616474140931944525e-01 7.467682355184604992e-01 8.660172506104227841e-01 8.869276544536455198e-01 8.580894646543197890e-01
8.687313156462487251e-01 1.000000000000000000e+00 9.127507778434738039e-01 9.835715352829311753e-01 1.000000000000000000e+00 7.033092507795040138e-01 8.837479163418335837e-01 9.538791165039394171e-01 8.526578348858935286e-01 9.179530129009580985e-01
6.435884108816863902e-01 7.751350034104796949e-01 7.159579602488133077e-01 7.181381293561303059e-01 9.226267430647183687e-01 1.000000000000000000e+00 7.149572128873545873e-01 7.803322113282531447e-01 9.349549938679131422e-01 9.000451897537892210e-01
6.613978557301010142e-01 5.902567462318288882e-01 4.993413303965984484e-01 6.902618648101719323e-01 5.959637451956696363e-01 4.884652876172242419e-01 8.487195267103020413e-01 4.149489904959949294e-01 7.748767131959856114e-01 4.402319205814114733e-01
2.928368553984229128e-01 4.207146637848823700e-01 4.401906929996200479e-01 2.876571278735468029e-01 5.883126034360525169e-01 7.118977242712236642e-01 1.303390076518898266e-01 5.571947667876554489e-01 2.243581102385805992e-01 5.425617707650070010e-01
7.791354961557696024e-01 6.342559962171611110e-01 5.395267150160737435e-01 6.902715697275541018e-01 4.199488717232831569e-01 5.073329873191068096e-01 8.181444905673851409e-01 4.402388752961468588e-01 7.832821821757254277e-01 3.818104925247984283e-01
1.867928190163667124e-01 4.067629261551407027e-01 5.392745317757944301e-01 4.180512620498150200e-01 4.855278808675604907e-01 5.790665286097329556e-01 1.815102356383326565e-01 5.031579767251505020e-01 2.170810892667014713e-01 6.605444409881167100e-01
7.783022179642671290e-01 6.669905905335137275e-01 5.215512102131764083e-01 6.700735565646928071e-01 4.099108062690494658e-01 3.851239112365297812e-01 8.435835278305805485e-01 3.740283655422486087e-01 8.734683891469249284e-01 3.979968458179909407e-01
3.017756670237359273e-01 4.393437530066321428e-01 2.027554041752507585e-01 3.783591493546384910e-01 3.490115121787591979e-01 3.453283540351757552e-01 4.604903588456432106e-01 2.302587490335953335e-01 6.643892062350271743e-01 2.682771626292040912e-01
4.207949820974126176e-01 4.512070158028528288e-01 5.011769296150431208e-01 5.141334728669746390e-01 5.825666702669252128e-01 8.921084531101837189e-01 1.727398884761955911e-01 6.828779940832464534e-01 3.380738796222864107e-01 5.953232727182135031e-01
6.729700575735548806e-01 5.725742007522659494e-01 5.260377636403489321e-01 6.501357568089346506e-01 4.226147830893647317e-01 4.761469527141626301e-01 8.603222155535626969e-01 5.192569636844774905e-01 8.511366223898956251e-01 4.273677160218862237e-01
6.509880480105282308e-01 6.896595227510796677e-01 7.478292095741914114e-01 6.141975565046142727e-01 6.597707771318331860e-01 6.005960241125668508e-01 4.900717622590105571e-01 8.150387346406096079e-01 3.723756059242328553e-01 7.015464161029537626e-01
2.795835614095517063e-01 4.074263972733022654e-01 5.487740579632078841e-01 3.624166939631592310e-01 5.518624473296979138e-01 6.068503258035308212e-01 1.190474610533220068e-01 4.639271146431542814e-01 1.049726657292326948e-01 6.670612571665208712e-01
3.830471753355304543e-01 4.557767534727331094e-01 2.073603047089521423e-01 3.719817953884328454e-01 4.100265293141617251e-01 4.406278602143887668e-01 5.300602650344387046e-01 1.365160292128079766e-01 6.646309768418732222e-01 2.910206506237965063e-01
3.374079945875645969e-01 3.482412370093601051e-01 5.510390203763537720e-01 4.996216775099904805e-01 5.577614863259940936e-01 8.208868608362293040e-01 2.008729765809315893e-01 6.212134663157621306e-01 3.548554923013190754e-01 6.064426341844605384e-01
2.631334412920118826e-01 3.772715292058559378e-01 4.916572615160862414e-01 3.469822686881344764e-01 5.639939858966063202e-01 5.492813334809639736e-01 1.799128499378193358e-01 5.459589490476635110e-01 2.269044812154490942e-01 4.584233595493500402e-01
4.262468053172158156e-02 8.049358880052837062e-02 2.983681077334784243e-02 1.202984675998634845e-01 1.145307352377008675e-01 2.542420045996326983e-01 0.000000000000000000e+00 1.140062027166049013e-01 1.703839095786012781e-01 1.068670833532795045e-01
0.000000000000000000e+00 4.941221493720001495e-02 0.000000000000000000e+00 0.000000000000000000e+00 5.157003851032727904e-02 3.760022060125833149e-03 0.000000000000000000e+00 1.007762411151765479e-02 5.834223638493579722e-02 1.073946093872031327e-01
3.198017733480649216e-01 4.283250941202669804e-01 1.865524774568240729e-01 3.865290954822125924e-01 3.899947691368864655e-01 2.965686096661895865e-01 5.447132975973734137e-01 2.748677050168003566e-01 6.394155742994117597e-01 3.534614099595097536e-01
6.574047430388330060e-02 1.416188553708517817e-01 0.000000000000000000e+00 1.107884456212939045e-01 6.972442840477161008e-02 3.118982818640045895e-01 6.750819627550641577e-03 1.499111906310829356e-01 2.158462023589251821e-01 6.533251406412309004e-02
5.143156977137353092e-01 7.992916848609160629e-01 7.496700354590517534e-01 6.921700303577272839e-01 8.599170563426341563e-01 9.472429391456275161e-01 6.563391941919003436e-01 8.330961656907003299e-01 8.784566941130612650e-01 9.891682792705870364e-01
3.673279958946042978e-01 3.600542696908428653e-01 2.242497247457998222e-01 3.940454484921077083e-01 2.865655443048813478e-01 4.747571413787651240e-01 6.705222554206430319e-01 2.242527555672137463e-01 7.623099688853499645e-01 3.498500994931381114e-01
7.261207976205698300e-02 4.835762642673634149e-02 7.597166964791554622e-02 8.268354981015046956e-02 1.800695058289022987e-02 2.371620677221087936e-01 0.000000000000000000e+00 1.304561861779081067e-01 2.138989603203593215e-01 0.000000000000000000e+00
7.812588153141030167e-01 6.257022683726167767e-01 7.818349912859304807e-01 6.838345485059421636e-01 6.900521476176801894e-01 9.143853427364271313e-01 4.823918033077205236e-01 8.486410518204553499e-01 4.349298296304552336e-01 7.621009079496011696e-01
8.429769763225056778e-01 9.439817065465399004e-01 9.577577962365505515e-01 9.560854271547905014e-01 9.529223830923518879e-01 7.262187949090710415e-01 1.000000000000000000e+00 9.365492657648851749e-01 8.633068153494939390e-01 9.947949176933768012e-01
2.995577953102288582e-01 4.162165429499593561e-01 1.985222198997002585e-01 3.519037065379486129e-01 2.567268615699303536e-01 1.251009545171230253e-01 5.050722867546321160e-01 1.586465780588260932e-01 5.492408676157319869e-01 2.774399867256139296e-01
2.331999877774199870e-01 4.041437953459053323e-01 4.966921832477212417e-01 2.211011055009290682e-01 4.796563358667138566e-01 5.859497108636136931e-01 1.487997575326413802e-01 5.476740062491303185e-01 2.398879512505311951e-01 7.067890063986022042e-01
6.046913541846846707e-01 8.909270432320239852e-01 6.945202028378285597e-01 6.872636549170124676e-01 8.699476989183853037e-01 8.679771963221504238e-01 7.191035424184887281e-01 8.137274650694444889e-01 9.020716115037968885e-01 8.846263496269568538e-01
3.316579005430017602e-01 1.666451210682631245e-01 3.702684654536582132e-01 2.695047414042788803e-01 7.188581900907468902e-02 5.133275063026226936e-02 2.859207813122564557e-01 1.588030834226351884e-01 1.261910140496902422e-01 9.507103375890302299e-02
2.426616841935506363e-01 4.046780470212298364e-01 1.378938650753151751e-01 3.077969516223769686e-01 2.360222606049145744e-01 1.438801053609070624e-02 5.010844155269911226e-01 9.693868790315522677e-02 5.576098774657297641e-01 3.372977095806011794e-01
6.182002561913829686e-01 7.594553366394848348e-01 7.685115438815859346e-01 7.047807611674286044e-01 7.801719489426752752e-01 9.414105992805058554e-01 7.226212911431607600e-01 7.575092230621454092e-01 7.601579018983517511e-01 9.666998475382102551e-01
1.000000000000000000e+00 1.000000000000000000e+00 1.000000000000000000e+00 9.643746219050767232e-01 1.000000000000000000e+00 1.000000000000000000e+00 9.364339652802458058e-01 1.000000000000000000e+00 1.000000000000000000e+00 9.275029846318003646e-01
3.872355827066815137e-01 3.582523795329445870e-01 2.142401521889729377e-01 4.715112841866742066e-01 2.544495582248554322e-01 3.063019752482318836e-01 4.554114845095437181e-01 1.566301657372728973e-01 6.622769898326591465e-01 2.579683280079794749e-01
6.832940983897716203e-01 5.994740151069379852e-01 8.680229180079105378e-01 5.454139076738510061e-01 7.076588569912608540e-01 6.244418099272657230e-01 4.117485672039141176e-01 7.386564533817184808e-01 2.734603023767239183e-01 6.258856295984722706e-01
3.535333058419448671e-01 3.605967976988821433e-01 4.732949711549135352e-01 2.645973761514556766e-01 5.626143831498559011e-01 4.611725865385013501e-01 1.365301361295543081e-01 5.977836755756585907e-01 1.637941692965307339e-01 5.046739914963179752e-01
6.837076942916012756e-01 5.307453094138488980e-01 5.518349421854360504e-01 6.591827895168361762e-01 4.535695597648308208e-01 3.797928838522146022e-01 8.590725549860028787e-01 3.999650183732336162e-01 7.875940655818483016e-01 4.325563856203767932e-01
2.672223985086166209e-01 4.125961050655399531e-01 4.916605327029567318e-01 3.030083947740606076e-01 4.797339153198694750e-01 4.926378011422448133e-01 1.755682772041914086e-01 4.904222812626941042e-01 1.449607506305529703e-01 5.499961684158879427e-01
3.737028413464686394e-01 4.436572610560343688e-01 2.966969047190158304e-01 4.475016051251389793e-01 3.149893763333148078e-01 2.973272703176779719e-01 6.252231571991226922e-01 2.454953017744938015e-01 6.140377952373764492e-01 2.952819802514440317e-01
4.307286491473880652e-01 2.547437055696096242e-01 3.167230849942145321e-01 2.722064820969361532e-01 1.523582276270285529e-01 6.534087654140000034e-03 3.207857398610091670e-01 2.085301597137233509e-01 1.236054457581780702e-01 1.023524600068141666e-01
6.788406356762756166e-01 8.651203740125922304e-01 7.178573152713336736e-01 8.158128546765275324e-01 7.645903957982860266e-01 8.835963355388228857e-01 7.107744955095338657e-01 8.096300149794429801e-01 8.734228195587518950e-01 9.306758275275175407e-01
5.636777653529334575e-01 7.369397857571015065e-01 7.048481291961760098e-01 6.537889352694363776e-01 8.407565349038842450e-01 6.493491239911531876e-01 6.807327810559544723e-01 6.310929415644666030e-01 6.800328487091253926e-01 9.785440124439317433e-01
6.588307060565873341e-01 6.584123903963980950e-01 5.415312199660538006e-01 5.665791644605409072e-01 4.928172614144822883e-01 5.187256614986986980e-01 8.527911041072137044e-01 4.215363120657779072e-01 8.275123244950702839e-01 4.859801389756090995e-01
6.332165606855717499e-01 6.339285542139295737e-01 5.250999633564257252e-01 5.582980767450508308e-01 3.641800665486581989e-01 1.202369761461181269e-01 7.627410443421898112e-01 3.514337795481991544e-01 6.835306191802050790e-01 4.074239538835346397e-01
7.033595780091116412e-01 5.794716932272221399e-01 5.530423669125399400e-01 5.589064586791148148e-01 5.603494508019063458e-01 3.629748372490249064e-01 7.964914347908478298e-01 4.306950666333713706e-01 8.388258709755765929e-01 4.217879392649229731e-01
7.670512839875663902e-01 5.989152842295237811e-01 9.157792320156298294e-01 7.132398794498070460e-01 7.488616123523974544e-01 8.839629799545770661e-01 5.268945135634544030e-01 8.929185935381352968e-01 4.868988675108085196e-01 7.815905368173240442e-01
3.948798329311264399e-01 2.266208063574798315e-01 4.043946285340027647e-01 1.882927362441264019e-01 8.645513764652454358e-02 1.086895922259870362e-01 2.774176338648766116e-01 2.258068895107173402e-01 8.851550542488828555e-02 1.439107042440108675e-01
9.412652508020441511e-01 9.079902556687069470e-01 9.300966057021963218e-01 8.528976006260888809e-01 1.000000000000000000e+00 7.754462451941274148e-01 9.727400123369442930e-01 9.503558067804315224e-01 9.423120130863007482e-01 9.834843655800661333e-01
2.826196733532760352e-01 4.636250125208460915e-01 3.841401744302863630e-01 3.177170342175005269e-01 4.945075608681533952e-01 6.056206416442937446e-01 1.637221606371374594e-01 5.080009012733519569e-01 2.341978364849877647e-01 6.025046759761927273e-01
5.515832005047067721e-01 2.359616475470522612e-01 3.669296426088509144e-01 3.683262526780649582e-01 1.446038969526424189e-01 3.366706892392835604e-01 3.102410699570522512e-01 3.104126104604410519e-01 2.999183981329582860e-01 1.324532722047111755e-01
4.699749693243268078e-01 7.835259253941362356e-01 7.055621273014408557e-01 7.233434804020666409e-01 7.991767715595345933e-01 1.000000000000000000e+00 7.364756231711387935e-01 7.969366920526963494e-01 8.319207924841055535e-01 8.545144932524635362e-01
7.507538424990517489e-01 5.747451941371908291e-01 7.610864158355076237e-01 5.804568218997033791e-01 6.744620509158913979e-01 6.853270581806388817e-01 4.605129353950616622e-01 7.818267680108657025e-01 2.785543598636009421e-01 6.264309729695137774e-01
4.278944038959599516e-01 1.942035528341023998e-02 3.671779372503342076e-01 3.162428653619036023e-01 1.557157161429838510e-01 1.103816097880069014e-01 2.719468418901673790e-01 2.886172709136761716e-01 2.121441349866666770e-01 9.508966794919018750e-02
3.580400431114539872e-01 3.894607715206204746e-01 4.199771423428439454e-01 4.982870311355516724e-01 5.646674949046686098e-01 8.149052032392437583e-01 1.772441786684044174e-01 6.070893653066671281e-01 2.559460751254888922e-01 6.372363797633492366e-01
9.845426540534347737e-01 9.995915548186425914e-01 9.796656120638973508e-01 8.525785880354521673e-01 9.123691875101992421e-01 7.491958108811151984e-01 8.923835159841350118e-01 8.631696279689677898e-01 8.316237316468839680e-01 1.000000000000000000e+00
3.592009681498665730e-01 3.655862284469522105e-01 2.530652380481958064e-01 4.434677002309260763e-01 3.715207503482962359e-01 3.993303226980988718e-01 5.732731502331341877e-01 2.175575386878791928e-01 6.530323056330278320e-01 3.108850381449991818e-01
3.514232796251148816e-01 1.970151014720893101e-01 4.344670419542267514e-01 2.879278269894278153e-01 1.032192647511738504e-01 9.643955226607406339e-02 2.729372602652928581e-01 2.149743727808421379e-01 1.886023929956443523e-01 6.876487737171835257e-02
3.272369297841666858e-01 4.067153133469152415e-01 1.501863036676444607e-01 3.553986206473406240e-01 2.661153114304527501e-01 3.485668760085381956e-01 4.560542627971230223e-01 1.785517504869411909e-01 6.950127749378094411e-01 2.923169027814495613e-01
0.000000000000000000e+00 2.833168024233255478e-02 2.026838233673682044e-02 0.000000000000000000e+00 2.514691048955991146e-02 0.000000000000000000e+00 0.000000000000000000e+00 2.996251668816131072e-03 0.000000000000000000e+00 3.259332364243273938e-02
5.873687552122925926e-01 7.348921156236006835e-01 6.392301115198482098e-01 7.316078598356854368e-01 9.171452965089218479e-01 8.379159151870757549e-01 7.360944950496806083e-01 7.933683352973353031e-01 9.069415825175251022e-01 9.296054425711303137e-01
5.691934331417292103e-01 7.383878770898680832e-01 6.823457710234177576e-01 6.588969543005315233e-01 7.426911261405035880e-01 7.286136000163696558e-01 6.507015721734031866e-01 6.591578068138566060e-01 6.434898719692564439e-01 8.515259183060586157e-01
8.640082441565406501e-01 1.000000000000000000e+00 8.672383243770933614e-01 9.589326347605772183e-01 9.758209349434848745e-01 6.868553432822518401e-01 1.000000000000000000e+00 9.080439687228778478e-01 8.510244922855292327e-01 8.822608002271816741e-01
8.166104115550999465e-01 6.415753428693632410e-01 8.476530607380210469e-01 7.514804983692923157e-01 7.255582884763102092e-01 9.792523913114503653e-01 4.623901512894902921e-01 8.937014283221983435e-01 4.186741987994064274e-01 5.939315514934184748e-01
3.511536913400310489e-01 4.814863492680757640e-01 2.799984618841175332e-01 4.094066418030516408e-01 2.425251881388220121e-01 3.772809776190004238e-01 6.343775973267642421e-01 1.979954890157040459e-01 7.808666128248438199e-01 4.205112129861616199e-01
2.003035451632045327e-01 3.226291922486742014e-01 1.278838420128030617e-01 3.386014449894219069e-01 2.363573632967165827e-01 8.396170804742322802e-03 4.685492280710358837e-01 1.467265250445124458e-01 4.778070239773196115e-01 2.522697301335999898e-01
9.214912864172778439e-01 1.000000000000000000e+00 1.000000000000000000e+00 1.000000000000000000e+00 8.981762757350524318e-01 1.000000000000000000e+00 1.000000000000000000e+00 9.763797619747375256e-01 9.762562476479886842e-01 9.734679994397447134e-01
