9.706505085188007476e-01 8.718382787589925575e-01 9.469260895835737157e-01 5.960569928965043784e-01 9.103111042474009151e-01 8.120580487301609640e-01 9.053172125917470225e-01 9.776688126353458852e-01 8.640993116347912562e-01 9.574284033814449701e-01 8.358522577126549225e-01 9.944412856484216023e-01 9.496996242556025036e-01 7.536220541074074575e-01 9.635659811733817692e-01
1.005337839443789072e+00 8.851276043503006896e-01 9.591826552673446971e-01 5.616152840718349193e-01 9.261144260137450512e-01 8.152054708536482508e-01 9.177088336964521753e-01 9.778555464918410323e-01 8.906767209468485769e-01 9.455878482207971114e-01 8.583430063054920955e-01 1.032012305491957882e+00 9.761035087002244426e-01 7.549169755798480486e-01 9.464644871571132878e-01
6.113665116573027136e-01 8.225412194415403500e-01 8.890150488835618647e-01 7.160868918749300205e-01 7.790523359387816482e-01 7.603950089839194293e-01 6.614954171530282867e-01 4.330195812617779749e-01 7.951607012711787714e-01 7.312478400158409775e-01 3.260638179370826117e-01 8.733064274613985267e-01 6.960141462106764765e-01 5.394320458241589344e-01 7.051956200254755336e-01
6.123348106199852925e-01 6.820786509844097845e-01 8.652989783365016008e-01 3.255819633501271237e-01 7.544073059460365549e-01 5.429152953080935706e-01 6.209603101237599621e-01 4.158820567049797967e-01 6.791445333353572922e-01 6.461843341256032769e-01 2.036773240764707116e-01 8.732288374436678602e-01 6.208950192892060960e-01 3.029518132173409373e-01 6.350462660440715501e-01
1.757837441894878269e-02 -3.297883769929216280e-02 2.018781041720690145e-02 2.236057085517453510e-02 3.093676947421900546e-03 2.234608703791484546e-02 -2.314226198977646989e-02 1.169703782941833130e-02 -2.108744328814433563e-02 -8.567753004334283801e-03 -2.502714581666184643e-02 -1.451316870530222278e-02 3.429577805560228565e-02 1.428592000715885914e-02 -1.739486955696181378e-02
-1.705997737252855015e-02 1.065492419883338898e-01 1.377422936080896151e-02 4.000098253879218468e-01 1.087277556794261080e-01 2.027054503201267677e-01 5.471980911402533898e-02 -7.622801414586665575e-03 8.228833262915323521e-02 6.722844257691729108e-02 1.598646489367730184e-01 -4.921661043802449433e-03 7.000412825704847852e-02 2.364597359255753706e-01 4.597240293074127127e-02
9.774815136986045871e-01 8.588405867327624232e-01 9.680406536224114289e-01 6.038486171541093128e-01 9.002186747171534442e-01 7.999520628602124761e-01 9.417635222072699985e-01 1.032381338379011027e+00 9.183468336320361747e-01 9.812672896625156405e-01 8.713480355918056253e-01 9.945964108931756309e-01 9.109375786404039221e-01 7.501877927061397777e-01 9.576706793009316376e-01
9.669887237054359819e-01 8.863246683790454439e-01 9.463267753054860343e-01 6.263636898673666797e-01 9.210613801357069308e-01 8.051103357571354202e-01 9.177445406753723667e-01 9.929487411694574162e-01 8.950645512991437514e-01 9.659954923021197848e-01 8.310543736327531406e-01 1.022393842275552078e+00 9.554550822437731794e-01 7.718909026202737111e-01 9.241301830214444513e-01
3.868174265445223359e-01 1.899841333762012363e-01 1.020050081157699573e-01 3.152555137984955902e-01 1.705806757568090748e-01 2.755317686757871032e-01 2.858478908540260655e-01 5.473458969868055801e-01 1.972819788666830276e-01 2.697678477284510823e-01 7.096514764622056104e-01 1.104200537313633906e-01 3.228370740486071200e-01 4.446986705197281675e-01 3.117772816348500231e-01
4.015343760508327531e-01 2.045330686989966784e-01 1.106346830871632464e-01 3.159471962294321812e-01 1.299284585289073868e-01 2.466476018901698208e-01 2.980066153882592328e-01 5.559828279821821262e-01 1.868101310069801013e-01 2.769280579262124453e-01 6.672290291106726112e-01 1.389254592227016361e-01 3.012475125980713653e-01 4.397546028565924581e-01 2.913678354262447256e-01
1.618832384830518750e-02 8.765965367931155550e-02 6.084272941214118741e-02 4.097258989703710386e-01 7.308237260824153314e-02 1.885314066145465650e-01 8.583059875696270880e-02 2.459220774345253352e-02 1.178478155011781769e-01 6.198403662493708749e-02 2.046659948934803075e-01 5.874715087435985507e-03 5.958058878704197703e-02 2.299170953000890805e-01 6.957239579701197940e-02
4.270490767148025779e-01 2.881760468421067922e-01 1.381708237217146029e-01 7.006733337409640772e-01 2.540734680870699869e-01 4.279328282520345472e-01 3.665836281179347678e-01 5.877775166487143599e-01 3.414219910805087466e-01 3.460562133762481452e-01 7.973223604245854856e-01 1.438740425683567303e-01 3.913996086530762142e-01 7.025484234734471478e-01 3.501931356952218133e-01
9.917147399779987493e-01 1.020825809029936693e+00 9.741973971415966993e-01 1.017085739535215083e+00 1.008591522734168411e+00 1.014109441679755808e+00 1.011831279433546449e+00 9.571403764810968440e-01 9.671831622652039551e-01 9.883472157552767312e-01 9.485439116650385971e-01 9.983042541507978207e-01 1.029923263450973181e+00 9.955810797779428567e-01 9.979254026254650300e-01
9.786732381225771160e-01 1.003560931907246268e+00 1.019935173337357837e+00 9.835661644670687931e-01 1.033323148549263992e+00 1.018021828096390413e+00 9.817311139736101255e-01 1.005039942964244926e+00 9.848340577438808863e-01 1.021537201229747227e+00 1.022154564086022788e+00 1.021972403152130449e+00 9.991273783268463937e-01 1.033600109240174758e+00 9.919379596355926143e-01
1.020023599819191107e+00 9.947637068252399573e-01 9.663193830430848452e-01 1.023828993297523748e+00 1.024446226584005526e+00 1.046899626245269443e+00 1.028504479709728026e+00 1.009430940583178726e+00 1.036700381988187702e+00 1.013382117342074062e+00 9.878341248495629001e-01 1.033720054278481015e+00 1.028452135974512016e+00 9.759008505825064184e-01 9.326897372104574480e-01
1.036563209188542167e+00 1.000741708497161042e+00 1.002874004910669248e+00 9.861500525456473598e-01 1.010307812483308476e+00 1.012393831586919424e+00 1.032174173288206154e+00 1.002830027409131075e+00 9.581639399773218546e-01 1.042748927427842531e+00 9.809264581754566503e-01 9.825624783777965332e-01 1.030872212429369217e+00 9.811240686609791206e-01 9.982176783190671587e-01
9.883732027512535101e-01 9.047491280669949232e-01 9.709403715474870245e-01 5.742959685032358319e-01 9.172061757864733433e-01 8.539089646173462222e-01 9.073243502659076309e-01 9.874250572642793156e-01 8.883517304431877148e-01 9.347531637460227971e-01 9.043032917365195766e-01 1.000107009795227819e+00 9.456363461451913199e-01 7.498972149706268908e-01 9.643538793985626523e-01
6.104344551135809649e-01 7.731104531866517249e-01 9.137708385276811507e-01 6.787920292972976499e-01 8.596860048721277625e-01 7.341852772399914961e-01 6.801756735355017902e-01 4.044476739265237542e-01 8.276606890776850856e-01 7.079471013587983474e-01 3.749753663333999509e-01 8.843330640194829728e-01 6.941426823452812034e-01 5.324691379015819015e-01 6.960001842581948761e-01
5.958628317342020697e-01 8.311828833737057165e-01 8.580434966816363751e-01 7.484522693046461450e-01 8.121053528996987625e-01 7.185457689482110943e-01 7.058965424934329214e-01 4.209755249344079853e-01 7.653778559019621675e-01 7.247392235591850751e-01 3.314089747666051355e-01 8.734881068700914852e-01 6.780244888472507503e-01 5.411539591367670043e-01 7.201169614851259393e-01
3.955396151071999267e-01 2.807872179762772591e-01 1.553020567886705117e-01 7.187757728418214809e-01 2.531462867884954338e-01 4.450203875029727363e-01 3.577460017208194398e-01 5.894131339202995923e-01 3.144585024488013580e-01 2.961718113867460866e-01 7.973933059082027874e-01 1.202513715999064536e-01 4.026772151682269651e-01 6.855941745675445675e-01 3.847474356409817942e-01
-2.575258064557616952e-02 -1.142977441796082586e-02 -1.569675447556963255e-03 -2.686173008885850422e-02 9.407466034978018490e-03 -9.601329985368871160e-04 -1.845741491965592965e-03 -4.053043365905583707e-03 2.143547896779822437e-02 -1.926813189914232491e-04 7.214673600703113560e-03 6.964366315950243878e-03 6.687458424697013092e-03 -2.231874348340890171e-02 -2.975577018796958864e-03
1.000134080097254685e+00 1.009647752651518182e+00 1.002818806647916228e+00 1.002846544429570663e+00 9.738341912940532419e-01 9.776322610971718285e-01 9.867329248983519596e-01 9.800213331891961532e-01 9.851086280056653433e-01 9.598027434338858299e-01 1.028183654955377779e+00 1.007385732912009946e+00 9.956810158434199476e-01 9.822578028699744390e-01 9.977297073657815929e-01
1.012303892824702123e+00 9.951456513589350683e-01 9.980068889824115219e-01 9.611806894970594817e-01 1.007927906229530324e+00 9.983550268257719296e-01 9.870821310578782315e-01 9.992286087358442925e-01 1.009524304203597067e+00 1.014311314808358011e+00 9.932651493738026138e-01 1.007209460800905676e+00 1.038891327164578549e+00 9.769591822170166084e-01 1.002670033222517132e+00
5.732724788928361681e-01 7.988735440483926142e-01 8.782659793603525555e-01 7.026463958055844117e-01 8.410932696543537146e-01 7.273368206264277935e-01 6.915109580567340153e-01 4.219527176140788205e-01 8.306988688668401899e-01 7.424904964437861743e-01 3.346318867753435566e-01 8.482233745414886616e-01 6.736247029233255468e-01 5.100026274604770871e-01 6.929927091074178369e-01
9.858794735773713791e-01 1.025743645186832476e+00 9.980572471541508950e-01 1.017789549919245973e+00 9.934960469257602123e-01 9.903635176101315274e-01 9.824687406285865787e-01 1.002214596528213653e+00 9.977004993852688353e-01 1.027107088443024008e+00 1.009910507565893845e+00 9.840741179460181787e-01 9.922217562588274697e-01 1.003215912012515698e+00 1.033744832208485676e+00
9.644597151893175013e-01 9.746724510744438907e-01 1.011297445411441398e+00 1.003012123117367871e+00 9.764311697068980278e-01 1.021692696536519174e+00 1.043445045164590690e+00 1.015008173145073744e+00 1.017444089853302369e+00 9.837861525296508480e-01 1.031986608933229688e+00 1.015672221774230222e+00 9.407625845395607422e-01 9.846701305798890580e-01 1.001471444796468324e+00
9.940520857708010638e-01 1.026210159061537341e+00 1.020892639822648995e+00 9.959628168102331314e-01 1.010854858831957914e+00 1.000523108258391636e+00 1.003624376423611464e+00 9.701907391008510739e-01 9.811600940122942038e-01 9.948087129124471018e-01 1.039139383768813429e+00 9.790498588874982921e-01 1.018333254372578933e+00 9.861012640528217243e-01 9.666265621582740275e-01
3.383981598213570835e-02 -1.259652950617095452e-02 1.042813347669590412e-02 6.837574344969791357e-03 -2.574953042990621097e-02 1.568451032670771170e-02 2.743575994282123134e-02 -1.304315640685650918e-03 -3.078318488043801579e-03 -3.273700355003487938e-02 -1.534963448338347650e-02 1.419064828905654664e-03 -1.654749567248102720e-03 -3.661088163625209058e-02 2.083875180912210176e-02
1.051937416140321435e+00 1.014532543135862275e+00 9.759785114700739728e-01 1.013777635271003064e+00 1.023081840558418776e+00 1.011413323971100287e+00 1.004189450222803703e+00 1.003393887127238981e+00 1.039467725545673016e+00 1.007878279627296259e+00 9.584529291075891688e-01 1.002651764162949988e+00 1.002945642147212713e+00 1.031535676151287273e+00 9.791228249088574920e-01
1.005140807823621030e+00 8.820338286372493286e-01 9.759183492866242426e-01 6.101878565229680307e-01 9.040188597966637429e-01 7.809720933703485635e-01 9.229136174196517217e-01 9.881854100022430254e-01 9.113743745226405846e-01 9.217792959606336822e-01 8.489655328787094613e-01 9.754667364407993979e-01 9.483590125790557490e-01 7.522523661924738203e-01 9.377968345173829379e-01
4.028781968330200636e-01 1.641899161795296880e-01 1.085147552315354202e-01 3.006682288080583798e-01 1.597302308727081843e-01 2.705888359959078282e-01 3.089296972192637214e-01 5.502996590938505905e-01 2.115025230345020102e-01 2.507788582050198278e-01 6.499142292911453955e-01 1.181896736660887348e-01 2.933491686966386292e-01 4.902790483078135475e-01 3.163879751306672983e-01
5.097462169074471307e-04 2.336762948408543927e-02 -2.607246659663549002e-02 1.516261286153556924e-02 -1.845619201120031125e-02 2.680828158270044323e-02 6.241924632912992238e-03 2.406905815849668534e-02 1.608960247440964844e-02 2.873629015555729735e-02 -3.760996042906031983e-02 -2.470410294480131566e-02 8.599359032148074997e-03 1.345394119161855140e-02 6.609711367526860393e-03
1.020710111790829933e+00 1.002748549719822302e+00 9.880059440317835451e-01 1.006993659762697613e+00 9.806920991886962646e-01 9.818904650464923556e-01 9.915784209290985363e-01 9.941866252897527678e-01 9.954571685935039715e-01 9.772532288231214892e-01 9.922905604225715770e-01 1.023051879490814331e+00 9.672253917038423632e-01 1.026067323582943835e+00 9.892520684968969524e-01
1.008235290777856896e+00 9.592035645109296960e-01 1.018208568759622290e+00 1.017654483206688720e+00 1.026819575021518105e+00 9.925977206789240448e-01 1.000672316285086572e+00 1.017747599348397758e+00 1.010934008458618028e+00 9.913505132575541889e-01 1.001492287929609315e+00 9.789504989479742569e-01 1.009243391769126363e+00 1.031019960683865921e+00 9.992473921403460801e-01
2.966462936443722484e-03 1.114629512100646369e-01 5.382576649679433889e-02 4.037307093660759683e-01 1.145569660410379748e-01 1.980066525242462905e-01 8.921433459932592847e-02 3.875432168145306888e-02 8.474816937511994719e-02 7.901266144820387471e-02 1.156732148781406122e-01 2.367918922795636885e-02 6.417618727946508561e-02 2.448616820381100956e-01 7.765575131913869666e-02
4.079891099620898409e-02 1.312328569305026005e-01 9.220015988399509616e-03 3.928031141730327080e-01 8.612188132763805293e-02 2.490135018326873617e-01 9.094885869316156335e-02 2.926614981384498271e-02 9.706369316101287614e-02 5.354939695683359063e-02 1.637484496844049398e-01 2.910442072446986495e-02 2.270424056714957783e-02 2.691797062360352655e-01 5.513845191884898800e-02
6.207688272269488161e-01 7.749780971559968590e-01 9.072900593895618648e-01 7.076875759517210485e-01 8.338130442413571597e-01 7.295744054301287473e-01 7.019942522583954014e-01 4.131726879592835799e-01 7.995118769472253639e-01 7.425786184129226086e-01 3.163792523958018355e-01 9.029319780078428614e-01 6.737327739501066670e-01 5.055689027358372112e-01 7.233104512890000670e-01
4.166351943313663098e-01 3.451034308297452613e-01 1.471388687423102748e-01 6.813731228144889185e-01 2.548153453941748303e-01 4.676515189940030348e-01 4.089033209989089146e-01 5.903405073525390678e-01 2.903311964595732819e-01 2.980223654813990986e-01 8.289806107767463406e-01 1.362296957089280114e-01 3.700178111766733169e-01 6.932056721313026859e-01 3.822390176227708491e-01
4.106851039333104247e-01 1.905689517824498691e-01 1.000112412750305546e-01 3.196114839457894763e-01 1.599221857084361376e-01 2.534479188483785284e-01 2.984350617052953791e-01 5.513206908458571087e-01 1.833390161084824388e-01 2.642675266339620799e-01 7.109898683857988066e-01 1.505642348964487953e-01 3.259758644779006120e-01 4.783644556715507812e-01 2.854581393292912606e-01
1.001580246161542842e+00 1.000073378524760193e+00 1.001521090600165476e+00 9.845215735998601447e-01 9.934129787654644161e-01 9.769952878162000420e-01 9.904799863585677100e-01 1.001069516440506124e+00 1.003246347520271753e+00 9.968398009880184985e-01 9.878428056800827584e-01 1.002322073731920948e+00 9.998856458712488404e-01 9.834613367924852634e-01 9.928875357271307323e-01
9.916740939384978137e-01 9.870538608998892238e-01 1.016911467304136618e+00 9.832730781785726792e-01 9.706248901004684848e-01 9.956122333438214289e-01 9.750685293875112070e-01 1.026135177857878222e+00 9.965948179057936285e-01 1.023837768812035698e+00 1.043768732793632026e+00 1.009336502813980019e+00 1.020714699587333074e+00 1.062061203489111039e+00 9.752651805524191753e-01
6.220751219249597286e-01 7.161866850103748572e-01 8.779415280783404718e-01 2.919331949723752428e-01 7.562501897884313928e-01 5.429776525547252986e-01 5.858671753416578865e-01 3.851237475501936847e-01 6.856044525934343881e-01 6.911078218289559150e-01 1.924981561275099229e-01 8.671809317784514581e-01 6.114487163758448585e-01 2.579998072903796347e-01 6.287102805534067196e-01
-1.296993659318072117e-03 1.325859928693531864e-01 2.372252505234687114e-02 3.827051867533518559e-01 7.631183557853378485e-02 2.100454726228927205e-01 4.736708523575915153e-02 2.351325407679239615e-02 1.077973629404224282e-01 6.027572174905915237e-02 1.391537931607604028e-01 2.839378908209017754e-02 6.177345619057875159e-02 2.574846113654448709e-01 6.297566242248962831e-02
5.838523732564165902e-01 6.818540794472253141e-01 8.676336378674311955e-01 3.062263659335280330e-01 7.579687406150239504e-01 5.618789301096964728e-01 6.306504466111535478e-01 4.029263484614470370e-01 6.587179353234430268e-01 6.877505748571667299e-01 2.041839069596692036e-01 8.578876214070491057e-01 6.204278211009326416e-01 2.841608723115430779e-01 6.451311529395625799e-01
-5.362853691217477244e-03 -3.074994111172739582e-03 -1.103408454257274150e-02 -7.611869148384586142e-03 -3.499882104928053045e-02 -2.514129013914393265e-02 1.379119977128383939e-02 -3.195122692301369249e-02 -1.127688487700933932e-02 -9.401994138756352218e-04 8.789343248057655822e-03 -1.451929276187862577e-02 -2.452521427309447069e-02 -4.445799274151314776e-03 -7.922056329951642634e-03
-6.687155611072723854e-03 1.359791704160128456e-01 1.990556283936970733e-02 3.922571773511751014e-01 9.332830868682652492e-02 2.097003858381326635e-01 6.243703518082875659e-02 3.154416782727731405e-02 1.178992992205302875e-01 4.395975919266435078e-02 1.226717114951839521e-01 2.879285682987113570e-02 6.130124282965623839e-03 2.639112567199179971e-01 7.140897576412569281e-02
1.005674434876921763e+00 9.037285765288652906e-01 9.649182391189722319e-01 6.006523750970765851e-01 9.461515669550599750e-01 8.409760205634809749e-01 9.189391559304803669e-01 9.458847591130405963e-01 8.512578284535914364e-01 9.162452640126924619e-01 8.854731323124455100e-01 9.909507980518714731e-01 9.316034357573981239e-01 7.320409590717582571e-01 9.538788143680912990e-01
4.205038687413294451e-01 2.924249561453274304e-01 1.429887725772879536e-01 6.651028902688632671e-01 2.325463381957448283e-01 4.958668539904809713e-01 3.715834936069229433e-01 5.919618484948760972e-01 3.079843738585499868e-01 3.293998473494053614e-01 8.368528372861051556e-01 1.507323200094362881e-01 3.679820080183848763e-01 7.257542624467120396e-01 3.636158624305743103e-01
1.008833654843247274e+00 1.041460659224602958e+00 9.999893072813224038e-01 9.785480314731266338e-01 1.000013077997274902e+00 9.926657948072372672e-01 1.002310037065572423e+00 1.009508823994012650e+00 9.838177078598093761e-01 1.005108084395135881e+00 1.021551364580430166e+00 1.002002250344473433e+00 9.662628403719498715e-01 9.805784943138642351e-01 9.934450061025796863e-01
9.991757393972651169e-01 9.809340993252066987e-01 9.947550929028949884e-01 1.006517486768579994e+00 9.794562061853619994e-01 1.019014385700023784e+00 9.909662414077327064e-01 9.695060330575131502e-01 9.938165499938028669e-01 9.904388877325155383e-01 9.750388495499309194e-01 9.996051742542586549e-01 9.875534905795145812e-01 9.982897225876878888e-01 9.899761147824618357e-01
4.342311653517764714e-01 2.837002724317678193e-01 1.532213577932423909e-01 6.872422270275098111e-01 2.682702247305198684e-01 4.471011082396355585e-01 3.920098751112135460e-01 5.842368041524115263e-01 3.350973647362732732e-01 2.864574523651099436e-01 8.006017694293574571e-01 1.501031336072050359e-01 3.633755454699336140e-01 7.152805069120350412e-01 3.743435032793760997e-01
6.263214690170324506e-01 6.977000088622655749e-01 8.858878444829416665e-01 3.197955621913942670e-01 7.418811394845695739e-01 5.217250386710630128e-01 6.013450197647557394e-01 4.075719361016304498e-01 6.844911975094306600e-01 6.890537173923665382e-01 1.675287439788735455e-01 8.762134431122569067e-01 6.149456489789808522e-01 3.171310960016928138e-01 6.455706397365752469e-01
1.030280127805894841e+00 9.714407984194397550e-01 9.882319364217462265e-01 9.758826764861864289e-01 1.009297720031184342e+00 1.023356221789882170e+00 1.003208120788462443e+00 1.034149812201081708e+00 9.923434810699438557e-01 1.013513016083121387e+00 1.011988842972503910e+00 9.642492303292432565e-01 1.026639736896764354e+00 9.890096004003778862e-01 1.030182516057392972e+00
5.831502606943360645e-01 7.281669983040208738e-01 8.328791978834929610e-01 2.973023387524699745e-01 7.457610178240989818e-01 5.591565770595631202e-01 6.167301453960197799e-01 4.021703359916010689e-01 6.671490530103846295e-01 7.072305950787471929e-01 1.782102264220597754e-01 8.706748499395768892e-01 6.277950936553342576e-01 3.083063016131067924e-01 6.234465038993622921e-01
3.844628739028277953e-01 1.721846316152197132e-01 1.060509620161617234e-01 3.304781307681848301e-01 1.638338366353453701e-01 2.754016473523993591e-01 2.909108827780634843e-01 5.617764286996305145e-01 2.281124338864896350e-01 2.742858605208621237e-01 6.539016459241476786e-01 1.079571267108893756e-01 3.345422008737062858e-01 4.455120456244428540e-01 2.917971896109098351e-01
9.643179155731046448e-01 8.841615860257374671e-01 9.465492316399797268e-01 6.022577574021733549e-01 9.036955505636301567e-01 8.423163899416580280e-01 9.095831418898882026e-01 9.864837278166553869e-01 9.139450835598074141e-01 9.305602398503353134e-01 8.529971741673575414e-01 1.010943605074186014e+00 9.197757913262540885e-01 7.364474144242462161e-01 9.356517480221854255e-01
2.137165567650113271e-02 4.229657083714050830e-03 -2.083724112672384610e-02 -7.176177951768882186e-03 1.535207881093773007e-02 2.418084136527379538e-02 -6.335534046392984377e-03 -3.355768751764611683e-04 2.698830744785836889e-03 1.567189486333366022e-02 1.767885523689734445e-03 -1.418361436529388606e-02 -3.109263720371954927e-03 3.920428364364839623e-03 -6.506850467346838966e-03
1.006042553960328156e+00 9.719079979681088943e-01 1.015883789450342078e+00 1.014136949685411349e+00 9.823809589935005304e-01 1.018578084683210427e+00 1.021804881093460127e+00 9.746070781801136063e-01 9.947201047335906265e-01 1.014011784026982221e+00 1.035184573186278545e+00 1.015776356543863557e+00 1.004513566687364579e+00 9.954189305377683095e-01 1.029022478136911722e+00
9.969624819326864396e-01 9.120781593375915097e-01 9.706265041736047428e-01 6.207666184129102538e-01 9.174586168630886052e-01 8.201452047823150071e-01 9.306560953744176246e-01 9.131796202903632587e-01 9.073151985106950868e-01 9.394557218243339003e-01 8.721126681850700502e-01 9.507463981852382062e-01 9.284755522009177087e-01 7.782195292332929615e-01 9.322098647418793904e-01
-1.911197497944963630e-02 2.898417569537817956e-02 6.160436898815034590e-03 -4.006916721145741336e-03 2.278109110187234720e-02 3.832664803640507128e-02 7.329937235845709843e-04 -2.664259974090892741e-02 -1.476037965528549396e-03 -1.552417417635254234e-03 -1.146578741436996528e-02 -2.920446230209753150e-02 1.029941019025730140e-02 5.080719507206885900e-03 2.841919627316814509e-02
9.706424363869743388e-01 8.546554484738551061e-01 9.903374598907963566e-01 5.844981781078985028e-01 9.079302797897543797e-01 8.096590782297410360e-01 9.461945000668395833e-01 9.690844605960308167e-01 8.753049588231257561e-01 8.942752542131729987e-01 8.378851075140293370e-01 1.008215801902106801e+00 9.176918682375294622e-01 7.672262214896097277e-01 9.602396426738007973e-01
-6.126712679788116726e-03 -4.154294883463089533e-02 -1.458547728524039674e-02 1.934595983457955762e-02 -5.797303316591515335e-03 1.665493451031870714e-02 2.056094242730426014e-02 -1.606503153114309220e-03 -1.155852963713625836e-02 -1.830036119225010235e-02 -2.023615049033183205e-02 1.302213301842027916e-03 -1.577950040397788902e-04 1.630599586654458630e-02 -3.246081057170476739e-03
1.010597013972665659e+00 9.767645185283755360e-01 9.911480420975075090e-01 9.875991089123175026e-01 9.688037164604078599e-01 1.002113877639040806e+00 9.844271994561821781e-01 1.004448921539881301e+00 9.860673129405203019e-01 1.013354699491378907e+00 1.006541493324330183e+00 1.006804862689341773e+00 9.618622570934749483e-01 9.554670435108335580e-01 9.884335078713710754e-01
6.083246544641962572e-01 8.070349635659528342e-01 8.858721613412779972e-01 7.247469377369333277e-01 8.226539084846453687e-01 7.513437082209323270e-01 6.900344417944540565e-01 3.978791986858105090e-01 8.016084135999200777e-01 7.443431406670433237e-01 3.351047643789871189e-01 8.440299181473760459e-01 6.900240992364947701e-01 5.451516342682793947e-01 6.767759087223069736e-01
5.846997594828287070e-01 6.838363328313036282e-01 8.842647312797031756e-01 3.085418834033036295e-01 7.372990501263366747e-01 5.092540900139875815e-01 5.982368681837648694e-01 4.097892130309996328e-01 6.865985755476674557e-01 6.992372526284139633e-01 1.962511036079035431e-01 8.549031860946496586e-01 6.289703049464331341e-01 2.609645965876088436e-01 6.098979035171822050e-01
-2.837636981065655081e-03 -1.794353962158683549e-02 -4.719612406500402766e-04 -7.877992589002916213e-03 2.500493648180978842e-02 -1.390944158529603195e-02 5.449237529205743034e-04 -1.900072116722257426e-02 -2.657317521424976733e-03 -8.691751441562376237e-03 -2.415593476369425063e-02 -8.670001081590971923e-03 5.788427350698433643e-02 -1.523079879648860449e-02 1.317714915848989220e-02
9.757562309353093877e-01 9.691444736778237479e-01 9.970202778853187731e-01 1.014474562083890641e+00 9.851996398382641962e-01 9.834655436431347653e-01 1.014355722689911588e+00 9.520617371828031805e-01 1.035829192496430018e+00 1.003279769384458620e+00 9.835907855437321379e-01 9.973020975462769666e-01 1.015110631925111750e+00 1.002605125299653288e+00 9.983511796462182231e-01
6.074465836293437837e-01 6.729964259177113606e-01 8.450035757185243579e-01 3.390276892100454464e-01 7.373362989918778032e-01 5.126389611488457732e-01 5.999891468002750416e-01 4.215264189861589461e-01 7.240973987352288255e-01 6.544733644395223093e-01 2.042300973112724793e-01 8.587177909046059820e-01 6.191576030519410079e-01 2.645670424961848455e-01 6.635951847947622051e-01
2.399409034625739345e-02 1.048567864143280237e-01 5.479423595315371237e-02 3.704757135983788863e-01 4.467982082953617790e-02 1.946895258882921920e-01 6.140757006937928864e-02 2.238949947680239638e-02 1.001393640034416860e-01 3.381985357438559853e-02 1.428494217484161111e-01 1.155957088609340516e-02 7.594248624794483482e-02 2.415849468034081404e-01 9.463650496924332078e-03
4.310763383407448801e-01 3.161590057021121392e-01 1.466785427457569790e-01 6.700647207741667888e-01 2.078595961485563137e-01 4.524031183970048109e-01 4.085510175367036978e-01 5.951348790153757617e-01 3.373782872338297323e-01 3.320636398427962432e-01 8.200528479635221801e-01 1.493401681422552585e-01 3.571956328323640517e-01 7.182168872879889365e-01 3.766791010048136101e-01
-7.870503740480837285e-03 -2.541979135073050428e-02 -1.491745626348704550e-02 1.895263706841837995e-02 -3.373663221956580555e-02 -1.575659021939014278e-05 1.300319338027103311e-02 -8.093391950152203571e-03 2.608390241306260057e-02 -1.893025689090087338e-02 -6.009547406291389920e-03 -3.374720295323517267e-03 2.182305952082494709e-03 3.157210577403721328e-03 6.534230941671508378e-03
5.945878125441882434e-01 7.843118099712580449e-01 9.480937170361121158e-01 7.007566030913680022e-01 8.069221672046159588e-01 7.138483850758411409e-01 6.978586520578968777e-01 4.301672651850879103e-01 8.025231535542762806e-01 7.869325988761743940e-01 3.242239460975345211e-01 8.712876884431344227e-01 6.934634115398404797e-01 6.026460211975139813e-01 7.020245665332720542e-01
9.739907839475089313e-01 8.599293807889399899e-01 9.772966035273775720e-01 6.169517695750947883e-01 9.083059694628224934e-01 8.155174144712770135e-01 9.051943784482202604e-01 1.004935887075885104e+00 9.223373779870126521e-01 9.621061190584420109e-01 8.608140660865718496e-01 1.000289206822271293e+00 9.666439391023645689e-01 7.581165927609966326e-01 9.220606067540815243e-01
5.081744508414667849e-02 9.028924174834790373e-02 1.890271746456591989e-02 4.048300666314791907e-01 7.143343755508868576e-02 1.830681662943154098e-01 1.108108004682147041e-01 -2.964805160372287196e-02 1.278788062271976611e-01 1.009989276305078565e-01 1.624919650922010961e-01 1.157221304605519224e-02 9.094192409326586068e-02 2.073743972895431276e-01 4.200030695109303880e-02
9.574194319148727761e-01 8.721498353650015689e-01 9.730467203602982673e-01 5.757061769101287085e-01 8.928705712615231382e-01 7.960799617491807201e-01 9.506105214027470440e-01 9.644838550812535605e-01 8.774299139807945069e-01 9.543457821518358530e-01 8.329893881224519347e-01 9.883486284046432147e-01 9.370012685369404348e-01 8.212467380264417693e-01 9.373570154793823272e-01
9.708861327288520471e-01 8.835754683219172456e-01 9.730289207814408758e-01 5.925891472379060110e-01 9.216617413779583101e-01 8.077873822912576829e-01 9.513311642193752471e-01 9.902727648594832344e-01 8.569530061541732469e-01 9.240816149457991013e-01 8.366006982313103357e-01 1.024649208922170818e+00 9.038414622352317629e-01 7.363937363591056551e-01 9.307966824458744348e-01
2.094842836690435917e-02 1.234371190151329345e-01 6.557593598064787033e-02 4.158431565252813100e-01 8.382135147604154179e-02 1.807098445731279424e-01 8.722094746077994898e-02 2.600738261429591872e-02 1.304090899930688829e-01 7.369942934410302071e-02 1.528694956816401829e-01 -2.465373994467529896e-03 3.648560448742701329e-02 2.351485901022093150e-01 5.750658436510425880e-02
3.447194708022890963e-02 1.075282604607488285e-01 1.768541286178831190e-02 4.035032303986322844e-01 7.333444457980528575e-02 1.814057139749392089e-01 5.643492281144158601e-02 7.664000255184955437e-03 1.503150484988317326e-01 7.858996199476174505e-02 1.748490483619467017e-01 -1.026239755025302319e-02 6.714256675851167089e-02 1.987707898025007358e-01 6.235796682855248435e-02
6.178436299098453155e-01 6.663187197243090054e-01 8.599641822242365397e-01 2.959565246304990960e-01 7.922869459810186754e-01 5.221485245399466457e-01 6.234948753570767055e-01 4.039685167418387013e-01 6.858458325069785033e-01 7.183963743068718655e-01 1.957285528312145417e-01 8.726676059357734161e-01 6.375149696609803129e-01 2.417930021589698719e-01 6.567284511541262582e-01
1.029346490225593991e+00 1.014144141570656243e+00 1.011275956017052557e+00 1.029522880865821666e+00 1.004951276347165745e+00 1.001354132500097638e+00 1.001828458013292344e+00 9.665916004430311625e-01 1.025511033641111069e+00 1.005271972677427517e+00 9.682777636508657082e-01 1.010808240945261005e+00 9.686649110216125624e-01 9.690429855929489911e-01 9.924789772793414233e-01
4.180575079580649001e-01 1.770988605058306520e-01 9.142763507899956399e-02 2.873650208979300902e-01 1.380132441060008541e-01 2.789604343025962052e-01 3.144855858747964139e-01 5.844326258040075661e-01 1.849221152127312473e-01 2.498814837154999524e-01 6.429091008735546842e-01 1.304973057688141314e-01 3.168857259839484852e-01 4.913744658478495508e-01 3.117351698367589741e-01
9.890360970133541541e-01 8.645416127548818386e-01 9.780905333106181265e-01 6.111480815430436753e-01 9.434798484667442642e-01 8.118039093195307254e-01 9.285648389231710986e-01 9.655192788237886292e-01 8.777409456238548513e-01 9.364046332343984869e-01 8.733005053833691189e-01 9.989991546079638463e-01 9.419296690870883060e-01 7.639423490413508322e-01 9.589551126788640190e-01
1.939544421445505915e-02 8.880639435916258539e-02 9.300800837558034773e-03 4.170697925037752385e-01 7.189887761061566906e-02 1.409210568982434963e-01 4.966477487369377886e-02 -9.713922452050400419e-03 1.229081600088611642e-01 3.981288471222867165e-02 1.589832715636801397e-01 -2.603113311108133307e-02 2.657788933141865678e-02 2.594265344549054886e-01 8.547510497501759064e-02
3.795813847575946198e-01 3.068694400079554074e-01 1.623895867886134270e-01 6.887378764984837254e-01 2.542732239059420918e-01 4.306151904021289223e-01 4.248330490616450961e-01 6.172868012100732882e-01 3.022515695910363842e-01 3.199016182553729437e-01 7.989903916922921345e-01 1.108503926080595947e-01 3.599695287562198476e-01 7.060728067118825502e-01 3.572610180734206442e-01
5.772924997381139178e-01 7.157034508988384669e-01 8.652755924592268055e-01 3.057835673092302309e-01 7.634332908682396335e-01 5.589655434449437577e-01 6.095460128438158209e-01 3.965892579318777145e-01 6.657368058296163627e-01 6.881233447318837460e-01 1.708115244450246206e-01 8.881369454247006745e-01 6.588275806335230911e-01 2.719516379422733388e-01 6.284419001660207504e-01
1.614806842684139362e-02 8.911134721287859717e-02 1.956830300971030417e-02 3.806594588580992644e-01 1.494351225331086996e-01 2.119026301991819294e-01 8.643568924305364276e-02 1.138523572499429426e-02 1.158884783340571045e-01 9.771404381180137655e-02 1.523334952482870430e-01 3.198206404422879179e-02 4.586031652911744944e-02 2.436171234063439495e-01 6.759541968813675972e-02
4.020253577818151958e-01 1.755275633407094305e-01 9.546738703352274091e-02 2.937018101358054856e-01 1.809496450370944309e-01 2.471228112047413328e-01 3.174635075600467649e-01 5.849455952663255021e-01 1.895484751538119295e-01 2.460884247113785395e-01 6.879492319198639017e-01 1.302255749369443105e-01 3.018404389013177314e-01 4.937307258455133629e-01 3.237026521199774520e-01
4.081862733727176784e-01 3.051394453081378022e-01 1.735706534028863823e-01 7.044997281922735777e-01 2.773686957226766947e-01 4.410043240065841808e-01 3.760292921325458226e-01 6.003723799951491413e-01 2.866431837575711405e-01 3.136175876272050411e-01 8.611142932510688075e-01 1.264071441439166554e-01 3.972543171908867743e-01 6.957821336923787348e-01 3.784454874153493353e-01
1.009801148205185850e+00 1.034372219047422714e+00 1.043722019670227263e+00 9.878507502128537343e-01 1.000935497158439436e+00 9.703367271845086961e-01 1.010212808514870053e+00 9.905459705717095664e-01 1.004778153848388644e+00 9.699908065140255831e-01 1.030500685379637460e+00 1.031754119497741762e+00 1.000379922559395007e+00 1.054072511549741131e+00 9.831531223283610510e-01
6.037402576307425717e-01 7.115003663099639386e-01 8.633448122129191438e-01 3.512282263469591603e-01 7.307534470290756312e-01 5.604743842063079073e-01 6.217542812906780014e-01 4.114243514487509468e-01 6.774205000298104684e-01 6.874836202593879175e-01 1.904427533919436921e-01 8.451374351014853126e-01 6.145472864000849356e-01 2.931429413483033763e-01 6.420240615538027606e-01
1.017627635674714481e+00 1.030662561636224828e+00 1.022270734060838349e+00 1.030832826087772158e+00 1.057900262518161050e+00 1.020025146203589861e+00 1.001334735654950014e+00 9.713246766248148090e-01 9.996079038161513886e-01 9.615273157427174366e-01 1.009062691345742557e+00 1.015795906891587386e+00 1.013644978603774671e+00 9.802782357208266184e-01 1.000505181482155281e+00
-2.138590426485117296e-03 1.170917939122680246e-01 -6.705699363364098220e-03 4.017687485834512962e-01 9.457367346473684322e-02 1.692230031574527560e-01 5.002054057287183553e-02 2.078592461440425740e-02 1.316706780044173686e-01 4.466553562527116744e-02 1.393067373713619550e-01 6.267858627646078623e-03 5.404074400011482648e-02 2.613715943908099248e-01 7.539661473035935702e-02
6.077994481803224991e-01 8.016446851401037854e-01 9.025242442768192097e-01 7.147139945304151754e-01 8.521009556561128795e-01 7.706639636999275123e-01 7.075406093920636463e-01 4.493525623143682646e-01 8.119966878720368264e-01 7.551358596268392676e-01 3.370878902572776448e-01 8.549678560992137744e-01 7.024655945306516047e-01 5.512811874574183868e-01 6.955000997786877637e-01
4.187980199345236465e-01 3.562780191849904132e-01 1.859480958212351709e-01 6.748875770379006989e-01 2.417010836547230923e-01 4.673403746325620611e-01 3.762187923440780679e-01 5.804351880107722073e-01 2.858844863535339731e-01 3.509325616608796605e-01 7.968342776056257515e-01 1.300291202525320211e-01 4.052857360686741850e-01 7.263723876661912771e-01 3.617318874533637652e-01
3.713316345350239356e-01 2.064347932331370428e-01 1.118147212975240667e-01 2.913486874268049753e-01 1.327927236295805280e-01 2.819095979533108309e-01 2.807711452042910283e-01 5.818330485517380080e-01 2.406858462495772288e-01 2.342091446452467807e-01 6.537955474835059899e-01 8.972422595566909020e-02 3.077009029436797438e-01 4.419399603745651217e-01 3.072891980596741401e-01
1.012731426168053339e+00 1.022004307461021888e+00 1.006704242659159032e+00 1.012067549063910166e+00 9.954962819049474332e-01 1.011768556447379952e+00 9.826371353935976494e-01 9.746892528131999578e-01 9.861175707366046650e-01 9.873212290031934124e-01 1.026144702856008450e+00 9.835128683151148632e-01 1.003737647672215516e+00 9.815856537735777598e-01 1.030736387755113226e+00
-2.264272218057614833e-03 9.394531028358263369e-02 7.019746295183808271e-02 3.556886952608868113e-01 5.943759739471494996e-02 1.907186980390987996e-01 7.452946325699426333e-02 -3.359143242562459553e-02 8.903831041582303818e-02 6.556080581051225431e-02 1.359038601719688710e-01 2.101674246119866057e-02 5.754070967701793715e-02 2.271499687770877074e-01 3.581266273436152503e-02
-3.304732313996001838e-03 -1.670164894067495062e-02 -3.436371633913417462e-02 -1.609535710333986902e-02 1.405076406762566016e-03 1.319663843130601012e-02 -7.076987593012846155e-03 2.125933314697803396e-03 8.898137136348450299e-03 -2.886221756678864978e-02 -1.719698667482038451e-02 -2.277809169526022470e-02 2.405581687548512260e-02 1.037830233683913368e-03 2.058832189285544553e-02
9.873570492930405784e-01 8.602307574355204656e-01 9.897703212358590630e-01 6.090037544575422901e-01 8.921760723798732862e-01 8.433803184366368555e-01 9.055565605115780681e-01 1.004267399758727697e+00 9.143509110266101469e-01 9.363714134085183716e-01 8.286592481439005731e-01 1.036333806076889408e+00 9.561958565990490433e-01 7.935087204637595315e-01 9.642534445683540456e-01
-2.079995918592958751e-02 6.003984028303908232e-03 3.295209893561233672e-02 -5.638172992856471839e-03 3.999983554881890446e-02 -7.916508992831623390e-03 1.768231964058951909e-03 -7.974727635695320199e-03 -2.984745313211189383e-02 -1.227550254473900281e-02 -2.063270714587417051e-02 -2.132676879024358527e-02 -4.728366017413070457e-03 -2.247497875049131455e-02 3.184611808625781738e-03
9.991737394105718595e-01 9.262963325157153038e-01 9.818604740022800481e-01 6.179714317967016646e-01 9.321013881540402002e-01 8.121038506156422754e-01 9.299000937240325948e-01 9.755645547620963587e-01 8.632388294419297559e-01 9.625666205297613853e-01 8.242839618181632133e-01 9.861091545816772497e-01 9.480293135152690898e-01 7.789484139322464529e-01 9.424124514618178461e-01
1.019726521901614724e+00 9.976785351076943309e-01 1.027144562598497846e+00 1.027569879180127765e+00 1.025227754688123438e+00 1.011709216459410809e+00 1.011099990966338513e+00 9.668770784599077794e-01 1.036414628583427255e+00 9.651311640602615594e-01 9.946280935145783708e-01 1.031569252716749707e+00 9.890149855606847895e-01 1.006967858602604959e+00 9.931893323798917095e-01
4.335889629719117955e-01 2.961103725520697338e-01 1.307508905167328594e-01 6.719161737271437396e-01 2.563355748339308238e-01 4.506007403308812109e-01 3.443250905966800390e-01 6.409493001732731177e-01 2.538848833912016878e-01 3.059633827136862272e-01 8.194992886673417853e-01 1.648861842685694634e-01 4.025472446559690276e-01 7.107903068035410499e-01 3.979589561569477074e-01
9.678823574423262022e-01 8.562495850620064353e-01 9.750591096356038268e-01 5.929053717806419543e-01 9.390974712415784964e-01 8.257121417079349435e-01 9.004274797827082066e-01 9.810925937816111775e-01 8.770521674912558074e-01 9.392163429051633150e-01 8.464256679739432521e-01 9.556898913463132139e-01 9.208461674081336312e-01 7.860208262406342961e-01 9.703984131899149324e-01
6.094791142691223795e-01 8.055188871244245430e-01 8.736584878124732390e-01 7.243625989891744332e-01 8.580373707822065432e-01 7.159987601784683076e-01 7.208743707072486906e-01 4.273120755077512434e-01 8.268384259693821736e-01 6.966631554607225496e-01 3.402070521473412601e-01 8.893909328594722385e-01 7.384376698869903333e-01 5.434308585566507421e-01 6.589530496370358259e-01
5.934173510695726073e-01 7.960746877941182742e-01 8.771298650239498507e-01 6.995938459667796483e-01 8.592178834625440187e-01 7.521037690512333285e-01 7.055365398088622175e-01 4.305821914713617304e-01 7.930866912853411499e-01 7.101918261111077602e-01 3.245310907879115359e-01 8.549278703700969873e-01 6.680476349435259253e-01 5.235412046313386858e-01 6.983473333480998413e-01
6.064482524086247661e-01 7.140083120223890134e-01 8.150771787311799077e-01 2.949840626098179652e-01 7.646319614357646177e-01 5.160682549364503657e-01 6.128916955060131899e-01 3.968399787063371376e-01 6.524984074833887204e-01 6.635268243239514918e-01 1.735413857806847038e-01 8.660670233047894628e-01 6.227196597735793482e-01 2.688674349552445664e-01 6.538029422841236116e-01
1.017132202758765702e+00 9.785041395237357165e-01 9.879819528460149769e-01 9.786315392008945180e-01 9.675792439577260984e-01 9.859375287617034855e-01 9.927475886346650569e-01 1.009732639055970438e+00 1.021092333126941476e+00 1.004449750922103313e+00 9.857998121484422560e-01 1.037405447679824899e+00 9.975069773829738917e-01 1.013058933497970049e+00 1.016012214601864860e+00
9.582042792674139164e-01 8.747765271294491995e-01 9.781826889344886755e-01 6.065451287556397064e-01 9.083916197087410493e-01 8.084436505733197942e-01 9.300924391256717438e-01 1.002153796502487149e+00 9.088436418954316531e-01 9.314104333372973388e-01 8.592215325716701102e-01 9.626783647485411821e-01 9.449185113977728312e-01 7.680326101005716666e-01 9.735595578896338864e-01
3.909930595160823197e-01 3.033111558645759098e-01 1.646152242614335459e-01 7.190734773494628085e-01 2.363065224804185849e-01 4.410750974337835917e-01 3.791402435568907991e-01 6.039520279830969951e-01 2.549164874012631032e-01 3.466009623138852636e-01 8.358695848901052106e-01 1.300973542764764512e-01 3.618249385232877313e-01 7.233878142093901342e-01 3.702668233559940347e-01
5.943146323992058999e-01 6.993430368371778005e-01 8.449652267286861251e-01 3.099298317040480866e-01 7.586693805404849389e-01 5.450662793875855616e-01 6.450977890444379304e-01 4.369734505961422877e-01 6.532538037172528345e-01 7.156111007789019984e-01 1.821490727911911633e-01 8.842799722521498262e-01 6.618412899531279647e-01 2.570692173280226256e-01 6.192520684603589620e-01
9.901641989754552675e-01 1.002909520511306329e+00 1.017263064423466812e+00 9.815542549156044405e-01 1.018220767473276167e+00 9.921155319450574162e-01 9.717137282842590595e-01 1.022608931953152611e+00 1.002466621212061426e+00 1.009529006729981138e+00 9.859434109082869657e-01 1.006511586477105480e+00 9.772808599644765559e-01 9.713227374463009323e-01 9.726403734465359774e-01
5.576263104981860064e-01 7.309239783103924637e-01 8.650380028212126815e-01 3.400507278693959967e-01 7.337915728845302299e-01 5.379006891468945950e-01 6.362036828836001856e-01 4.260508644904644759e-01 6.953638500964320901e-01 6.655972401422017848e-01 1.735594456319132228e-01 8.974555191950978061e-01 6.154423992476599770e-01 2.888474051272927334e-01 6.190319415709427675e-01
9.835982382277801417e-01 8.800983136037778820e-01 9.951294185707361128e-01 6.442250788290064811e-01 9.239113914766825530e-01 8.477867098930633727e-01 9.156066796149117115e-01 9.741389557843429525e-01 8.848649508991139889e-01 9.434438851821751459e-01 8.912789530806417559e-01 1.014942520354984223e+00 9.514337124764178366e-01 7.204740896894339386e-01 9.339543070554796600e-01
5.922018323038051868e-01 7.271168855382340590e-01 8.348748125052449787e-01 2.635208693346386410e-01 7.610804356482484545e-01 5.598819034209556733e-01 6.116988554418764101e-01 3.755726057022546471e-01 7.205866531589737445e-01 6.509571149814887825e-01 1.897669546570654731e-01 8.588547687171508294e-01 6.352074592690154509e-01 2.696947030614253449e-01 6.593952809104710600e-01
1.496851336728447293e-02 1.196651873617386314e-01 2.565232148415997476e-02 4.496508752489064564e-01 7.929219510577985297e-02 1.655756721963430600e-01 9.234362105588275749e-02 2.544652537824375685e-02 1.237595792054917293e-01 6.900444611780874593e-02 1.191357408881715263e-01 -1.081440195826804257e-02 6.060973929114448627e-02 2.594091203650462640e-01 6.473959006600016330e-02
5.632238901800136199e-01 6.688529204852908805e-01 8.722580512129924912e-01 3.009418802527074055e-01 7.803602187705449555e-01 4.755003025689384932e-01 6.124879268944813937e-01 3.868394661944158375e-01 7.076033102486045667e-01 6.854232841869727366e-01 1.829673891811717523e-01 8.591768865271414146e-01 6.267477848363173232e-01 3.006343761419842386e-01 6.295503686134187316e-01
5.732232840162302390e-01 6.883635576933602174e-01 8.603006910781679784e-01 3.437452527966626814e-01 7.643730294472282916e-01 5.416807639402672070e-01 6.023143196417041212e-01 4.089670832825906821e-01 6.933738122275833193e-01 6.754496761379769065e-01 2.081745392497910130e-01 8.714327947412467967e-01 6.204563969956743419e-01 3.007565018761463316e-01 6.603567251336854849e-01
9.843332995167631827e-01 8.957048551469711795e-01 9.680350320782176166e-01 6.113133184724498514e-01 9.153856461288403246e-01 8.267533339611824461e-01 9.521251624051594309e-01 9.732271967576787697e-01 8.737038636723347684e-01 9.458442114550378310e-01 8.842354624214617820e-01 9.730952983618464947e-01 9.486416208514972803e-01 7.867752800258185353e-01 9.428509095690230657e-01
5.847540574268746960e-01 7.144840491627031387e-01 8.413179083858466356e-01 3.110426623760685350e-01 8.149386920920095312e-01 5.649501604482584094e-01 6.062988265227081675e-01 4.343070417584182774e-01 6.880699251915028958e-01 6.729018664703113606e-01 1.765396011180486169e-01 8.667668201907983150e-01 6.535728750726434999e-01 2.744262066888872864e-01 6.949789501467449337e-01
4.241830534120328844e-01 1.933290911966204784e-01 9.120114952345881321e-02 2.699547671660166293e-01 1.552888316281635372e-01 2.657632778998105794e-01 2.850139296267071298e-01 5.865872079028359165e-01 2.156929682152667893e-01 2.505706863718497601e-01 6.887920249355239388e-01 1.357535933897278946e-01 3.168343949446786323e-01 4.838722708289681651e-01 2.977299166037180589e-01
3.931309866902111261e-01 3.316650984938204205e-01 1.287517212971869829e-01 6.969116378713615667e-01 2.358152751779876988e-01 4.915980571945166577e-01 3.958292204875035192e-01 5.826551454387020046e-01 3.148846053090090247e-01 3.170907401518162638e-01 8.320081664439739066e-01 1.220645964361663921e-01 3.720574108135291658e-01 7.164532511483249211e-01 3.595601024351365305e-01
4.147777891385552307e-01 3.216663647182353980e-01 1.422083623554415976e-01 6.895802200634739698e-01 2.422748322425386236e-01 4.534849902902833851e-01 3.947388818244485509e-01 6.165450470602730215e-01 2.968963369951192477e-01 3.373954800621752348e-01 8.328446166318996813e-01 1.060616986280758928e-01 4.025022129942524840e-01 7.050244548855724158e-01 3.396512993583825080e-01
5.921669658848021101e-01 6.789338647277416428e-01 8.521381569023793734e-01 2.661715640607370537e-01 7.905005538725918823e-01 5.504238649470916123e-01 6.023427928807947307e-01 4.119777088210843652e-01 7.179386466408088641e-01 7.023100798357921892e-01 1.693312958283179903e-01 8.547444777570135654e-01 6.630475200655663315e-01 2.762776849487361686e-01 6.302111397555478778e-01
4.179998329209145824e-01 2.846130649136904278e-01 1.549565375050767635e-01 6.918613558798935026e-01 2.476074491963616564e-01 4.441198123946225595e-01 4.304384422380736486e-01 6.101250141717324826e-01 3.229670794124460675e-01 3.073766231100448221e-01 8.314578937293511940e-01 1.172276537188623041e-01 4.133137208142614316e-01 7.152852565676687258e-01 3.368097055741500756e-01
9.928884969690705553e-01 1.005643715579313424e+00 1.022226819650769780e+00 9.864512972700614224e-01 1.020201090354409867e+00 9.808754256187303122e-01 9.728142874549177144e-01 9.934670497503794717e-01 9.817472356573090364e-01 1.035219977187380902e+00 9.873081728833961179e-01 1.011410342919313088e+00 9.964042260194511114e-01 1.030732969415649736e+00 9.878591747658435063e-01
1.011377605524576451e+00 9.863388685132103983e-01 9.878489431423393974e-01 1.037344210127090882e+00 1.000975142841644017e+00 9.762019723917920722e-01 1.019971931126737230e+00 1.008349312442332613e+00 9.637859209003478700e-01 1.012295781726811894e+00 9.971273556001243321e-01 1.008254494444815297e+00 9.743347373455902849e-01 9.967490344524736479e-01 9.748393521889311408e-01
5.698839793191836645e-01 8.156240747849408113e-01 8.462816520601991188e-01 7.185127576065214461e-01 8.686534389244697785e-01 7.181838719084909783e-01 6.990815438425156403e-01 4.116734322051297523e-01 8.153419586852940215e-01 7.139680677931821151e-01 2.925719163525385413e-01 8.527521392792631882e-01 6.810791581132618067e-01 5.289743813642662218e-01 6.932831109046942997e-01
1.008357278696318859e+00 8.971060261446021089e-01 9.646711040964267569e-01 6.080480643177865741e-01 9.211547598087929112e-01 8.386093777602552368e-01 9.146932682329950159e-01 9.801473894206244042e-01 9.116194548114402441e-01 9.447584230974983566e-01 8.505936994568721321e-01 9.535392264111779426e-01 9.597757049164743481e-01 7.419684058196833742e-01 9.558201759678797149e-01
6.072454435756071689e-01 8.292453642202257669e-01 8.831853169728048902e-01 7.137577613123804454e-01 8.044315928498700918e-01 7.230661181013633421e-01 6.537557171908896514e-01 4.437968253512089012e-01 7.883622855505655336e-01 7.808314520677120951e-01 3.116265417472600108e-01 9.086380571140940665e-01 6.415067910183995803e-01 5.445412348691519577e-01 7.067692522740628425e-01
5.611016449611737622e-01 7.902168234768325306e-01 8.615409867405964262e-01 7.222266132427584973e-01 8.499794929407078481e-01 7.393295878001918675e-01 7.056008857217485053e-01 4.032488551071787275e-01 7.962761583211042105e-01 7.795693645295811436e-01 3.469654055895938227e-01 8.502894060839695234e-01 6.905455930909198958e-01 5.188730137935609887e-01 6.783186664658682474e-01
9.819688603581692155e-01 9.548473680020813648e-01 9.874494373975785111e-01 9.984574448930617629e-01 9.878097776534622287e-01 1.013102326927381114e+00 1.029498549183619049e+00 1.002617043039763622e+00 1.021683832490696275e+00 9.996123427130224615e-01 9.800593726848124687e-01 9.730851982853601090e-01 1.018147079804152533e+00 9.962440309766369406e-01 1.017692406232163949e+00
5.948319262871731850e-01 7.935642798424766831e-01 8.847626374720783948e-01 7.372025115902944847e-01 7.912820171165173555e-01 7.428765551739822115e-01 6.884802905073624801e-01 4.180670660661849891e-01 7.374669366391006786e-01 7.839646218639049202e-01 3.280537933278801499e-01 8.483089300022670365e-01 6.584537066991911214e-01 5.147968312463305773e-01 7.300897024898282961e-01
5.057060835149895794e-02 1.236584029374480920e-01 3.410317627628350196e-02 4.018262482761009724e-01 5.332320819907069437e-02 2.052211639022036849e-01 7.751252204893145648e-02 6.292782697626413471e-03 1.245435652761809620e-01 3.876810482344651698e-02 1.558823452751938732e-01 -1.844918790654971608e-02 7.479995868145412896e-02 2.620355032648544746e-01 5.468725657309969623e-02
6.261790312412508497e-01 7.931424632565361454e-01 8.992542544584855024e-01 6.788920065255201752e-01 8.581967142886077760e-01 7.425069713008234373e-01 6.823921254814476756e-01 4.210321243614597586e-01 7.888955124009361386e-01 7.459297584085712307e-01 3.224712463148490249e-01 8.774406629231235044e-01 7.030034306475504424e-01 5.324133294924754400e-01 6.808521362734830662e-01
1.007515066144602622e+00 1.025346901448525694e+00 9.959622887782584311e-01 9.956968267554424656e-01 1.013784572808909878e+00 1.007248805665565072e+00 1.025750516054480865e+00 9.897472758172503049e-01 9.658495505876779630e-01 1.006697509047880024e+00 9.803233489308487147e-01 1.003133097903194493e+00 1.001205493401381430e+00 1.022249176761002687e+00 9.901198427192648976e-01
6.013483204098565293e-01 8.313240787801999820e-01 8.529841194694653961e-01 7.234530917754324886e-01 8.221343413086749097e-01 7.577209937505405835e-01 7.251350350574335968e-01 4.376263782324938401e-01 8.265275195859345114e-01 7.285984138257093345e-01 3.417079386795487950e-01 9.005747326475191938e-01 6.713207518623762748e-01 5.353078447541497198e-01 6.561497764007286904e-01
1.000900718131804770e-03 1.129517099843625610e-01 9.280289669722888851e-03 3.825785152667214861e-01 8.989414560760117245e-02 1.681339187996287454e-01 1.055694897022291245e-01 4.619179419338868831e-02 1.084825283685036390e-01 6.428443289857739551e-02 1.348864964468992900e-01 7.393961262753653146e-03 7.839829215744913149e-02 2.689715450251128903e-01 4.999922211103326880e-02
-7.114877401045932928e-03 2.072839921181636545e-03 1.205461575305079129e-02 -2.413810937746275684e-02 3.206417175527002256e-02 -2.176261742304143668e-02 -1.382788953774580741e-02 1.553062326931552856e-02 2.914984501082195506e-03 -9.555324171231468263e-04 1.023535395854491444e-02 -1.504680596568089279e-02 -1.427696168081648773e-02 -2.747231739446269992e-03 -9.988795156834660242e-04
4.301765039568807292e-01 3.069161253133423362e-01 1.609318522968408161e-01 7.261140774811328802e-01 2.213734888699101788e-01 4.364175076699178257e-01 3.629216192430076426e-01 5.668609118657477186e-01 3.088589267358470281e-01 3.217432881657077970e-01 8.196704838155730588e-01 1.852782627777326829e-01 3.762788857442875279e-01 7.281329840553154575e-01 3.448459285742609404e-01
9.646552599426533314e-01 8.864397646458633817e-01 9.898907075186741400e-01 6.255369116843970678e-01 9.288936416303996690e-01 8.289015651941159524e-01 9.256793356366104231e-01 9.978211859250434301e-01 8.621750975202037148e-01 8.975912523386901931e-01 8.468045590417969670e-01 9.895075804077146930e-01 9.426404872449515304e-01 7.678414640346461484e-01 9.846903882735612568e-01
-2.199982323689004746e-02 -2.265023486732072738e-02 -1.893946886157035769e-02 7.743091694839989922e-03 1.594849628526499039e-03 -4.160796351384157474e-03 -3.907413854596237732e-03 1.094482312567807668e-02 -1.318474099082661381e-02 -2.424487432880329581e-03 1.126823474516317446e-02 9.270664604773430628e-03 2.061549417807660191e-03 3.121784201114344206e-03 2.253893931988416865e-02
9.713917001267527995e-01 8.693798758107317282e-01 9.687258057525400812e-01 6.117869785839720187e-01 9.077424968266972760e-01 8.337406762995122067e-01 8.991960249998657284e-01 9.888240060342421422e-01 8.991784737282367823e-01 9.388986895653392839e-01 8.550577013363562795e-01 9.537279481064213638e-01 9.219356836667201849e-01 7.616343915973364798e-01 9.526685795747139585e-01
9.633271920357056040e-01 8.878858244393528221e-01 9.638668852915811547e-01 5.986699900766061511e-01 9.324139213367392820e-01 8.157334567151530713e-01 9.485930446961410301e-01 1.008153481621374858e+00 9.154439602157775635e-01 9.617801856123933124e-01 8.717568154158912286e-01 9.897752468490071953e-01 9.373423764542978542e-01 7.579904346569255047e-01 9.510566616359528158e-01
8.146314092997984299e-03 -2.052613668007617978e-03 -1.287609251106673451e-02 -1.072875074242286668e-02 4.032476910810431532e-03 -3.203207762287108018e-02 1.834422805703078002e-02 -6.585449670339888796e-03 -2.402866119891578466e-03 -1.913789499026987209e-02 2.952431174704428854e-02 7.582292573245085106e-04 -1.069483745935246276e-02 -2.217742541501476969e-02 -1.541780899002178663e-02
6.069146481428119300e-01 7.948989944357659487e-01 8.976957614145425479e-01 6.774921804072152609e-01 8.414381507568764462e-01 6.704200338221889544e-01 6.848697773857727045e-01 4.131379343507392554e-01 8.372295016046344962e-01 7.677900287206573804e-01 3.708292595762004984e-01 8.488923754129069632e-01 7.113100275750700030e-01 5.147686368611783525e-01 6.859481918862919692e-01
3.952845457838043419e-01 3.101026105153370516e-01 7.928513712701386329e-02 6.618636717342442077e-01 2.712105674074163919e-01 4.233146745129648947e-01 3.668764379781204732e-01 5.724802271073329285e-01 3.143072743960911297e-01 3.264144199489282805e-01 8.067321761613999165e-01 1.029764432274944685e-01 3.306096691651096431e-01 6.788586924054352822e-01 3.579441244618547513e-01
1.028101693886711354e+00 9.796637876509347587e-01 9.940468510868062380e-01 1.010342285865282630e+00 9.804699125963522999e-01 9.863718333391452431e-01 9.825787844562411388e-01 1.009683276239973004e+00 9.895119138733571296e-01 1.001295372128261585e+00 1.012928727186880096e+00 1.007954378102176252e+00 9.940853714099207039e-01 1.007153856041066886e+00 1.050274888681528962e+00
4.093708489210092782e-01 2.035124505424749375e-01 6.137843507331531417e-02 3.290064937453728855e-01 1.608081899423737249e-01 2.983844776489462114e-01 3.148157909286575240e-01 5.653032747435522420e-01 1.949884519483806866e-01 2.599200952259066999e-01 6.794084482361287813e-01 1.399251471180878725e-01 3.364824693125207378e-01 4.926157129249202349e-01 3.108290270636100971e-01
1.508388191042787409e-02 1.820968764150921598e-02 1.658814233044716285e-02 7.148827187191414238e-03 -2.581341240084912211e-02 4.487314271044838543e-03 -3.911534899975937368e-02 -3.597307822912959585e-02 -3.812141726009359716e-02 -1.061649070933637015e-02 -1.530542403882083867e-02 -2.944451257868862734e-02 1.909215458390194423e-02 1.758112940159670470e-02 6.173514510264770496e-04
6.009667406433690795e-01 7.886336788758846472e-01 8.564256958973377465e-01 7.081090600517899736e-01 8.574366679949463332e-01 7.496942019759325060e-01 6.621383720415261465e-01 4.291093220691268306e-01 8.326406389028870869e-01 7.196102256424601329e-01 3.380800305191781763e-01 8.691322910648706657e-01 6.851380809977110076e-01 5.171066057651513281e-01 6.995421191532780192e-01
5.995219744085704683e-01 6.608401260750496053e-01 8.348663281993451424e-01 3.010493530877679791e-01 7.599906869603643145e-01 5.266725829212698384e-01 6.424691868957362884e-01 4.063872865037629900e-01 6.926815766828116061e-01 6.636488945478781210e-01 1.768526030441116004e-01 8.596953830834619392e-01 6.083350188046694473e-01 2.635062848898279686e-01 6.179654815288183611e-01
3.906192984183358141e-01 3.038151155588311725e-01 1.620972237924543369e-01 6.809540709296557637e-01 2.258983639786631969e-01 4.232675340991279289e-01 4.026757083275138704e-01 6.205051579052134336e-01 3.094635746057634029e-01 2.806387588786207754e-01 8.088260523054007223e-01 1.800350752824060874e-01 3.514472207996382491e-01 7.214282236145115323e-01 3.688648583808105674e-01
9.939522147975768940e-01 8.581952365568804586e-01 9.397981174166402107e-01 5.854941788184072626e-01 8.994375081066570132e-01 8.052425947968178122e-01 9.156337286616523796e-01 9.682742979869943811e-01 8.956405444629499391e-01 9.120509112081435221e-01 8.449177907552447575e-01 1.004906594444992862e+00 9.335614484373820909e-01 7.740586400896617425e-01 9.483572514286554567e-01
5.809967583921694656e-01 6.820669735648922094e-01 8.348764857672416051e-01 3.161300563751663351e-01 7.588653346262961286e-01 4.998011644022694044e-01 6.250133950267900973e-01 4.264255358974579080e-01 6.762169030625518884e-01 7.028956297860305957e-01 1.775011736627404857e-01 8.509201718665034830e-01 6.423016267096823828e-01 2.666368285586018794e-01 6.350992968187232357e-01
2.399214311419394993e-02 1.779737154811771027e-01 6.386462029225696557e-02 3.842857737927867778e-01 1.160560701038427234e-01 1.909212929516475865e-01 8.253235106535321275e-02 -7.947535059365490318e-03 1.537455825658602115e-01 5.778531219794434681e-02 1.591825071118800894e-01 -1.326830099502081597e-02 4.433931878877275801e-02 2.294110028680982627e-01 5.665906118269389141e-02
9.836576843566318118e-01 1.032970185938236085e+00 9.668465066798248575e-01 1.011045821355386343e+00 1.016564418718656437e+00 9.642157608638675104e-01 9.784302982506816182e-01 9.801160070776483435e-01 1.002734744638932751e+00 1.024115882644136777e+00 1.003203926195911588e+00 9.784254298680982176e-01 9.826747458673878999e-01 9.689595106824270276e-01 1.021530694903445280e+00
3.784663186857969430e-01 1.883477081118603569e-01 1.154534284167771235e-01 3.056673460018007327e-01 1.520740695202532911e-01 2.661328624778676599e-01 2.819886284743750027e-01 5.910258967504130601e-01 1.836791347382414619e-01 2.713966028354700133e-01 6.710468963150602040e-01 1.039623463973233519e-01 3.313189731477199085e-01 4.629235413862590187e-01 3.336159118476395569e-01
-2.049749961652149940e-02 6.309313655352269401e-02 2.207179798470468302e-02 3.531698402534250714e-01 5.529626268192390504e-02 1.934027610001136377e-01 1.029118415914345996e-01 3.732550718252288652e-03 1.021832770742493596e-01 4.332501251959833266e-02 1.217302736842685723e-01 -6.337819687121549507e-03 4.610744994239884820e-02 2.097077174592855420e-01 7.718482973248197432e-02
1.007156103424121207e+00 1.008442028805242474e+00 1.005083584246244888e+00 9.988294493486233883e-01 9.913963600589421610e-01 1.009450119327535145e+00 1.011093783924842171e+00 1.018269873861144648e+00 1.030578189347754581e+00 1.057830669768166088e+00 1.010959758533117814e+00 1.006231393470680135e+00 1.039736571673589571e+00 9.960413562379664132e-01 9.901689681589406211e-01
1.016203963542209987e+00 9.588116076219160844e-01 1.009311682915648323e+00 1.026634305777306189e+00 9.930940919746760187e-01 9.989287149464519677e-01 1.006024928577697430e+00 1.014714035204766995e+00 9.926996027182468652e-01 1.001148369707710151e+00 9.448510910840853816e-01 9.924067562630302097e-01 9.958978922759964547e-01 9.661332233927805158e-01 1.008867804895272391e+00
3.907044342140214011e-01 1.801839341297495345e-01 1.249588232951001632e-01 3.314779351312180378e-01 1.588071699254695046e-01 2.763414017535684164e-01 2.998518262536798429e-01 5.964044669049319847e-01 1.846652493517710047e-01 3.134423224054360690e-01 6.548725315472911923e-01 1.112912558111569250e-01 2.828447995288057570e-01 4.901236219757018620e-01 3.268907705651889484e-01
4.014776665666338062e-01 2.907905119402120486e-01 1.329276548367200328e-01 6.904521673031741580e-01 2.454975925845610252e-01 4.410338347343259469e-01 3.449837488007427289e-01 5.936175015755841278e-01 3.055120440404729965e-01 2.797970631168351652e-01 8.113585139467544005e-01 1.504395276291655981e-01 3.972371745171797697e-01 7.303322486703274219e-01 3.766977928323552161e-01
-2.520460174963216893e-02 -4.240186390450067372e-02 -2.015990523291986275e-02 1.685909778871289705e-02 -6.847784827524842043e-03 1.458473726365011255e-02 -3.321663309857701436e-03 -2.274307512278247664e-02 3.042474097645078961e-03 4.860292667881674876e-03 -3.718403563708231468e-03 -1.789918480120837336e-03 1.198476648431175823e-02 -9.921249471415019908e-03 1.945876377448196165e-02
5.832808139488767640e-01 6.801597255661425701e-01 8.568186890135099931e-01 3.040855216403655636e-01 7.285982966881812128e-01 5.321511657816967444e-01 6.247321572986355154e-01 4.194122633493810315e-01 7.094947419209819417e-01 7.181865087351869681e-01 1.691463297098570462e-01 8.273999224711087175e-01 6.267686962199870981e-01 3.070807777037805608e-01 6.164216913596679559e-01
6.105616084011721290e-01 8.140316319371971865e-01 9.143991770797021967e-01 7.015042959736347283e-01 8.464630402584442104e-01 7.298182566627106072e-01 6.386462791436182673e-01 4.159728485067139547e-01 7.488691590186107305e-01 7.632567778387826518e-01 3.439757331768164561e-01 8.705677583358328864e-01 6.765656096745201742e-01 5.522691561276630301e-01 7.197705777201955923e-01
1.411562702013728632e-02 7.900124648732341492e-02 4.240225185077586834e-02 4.252101733726551536e-01 5.170711412222728232e-02 1.556763175631522278e-01 7.770885059511414839e-02 2.061568318837134900e-02 8.562925650154172563e-02 2.859735873153532865e-02 1.469939373427937568e-01 2.234184080341151610e-02 6.866668682166106319e-02 2.601911193236602915e-01 7.548078281484056629e-02
9.714291934712253607e-01 8.807188201142386319e-01 9.489465434665655952e-01 5.887583004831890010e-01 9.073893208321142101e-01 8.160460593508672700e-01 9.204378679640401462e-01 1.012509866487855126e+00 8.871425542998372382e-01 9.306637539937414605e-01 8.304084691921996830e-01 9.642485078418843170e-01 9.420240183472843309e-01 7.504382289674608186e-01 9.194158139380902428e-01
5.805396497115544729e-01 7.192649053724652353e-01 8.298270166478874943e-01 2.927376234856226001e-01 7.797626480943850025e-01 5.357053448131297024e-01 5.957095950168895815e-01 4.192009995407252609e-01 6.721924454022354389e-01 6.562661273741526857e-01 1.977913214149816246e-01 8.769554184078760528e-01 6.170530847998343393e-01 2.947981925287948002e-01 6.517462340052752046e-01
6.129667920610408771e-01 7.828079658764757198e-01 9.118720757726861414e-01 7.167982634559175725e-01 8.579190376487181302e-01 7.105055445564351091e-01 6.777584708585940865e-01 4.158941807959678494e-01 7.885458499781186070e-01 7.241321864196553770e-01 3.478587949721502204e-01 8.956227288443572299e-01 6.734055234056465222e-01 5.154327048153218849e-01 6.847270882396102598e-01
9.644766779626110509e-01 8.765302880162934018e-01 9.377104825630347973e-01 6.270622252692606979e-01 9.152899702579339047e-01 8.111864799813347515e-01 9.400000941372838037e-01 9.509068332811420055e-01 9.436746982238753967e-01 9.439439725838711936e-01 8.515475778874844748e-01 1.026542221341460115e+00 9.627375909881528138e-01 7.472122494673583137e-01 9.313960394265251574e-01
1.730125480551424760e-02 2.546037254824467036e-02 -4.363138854105834408e-02 1.446161504041927788e-02 8.759765815455714325e-03 3.994383275490683005e-02 -2.394038084249256251e-02 -4.616104841165959149e-03 -2.685485594070355017e-02 2.563924140334120083e-02 -9.145261545050313925e-03 -2.019884506972837238e-02 6.916911740575730494e-03 -7.920538322616056670e-03 1.094050562007027431e-02
5.961288658009247232e-01 7.767480601429764819e-01 9.037186489182609250e-01 6.764322553813710837e-01 8.833310466330001054e-01 7.362325199207633286e-01 6.907571557847199673e-01 4.502890581286372873e-01 7.622641091437557526e-01 7.427692509684490352e-01 3.340357924132824619e-01 8.569223923737407933e-01 7.131756618741903475e-01 5.172512085212777055e-01 6.874354145340689781e-01
3.916990968356690583e-01 2.022848192942038326e-01 9.480540538538545503e-02 2.690593987908394547e-01 1.516963751638009117e-01 2.872583396098479236e-01 3.184489197447789022e-01 6.015469521624862148e-01 1.930926130929660478e-01 2.692519972607136380e-01 6.941096024643329532e-01 1.797701278543732406e-01 3.010328274105212309e-01 4.547311978256486920e-01 3.059327188450930990e-01
3.823839851867704143e-01 1.968409355647840753e-01 1.398481543610849420e-01 2.903407607102636567e-01 1.392959947959349076e-01 2.573797108792216792e-01 2.861592662842274981e-01 5.544916903002905517e-01 2.172233774372441251e-01 2.678936437812057259e-01 6.603815558961224630e-01 1.015715340133115790e-01 2.716812913978151611e-01 4.540432870475083482e-01 2.665264784003176790e-01
4.109145332989426747e-01 3.324066923639051319e-01 1.168292582370672184e-01 7.252606162399832801e-01 2.719406240954970189e-01 4.594036304799808401e-01 3.889024571312167389e-01 5.716902776506536110e-01 3.323682469465011891e-01 3.274191905571153249e-01 8.708212672262327647e-01 1.015160577129493730e-01 4.075248891088936731e-01 7.240156450818596712e-01 3.815938874987218621e-01
6.347955348489250360e-01 7.946055945432791701e-01 9.033855062291004101e-01 6.869004288199508368e-01 8.034119271849516908e-01 7.076309953992948598e-01 6.873684356054441391e-01 4.574578779360813363e-01 8.128078777249450049e-01 7.485027290976787873e-01 3.371859770170829718e-01 8.782013796951774198e-01 6.614603821224482871e-01 5.418412480630371286e-01 6.987133421636735342e-01
6.155921249640053938e-01 7.989739357182799040e-01 8.902320768191540612e-01 7.111245376853673195e-01 8.429901733998441671e-01 7.625886594208530767e-01 7.237696105151245618e-01 4.544555998432086019e-01 7.936164158560778947e-01 7.474735385470057114e-01 3.218482892910747295e-01 8.519043996866495494e-01 7.007816374382472846e-01 5.451245673683446924e-01 7.098106321239037175e-01
2.153538400042535189e-02 3.770569926181193028e-03 2.905644728534402185e-02 9.323691291869688411e-03 2.000385021107185801e-02 -4.495987665856265858e-02 -5.413515727093602160e-03 -8.534275461568565507e-03 -5.309821772403785188e-03 -2.329695515501791544e-03 -1.505892342592119425e-02 2.240017799996966985e-02 -1.935950216252542780e-02 3.379174717866963856e-02 2.282482351259904063e-02
6.379349246251515559e-01 8.108996709938358638e-01 8.715139817694781410e-01 6.803697823694782043e-01 8.440010940262986372e-01 7.324169637925456167e-01 6.772201699393257668e-01 3.982598614315457919e-01 7.959270714320720863e-01 7.198497931884467738e-01 3.086498491508369857e-01 8.675062386500144163e-01 7.120660018548505832e-01 5.138018546396618813e-01 6.549350414816232924e-01
-1.020020788511631464e-02 -1.548927552722260091e-02 -1.821178530750874880e-02 -1.737862141564036622e-02 2.642947713853765340e-02 1.774545490454967900e-02 1.184456375355201312e-03 -4.026564893821437535e-02 -3.965733894150178657e-02 3.543126348283433518e-03 -5.537194055097317824e-03 1.729785153106014328e-02 2.656443498690487168e-02 1.204796586442717123e-02 8.433208652751690571e-03
-4.385527332599926942e-02 4.164072097768937476e-03 3.502653807186779239e-02 -5.076583455284649354e-03 2.173701372057722236e-02 1.061136300197701096e-02 2.972017111007265247e-02 1.171808061231311739e-02 2.479347487634608188e-02 1.253991275946293726e-02 4.305373836658686615e-02 -1.130876727246947315e-02 -1.992881489740655140e-02 -1.615366059521847891e-02 -3.785020212254706917e-02
5.597145359369505302e-01 6.561907877302445291e-01 8.381086204287069297e-01 3.119694959515987853e-01 8.024135115351287428e-01 5.474864758511428509e-01 6.169102796284829937e-01 3.876926474605998374e-01 6.906124469778134323e-01 6.750883854813924945e-01 1.605790656306038400e-01 8.718242522149642904e-01 5.849172743231217941e-01 3.338555105408058665e-01 6.199477569264227883e-01
5.893739396302692946e-01 8.188759861177924426e-01 8.694711347266694812e-01 6.983511140318090504e-01 8.466821398238575380e-01 7.157772538723856659e-01 7.147093747409341002e-01 4.194912915033350287e-01 8.013608186125268373e-01 7.572501670274474073e-01 2.920621176651951867e-01 8.858577537102819699e-01 6.944824627224328584e-01 4.957762191412720121e-01 7.251539419793689989e-01
3.775230386385589054e-01 1.662787991915096464e-01 1.094333990625698944e-01 2.976478933181371800e-01 1.909449666138527402e-01 3.077291999514398801e-01 2.938909133221753178e-01 5.369317013123494631e-01 2.204124697000764133e-01 2.427274157418799760e-01 6.629122042080700661e-01 1.363732100865107377e-01 3.009793082733609459e-01 5.113544386248290996e-01 2.796247950318284659e-01
3.338051881637581902e-02 1.569812640398496051e-01 5.074319664848447181e-02 3.699572492476301266e-01 6.598456132012144038e-02 1.779279211488902224e-01 1.110920840412628618e-01 3.422791535751908143e-02 9.399057030299091953e-02 5.690212958382971642e-02 1.500176500101461918e-01 6.198234821145718471e-02 6.389051290151717688e-02 2.715653623086275448e-01 3.270145644076048741e-02
1.009959932281210948e+00 9.722625831380415917e-01 9.707865938351838420e-01 9.628807551588347557e-01 1.023270791734199658e+00 9.810197837519890607e-01 1.001168202063876578e+00 9.661586584278440970e-01 9.893291356560685035e-01 1.010177939649230971e+00 1.005330899037779835e+00 1.015752777282101116e+00 9.787609657309703781e-01 9.956520971467064385e-01 1.014714020854188714e+00
1.014060476047883297e+00 9.751878289772076824e-01 9.491993459281292678e-01 1.000218335380251400e+00 9.834755409519286840e-01 9.909150496886096615e-01 1.000815129932297820e+00 9.975313325619800109e-01 9.945205215614515426e-01 1.015883598947689093e+00 9.879946622463644523e-01 1.007818469502853365e+00 1.026817754048796605e+00 1.006388921928314639e+00 1.023327223127122876e+00
5.804816503977846542e-01 8.381237134632327779e-01 9.232646378115290098e-01 7.328319850503278721e-01 8.577169161177613521e-01 7.021517117586130174e-01 6.851654786059950819e-01 4.186134672139007473e-01 8.209536744519171370e-01 7.146415830900647581e-01 3.399289677679658284e-01 8.432547430773095209e-01 6.804542426308963776e-01 5.193516537875991768e-01 7.025053208773458513e-01
5.664989014784930221e-01 7.072923557264917394e-01 8.569372137240475196e-01 2.919741110136907514e-01 7.296405616026725438e-01 5.431217388862175088e-01 6.253493417723299252e-01 3.765025190996480475e-01 6.896890761951323112e-01 6.856232269246673727e-01 2.192280889226237983e-01 8.506163061428828609e-01 6.226657512715472187e-01 2.885252813333483712e-01 6.502832841544583520e-01
5.939767827863610128e-01 8.096168310176126148e-01 9.014214107357156891e-01 7.195600851058844283e-01 8.514333853551786513e-01 7.749220821076763244e-01 7.022206675403535048e-01 4.299210436899202903e-01 8.155868804732241406e-01 6.953145769347396365e-01 3.279540419095027248e-01 8.765679908784562713e-01 7.099053115651773327e-01 5.174267679720460089e-01 7.041128369284539446e-01
9.475658826760174902e-01 8.899203398245119079e-01 9.758595954364049918e-01 6.034533283936948100e-01 9.348923032961540258e-01 7.844663184397123734e-01 9.335106230928901239e-01 9.391630034786071501e-01 8.531298760026631012e-01 9.434009684670403573e-01 8.764177750406482170e-01 9.742296258900792205e-01 9.486330989429389016e-01 7.726621916876810214e-01 9.525108604086918174e-01
4.100163328376765226e-01 1.947262531279434217e-01 1.331059221320798347e-01 2.940811876457394836e-01 1.346218459701293002e-01 2.585112424611345494e-01 3.214719368864041305e-01 5.786029209959928643e-01 1.853631307001090689e-01 2.776913825714451001e-01 6.648273841909433379e-01 1.483780540499793077e-01 2.808409725065564855e-01 4.834001598892829765e-01 2.991149758159624694e-01
4.269926780474854744e-01 2.979509624432450932e-01 1.466987177999140024e-01 6.928433067935330092e-01 1.992868770577257420e-01 4.485610705480111426e-01 3.778169220376801918e-01 5.685729796425066374e-01 3.222775295282349073e-01 3.005172705632266905e-01 8.111768549388200800e-01 1.126057936663782399e-01 3.997657307417992190e-01 7.151366991613086199e-01 3.809578517248617402e-01
6.174196346417565318e-01 7.992312430294807868e-01 9.029638570780887941e-01 6.688866636197088322e-01 8.658991750133253618e-01 6.947898610511296091e-01 6.804408652016971093e-01 4.464536953430569555e-01 7.883679532373424337e-01 7.199514780067898245e-01 2.961443809427591889e-01 8.581512376419739851e-01 7.585213191281573453e-01 5.458055252701974336e-01 6.807620172565096439e-01
4.196704105265243734e-01 3.431689380807312340e-01 1.419436842109257635e-01 6.813623460139394128e-01 2.160926237372514380e-01 4.213771443703823172e-01 3.780068703816610864e-01 5.827262650137088329e-01 2.944856119780865922e-01 3.171312554313476251e-01 8.236495623093170737e-01 1.607172552144036648e-01 4.016240274180332692e-01 7.061150872954479185e-01 3.522596327986199372e-01
3.910201143387297407e-01 1.744679550148106606e-01 6.149760985750966913e-02 3.191576720844709336e-01 1.433855695915644268e-01 2.927153403589543013e-01 3.091497191743549644e-01 6.219768853238935025e-01 2.326400172253824949e-01 2.538585999160098972e-01 6.427165996222361510e-01 1.575938226700638045e-01 3.032018131053227927e-01 4.433467680883573236e-01 3.125866992047215964e-01
4.033877473228616450e-01 3.454984705282226343e-01 1.055697733124113524e-01 6.683278666057302919e-01 2.195465590834299596e-01 4.396491773668890768e-01 4.008898088750805777e-01 5.970074801700288036e-01 2.936665609615523032e-01 3.216316556518456493e-01 8.227751220151429123e-01 1.185092013373502395e-01 3.895009068752178227e-01 7.597585080972106830e-01 3.609691588671568030e-01
4.317561246924664919e-01 1.956664230345779298e-01 9.047548295163940213e-02 3.033161092172734219e-01 1.523588663675627675e-01 2.971356805970163384e-01 3.030375294700521915e-01 5.727367204734731265e-01 2.088247042623083138e-01 2.718634994707156971e-01 6.618445838279005677e-01 1.458217304516656876e-01 2.739785902342874446e-01 4.753383993856575285e-01 3.292384903314186650e-01
9.671992463231364745e-01 8.938524763256412431e-01 9.781116555940152502e-01 5.805741009614989734e-01 8.561580776336623622e-01 8.357090435597404054e-01 9.523515859052551491e-01 9.583431449010944014e-01 8.663962860776510677e-01 9.213490338297887217e-01 8.708624545043165410e-01 1.008712912514927673e+00 9.104227671572356906e-01 7.700802990062045605e-01 9.483849170509134341e-01
