1.127820820577428051e+00 9.770344275181402915e-01 8.172067162964161691e-01 8.925368249201907078e-01 9.966171524626498135e-01 8.753456830884054352e-01 9.214694050574255835e-01 9.266844155086815249e-01 9.375885091031712637e-01 9.304531176623769273e-01 9.772269097813346406e-01 9.672209738432656634e-01 1.163918678151973030e+00 8.877381335216224523e-01 7.706327156878238771e-01
1.019997798506962150e+00 9.587250832522735688e-01 8.811137400774433637e-01 8.418876382051405649e-01 9.766598570731912510e-01 9.173719177806767267e-01 9.502656773341013885e-01 9.917984758400656409e-01 9.680609372938078216e-01 9.354404191388052681e-01 9.219109229086156487e-01 9.246141385024373438e-01 9.898764960241639432e-01 9.848585441205904845e-01 8.118753653157702033e-01
2.645705448618722588e-01 5.593402867617254248e-01 3.502702804399758230e-01 4.463720370164170892e-01 7.135710484039217705e-02 3.458535630559887442e-01 3.104527865501521267e-01 1.959723399624895834e-01 1.461828918653628184e-01 3.293186912916460374e-01 2.208104285724200588e-01 1.646355708055083356e-01 1.702613886446840141e-01 3.207732327795662641e-01 3.735448193158940056e-01
3.932446437522742477e-01 7.998231617363060764e-01 2.964990470435475145e-01 5.710540244954120936e-01 5.544921174898046479e-01 5.725800507137016604e-01 5.038386180176499529e-01 6.885108018802970076e-01 6.683432425780200248e-01 6.075218941115901883e-01 7.518919264776041667e-01 5.497875480573355400e-01 6.396455778143750326e-01 4.903510332503237534e-01 4.012803063246168089e-01
7.185062632244753056e-01 3.301436814568097788e-01 6.624131107407270624e-01 4.651224953886258229e-01 8.818269487489135416e-01 7.005048846368649995e-01 6.279053066885847967e-01 8.755716771867406711e-01 7.686002415764290330e-01 6.242213714288676885e-01 7.311759999881914940e-01 8.238698277396807601e-01 8.065259300061219383e-01 7.795291757703971536e-01 5.558516064341388896e-01
2.590432036392079085e-01 3.613435944889647478e-01 1.959537456020912782e-01 4.132149283172790177e-01 7.501835406552478380e-01 5.170785081226059177e-01 3.906367113012830794e-01 6.280417226610052195e-01 5.410247167592033835e-01 4.819026687166818590e-01 5.178611195348227225e-01 3.918392977509111419e-01 5.236983006147071240e-01 6.094647104300928708e-01 4.792738777881655476e-01
5.074464383288415092e-01 7.618692974284972663e-02 5.777139425626816038e-01 2.709809914513597873e-01 1.581939414736615590e-01 1.905003221776833122e-01 3.019594993252820991e-01 3.027942062574448534e-01 2.679822684822030787e-01 2.143189322217581849e-01 5.956306814741192668e-02 3.436125004516913384e-01 3.628070197167068689e-01 2.159969425999093973e-01 4.496138591712534049e-01
3.301985460628820701e-01 6.701766209388562157e-01 3.326730684977600161e-01 5.442327779006460586e-01 4.214546709474053521e-01 4.643394461794257411e-01 4.354547339280129270e-01 1.881645000989144167e-01 3.090880023909973184e-01 5.450800190985881644e-01 3.141189666198160868e-01 2.703833100759091002e-01 1.056666278165149936e-01 4.754151089915613637e-01 5.653924606519190599e-01
1.021568518595939862e-01 3.519880129555978954e-01 2.506763604359482644e-01 1.561257487897103058e-01 4.116387623660670014e-01 3.511663911397038262e-01 3.636369785520405240e-01 6.335340649703538052e-01 5.735945591470197336e-01 3.999417411969354852e-01 5.627141581751331501e-01 2.834651202857023100e-01 4.992416764366430226e-01 3.596387148558730651e-01 4.292937298148505887e-01
4.219558273608419730e-01 9.466134587662770050e-01 4.271660077346708384e-01 6.830355925820957852e-01 9.281203192899113441e-01 8.160982903195382887e-01 7.864097765004358642e-01 6.298057643589889398e-01 8.165296513334521222e-01 8.152505899477110463e-01 7.946427727865781332e-01 6.065657843731858678e-01 6.425594480450993462e-01 7.675418751398291883e-01 6.157590838293610647e-01
8.789808587638342496e-01 8.782500472260635904e-01 8.289851806628599773e-01 8.768404127128199832e-01 7.518914729771245531e-01 9.440657932637782634e-01 8.298376384246336501e-01 9.767624747453773626e-01 8.785231712937633386e-01 8.073682575678040596e-01 9.021758370654984205e-01 8.723461920942606751e-01 1.016899276237277272e+00 7.885886985186369991e-01 6.535469753399584247e-01
7.872504580964283516e-01 6.779626546424284417e-01 9.313003392635755828e-01 8.082087054782647328e-01 3.045660315608169078e-01 6.770841837373298144e-01 6.568039128857269260e-01 4.260001681629356218e-01 5.016139028733076488e-01 5.539251939390803514e-01 3.702524765376195015e-01 5.668304722122325945e-01 5.032695442222082649e-01 5.312229589754643433e-01 7.358923911510703020e-01
7.964271559331321804e-01 3.624058506808056634e-01 6.524640967884365317e-01 5.581826692487033004e-01 7.424750818817604792e-01 6.702706655180408202e-01 6.587909533295006614e-01 9.501875988858902167e-01 7.529437516413666209e-01 6.258574331135695612e-01 7.637600345130391988e-01 7.788418665086414006e-01 8.865336893904535165e-01 6.389558955444172295e-01 5.930178277890427729e-01
6.453974446864477743e-01 4.079691098423254836e-01 7.917944413419042426e-01 4.767530390875391877e-01 5.733305774433580249e-01 6.502610040768395105e-01 6.871889117532850033e-01 9.139966040992008045e-01 7.418381808332602523e-01 4.302958599515175897e-01 6.205761121829653781e-01 6.932864819904263065e-01 8.528835485030320518e-01 6.552485468272803981e-01 8.071471101210625498e-01
1.831028026049862367e-01 1.672222934371929703e-01 1.010047918970302383e-01 1.704795899596598663e-01 2.906953509932523327e-01 1.442253714384214291e-01 1.924580862793993652e-01 8.155483481688050040e-02 2.235264145702013372e-01 2.413202671866561122e-01 1.787187669881694363e-01 1.402559586471624486e-01 -1.787861540824997597e-02 2.416782360284208675e-01 2.595500570023436260e-01
9.426899650780425910e-01 8.533336735681458229e-01 8.490682131138266309e-01 9.581125271841830493e-01 9.433421467110382208e-01 9.270429343564294822e-01 9.535328867291028576e-01 9.371293178574892080e-01 9.474432498734942643e-01 8.990580209200006445e-01 1.002763694072771550e+00 9.845245886880117370e-01 1.065373520021677400e+00 9.948336854632374715e-01 8.029192209408586578e-01
-8.382695206016042844e-02 1.568892887999307623e-02 3.269584300453563103e-02 6.422531582804763550e-02 -4.382871317572513414e-02 2.155698034288524873e-03 2.881654902297534765e-02 5.716031825351859663e-02 6.759625756042929312e-02 -3.292691725324392929e-03 3.307284915984170376e-02 1.537142120616471911e-03 -9.777740445054861063e-03 7.917236951680561852e-02 5.353535173227540883e-02
7.305406176185788025e-01 3.496280427589553708e-01 6.594915074558850288e-01 4.912194922110523221e-01 8.967643948018517719e-01 6.313579270493820950e-01 6.727316063289263681e-01 9.096029762916131300e-01 8.451296247689586982e-01 7.106885062470685854e-01 7.373890697846208209e-01 7.494936396561595604e-01 8.673984843100156494e-01 7.866307994524068814e-01 6.136614547855708812e-01
9.992691489754619294e-01 1.001730773745096448e+00 9.579401211974694075e-01 1.012368296116719968e+00 1.008440679631320558e+00 9.639026037077358389e-01 1.013253842029635310e+00 1.017898668225192926e+00 9.644152654937663272e-01 1.010694177532899474e+00 1.041165752385940779e+00 1.020348195018332627e+00 9.659268959880230598e-01 1.017821594342336988e+00 9.636481776331526916e-01
4.185114685431837733e-01 7.828231047035414392e-01 3.862543873111835557e-01 5.681673714602997194e-01 5.118101883584711409e-01 6.910007248155182191e-01 6.352776282032495114e-01 6.610371630325828640e-01 7.793221394125343648e-01 7.072030270958294951e-01 6.333661506995933443e-01 5.392261090198028350e-01 6.281224457510011794e-01 6.844692091187000171e-01 5.182899826623731387e-01
2.478710047855198217e-01 5.385611946980114473e-01 3.096901540516450724e-01 4.634130415521313662e-01 1.865026507900220676e-01 3.012612879049409997e-01 2.434339567369449009e-01 1.471180088662253083e-01 2.039905327683421143e-01 3.265178057432082115e-01 2.862866712452364903e-01 2.639812269260266020e-01 1.431255269030601851e-01 2.660338579553290783e-01 4.222379241559439111e-01
-3.063450718367862272e-03 4.459310160173630272e-02 2.945864963480254207e-03 -7.688530069883814377e-02 1.480245990073208681e-04 4.653436262175925098e-02 2.251914414404147802e-02 -5.409847333153403048e-02 -5.228339651860330201e-02 -1.389552052181981107e-02 -4.998465616228553975e-03 -8.444955757730208956e-03 1.929561915302777098e-02 -7.009696149128484544e-02 -6.008574822139538946e-02
3.661594949241274710e-01 8.971905281217333883e-01 3.802825660759360238e-01 5.156949845568475910e-01 5.789928710723069027e-01 7.912309594339081986e-01 5.009143121575081459e-01 8.105777566265122136e-01 7.020886747562385954e-01 6.074837512178596910e-01 7.844954866865654353e-01 5.179879551275661242e-01 7.420846847832492932e-01 6.557561354619104721e-01 5.961821818291601627e-01
6.736944326362451219e-02 3.476708252788204834e-02 1.705847235804487314e-02 7.066043926861650948e-02 2.749795771369147879e-01 1.308239308360031328e-01 7.427453885258653021e-02 3.754789543896590309e-02 1.144119759756966059e-01 1.682104825348361699e-01 1.051714889473932824e-02 9.022918138139671140e-02 2.240107001805149295e-02 2.088719843488487382e-01 1.516784881272732061e-02
6.304910154799270305e-02 1.473550940043721058e-01 1.458156615493839126e-01 2.607272882326360230e-01 2.748206678859142493e-01 5.136863301876269661e-02 1.481598390670433585e-01 1.281979976979160663e-01 1.729534572466679410e-01 2.647716635586209732e-01 1.324548416738471346e-01 1.568261405839831979e-01 1.906612374591794626e-02 2.046423036233543935e-01 3.829230224697002249e-01
2.487216349168842600e-01 6.520948378576779669e-01 3.652702814964361444e-01 5.845363401671098691e-01 4.674529514225598814e-01 4.813470044410096405e-01 4.373560985149376745e-01 1.380463463763308141e-01 2.491708331492684392e-01 6.676622059357119054e-01 3.287774765852039538e-01 2.884301229488206442e-01 2.102587197942040464e-01 4.948151287846004331e-01 4.550880346733434667e-01
4.248286471629972305e-01 8.366292051110373329e-01 3.493237138022309285e-01 4.385665896895324378e-01 5.336159013742260981e-01 5.237317182567025053e-01 5.383033374814381045e-01 6.719717793543450446e-01 6.668308231640960315e-01 6.430068795919614555e-01 6.792552139980743142e-01 4.878646618354227638e-01 6.690559249030935129e-01 4.856226916280296235e-01 3.007965388605793877e-01
1.025451847119111637e+00 9.240305235245140913e-01 8.096594677755329927e-01 8.666524747258794736e-01 9.885619077044580649e-01 9.027253120275124942e-01 9.154049269318146331e-01 9.580456406822885906e-01 9.215406382648971828e-01 9.864692034753386185e-01 9.989167957092179861e-01 9.839163318746355635e-01 9.282683011487214975e-01 9.166676982804483620e-01 7.117587371555852416e-01
2.460372446851918915e-01 3.716353422986654054e-01 2.430597286437539140e-01 3.183252869389389117e-01 6.869179734148735950e-01 4.736881801040543905e-01 4.040537674837822446e-01 6.447495781452302621e-01 6.181327922596128177e-01 6.130748197201381089e-01 6.041566042659636260e-01 5.325033924513148387e-01 5.215478493126687320e-01 4.872865192790083455e-01 4.357925152639661182e-01
3.560701069959977261e-01 7.367021377324342035e-01 2.323110453983197599e-01 4.232573146401754083e-01 5.916693113375567359e-01 6.403626861025351058e-01 5.052822159249817924e-01 6.791260576156816775e-01 7.015107746965549840e-01 5.300883977525838731e-01 7.792120497778742827e-01 4.324509149083878845e-01 5.638270147189072823e-01 4.972875643560458192e-01 4.017619305920342443e-01
3.067304145065614107e-01 7.863204212186489794e-01 2.870506673557430832e-01 3.970509737069323752e-01 5.014664396487460429e-01 5.784120421069905982e-01 6.000824060826286388e-01 5.426219709688310244e-01 5.516433404399080365e-01 5.745346249658156434e-01 7.733349537643169347e-01 5.104130414301071283e-01 6.455474017116893393e-01 6.118987444651947660e-01 4.209732451381065221e-01
6.758057651021938117e-01 3.460011619487770584e-01 7.478484773771996164e-01 4.929026669808230787e-01 5.800687927398182619e-01 6.043900876787533516e-01 6.329095227154242220e-01 9.173099149070180758e-01 7.876683918522479066e-01 4.143511526960242941e-01 6.118115765456193511e-01 7.447125718724246779e-01 7.938473551241506110e-01 5.049892712322907595e-01 5.518027200501465224e-01
6.473799756268662220e-01 1.463338607068238872e-01 6.435422624683149184e-01 3.516873630837542009e-01 4.558545869839216724e-01 2.607241280611306000e-01 4.146870555035233052e-01 3.885194668741535629e-01 2.823204438686363060e-01 4.250247216398662653e-01 2.686635627071893850e-01 5.054608756168162964e-01 2.726237155950109736e-01 3.609038288908576475e-01 3.289727756076099019e-01
9.536462973082819872e-01 1.025606451399790675e+00 1.004727437042310711e+00 9.727663451592429844e-01 1.001464272690980817e+00 1.040962246599804297e+00 1.051304069242684491e+00 9.671564788117092970e-01 1.050680970066693476e+00 9.807599959595649786e-01 9.529208228584302720e-01 9.992182355577718944e-01 9.953396416642036337e-01 1.059062384171235216e+00 1.038776012628294332e+00
3.300642795299669752e-01 3.848737171969134896e-01 2.659189951711838917e-01 3.821008710621431326e-01 7.846056916388736147e-01 4.830072911916709621e-01 3.935387012775499738e-01 6.133825083940568357e-01 7.114751782927796198e-01 5.820893338324000243e-01 7.004856319253773833e-01 4.257201847470798439e-01 4.855653703731196424e-01 4.454975464602275448e-01 5.478498100488748968e-01
1.036926276236536659e-01 -2.909681803276262940e-02 4.305006113276246826e-02 1.224788294866921146e-01 3.489155198468486541e-01 9.285119552106092800e-02 8.831724380248488770e-02 -1.220004758482079454e-03 2.021189259332431543e-02 2.589608596068860846e-01 1.465928481263612249e-01 4.821865860121676145e-02 7.129990615674362819e-02 5.390648817147034033e-02 1.446199856392957894e-01
2.570017231366020782e-01 5.808217541713601717e-01 2.850077947242754539e-01 3.726665564351588911e-01 9.201152074088408961e-02 3.759959516598583296e-01 2.195689765273158844e-01 1.275003833105174400e-01 2.560554472343748444e-01 3.903294232383954787e-01 2.755457743052219244e-01 1.995013825648386807e-01 1.172694766327663229e-01 1.709190384465372747e-01 4.237221862719848242e-01
9.366853309101677016e-01 9.373817459464085511e-01 9.466345121444069699e-01 9.428673130205847963e-01 1.022867244666497699e+00 9.511765463299377554e-01 9.668075372904835207e-01 8.718699548776751573e-01 9.084405005743940720e-01 9.602198402558337342e-01 9.263208733070996681e-01 9.924909773060188733e-01 9.649679120158339840e-01 8.705374022747945917e-01 7.369770167055480492e-01
7.278686972575287850e-01 2.041516739447928053e-01 7.215674083598803135e-01 5.596574206672744189e-01 4.975104200693333811e-01 3.670629938866091235e-01 4.038925252462237658e-01 3.417021548352179305e-01 4.339307250362668400e-01 3.855872445202016552e-01 1.855250981204980554e-01 5.417675462100445261e-01 3.999485118138351725e-01 5.149162646467762006e-01 7.034544730770294629e-01
4.037497591557331900e-01 9.243477594781953632e-01 4.053638675992084495e-01 7.351062094708972205e-01 7.690952009072204998e-01 8.097295086770585071e-01 6.329058418977002720e-01 8.195969051740342737e-01 8.172216995910455140e-01 8.474231087424138886e-01 8.455814456541368429e-01 6.386800446352808303e-01 6.896340037903752052e-01 8.332838550917335274e-01 6.603804547507324818e-01
1.031159969864467563e+00 1.027824579705958641e+00 1.025506412728755867e+00 1.086203469558189472e+00 1.036763127198890189e+00 9.893445146799566547e-01 1.063546055037867033e+00 9.716233752250961198e-01 1.027644581815138958e+00 9.906733436843078167e-01 1.036046270868815178e+00 9.592461344949536617e-01 9.034363074054462261e-01 9.058649749148874886e-01 9.676855649067976906e-01
7.097386646227488161e-01 4.285766023613810649e-01 7.056460432896276558e-01 5.263359555954369995e-01 8.135553251986008538e-01 7.001646415970629311e-01 6.775613033927193607e-01 9.100826509242022633e-01 7.593604562340789954e-01 5.341436291881787035e-01 7.207774515871057108e-01 7.796142722692342986e-01 7.696568566281918322e-01 6.694658406224314184e-01 5.867244946771027481e-01
2.611751033587971227e-01 3.614156952451186844e-01 2.937650383820411548e-01 2.823658588950445081e-01 7.314656043094740490e-01 4.104602148365141256e-01 5.412445002695801533e-01 6.584776472508693246e-01 7.734387464702966453e-01 6.121465320760738349e-01 6.870597574457227852e-01 5.369840708235671389e-01 5.080729194467948906e-01 4.758893515162385679e-01 5.922045386998573413e-01
5.288967715712697970e-01 1.674478965808231801e-01 6.358238819161999844e-01 3.992531350943651081e-01 1.346745609266064292e-01 3.250611716128478101e-01 3.744793525095970188e-01 3.483354872156155246e-01 3.631659774366367555e-01 2.071863044956780420e-01 1.991995856455326952e-01 4.370643016024908789e-01 3.372097675842470332e-01 3.638265447494188898e-01 6.465073662110372155e-01
2.124933807071337777e-01 2.848868111086664268e-01 2.061869384457349907e-01 1.921472654606473929e-01 4.302998164209596021e-01 3.843380883138659554e-01 2.422807716362877506e-01 6.261874082377758555e-01 6.234478341209903629e-01 3.304786872399934627e-01 5.106266733732011120e-01 3.778157660787316297e-01 5.431808062729991393e-01 4.305350905577859377e-01 4.853978546314396403e-01
3.151429684082575067e-01 8.272011506261299774e-01 2.989539430274608667e-01 5.334275923829847610e-01 6.077139558132458319e-01 7.113214669046203920e-01 6.177533071284736499e-01 6.074607048567066681e-01 6.422843191483889047e-01 7.041211327340151094e-01 7.802992974933243842e-01 5.140230939531424958e-01 7.000169437716129428e-01 5.054162533686150649e-01 6.384099291960466660e-01
4.164035572234788818e-01 8.116569336562388104e-01 2.830217648039367595e-01 4.565043807174182233e-01 5.504146491185354373e-01 6.418995088155696749e-01 6.345540638898972130e-01 6.014045599337793924e-01 6.589908211360524515e-01 5.756456308868737048e-01 7.155960502427202163e-01 5.212372554137068015e-01 7.178779061387046134e-01 6.306412181143036255e-01 3.690854071677640014e-01
8.231287623576578616e-01 8.958307151666704549e-01 8.513865347605246159e-01 9.145500524165058875e-01 5.970973712676044265e-01 7.685027329414402253e-01 6.974560958125470833e-01 3.844095575318804414e-01 4.416591539743837669e-01 7.794655019043102984e-01 4.633666551789431542e-01 7.539592797472952634e-01 5.550588842839938586e-01 6.498149101943125894e-01 8.442638387487183538e-01
9.201122050255893248e-01 9.246538954174035041e-01 8.506060509109739654e-01 7.742145392641400781e-01 6.547420431422665832e-01 8.664645432270559056e-01 9.076218982215553677e-01 8.605671244427042232e-01 9.159440407569100495e-01 7.826683688927930094e-01 8.270768802048357182e-01 8.082819353710016808e-01 9.615380542875202607e-01 6.916660076089303777e-01 7.631868637164677116e-01
7.501156278758086549e-02 2.058144527435237514e-01 3.038731041654997925e-02 9.660330871912813089e-02 1.857437115506812564e-01 7.494610257353211125e-02 1.289212424364622744e-01 4.992006603770626771e-02 9.266963361059549209e-02 1.423000493191896865e-01 6.843673652926585138e-02 7.588888983395164489e-02 7.634930253762421681e-02 2.140519961278148087e-01 8.544411556502208571e-02
1.037701279240957675e+00 9.886560179922959657e-01 1.049782342737845431e+00 9.984967045814531206e-01 1.118248082173182167e+00 1.039374163754110292e+00 1.033416601828229586e+00 1.044935871742429967e+00 9.432627682219650866e-01 9.796196675344732707e-01 1.141467040025347934e+00 9.569557512336273053e-01 9.945077471644337974e-01 1.022786803105407483e+00 1.026333556263636648e+00
9.469147766052598003e-01 9.188085805163552777e-01 9.123438909051359014e-01 8.494852783083837178e-01 7.106952044956783565e-01 9.241288286492315152e-01 9.434573651864303079e-01 9.392363473189061507e-01 8.685175461462861790e-01 8.537021942568344679e-01 8.998894689909592293e-01 8.913220726752534295e-01 1.082931064026682710e+00 8.541236641317510037e-01 8.841163320136745662e-01
8.497981931831046776e-01 9.905941928985552147e-01 1.044336095707230294e+00 9.451222224942283923e-01 6.619845655984528676e-01 9.499226796170449072e-01 9.157361605797923465e-01 1.069545746771066064e+00 9.661226899809708391e-01 7.926185808511726494e-01 9.031855549975917885e-01 8.463379236829109420e-01 1.062075801243405726e+00 8.440653345733479807e-01 9.549964739471663577e-01
8.845283143726563324e-01 4.878512681538225149e-01 8.122763026840134071e-01 7.226936617926603690e-01 7.933578350467521689e-01 7.137774704326146358e-01 7.510717200617426093e-01 8.955997364195734667e-01 8.233621307713279158e-01 6.710378692705307735e-01 7.048424894364364590e-01 7.865060014514004827e-01 8.444218572854947924e-01 8.318909250818267154e-01 8.373307227223665272e-01
1.588270771652539048e-01 5.653959721052349563e-01 2.076967619328922154e-01 4.051908761182128060e-01 1.254034753309239691e-01 2.076758587767278397e-01 2.084220051032645293e-01 1.234908211597825489e-01 2.352497279964994581e-01 3.132591427788606331e-01 2.222669144164173827e-01 1.722661522651345867e-01 2.084450924484066436e-01 2.395711265573667592e-01 1.287974678454339439e-01
1.946504554009826360e-01 4.459363904633060760e-01 2.006060037815544372e-01 2.942355797468362844e-01 6.171021472818930542e-01 4.598238224348123460e-01 4.241836237593812897e-01 6.482560196456991219e-01 6.111906997123344176e-01 5.159387721708741381e-01 6.265629065097928496e-01 5.290370221737732415e-01 5.411232794870618479e-01 6.114893351469683491e-01 4.763775875166012530e-01
6.650231896670790732e-01 4.084672109883163427e-01 7.512686743596515004e-01 5.192285296875471801e-01 5.469671139295789741e-01 5.707815641007293328e-01 6.825887259059093548e-01 9.262790302369485751e-01 7.400792612354196720e-01 4.962500658756071603e-01 6.521418271455251547e-01 7.617145045299000827e-01 7.881504805061791963e-01 5.843299062125775212e-01 9.008675817964176824e-01
4.812740029959967081e-01 7.489212496685657694e-01 3.752249594997884574e-01 6.023629977408914149e-01 9.073803667974980058e-01 6.681554554831469206e-01 6.437560572568647999e-01 6.694206588640497779e-01 7.315342124589794270e-01 7.434263291374857419e-01 8.099916968239979642e-01 5.808339531665762667e-01 6.640264279655500035e-01 7.393869194951460111e-01 3.760427519966630938e-01
8.802130719046605822e-01 8.016359680905179586e-01 8.356911588178387307e-01 8.091124298286045402e-01 4.830110644408243115e-01 6.558913348452825032e-01 6.463309661188114674e-01 4.482414229803850514e-01 4.723470653247516249e-01 6.619546898717242334e-01 4.307884472017917132e-01 6.064434352726977284e-01 4.916198147938943830e-01 5.830168916190050510e-01 5.432669158139772358e-01
7.801653988221992631e-01 3.670975810975812825e-01 7.336488359400834547e-01 5.310824358968491143e-01 9.166748529975570214e-01 6.779884295292407659e-01 6.477265716348102886e-01 7.537109804700135030e-01 7.535460940761588011e-01 5.864203839645110161e-01 6.606139180803733968e-01 7.793766947566165282e-01 8.011198796973882930e-01 6.846809790676348095e-01 6.332153012418808569e-01
3.248997433317476480e-01 5.199538730570328893e-01 2.274831306688106236e-01 4.535954089200515127e-01 5.291381507125085815e-01 4.195478613433721304e-01 2.797151806204811741e-01 1.207527935049825807e-01 2.602911781108502853e-01 4.993456478805401999e-01 2.808795376722594273e-01 2.731989400076287877e-01 1.993105106390604397e-01 4.475028940291967405e-01 1.628722849999114375e-01
8.591043430953214655e-01 7.504763800126070805e-01 9.284924644359829893e-01 8.624847509100825871e-01 6.002662993617933207e-01 7.223734868380797813e-01 7.159668525052496069e-01 4.553945657553740700e-01 4.675318710071263983e-01 8.231749442335931644e-01 4.976210991099819236e-01 6.819308258896087382e-01 4.877080569085350814e-01 6.661681048532361871e-01 8.507770478495930710e-01
3.171983394625905173e-01 7.605733648205508235e-01 1.887905069058077867e-01 4.696454204422132461e-01 5.389876112590037405e-01 6.503506319383106637e-01 5.151066534176669265e-01 6.221183763164489511e-01 5.979129702378541689e-01 5.559607251289777619e-01 6.658221819236299632e-01 4.207007754963573154e-01 6.408815569541634893e-01 5.736596747953954800e-01 3.292058530906722402e-01
8.682051056169631797e-02 1.159045455304390931e-01 1.684231272603559648e-01 2.360547597347196769e-01 2.810734770731931897e-01 1.343615213156837684e-01 1.717596255574357356e-01 7.806049818530956530e-02 1.372446610021549607e-01 3.306641048738327426e-01 2.063763007178438524e-01 1.218051831261953294e-01 1.729819104661316567e-02 1.589084721342665929e-01 3.157462732345296952e-01
1.175603038134177547e-01 1.618292863764782819e-01 -4.419811925647239986e-02 1.726843781406288136e-01 2.455230535199388608e-01 1.942611494744012068e-02 1.301332675102843950e-01 7.548311922920908357e-02 1.951187659666791252e-01 9.747736632256569222e-02 6.402966454975102251e-02 7.597879800909820847e-02 3.383844531151478791e-02 1.266995455830407236e-01 -4.978688319674288987e-03
6.962840322851716612e-01 4.355862066797061005e-01 7.766220607864652292e-01 4.492857340935325627e-01 6.590816981700077237e-01 6.680614301681664369e-01 6.499548775981446314e-01 8.145403170640488355e-01 7.893086135620968058e-01 6.035022873555138112e-01 6.617464603158439429e-01 6.891698055223193231e-01 8.949328745601196067e-01 5.386809918069759284e-01 7.807123383432174046e-01
7.776218712884902518e-01 6.822080513283316217e-01 9.428512394292181131e-01 7.695374699166482868e-01 2.862401003487932138e-01 6.104924479315307906e-01 5.320728501602949301e-01 3.749607899641500541e-01 3.157567581232172405e-01 5.571485842767578411e-01 4.038145246177021197e-01 5.158271231048213723e-01 5.037316527027488888e-01 5.337269161105053783e-01 8.201186867493177601e-01
6.747680194906059414e-01 4.188206813601998979e-01 6.905708756072044263e-01 4.015916406708932018e-01 5.366721591807591674e-01 6.261260652253733960e-01 5.855567235329365294e-01 8.820353655413097904e-01 7.037755402396204119e-01 4.168591217388627479e-01 5.376775919948775240e-01 7.396694413831742532e-01 8.387961652691668935e-01 5.457722352270680810e-01 4.602511674041859790e-01
9.789439921629969898e-01 8.120877758418285630e-01 1.013997363179068856e+00 8.381849552185135499e-01 6.173721406735885875e-01 7.265533961970181975e-01 6.882305393521017667e-01 4.634976221061696267e-01 4.284002647280037435e-01 6.701353798751447099e-01 5.409212111943184631e-01 6.841957662700114406e-01 5.053475286484516715e-01 7.610559019143817716e-01 9.137231602036210987e-01
8.345202084898886152e-01 9.856069719611536550e-01 9.741252180489881063e-01 8.239077905120096856e-01 6.829068158095407126e-01 9.040737792570702203e-01 8.323081469384254749e-01 9.609849942775798848e-01 9.352362691851426879e-01 7.850595045016580675e-01 9.177241650356988689e-01 9.903218570125349451e-01 1.069909302266516260e+00 7.931858912714686571e-01 8.971135613452759783e-01
3.767091084302610637e-01 7.607090645673733054e-01 2.645086527043711833e-01 7.903241593634644513e-01 8.310799122141537820e-01 7.003185697345220007e-01 7.546139064731889334e-01 6.885701882372776694e-01 6.861744318764618766e-01 7.360988465636719713e-01 7.415730655132922733e-01 4.729578299986376133e-01 6.720527048143667415e-01 7.275548730769794137e-01 4.243956251892570530e-01
1.513924494991377712e-01 3.612917794409008510e-01 1.344899224130319815e-01 1.852943906426353093e-01 5.079703309136582856e-01 2.848756978240251092e-01 4.037808159620782655e-01 6.094371340736359777e-01 4.644992273044252773e-01 2.937186060260356113e-01 5.841731845601254580e-01 2.788750992803754603e-01 4.879663373270238247e-01 3.810263141611786586e-01 4.184969175058742552e-01
8.129039793085391929e-01 7.644453047293612302e-01 8.594196044366226861e-01 8.578738449419227585e-01 6.280232116764005168e-01 7.510997857885165496e-01 7.463911643818902375e-01 4.572169855800783944e-01 5.481512940888579877e-01 6.939370702448608430e-01 4.973791244926356603e-01 6.739545906330862701e-01 4.584230350400350096e-01 6.673777037876524876e-01 8.113633361609097205e-01
2.999034301676142822e-01 7.673078276502709461e-01 3.110046904134201040e-01 4.389914144339883695e-01 5.344433577399438917e-01 6.538199989907671483e-01 5.593978428029580119e-01 6.179017484892066481e-01 6.109304793299670244e-01 6.854627233661781949e-01 6.758570687186969961e-01 4.456916993210267575e-01 5.763617085921397543e-01 5.220336505720705178e-01 3.160598408510641999e-01
-1.213466878878484700e-01 2.083115778595916873e-03 6.107005238722697411e-03 -1.636173499411054709e-03 -1.061395126473474726e-01 6.782617859564259166e-02 -3.364614855661812818e-03 -1.329998193509997206e-02 -4.755580202228076175e-02 -4.927880466940301463e-02 1.278912389151079000e-02 -2.991863013844693608e-03 -7.731796932438993186e-02 2.469658889308013090e-03 -6.228539557341054161e-02
1.820232493780511995e-01 4.973985790476099789e-01 2.831664604547553532e-01 4.286175234765958186e-01 1.793196555008054194e-01 3.788460011738910560e-01 2.396019484013458545e-01 1.362461882570241700e-01 5.092097757905360289e-02 2.605618347559738313e-01 2.142550004934759555e-01 1.371650645911263733e-01 2.174812658177014968e-01 2.607366525426706438e-01 1.319017781970461267e-01
9.408414762475522108e-01 8.113511084746419799e-01 9.856060720852843904e-01 8.977267173260635724e-01 6.482947255971004408e-01 6.733211794895730407e-01 7.309742941844425967e-01 4.839731728067928063e-01 5.073157099858044417e-01 7.106473830008764869e-01 5.064214117355221312e-01 7.329191955281479931e-01 4.786382019607597904e-01 6.924210383395257296e-01 8.063860914383971235e-01
8.015157362517469908e-01 6.496218588659654625e-01 8.719153981810813248e-01 6.778380089724358459e-01 2.426386143346490332e-01 5.134224080739147045e-01 5.833822679788891463e-01 3.372488597846727276e-01 5.054517883725301308e-01 5.962655129584295555e-01 4.463856430069760295e-01 6.168312910643625191e-01 5.236230160871269135e-01 5.271173853353298133e-01 7.953976989907515227e-01
7.964622508316547833e-01 5.843927632219789725e-01 8.560456258780566596e-01 7.186429601174462167e-01 2.921500580875205921e-01 5.348747864895210258e-01 4.726346848076191653e-01 4.061744987375647820e-01 4.577650519769573267e-01 5.568498824956522597e-01 3.996775698554833056e-01 5.558200785828524282e-01 5.171607195314092964e-01 4.771702103710128151e-01 5.621279397354984608e-01
3.247744905171711105e-01 6.801946976559182234e-01 2.378651435617861465e-01 5.459896551485236005e-01 6.360173686325842901e-01 6.611019121937875553e-01 5.615762526058257764e-01 7.277152913681328439e-01 6.192056682052621275e-01 5.413763576474445172e-01 6.363899050635888344e-01 4.117914714022377076e-01 6.373424942694279061e-01 4.593851117845217935e-01 2.908038728811304097e-01
9.154865523306499053e-02 1.100407660734958326e-01 4.760687591249491979e-02 6.240747961257375742e-02 2.927724647650253864e-02 1.333909994728808834e-01 1.053955111874345096e-01 6.653552773454807223e-02 1.188659777405326606e-01 5.327911129603005863e-02 9.473019210204586260e-02 5.706095172096951884e-02 -5.490045555445784847e-02 1.673697463458184154e-01 2.400743197714133026e-01
2.960828423912334473e-01 4.738804269094401000e-01 3.502867416837278092e-01 3.808761993661877177e-01 2.040048478873779936e-01 2.722654957839958367e-01 3.934221379595438384e-01 1.146729308105218503e-01 1.954782172839733545e-01 4.521899091792475067e-01 2.517300391611870247e-01 1.782449669459019725e-01 2.850333937327356737e-01 2.536811832145360879e-01 3.235520123387001235e-01
8.520530470193675709e-01 8.343297328696391846e-01 9.302221540395498867e-01 8.395189996615441963e-01 5.600374196784273506e-01 7.749662985575398455e-01 7.258515827633945650e-01 4.838970365954705088e-01 5.946251532993266364e-01 7.856211958486954972e-01 5.039631117402669780e-01 6.770569106421532313e-01 5.916091596227208704e-01 7.485358683971822247e-01 8.816227669746704576e-01
9.925497895642730883e-01 9.927103076798128312e-01 9.972579407081786362e-01 9.593193920074420955e-01 1.104472989463991306e+00 9.871862355937880418e-01 1.012629041771357263e+00 9.690014776730107027e-01 1.028270124099734728e+00 8.972219557019769365e-01 1.028420669468725457e+00 9.976226070605508367e-01 9.696944455326744761e-01 1.039542481294730036e+00 1.050303717601172693e+00
2.139515565703246081e-01 5.931390552500416247e-01 3.220414923507444738e-01 3.968235631148807063e-01 1.245129538969218103e-01 4.086265209170030221e-01 2.733603136292206970e-01 2.127680568506144509e-01 2.167350737352715939e-01 4.688904831149530716e-01 3.272262699071754599e-01 2.356117484738377288e-01 1.899810974668068031e-01 3.291143932012072226e-01 3.544440071822632099e-01
2.596765938864811080e-02 4.468603570642716571e-02 5.303766036055704292e-02 1.383101475644869238e-01 4.911215666156473758e-04 1.519252032829715715e-01 6.492690427540391551e-02 7.950372912231284950e-02 4.508146163884861612e-03 1.649964442066318426e-01 -1.815114085278422135e-02 2.384136076058952780e-03 2.489211190011509506e-02 8.561861825142663696e-02 2.435968443596306376e-01
6.553826556401396441e-01 3.892138337827779626e-01 6.121885320610577219e-01 4.597033280694472479e-01 5.835276341084807417e-01 6.486442220127195402e-01 6.455859520145512676e-01 7.345533719268850792e-01 6.386012308301448615e-01 4.452619682108335808e-01 5.481305423146082267e-01 7.327292214074091481e-01 7.289747754981246164e-01 5.775866260391915308e-01 5.230639494287293578e-01
3.070724794675876446e-01 6.305042586794690207e-01 3.679268425136796861e-01 3.788638660619979004e-01 1.544826502489586306e-01 3.859839558526561021e-01 2.451692936472830708e-01 1.406951870952501960e-01 1.656229444903048187e-01 3.402480640143582535e-01 2.571116544496689360e-01 1.958488515428972176e-01 1.311819660380536823e-01 2.775558631777602092e-01 3.476916255459246430e-01
7.260727834862812369e-01 4.971611424108028920e-01 7.562418642014199222e-01 5.383095596853082476e-01 8.979386492018560650e-01 6.000831414914103989e-01 8.258227261056225732e-01 9.483910512308524332e-01 8.974724839128682685e-01 6.381683070371171329e-01 7.662425462081852157e-01 8.863039381320811927e-01 8.242874411011148483e-01 8.879139419230739350e-01 8.173842238408542960e-01
7.060637557918605367e-01 5.928709339914446375e-01 8.189963101385221433e-01 6.511611675033639468e-01 2.262930773213079616e-01 5.074490936117540540e-01 5.288783510529569964e-01 3.659993594723613408e-01 3.979783655472995951e-01 4.629627875752312938e-01 3.509673994769013650e-01 5.020120849510876226e-01 4.008155154618029403e-01 4.548837355172732910e-01 5.487993472351598845e-01
4.907537991240783493e-01 8.717044191658753771e-01 4.896973450224903490e-01 6.374977452414647416e-01 7.376438051669644835e-01 8.137449237252547540e-01 6.071303068960880456e-01 7.002297274204212219e-01 8.360387794498419511e-01 9.550286210575188450e-01 9.157697672864213434e-01 5.873233710509361272e-01 6.078833710863774664e-01 7.626058587012241041e-01 6.250209076477362125e-01
2.981544825098840779e-01 6.926763051923733316e-01 3.708564260769669496e-01 5.186184305691645680e-01 4.238464549429868944e-01 4.489396844257009245e-01 4.431557429035358209e-01 2.104069441595461110e-01 3.296905384856534393e-01 6.766090439297156589e-01 2.896263717382920322e-01 2.496141689565072319e-01 1.923595257928241709e-01 4.065804030050810813e-01 5.269853864089094619e-01
5.102627981224958642e-01 1.916740177674089163e-01 6.633726646716404662e-01 3.482049542077678694e-01 1.923561318777981255e-01 2.735098089978934555e-01 3.949438833748548094e-01 3.380964332442180642e-01 3.900096633011442826e-01 2.443368945000734815e-01 1.809837791032197774e-01 3.379047265283212642e-01 3.384958607119726848e-01 2.306693724741777918e-01 6.637012438599807496e-01
9.576469683460339111e-01 1.003372298910847782e+00 9.376383162333864485e-01 8.977304626704427637e-01 7.565432631773821859e-01 8.994137426936371638e-01 8.679391056974767871e-01 8.917113043500431990e-01 9.192680767107195283e-01 8.729256624307409895e-01 8.294481633894991157e-01 8.805902873717958990e-01 9.991170403718668824e-01 8.090001833294961919e-01 1.016612565247623445e+00
8.165434824968973437e-01 4.253614703883236703e-01 6.071225134571406334e-01 5.838828624520048249e-01 8.025441597896708634e-01 6.839328430435215322e-01 6.402613249507744797e-01 8.753338404645442106e-01 7.633678441613342969e-01 5.316478730763438687e-01 7.698446777171434885e-01 8.017012666615770389e-01 8.469430626287460795e-01 6.830129625140071159e-01 5.979986863885352610e-01
6.506528724833234856e-01 3.621076236943803761e-01 6.583926646085701551e-01 3.976638596235752554e-01 5.265500336397853642e-01 5.376757205262279182e-01 5.578194378426835076e-01 8.286190644807669425e-01 6.069783275069146056e-01 4.514120282907347903e-01 6.076476081783687144e-01 6.690221389638862926e-01 8.097235213099056583e-01 5.464609695910289666e-01 6.282258825838559213e-01
7.236461553865213281e-01 4.650159699056382601e-01 6.062061357210305479e-01 5.730335873459536655e-01 8.227509949206948114e-01 7.180777474188834164e-01 6.854127987684109913e-01 8.805511582693342776e-01 7.457216851354115938e-01 5.941183372563145770e-01 6.929675949734542817e-01 7.721415381632920072e-01 8.144080504540514021e-01 7.059866380242980632e-01 5.712863770336317204e-01
4.197846157729454020e-01 8.087529708264792339e-01 3.428084448653190286e-01 5.893403296070320874e-01 7.938986250954630508e-01 7.592126785421415835e-01 6.813865447744201775e-01 6.700422331792802444e-01 7.453380816797144925e-01 8.063553638477385377e-01 8.509007842682297929e-01 5.233724085063521381e-01 6.271886598399343260e-01 6.564192998077108543e-01 4.589183882392751102e-01
7.834097333330972690e-01 4.829673107834499546e-01 7.843683187945266200e-01 5.599444153924746370e-01 8.464690346797928422e-01 6.957149143249221623e-01 8.700077579722081955e-01 9.349028654306695829e-01 9.273056849845388028e-01 7.090048398059354273e-01 6.450891247993468802e-01 7.869006412229628822e-01 8.101106210948016972e-01 8.097782261005034288e-01 8.546957673358431817e-01
3.769102732755130747e-01 7.837281883457153375e-01 3.180161135303627429e-01 5.475176599822486612e-01 5.948177271674670585e-01 5.658519492024757236e-01 5.208954073063823964e-01 6.053169619550542446e-01 7.615983302758249085e-01 5.600400902625857213e-01 7.292593997148475449e-01 4.490171090195356207e-01 6.730666347412417316e-01 4.860494311076576368e-01 3.849528623930540405e-01
