9.215847339785293579e-01 7.429303950677055290e-01 5.043027233796131270e-01 9.121761932364488290e-01 8.484387688023287133e-01 8.512989678708796637e-01 8.096053167733825440e-01 7.793400099197193009e-01 7.609999565155944889e-01 6.461019183840639446e-01 8.296807578375928749e-01 5.797314969873822443e-01 7.086839753434305278e-01 7.121316317776650306e-01 7.428572445754955123e-01
1.550853459579402127e-01 2.684120716057748490e-01 3.889635237569739196e-02 2.515072985299237618e-01 3.186779832859085726e-01 4.167218205075124415e-01 1.610095872242405801e-01 1.820251071941652588e-01 2.318410554815530378e-01 2.332410224515988895e-01 1.505002495400712403e-01 2.947083237425345836e-01 8.035427249189625032e-02 1.182304524263254469e-01 1.842348348823688309e-01
4.293749277053222069e-01 3.955472225344744408e-01 6.241990658499056988e-01 4.177422409389339730e-01 3.194936939954562405e-01 3.015514467912873697e-01 3.949015207335149769e-01 4.911363777710299194e-01 6.358451542339470519e-01 5.369619399084514244e-01 3.802051650733296873e-01 5.742313598619702697e-01 6.434548926291702164e-01 6.800498074321308373e-01 4.545495511448446324e-01
3.516852531844510965e-01 5.537386740407571617e-01 8.874671546152566037e-01 4.941352054910706504e-01 4.522188492940050764e-01 4.743647844038299533e-01 5.682479184668232097e-01 6.400267922100535412e-01 5.289372688547123724e-01 5.649936735624384587e-01 6.348170383614151202e-01 5.257980873708940628e-01 4.736471695142375760e-01 4.554319197498908900e-01 5.941506900595374674e-01
4.954612052277403977e-01 1.379897310589908166e-01 8.818442408822971257e-02 3.309837956581189733e-01 2.506999442630958863e-01 1.633659464684505402e-01 2.829517653433812896e-01 1.610267150636852940e-01 2.859865645623440034e-01 2.955357921536426735e-01 2.957680913644906151e-01 1.251627585919755370e-01 2.866250206388402111e-01 4.021611943085540708e-01 2.237708527269159642e-01
7.041273303824693297e-01 7.771489093614877275e-01 6.153762534109773474e-01 6.507484918056635204e-01 6.883285158038369156e-01 6.973731158599278945e-01 5.528937736748691378e-01 6.673858636321989835e-01 7.055581326270163878e-01 8.055591665672978685e-01 5.376926579457496080e-01 9.241819195418528032e-01 6.984425633666322408e-01 8.735822958809870142e-01 7.046111339581750954e-01
7.022119121901654326e-01 7.398974467801782140e-01 6.694017217237768769e-01 6.985335533961180010e-01 7.615960295537208546e-01 8.103093600311910283e-01 5.631293651570763448e-01 6.295809802470744287e-01 7.959200814172687766e-01 7.386760591997334480e-01 6.340516266431198700e-01 8.693593928136944537e-01 6.679849023718844592e-01 8.087098873999585269e-01 7.991895849551694520e-01
4.332105594944691829e-01 5.739831012779609276e-01 8.466839457696583304e-01 5.869209923165635834e-01 3.796814876325962929e-01 3.990388560209111035e-01 5.874613392234943055e-01 5.749779482998660374e-01 4.878202564223683702e-01 4.078792925449788997e-01 6.169823606097100122e-01 4.975952547484137067e-01 5.989208270468920903e-01 4.119464509667456475e-01 5.847473168241401620e-01
4.078184991962292005e-01 2.395142686842505475e-01 9.232626356513473631e-02 3.478365520746848905e-01 2.628616869913685261e-01 1.097652525424264308e-01 1.554024125733375616e-01 2.237057484880812519e-01 2.637040702034702533e-01 2.677813415650363571e-01 3.336988615498379662e-01 1.575067716601292189e-01 3.549481010870855213e-01 3.819816081631542404e-01 1.649067704436885662e-01
8.002498842896165199e-01 4.043391331777574371e-01 4.422072474358983984e-01 6.648724464555584301e-01 5.390408199621032903e-01 4.513280837599822903e-01 7.222974197282550080e-01 5.588879148613752346e-01 5.923141514280030329e-01 4.912454274634615592e-01 6.895826052369750103e-01 2.865363927191511006e-01 6.509472521013525137e-01 5.604432953166949005e-01 5.558245222862786550e-01
5.905160428760917180e-01 8.563753698491055610e-01 9.179555513136914424e-01 7.207142495045911756e-01 6.854724628713853019e-01 9.036539675092108981e-01 7.213316664204714179e-01 7.973292458823124651e-01 8.743707191480069030e-01 6.764797774316582135e-01 7.749313761590306271e-01 7.086864974748052770e-01 7.013861068126109322e-01 6.064244094224009451e-01 8.532515909469673421e-01
7.504777712699981507e-01 3.881923674200731256e-01 4.088969183062020063e-01 6.536314979431148142e-01 5.100874912828006202e-01 3.521636884051417837e-01 6.344316296015934942e-01 6.362573115670437929e-01 5.775203344424394425e-01 5.157075694137043254e-01 6.643750578709554100e-01 2.998327730711295436e-01 6.439303060661785150e-01 5.958061843492593601e-01 5.309007512519484662e-01
2.046258136250392878e-01 9.880946904551321519e-02 1.155584697403965189e-01 2.669752159920278922e-01 3.302142130726586911e-01 1.069937850780739302e-01 3.083149768165381957e-02 1.053682822346072440e-01 1.325544277267729498e-01 1.580518259121244662e-01 2.426615258283569276e-01 1.937234979310933081e-01 1.680590710923997588e-01 2.955172265287046574e-01 -7.799169452734790522e-03
6.319810105658113519e-01 7.290841217047510092e-01 8.897833671452769488e-01 8.358653062287852986e-01 5.902939867253843564e-01 6.137477854432525914e-01 6.606095881895198696e-01 6.777255117531152395e-01 6.686402997501686984e-01 6.926192715224112062e-01 9.198308513927025976e-01 7.367677084597388237e-01 8.057429361602748141e-01 7.081536358628773842e-01 6.393587606191420969e-01
5.678035834702008788e-01 3.128034956403562550e-01 3.690579849954030989e-01 5.440277832138964431e-01 4.808637904087812442e-01 2.897054574761439572e-01 4.524326680645856524e-01 4.792242471824595396e-01 4.311134150118585140e-01 4.232424002363525117e-01 6.999587863309880698e-01 2.066637497474887453e-01 3.922507445041074625e-01 4.357587368766086544e-01 2.986545070573873306e-01
7.149700773187698255e-01 6.198778575524027667e-01 5.215799495581856515e-01 5.612739745954941073e-01 5.890770830659165513e-01 8.141064859567823664e-01 8.250111677401158472e-01 6.306873780292590048e-01 4.965866165930016285e-01 4.969104910218006266e-01 6.095353122713413896e-01 4.009761119130316742e-01 5.074529085838020981e-01 4.003835363246445178e-01 6.597015853392276252e-01
1.160616171349279357e-01 1.803336179763542213e-01 3.681367313659766882e-01 2.954189546477743455e-01 3.010134633473405819e-01 2.868050176084538938e-01 5.019318601854450002e-01 3.443185826940211580e-01 2.446179813719565610e-01 2.150533468645365320e-01 5.424686700934003847e-01 9.558260524446668405e-02 2.209810184804005817e-01 1.109037160686936474e-01 2.630401320067832227e-01
3.090825805541799753e-01 4.646533420777970158e-01 4.754080750368874786e-01 4.233884287927481838e-01 5.032382673212981716e-01 6.831117809049225276e-01 3.182614105609582467e-01 4.845890298917645556e-01 5.186568201691171831e-01 5.246200905230348210e-01 2.708819069518452749e-01 7.460642886781280181e-01 3.621642562280598665e-01 4.804252109270932825e-01 5.021772000504755029e-01
4.310431933961975659e-01 6.140858985472981146e-01 4.869636437120690720e-01 5.903763236467295394e-01 6.585242515068870928e-01 6.083948815933130083e-01 3.886514410615400372e-01 5.212316138383679132e-01 7.883425906289734941e-01 7.533191954439748539e-01 5.634121364887282324e-01 9.070268930951913555e-01 4.945841806110562455e-01 7.997945899599001596e-01 5.216274349097379526e-01
1.962571261652298893e-01 1.433514672613242225e-01 -1.610055597172643099e-02 1.001129022866872886e-01 -5.325700893465126068e-02 9.542794797502157644e-02 2.794862655060871837e-01 1.909648485806340890e-01 -3.711703444967594245e-02 5.700978476501525338e-02 -1.095933037543489995e-02 -1.617028059782522204e-02 1.386760669172389104e-01 1.656793373635065125e-01 1.587389741309775948e-01
-7.292104131393278843e-03 3.694263363176005233e-01 4.361159304406341253e-01 1.649892426052210204e-01 1.213546157517786522e-01 1.262522468350179838e-01 2.519641695985005980e-01 1.619596625470517970e-01 2.990521563531678972e-01 3.426797605924310486e-01 2.854337532119751719e-01 3.828859358703666227e-01 1.619568655937319857e-01 3.404840482269556601e-01 3.682521060358402432e-01
2.819039619790711382e-01 6.159582248967288010e-01 4.734078530509419624e-01 3.487038191400858023e-01 5.135962791633081892e-01 5.849356100564220284e-01 4.091652223055742277e-01 5.078811299898514653e-01 4.363153150988178797e-01 4.690936458684247246e-01 2.942556314042700794e-01 7.516683788807164701e-01 4.114339225669209066e-01 4.579329278767260702e-01 5.093672378612721374e-01
7.766095487427867594e-01 4.904444685811976679e-01 5.049386899493846226e-01 6.903287818865273540e-01 5.579401796099915378e-01 4.335614977068140696e-01 7.170867060517730485e-01 4.843201036673095428e-01 5.573054681019976586e-01 4.008527025253815212e-01 6.749351030219825631e-01 3.844328344727883651e-01 6.013464957757600482e-01 5.325658689169107118e-01 5.244494709964030443e-01
7.476306865516484379e-01 5.888422311372226714e-01 5.805170330104388876e-01 6.682430610239934454e-01 9.332516304806982577e-01 7.370413921419978198e-01 6.221372575599785071e-01 6.754559619412350280e-01 6.552375202449104430e-01 6.027576888023089552e-01 8.246930203753148891e-01 5.834736110876848070e-01 4.901794108811777240e-01 6.365730886446101522e-01 4.872868050211664470e-01
1.523231442033649019e-01 9.258355380933148970e-02 1.491170632231308968e-01 2.827886079780953521e-01 3.022304938573633915e-01 5.124585857011318413e-02 7.048650832974524827e-02 1.017980483577850676e-01 2.333957245080922616e-01 1.351935688531744617e-01 2.749547093250475083e-01 2.260942268366874786e-01 1.763034683168341887e-01 2.324461056700103390e-01 -2.198273002681010516e-03
5.243260081773075676e-01 6.965575242735217998e-01 6.211027581310379908e-01 3.808396070217850982e-01 5.078587030527603741e-01 6.731714131805565104e-01 6.042708073584561745e-01 5.668821851019898439e-01 4.709766248982825698e-01 6.040610440237421663e-01 3.079623899550056887e-01 7.510677336907852775e-01 5.483745849310410758e-01 5.096452142022019904e-01 7.277040570225454807e-01
5.389284345118303676e-01 3.388924141477636098e-01 3.688444929887439994e-01 5.743275976459931709e-01 4.601025937078094818e-01 3.696646455947121268e-01 5.433213256349352926e-01 5.346425826589111807e-01 4.752161292145352656e-01 4.137460836571674183e-01 7.066990903586535255e-01 3.352856998863725790e-01 3.452654232406962009e-01 3.765205616693930724e-01 2.000845967752206134e-01
2.352503486973920588e-01 3.233063848670774121e-01 -1.105591101238873053e-02 2.194189608440517414e-01 4.572169638698406757e-01 3.830043738058682701e-01 1.433907285725324887e-01 2.172334353943919383e-01 1.169444926561760134e-01 1.656999685884339713e-01 1.793626311396862849e-01 3.283816945166848633e-01 6.864770407999963575e-02 1.798782628101883996e-01 2.030112713653416667e-01
-1.959472384012455465e-02 6.904592914108145796e-02 1.447834604450682705e-03 -2.710140291224302778e-02 4.891077737727524827e-02 1.919083668296260592e-02 4.008280987149789865e-02 -7.240521432166660554e-02 8.588013083585049889e-02 1.199451310858245384e-02 2.251573701915735807e-03 4.801544700537185156e-03 4.616101979104459546e-02 4.886459821057308889e-02 -4.662962836770479652e-02
8.281328011486398522e-01 7.739624615043848577e-01 8.065803304035947807e-01 7.680952650349500699e-01 6.536098977683382216e-01 5.742972636435348388e-01 8.411560901703455384e-01 8.063611213831358704e-01 7.322304851407567261e-01 8.847236577714139294e-01 8.617055214475624059e-01 8.491270500797025722e-01 1.062062614631910096e+00 8.439492004373173595e-01 7.562268477042973780e-01
4.134283347477749060e-01 1.833073496846344130e-01 4.936467462429666719e-02 4.317497834741071405e-01 4.005475806177838383e-01 1.098600448671548102e-01 2.337663536261122554e-01 1.377053141256708024e-01 2.562072185537420110e-01 2.585498797002831473e-01 2.285082090613017591e-01 1.777683951745766544e-01 2.656232026812240798e-01 3.674009238678781486e-01 1.953125235469898302e-01
3.842642045519033545e-01 7.344944505746281438e-01 5.281870390592368070e-01 6.001779938074776055e-01 7.474444136790675541e-01 6.441606244633573120e-01 2.602941978240629894e-01 4.989140642359393696e-01 6.255689087655751379e-01 6.983332045857020276e-01 5.287510524448320037e-01 9.786842561193083156e-01 5.930915511334234891e-01 7.367645749691253965e-01 4.314877514122408275e-01
3.556553539162156663e-01 3.340060575963415546e-01 1.425601560810521029e-01 3.838442966469835516e-01 5.785453623786446231e-01 5.067386106499551790e-01 1.513211705444106325e-01 1.987827543746131798e-01 4.286662326501659015e-01 3.765384359223445387e-01 4.244394417479461779e-01 4.468956804815441552e-01 6.828896509040449647e-03 4.615449523395243614e-01 1.441193391379348987e-01
4.960623347737967981e-01 6.944184604477146028e-01 5.879326666181894367e-01 4.275176429647447041e-01 4.851814477791767111e-01 7.139917301877102274e-01 5.077329388435599666e-01 5.021228482791634251e-01 5.694104140946205650e-01 6.464664268739470643e-01 2.620579309074781427e-01 6.848401465653907172e-01 5.775762410431545257e-01 5.306020172317555961e-01 6.361348016012946527e-01
5.608259125714273319e-01 6.404427924215859713e-01 8.505216940519639834e-01 7.320810933199330961e-01 5.485733915635377933e-01 4.354205554436849090e-01 5.540339174851107718e-01 6.616398292485460297e-01 7.288992751685832161e-01 7.242032972130342250e-01 9.152816652517727913e-01 7.539311778785378060e-01 7.123155614542162617e-01 7.204228340827262267e-01 7.283339746781127833e-01
1.310598778661998254e-01 2.777315384499480788e-01 4.719486006719521010e-01 1.119956859196236665e-01 1.622489418834858199e-01 1.094757781525237672e-01 1.275511423978606396e-01 2.180628548746382789e-01 2.427332838250293168e-01 3.536730051833535948e-01 1.372730570670307459e-01 3.734958511071989062e-01 3.402706673477071675e-01 2.738683381344995671e-01 4.460723981104388058e-01
-2.030570567384475458e-02 -7.980640449824699667e-02 4.958774760421624794e-02 6.509634462656288534e-02 6.564359915702584758e-02 -8.668505895492187308e-02 8.962380201227339305e-03 -3.385247387378760662e-03 3.319922247294462142e-02 -2.856131580632248479e-02 1.406940628608253224e-02 -3.428279225939690790e-03 2.594544521084092559e-02 -5.593395218305990263e-02 -1.439405793307107009e-02
4.151414549104177065e-01 6.430007847580387903e-01 7.833053850926872119e-01 4.879185962798014975e-01 2.628597021143809220e-01 4.079175708303242054e-01 6.343711395734387137e-01 5.375211509432282764e-01 4.861956477853659475e-01 5.309897134395716867e-01 6.193294568310588888e-01 5.230200751225305700e-01 6.507273654520346895e-01 4.120179112191889037e-01 6.693480392553696756e-01
4.036207439140914177e-01 3.743745973694292961e-01 1.008061998417324190e-01 4.838788469666264191e-01 6.184048249398758079e-01 5.150786000653436725e-01 2.089826967125396617e-02 2.689010560005046790e-01 4.782154439691648773e-01 3.205847998851363290e-01 4.462174926840062894e-01 4.609556493351452677e-01 1.840169629262061179e-01 5.046783622856384488e-01 1.956423703935029623e-01
2.686471804762886606e-01 2.827838771098084569e-01 4.899600535754229935e-01 3.000076171660124857e-01 1.090496244407054421e-01 8.087236191189017820e-02 3.272251214617765136e-01 4.041931914949765670e-01 3.226415815299470968e-01 4.050176598149345386e-01 2.165447652980098114e-01 4.385003548525454042e-01 4.263782262726658612e-01 3.989576372107366264e-01 5.276019533110530846e-01
7.022735716595299715e-01 5.833421695591546330e-01 5.795433716553575199e-01 5.778757321701846195e-01 6.406281586761745084e-01 7.783477907892667469e-01 8.248255297439055500e-01 6.784072377010558208e-01 4.800430767292050982e-01 5.128057008746609302e-01 5.836481012443407446e-01 4.404456454310428093e-01 4.636351112493773963e-01 6.106955414929730042e-01 6.683936556908155469e-01
6.199787739875982640e-01 6.604052341319879282e-01 8.376775998894813169e-01 5.250991378473632842e-01 3.833850328962584153e-01 4.749855929220586637e-01 7.397920901969389229e-01 6.958445753902076092e-01 6.756180387874495263e-01 6.842545547579729215e-01 5.856127317831489876e-01 5.572572090217533525e-01 8.525313941639600657e-01 5.532374220613243132e-01 8.642685108714207587e-01
5.124348250757690959e-01 6.743804699513501477e-01 7.940747812899904279e-01 7.607750066940914824e-01 4.748962551439235291e-01 4.431647482830443074e-01 5.948564425125568711e-01 7.728223091283297208e-01 6.835509171039453324e-01 6.681528847627751233e-01 1.007738918981918808e+00 7.023986229878877996e-01 7.330965055078771941e-01 6.614759885962445685e-01 5.768221764203299573e-01
7.920279901827380620e-01 3.836482966557703822e-01 4.438468966708211672e-01 6.203279912860956147e-01 4.700176913388872668e-01 3.745743580538465345e-01 6.230746007284589938e-01 6.078234043174872703e-01 4.759668245423105959e-01 3.694247566863565480e-01 6.461441284856245248e-01 2.829627944936030648e-01 5.845626877827239110e-01 5.182606020171874883e-01 4.139488272404026059e-01
4.241648658503051061e-01 2.659290942321779205e-01 1.605497254562010812e-01 3.453201846224752680e-01 2.718824381811491553e-01 9.018715982003699949e-02 2.278982193691855007e-01 1.205293968875874172e-01 3.472866886431086320e-01 3.006034964704731860e-01 2.097651963691687382e-01 1.066584091773136456e-01 3.199521712828514719e-01 3.740177878144083090e-01 2.159432380675829211e-01
3.097381802294109088e-01 2.951009749177154751e-01 9.745833616469393168e-02 4.411233892071121376e-01 5.368644718537070037e-01 4.563971872806077967e-01 1.894559192625117072e-01 2.961176176823028805e-01 4.476533301937145048e-01 3.730454203869703056e-01 3.883020578405645962e-01 4.853752078358481437e-01 2.261328877617507505e-01 4.455133725431297265e-01 2.684188161078690515e-01
6.282176782025705730e-01 6.292744691328756579e-01 8.232375617139231494e-01 7.075855996121556135e-01 5.354538623368741979e-01 4.806772882971727667e-01 7.202731658672187898e-01 6.980362180237035252e-01 7.271748065934807714e-01 7.663604315963494784e-01 8.361364232064022461e-01 6.688949765353540133e-01 8.027062815079141211e-01 7.260102936248553629e-01 7.081606047218541589e-01
7.621166348003988178e-01 8.751522446809241185e-01 9.281396302171565083e-01 7.603012603624690335e-01 8.325181338095569705e-01 9.754444120997926015e-01 1.078985493382257355e+00 9.119130154977013181e-01 7.574592095146843729e-01 8.315209887923419307e-01 8.127523502291100765e-01 7.358131195876392860e-01 9.485213462692029251e-01 7.752057371096494620e-01 9.822063993777949698e-01
7.088922548070756280e-01 5.737176374832625436e-01 4.149803145676685956e-01 7.699756436648936830e-01 7.821591601188747633e-01 7.398430508272182404e-01 6.500100703599581697e-01 5.712240823377351395e-01 6.962821101663915213e-01 5.079020217138929816e-01 8.453546515071196366e-01 5.522345964695404286e-01 4.750762872887682731e-01 6.332361390620163677e-01 5.118093562513522654e-01
4.755134045755031180e-01 4.326594597657233976e-01 3.879155573026327186e-01 4.239752558419744299e-01 6.155880701664421251e-01 7.481283702979911743e-01 6.090283101866834636e-01 4.771902813987705105e-01 4.661681000347488446e-01 4.942686334351046873e-01 5.052066322868875581e-01 4.009478881327308009e-01 4.029426863868775799e-01 3.644535926449355978e-01 4.209447682107911315e-01
4.812204698662215230e-01 3.378197751857687781e-01 4.217003956690444921e-01 5.951625431584448567e-01 4.868752021128016638e-01 3.743195128692649587e-01 4.949198838703924852e-01 5.106681622386691766e-01 5.077422762163676939e-01 3.663396660741231603e-01 6.175735172036114218e-01 3.144536236525026229e-01 4.739635657492738408e-01 3.651531321539901453e-01 2.929299326676137460e-01
1.050025391583351508e+00 9.779967279632229005e-01 1.033953146373652876e+00 9.965118002756440108e-01 9.548226990954584714e-01 1.009103340181834785e+00 1.013826269310870165e+00 9.492360109083819442e-01 1.030463488800901661e+00 1.025145922595640968e+00 9.646516496959319786e-01 9.268473447906336871e-01 1.026287525310028315e+00 1.081453143566563080e+00 9.857731961474316407e-01
7.949178734613964181e-01 6.271935002365806033e-01 5.693994763049555763e-01 7.131684607053717651e-01 9.022585320970532008e-01 7.897260343389957971e-01 5.756984219140643955e-01 6.620300381768067233e-01 6.409416855056625506e-01 6.073480207333585845e-01 7.968964589380301833e-01 6.819170900275854930e-01 5.311859348277946369e-01 5.764927722157563439e-01 4.686888469745425501e-01
1.848052042065378153e-01 2.952168480069727319e-01 1.045791311139269014e-01 2.246786014090962902e-01 2.694520663516935532e-01 3.944068300370163760e-01 2.224357727625959902e-01 1.365189048480540124e-01 2.130767320901322814e-01 2.001935342526974249e-01 1.280758381382103572e-01 3.181556243856959454e-01 1.098175337044260680e-01 2.000924536810775312e-01 1.615449211406050634e-01
8.164434962801138118e-01 7.216921031976585299e-01 6.313057227087868206e-01 6.978601822530012821e-01 7.716589625063122737e-01 7.403747891219019106e-01 5.385919415402005139e-01 6.861508278706675013e-01 7.905703721596193390e-01 8.221574318576073681e-01 5.294518403027714815e-01 9.047193539263772566e-01 6.395564884333212463e-01 8.975679093030868305e-01 6.931039609531588486e-01
6.380638751046285861e-01 5.749840268196396709e-01 5.036156740289783329e-01 8.273949664327907572e-01 9.622960752637543802e-01 8.250521217851695122e-01 6.125296165581211039e-01 5.827160780188406219e-01 5.693260580009418259e-01 5.852474787639055931e-01 8.549971462134914324e-01 6.938605436103668644e-01 5.142495036184429047e-01 6.009261462269419596e-01 6.305480668806411337e-01
5.705568557196176727e-01 7.146349550779160786e-01 8.929319143390099800e-01 7.263229096314933741e-01 4.669923368015146958e-01 4.575563873755540412e-01 5.624287109872538881e-01 8.252477364630688150e-01 7.044616960450438281e-01 5.932712076056345651e-01 9.254365066056714495e-01 7.817111463440132857e-01 6.859112830524667359e-01 6.711533234286670702e-01 7.242341016417339628e-01
6.527753282253878631e-01 6.996620239567291621e-01 9.779619903171988815e-01 5.115375162359772077e-01 3.509661383190133543e-01 5.376855042067563151e-01 8.648164391908473858e-01 7.578996023564169571e-01 5.837149315629071022e-01 5.780171602255894658e-01 5.828037265262356881e-01 5.393339186765012672e-01 7.583404135777667143e-01 5.468976555019841035e-01 7.416650948251921616e-01
7.615061125887849780e-01 9.466805168330788556e-01 9.329476801202504221e-01 9.136313961998511202e-01 9.440796346495512470e-01 8.885770729360025211e-01 8.014197751565402816e-01 7.923028868929413715e-01 9.164190345437893681e-01 9.871786661972926646e-01 9.213730162786964994e-01 1.039985630960245322e+00 7.296212325039888036e-01 9.022801534026415604e-01 8.541192581202134981e-01
1.079252427087147748e+00 1.070301967225414153e+00 9.576462294597166691e-01 9.489843612069801537e-01 9.229965964061013217e-01 1.013510534156039977e+00 1.018017331686207338e+00 9.880646558828699577e-01 1.069445405251154835e+00 9.709203326504235454e-01 9.132918102777327629e-01 1.016018488096704697e+00 1.029855976574571841e+00 9.165515401170851728e-01 9.750714328477778636e-01
5.435980929025565622e-01 3.359784936199331495e-01 3.870123583439508685e-01 3.915264596979778355e-01 2.921126119187333336e-01 3.108006525113086171e-01 7.195883985233060276e-01 5.332207610215111693e-01 2.324169941311323706e-01 3.335495542728874052e-01 4.758197796922310485e-01 1.543438573945401238e-01 4.873898294883356463e-01 3.070048987366679194e-01 4.259251729801356579e-01
9.649809160349539505e-01 1.099431263875755072e+00 1.036544128498773532e+00 1.060465903880687399e+00 1.010736192622879726e+00 9.450084391068316325e-01 9.946467126242393153e-01 1.055487403102684185e+00 1.041970430236765832e+00 1.074316124789635785e+00 9.236243811094221323e-01 9.795621576895273686e-01 1.029543888349875758e+00 1.007329558838897965e+00 1.071925550827677043e+00
4.710583174604388579e-01 2.704084867694209748e-01 6.680536659735172855e-02 1.501313703535469279e-01 4.240899808900394086e-01 5.415979846592426927e-01 4.878339256980585570e-01 3.389204620174547378e-01 3.502120864799616040e-01 2.795857008528462861e-01 1.253011785543285683e-01 2.930921676173806056e-01 1.928642505400832152e-01 2.788127570579062020e-01 3.973993265528756313e-01
8.650318101967726658e-01 6.569071323645868654e-01 5.276175412631999295e-01 8.176850619522796348e-01 8.759123164953163121e-01 8.585910867735069285e-01 9.328803072917242201e-01 8.348645634715273767e-01 7.964957961398217989e-01 7.337344567388870420e-01 7.712977013512385405e-01 6.166358464804639894e-01 6.674219012949857976e-01 7.107786561572266848e-01 7.690590852779930486e-01
2.189426861790090273e-01 2.786060193253308559e-01 3.926992455313356722e-01 3.864213140400555857e-01 3.023758936508434414e-01 2.957751990991131508e-01 4.445097708393406788e-01 4.117157866083639428e-01 1.577931890578191942e-01 1.987419205431916192e-01 5.096985149720153485e-01 1.148476841180187391e-01 2.247215606627004925e-01 1.671910155420880395e-01 3.440097896832321478e-01
5.538589790291545967e-01 5.873908499828897067e-01 8.013860646608887972e-01 7.353233037089101920e-01 6.381635024746116214e-01 5.103139572680562841e-01 6.196332357964590143e-01 6.462525958062232956e-01 6.537377909005916976e-01 7.341766316393745218e-01 8.969230335747215843e-01 7.904637668323828414e-01 8.006865219050747218e-01 7.775634441657236495e-01 5.767247167311646550e-01
3.741730786332184699e-01 3.315443246623498985e-01 1.544701466191377714e-01 4.430881235108306004e-01 5.116596130372279561e-01 4.986056982553476735e-01 1.647109727241782562e-01 2.956919878542899061e-01 3.978111156232898571e-01 3.336585182589943965e-01 3.751254334353290587e-01 5.100372616335214770e-01 1.240481754168824280e-01 4.758211660205737270e-01 1.751842707181139047e-01
6.264475022455482378e-01 6.896993820405075137e-01 9.019998038840274512e-01 6.280414385356628548e-01 3.966051352159731258e-01 5.770345028023864398e-01 7.172589418469823563e-01 7.555610438812609964e-01 5.321042291688881098e-01 5.362833615090780714e-01 6.360009062011034997e-01 5.025940286768418863e-01 8.004214742140841610e-01 5.335707311158577326e-01 7.725424083008680665e-01
3.568543971906542600e-01 4.251921238768692768e-01 4.613194978770985277e-01 3.990299549130899015e-01 3.560415326812513270e-01 2.495845840597091525e-01 1.497933447891645897e-01 2.897277555401731597e-01 5.126659243056141957e-01 6.101652509485284703e-01 4.147812696737432359e-01 5.350385041685818965e-01 5.678059194255244968e-01 5.531452325866936803e-01 2.760938960282108279e-01
8.544054452304952196e-01 9.159445212353025667e-01 9.492090453461580202e-01 8.027507093084161882e-01 7.305703313236341367e-01 8.718846109130546917e-01 9.309676706078290342e-01 8.718563159466267143e-01 7.415486621528671884e-01 8.593927424947370719e-01 7.218352214766498021e-01 7.640690319725897961e-01 8.172729024348573956e-01 7.501876645394289778e-01 9.730815214810583091e-01
6.105768722443557506e-01 5.918900760613625689e-01 5.054184490016693232e-01 7.389474825683827186e-01 9.211633843360542695e-01 7.582834244400793455e-01 7.013749134296519694e-01 5.543399376141523449e-01 6.262477622017699197e-01 5.918925186945457328e-01 8.000800401211206614e-01 6.062237425619264597e-01 4.249402109147528139e-01 6.915455442569876654e-01 6.412017450649650785e-01
2.308237596263273128e-01 1.033987106243975662e-01 8.224891873130406317e-02 7.593435042326203421e-02 2.121466817457319520e-02 1.444486575323443711e-01 1.197992414087328816e-01 1.239246076782876266e-01 9.926019980256728381e-02 1.521972746324284920e-02 3.392104322031300016e-03 2.359149630454382765e-03 1.802044471682822391e-01 1.482706550713055182e-01 1.621688137602970703e-01
3.572793010521122525e-01 4.393286755740216099e-01 6.112548864886546696e-01 4.261129920635095547e-01 2.919808020414917937e-01 2.183600423738585872e-01 9.061448013696513093e-02 2.782319748618761190e-01 5.806651239594330383e-01 5.202556279967366359e-01 4.621465942163288099e-01 7.219456773923832449e-01 5.316290558742128303e-01 5.237734930118994603e-01 2.557666989310818373e-01
7.245001192251998567e-01 5.778794688659016909e-01 7.995810856452219006e-01 6.278308744444167644e-01 2.939278365759073197e-01 5.441604682764573653e-01 8.806599769126743915e-01 7.476776086751413253e-01 6.566223711139512753e-01 6.107131795457263479e-01 6.132024365414682210e-01 4.567445065961412420e-01 8.034748898913547377e-01 5.229330160097863667e-01 7.013397859450931637e-01
1.016924617889472415e+00 9.311336427323317899e-01 9.296964990689480235e-01 9.890193084417728819e-01 1.081074751716472937e+00 1.019209143531555561e+00 9.815989048891493596e-01 9.316442768723957046e-01 9.385455178768038476e-01 9.256864431589253428e-01 1.011236151885919199e+00 9.965909643941592844e-01 1.022658141721028313e+00 9.673634894488897240e-01 9.821450681812906591e-01
4.633861365147563527e-01 6.650782561021113537e-01 5.721268004999827683e-01 6.220493165007074943e-01 6.495522868467495936e-01 6.143777361638796952e-01 2.609774912538443958e-01 5.259835524574756338e-01 6.835081977065684544e-01 6.167506298786911145e-01 4.932578436681594458e-01 8.764505205265783472e-01 5.312808501489008073e-01 7.786511031245552106e-01 5.750933503547615011e-01
8.046590377335872679e-01 5.835414401919606364e-01 5.238764975117790046e-01 8.497654252192993196e-01 8.616796341489392219e-01 6.890749771329982565e-01 5.871954018846294865e-01 6.697355233191004675e-01 6.161577117495367073e-01 5.821487988507577649e-01 7.262550561372919100e-01 6.109674925851540372e-01 4.394107783492852137e-01 5.985732715735615495e-01 4.222665191908343552e-01
3.727849210074554165e-01 1.911528777178645722e-01 1.640543919574951603e-01 3.111892447017516883e-01 2.151979737063606790e-01 1.334286207188725426e-01 2.328807821635602016e-01 1.851612620878470561e-01 2.670950946729612197e-01 2.861035724602087882e-01 3.568628545759858772e-01 2.274440143317057461e-01 3.270105570439386100e-01 4.438450411218765601e-01 1.713473914474908377e-01
9.178821011124346230e-01 7.739648206889460091e-01 9.095574424844514727e-01 7.959289084791636437e-01 5.413933452678377778e-01 4.755787295974657214e-01 8.470256638818796091e-01 8.206670274334403326e-01 8.009201000343411092e-01 7.639846999816141127e-01 8.930556391633436286e-01 6.994177942263288816e-01 9.389504116597829908e-01 8.274561566314709848e-01 7.040441638752737985e-01
4.266029215648134976e-01 3.553246018553630758e-01 6.736023663851642418e-02 4.625452086205987245e-01 5.881487597606790407e-01 3.849959197814444845e-01 2.438690472551976740e-01 3.443793776794871198e-01 5.876190453354152021e-01 3.480747109460465283e-01 4.201742329097897244e-01 3.944381870279474178e-01 8.152046502217819013e-02 4.821851592846790324e-01 2.353063979790401827e-01
8.613008227230621872e-01 6.541636090356267585e-01 8.721759980754830721e-01 7.903886950078139462e-01 7.092450621540988820e-01 4.743343991280153382e-01 8.090439663475705867e-01 8.047777084670116876e-01 8.660853435927332589e-01 8.162363732978219488e-01 7.900207038291051642e-01 6.998673627478190218e-01 9.409717418665849431e-01 7.784195387691789092e-01 7.198110324179116670e-01
5.661506026692373350e-01 9.350771780109058406e-01 8.964585869268469898e-01 6.899503999270406585e-01 7.227931412579233772e-01 8.882623296503439070e-01 7.183222133830784450e-01 7.764834782345624298e-01 6.927682176331614317e-01 7.700577032987131476e-01 6.093766508220344047e-01 8.075711771892003510e-01 6.845585808481691181e-01 6.035922796056545359e-01 8.010547060691721732e-01
5.989249418350712784e-01 6.783141715166122188e-01 8.498327376009509049e-01 5.940857645274885135e-01 3.698544873386356846e-01 4.191594919061271129e-01 7.737972622281098500e-01 7.132721470054436130e-01 6.058837250943143182e-01 7.358645780928619873e-01 5.182498319063346681e-01 5.447598998600997611e-01 8.636967139373870062e-01 5.398462376137813656e-01 7.272872115372071011e-01
8.543530504900871680e-02 2.736354980134232395e-01 4.744684888341093587e-01 1.168568060404494846e-01 -7.686632718197014547e-03 1.775138980829095436e-01 1.252321705383091510e-01 2.515585768349278273e-01 1.763577818668847497e-01 3.419931691529011220e-01 2.552228989523683822e-01 4.271915638756670908e-01 2.557359884065661948e-01 2.874461851895416808e-01 2.859577980209363490e-01
2.254906180040726627e-01 4.442503095545807801e-01 5.191147591677180984e-01 4.284405650414673805e-01 3.212647753695248576e-01 2.751545440606082416e-01 1.775956636881491635e-01 3.030512273806411083e-01 5.280534025841152612e-01 4.591879548071746697e-01 4.739031559093099810e-01 5.150043683645494363e-01 3.961346850936041664e-01 4.800901817211665756e-01 3.785182271040551938e-01
2.298391724280788584e-01 5.726196482948615885e-02 1.246050865603758884e-01 -5.493882584335030295e-03 -6.781026160178477147e-02 1.113426075271735233e-01 2.372006671974389858e-01 1.072278636625245141e-01 4.970170579525259869e-02 1.795029076725270512e-01 4.493888067369936762e-02 1.507121231762622027e-01 1.750551658630926655e-01 8.345649931491376516e-02 1.221237105641480164e-01
3.592447301639119517e-01 2.250210720780830287e-01 1.072221854720456780e-01 3.580445159838907543e-01 2.609924699872792631e-01 2.329687576560010021e-01 2.637265563477572128e-01 2.685840226837877820e-01 2.824107406714226332e-01 3.407549303820351372e-01 2.608927744723658071e-01 1.732124143684834472e-01 3.584256377995044263e-01 4.786394695898771312e-01 1.270027408111995271e-01
4.934658105233923897e-01 6.085124897770433083e-01 6.010449513125645238e-01 3.167532952350194941e-01 5.019747249505924769e-01 6.635158390661672900e-01 5.125103897378000539e-01 4.861375956710534685e-01 7.024166839617512759e-01 5.562682403814109833e-01 2.857483136940631163e-01 7.594480028569179364e-01 5.997774575583374457e-01 5.744167870457814740e-01 7.096514976877752456e-01
8.350306330618191275e-01 6.565945408254222349e-01 9.330520799173719348e-01 8.335404333733201776e-01 6.154782779780205715e-01 5.921705558972469863e-01 8.333910226473766336e-01 7.712684691710078866e-01 7.542464425277308759e-01 6.940289532605669054e-01 9.096486955295076671e-01 7.798777319360339355e-01 9.295854935446173917e-01 8.339278280076097838e-01 8.323660616835765191e-01
4.030338247227479576e-01 3.378104555946592202e-01 1.001031885599558136e-01 3.030309948091793326e-01 4.446630407733839774e-01 4.817360136265547155e-01 4.420537168693125518e-01 3.483926475222444141e-01 2.300326282888389695e-01 3.194217234716777987e-01 1.285932959221665617e-01 2.008482958485223735e-01 2.778472166056585868e-01 3.522474895638162407e-01 3.916874621971743742e-01
5.434740752247262385e-01 3.793584446779140196e-01 1.826563630209376288e-01 4.530560191738234876e-01 5.875635247522893456e-01 6.057736358674888910e-01 3.379591754505726353e-01 4.819616389298039816e-01 5.029694206885714225e-01 4.635436127756683011e-01 3.719891606835862841e-01 5.136570858575858489e-01 2.647270442893568942e-01 5.579914981976559218e-01 3.984513928087925483e-01
7.421985299056510499e-01 4.826289488143682416e-01 4.369374694744557752e-01 6.386407012349646362e-01 4.840484545346341316e-01 4.033876433668994732e-01 5.746335253230503426e-01 5.257500338827141295e-01 5.335495331649130479e-01 4.917346209215336938e-01 7.507901085887717096e-01 3.204078722696423465e-01 6.198699981412213456e-01 5.159178870914697956e-01 3.197304689027887781e-01
3.690262131859716188e-01 3.539693616048756875e-01 1.703791611831786124e-01 3.440787166607042202e-01 5.528798149935547634e-01 4.793609824042651679e-01 1.247976265655741934e-01 1.880423963952685962e-01 3.930358652892382287e-01 4.171070526625298980e-01 4.395228077782638021e-01 4.657618565281324008e-01 2.190873753002767210e-01 5.247683454770519784e-01 2.418637430654968501e-01
4.707308891306760668e-01 8.152277938930865275e-01 9.416023966667984579e-01 6.775741406265818334e-01 6.162176223853406132e-01 8.486256491892569809e-01 6.978494754553814516e-01 7.443647117206833030e-01 7.593683522918972528e-01 7.514633192975945786e-01 6.883908645390722780e-01 7.601801788517861258e-01 6.472271653971879424e-01 5.849108385318754211e-01 8.735307074692664209e-01
2.232991248593322320e-01 4.820207050837475166e-02 5.910998257193369326e-02 7.019862894180557700e-02 9.815007539125140956e-02 9.051699878820664014e-02 2.320525678050709417e-01 1.608759418945767961e-01 1.112448860631704978e-01 1.208110109658514092e-01 -1.224727647092197814e-02 -1.610958805335865884e-02 1.074256767092039433e-01 1.045471126377142401e-01 1.065922422400623626e-01
6.399659966054730420e-01 6.298438215875821200e-01 8.333212952806862139e-01 5.580459900385186245e-01 4.121251027739957218e-01 6.117222919710112450e-01 8.087206339908366015e-01 7.426382522072734194e-01 6.149949433709296365e-01 6.505140908816251510e-01 7.009182553344063260e-01 5.990933782167925381e-01 8.448198723934791099e-01 5.707571430809055268e-01 7.953546928413959272e-01
5.503848003694266078e-01 7.007537393335421250e-01 8.360296847590865665e-01 7.283463223145002496e-01 5.207672162090489776e-01 5.254318445910152180e-01 5.783632857524493298e-01 6.191320931895587520e-01 7.455773991473257922e-01 5.846827415471895772e-01 8.874473596628145167e-01 7.764325618337842849e-01 7.771974514233521703e-01 7.492338757942392791e-01 7.369672322503240114e-01
5.306556069788841423e-01 3.947531122049202645e-01 4.246400635959444170e-01 5.879280855256718841e-01 4.545669058035961552e-01 4.288338909505672314e-01 4.609005342321703669e-01 4.674465012495485627e-01 5.603663467671002874e-01 3.821040644906127381e-01 6.411089487594955338e-01 3.031789321830388184e-01 3.553569934637706429e-01 4.254718770387348470e-01 2.956050772229609769e-01
8.200433437212685250e-01 9.449470831709032570e-01 9.661488784467482382e-01 7.446338075661251832e-01 8.271686789531896844e-01 1.017188193073857549e+00 9.748214287854413129e-01 8.874061073274178701e-01 7.556056022534594074e-01 7.328769307397385857e-01 7.347529567108266324e-01 7.855393305010022198e-01 8.490118226094028886e-01 7.616885181030417229e-01 1.035671674932606035e+00
4.581904282438347131e-01 5.220580576476580026e-01 8.793122027110298333e-01 6.079135697137422190e-01 3.297679258367727240e-01 4.927711905852864560e-01 6.431133082889050057e-01 6.007463718095397143e-01 5.890810448684367095e-01 6.127342596886926618e-01 6.972267115945897098e-01 5.833219052058609133e-01 7.403100639781796666e-01 5.248998471939620991e-01 6.040135755107746141e-01
