3.004091021075828705e-01 6.356849696498403923e-02 -5.758692359677450301e-04 2.043586916409539656e-01 -5.915460371481599117e-02
6.922622320811433472e-01 8.863728992585770960e-01 9.055795506925062854e-01 8.282752599589202624e-01 9.520563500696495041e-01
4.134451470897181902e-01 7.335260182807442630e-01 2.435466989624199274e-01 2.291627448474656825e-01 7.581895461390993907e-01
7.020421416541366977e-01 9.924735188281897935e-01 1.023260685227673772e+00 9.786130306056602945e-01 9.080507784393055948e-01
2.597555080741330014e-01 9.546117512137464178e-02 3.143925286946593067e-02 1.104316667313865463e-01 -1.098066815196358376e-01
2.428441773368401613e-01 2.908168773324499787e-02 1.077902559129512161e-03 1.476836677628516614e-01 2.438024905765626485e-02
9.983481108455676267e-01 1.006029801642365440e+00 9.487803341552314418e-01 9.516090563793164758e-01 1.040171044512607557e+00
2.113882600014019841e-01 8.534697867065524357e-02 5.628942163196641590e-02 1.987231361939958973e-01 -8.180929389902639667e-03
9.643785016399258891e-01 1.006165044756484050e+00 1.020527734254562890e+00 9.720317869037273795e-01 1.016729217672878605e+00
1.645487270845172323e-02 -2.299628023893925371e-04 7.934123293894748338e-03 -1.773085780766637740e-02 3.224582561765025612e-02
7.460300509600237273e-01 1.035493118093333109e+00 9.345783171876351769e-01 8.447987671292065404e-01 9.160818963670116499e-01
5.242779726506539006e-01 6.597047848170561890e-01 3.023984832188617022e-01 2.348130009668102092e-01 6.624434748581334853e-01
4.801256220675594877e-01 6.727462757067281807e-01 3.360661368127157433e-01 1.779287892847097874e-01 6.231712308865746675e-01
2.333545391588078555e-01 1.678351032461140313e-01 6.867768711677458837e-01 6.002456905027564460e-01 2.971030835283763882e-01
5.099602605084329054e-01 6.886244222613310262e-01 2.878562756680926316e-01 2.854217016467340828e-01 7.642330301507770374e-01
9.935002296807278199e-01 1.030187674605834491e+00 9.615570942671518573e-01 9.946968303052832194e-01 1.060098693556191130e+00
1.831329882990953561e-01 2.756736356647062625e-01 7.580608839620666117e-01 5.954815330367101422e-01 2.879928746704911724e-01
7.196152404708702210e-01 9.541015473911991229e-01 9.553445836475276121e-01 8.355460607566295161e-01 1.054940789690973046e+00
4.652354878963932960e-01 6.924028540513190721e-01 2.199932817435129306e-01 2.684109336998030670e-01 6.600366101167185473e-01
1.073018199760113811e+00 1.044564886129104142e+00 1.014352590749468153e+00 9.311065364166889458e-01 1.023108105346815844e+00
1.012386640748431432e+00 1.026809878142771471e+00 1.005504585390350369e+00 1.045652809057986410e+00 8.927825887906511992e-01
1.742973259464171143e-01 1.139067664869021501e-03 -2.952291943089539045e-02 1.436274422211916424e-01 -4.376073749532728707e-05
9.415235220856575937e-01 1.043432615665844221e+00 1.076170068976837424e+00 1.080821101364579873e+00 1.037801457081215073e+00
1.445908000166302720e-01 2.987792112284269885e-01 6.827101157256031394e-01 5.867655570854563019e-01 3.394145241189460149e-01
2.870783901353039513e-01 7.262129017261262365e-02 -1.937434997737150222e-02 1.417368599932500306e-01 4.018186733430580138e-02
8.190140587278795792e-01 7.421548641362143428e-01 3.247903398646157513e-01 3.735494586091683278e-01 6.650403060533206512e-01
2.225371404514138729e-01 5.840367342509736326e-02 7.422395810155010820e-02 2.314499759830052628e-01 -3.955192722811914918e-02
4.955974980501288707e-01 2.002241534478762519e-01 6.962438036972720123e-01 7.782943243972769709e-01 3.884339460868657667e-01
4.431916541905702722e-01 2.901169324681446282e-01 7.648931165013717060e-01 7.992959989209345029e-01 2.642870289227942648e-01
7.512013701131633470e-01 9.613167328236619236e-01 1.010472497232301592e+00 7.663173955976695373e-01 1.107886404542092418e+00
6.079534996040087957e-01 7.940004803718639925e-01 2.318478756538988883e-01 1.445740833928590430e-01 6.673167074635795171e-01
1.130370511667073280e-01 3.565346592224879346e-02 1.200190786229390350e-01 6.017284016140264646e-02 -6.425727243475817807e-02
9.969738760176939385e-01 1.022109142156272465e+00 9.553270704785851164e-01 9.396975067340852528e-01 9.772476875093892845e-01
1.513198715085242729e-01 2.567233853445582969e-01 5.889212101914261810e-01 6.989648588002843610e-01 2.939419890901916466e-01
8.737297558177897772e-01 8.647139622471136100e-01 9.976506376334144388e-01 9.124668147556683762e-01 9.815374194203395630e-01
2.414221179461420452e-01 9.637271115868112359e-02 6.442243859787855076e-02 1.530243369921784335e-01 -8.872823085786090205e-03
2.731762306978585339e-02 6.678428204953189284e-02 4.007985943517196337e-02 -2.426873621317208671e-02 3.666127684758463401e-02
2.250015790368296020e-01 2.826816718296303321e-01 7.023082542181291466e-01 6.887376669415783415e-01 2.887421596100215315e-01
8.227583363991743948e-01 8.115445716002218646e-01 3.333243176963917587e-01 4.971218336809303806e-01 7.393408967360350914e-01
1.769904525621366354e-01 1.877927527340349512e-01 7.032249512451466122e-01 6.306765889920068480e-01 2.593449226650755834e-01
5.172401013830774108e-01 7.689855877843716492e-01 2.447150073914168278e-01 2.202404071195308566e-01 6.466310804908584897e-01
3.982007041038391759e-01 2.938333529593608051e-01 6.989205225464579785e-01 7.838799469072338377e-01 2.625871019224444991e-01
-2.481483551390363529e-02 -2.241942781594434553e-02 -3.024948187900843390e-04 2.265700871271567399e-02 6.768768758262493253e-03
7.924232364305745513e-01 7.709406591976231127e-01 3.020959751508259794e-01 3.677220730072621180e-01 8.013834786204765415e-01
8.725927045237029667e-01 7.796695993907960531e-01 3.411700393507231532e-01 3.427663374784877259e-01 6.448394145628010277e-01
1.009242275821793822e+00 1.066609967309789297e+00 9.512109131284427477e-01 9.700096147987723461e-01 9.087605022096171270e-01
6.841629190824918272e-01 9.077025492840806731e-01 1.040088988286836935e+00 8.057992709949597376e-01 1.019034527717859850e+00
7.473053758496152055e-01 1.049097866451907057e+00 9.006032258570348947e-01 9.093707848550993678e-01 9.623594614503153677e-01
7.893765588683454570e-01 7.558921749140876667e-01 3.433044626686833634e-01 4.349082766217010065e-01 5.849199775187297057e-01
1.043207729269716610e+00 1.055514218853350172e+00 1.016488088952920643e+00 1.090001920477462694e+00 1.019033396880573594e+00
-1.601867214493025646e-02 6.080431795588784466e-02 -4.316789433393049963e-02 4.957026411870015968e-04 -3.768291114204994768e-02
4.892078485674274946e-01 7.895368280235238734e-01 2.556399735216434155e-01 2.452562155285678558e-01 6.164603308808572768e-01
2.808811784802272005e-01 -3.471984923059798223e-02 2.940027521891542747e-02 2.323829310139634008e-01 1.069769578584143718e-02
1.746009895878846696e-01 3.344617147120022560e-01 6.656596221704678129e-01 6.536387109190209266e-01 2.847891190682163565e-01
7.343204201866717629e-01 9.914451014001787188e-01 9.425524081541961641e-01 8.030546881354617694e-01 1.017252833209536966e+00
2.866995280644253352e-01 -5.178515280363568674e-02 2.076121533533185209e-02 1.571009891729616970e-01 4.234403636871832827e-02
4.854384792928810310e-01 7.549515074265448211e-01 3.184781436553328349e-01 2.154185247320146712e-01 6.242119492470883380e-01
1.795901231734536030e-01 2.905998641959901541e-01 6.598905680184907752e-01 5.516369749915683851e-01 2.946128525917139918e-01
4.196983661460469972e-01 2.290785001010767208e-01 7.241197928708807963e-01 8.688494312282670773e-01 3.490549462658290025e-01
1.290929657048608958e-01 1.999607714286391058e-01 6.793898118765526739e-01 5.813285540241314164e-01 3.255168258048325436e-01
6.496855332664169813e-01 9.546304551804122296e-01 1.000973609424265165e+00 8.720841291509949800e-01 9.859806437327625073e-01
6.855692313431269724e-01 7.977577375380181524e-01 3.516720785255009196e-01 2.856599195959544368e-01 7.324773617465633047e-01
7.478779716370000941e-01 9.716758813106751713e-01 9.583013273222689143e-01 8.151476822990267879e-01 9.586205314964779678e-01
2.348744514496674610e-02 -2.295443372811531782e-02 7.045160742679672239e-02 4.748400104313194037e-02 6.167729506457445693e-02
6.014348413634650753e-02 2.502274713875603587e-02 3.911599902927280492e-02 9.392589480577735739e-02 -5.773808477268051187e-02
8.716651319885085902e-01 7.914773331596061112e-01 3.278765695169459926e-01 3.263116332805601205e-01 6.634162721070302471e-01
4.812310961320541702e-01 7.135187405509634262e-01 2.024035155897169758e-01 1.671138884019705562e-01 8.131569181029445481e-01
2.141780737023699366e-01 2.748411917413018379e-01 7.173914425568079789e-01 5.939448062263493755e-01 3.075972050964584925e-01
7.596429174235053150e-01 8.017857018778449252e-01 3.483618695983963232e-01 2.590384724064985211e-01 7.061360231122861819e-01
8.249520416819168256e-01 7.647170328613906998e-01 3.277128916610363984e-01 3.566491750445508480e-01 7.029333411901110829e-01
3.116676697812027774e-02 -5.552952857946870380e-02 -3.451601538440365186e-02 3.405991965999367443e-03 2.810288625485955760e-02
3.341446121314438633e-01 3.706952256195394230e-03 -9.240881599194082641e-03 1.908197944703559079e-01 -6.005929841983266571e-02
2.132602819140659023e-01 2.579911568140950129e-01 6.945883975434743451e-01 5.412838566033655319e-01 2.397089163882489826e-01
1.135114660480642801e+00 9.891546810745912577e-01 9.673076339028616744e-01 1.105288360423332783e+00 9.435244876858935870e-01
3.094963798792449428e-01 1.084423384783633065e-01 9.268148562874924112e-03 1.633350044412676672e-01 5.099184327363085606e-02
6.405906272014745273e-01 7.627865439467418351e-01 3.660985559690170810e-01 2.050499287978498897e-01 6.779876896930754349e-01
1.046054574873406473e+00 1.095964767911035365e+00 1.036659748937382108e+00 1.044386703159611463e+00 9.212218026996886744e-01
1.439802531195549518e-01 2.412490031518816080e-01 6.768520981054815255e-01 6.322150406629073460e-01 3.087767248099751449e-01
5.565726731514235581e-01 7.971635811005368666e-01 2.660846719116343184e-01 2.307421781852037890e-01 6.654340488488396099e-01
4.787677997655320206e-01 2.828711159831691080e-01 7.094177300864712432e-01 7.336832585695400866e-01 2.437449234975820334e-01
-3.532120818675723445e-02 2.686324709935391727e-02 3.381386053136984076e-03 1.180053380811555384e-03 6.035855650183977530e-03
6.904208423332561795e-01 9.877550695962138416e-01 9.546286402478386668e-01 8.428076494128924345e-01 9.957255777438581701e-01
-6.321628468192982964e-02 3.546235756978565606e-02 -3.907111488012933453e-02 4.454882251102532803e-02 -9.644882412007216299e-02
7.931494992330931915e-01 7.251933666462289096e-01 2.114759229097706861e-01 3.871622056860861694e-01 6.863999702565248828e-01
5.977537290987724461e-01 6.623384324755569041e-01 2.999278476981755426e-01 1.919630276607320329e-01 7.587021729430293293e-01
1.719706677918574900e-01 -6.484093366036225436e-03 4.743469881784058428e-02 1.232564692354407299e-01 -1.097793534110707604e-02
4.618549264063387949e-01 2.354209618197853071e-01 6.616074002384106922e-01 8.497619130974644053e-01 3.411064895771787064e-01
5.678879436543222692e-01 1.766521997924199172e-01 7.359926354055628117e-01 7.894278244150690904e-01 3.454195238860506278e-01
7.806139047216891225e-01 7.386338571093736816e-01 2.788300748958128517e-01 3.346029661716720671e-01 7.251236366822334523e-01
1.525220034967950111e-01 2.660661456864008359e-02 -3.831867252961203285e-03 1.564708568516876563e-01 2.494567487205288925e-02
4.299150431991957122e-01 2.813342753645276528e-01 7.232676006605026631e-01 7.449013186063798697e-01 3.669006413972795699e-01
5.795737560026488211e-01 7.702234953528446226e-01 2.723772439524160816e-01 3.103758842529604212e-01 6.448615051605111059e-01
3.434895675298667572e-01 3.113383616706644902e-02 -1.215231618890699750e-03 1.233154762315765984e-01 1.991927820043614544e-02
9.730051165155787496e-01 9.260685746980092947e-01 9.413728050528016311e-01 1.001349351658540776e+00 1.002005732671378935e+00
6.651627807203697174e-02 -1.699141255942141632e-02 -6.160182000183875989e-02 1.040896351427857136e-02 -5.986890494367462685e-03
7.548244795685423725e-01 9.825203019543263805e-01 9.384249581325785350e-01 8.104933465562755845e-01 1.022723307975517359e+00
6.968276638591461847e-01 1.063830773383651618e+00 8.961752558795688106e-01 8.316635537440324466e-01 1.059665890987600889e+00
5.752025215184641133e-02 2.255325063379372275e-02 -5.758405693123996166e-02 6.802897488006347249e-02 4.915365433884105739e-02
8.150613196904288316e-01 9.687587434129830699e-01 9.761732879077903435e-01 9.013344979007875679e-01 9.658699783540971584e-01
8.487542396149330148e-01 9.088731330869651570e-01 9.650585748712798839e-01 8.686783632498054075e-01 9.882007869851828774e-01
4.381382526776436692e-02 -5.841591667097270797e-03 -3.379862767052304456e-02 2.584567914673238653e-02 1.867576879642714183e-02
8.614087228223060722e-01 7.343117161031792461e-01 3.336227786118302063e-01 4.316856260771365639e-01 6.954512771429349760e-01
7.798135515385162808e-01 1.094595454876267304e+00 9.953165748407396540e-01 8.087449890505737926e-01 9.572087582507539105e-01
1.010143811103032085e+00 1.020983730720451232e+00 9.846656923713247300e-01 1.039289494537333436e+00 9.070494814702784181e-01
6.012323075425690666e-01 2.992394899973012112e-01 8.275015062156040324e-01 7.607520616611402886e-01 2.535649981679568565e-01
6.520295872579506824e-01 9.721983386688838324e-01 9.682386194015566439e-01 8.238441331958011871e-01 1.079254337276507769e+00
8.127635305808424970e-01 7.177266381781111093e-01 2.760256318002890508e-01 4.030692004439306309e-01 6.634568547277033268e-01
4.933936940110357772e-01 2.358278762358635705e-01 7.207543163512017959e-01 7.597025846550271577e-01 2.799865681270771178e-01
-2.710927743820181271e-02 3.927832651962089028e-02 -9.284048263222018094e-02 -1.002389090928579828e-02 6.941113534668215401e-02
1.040421065756611751e+00 1.079561869870103052e+00 9.935046456985149321e-01 1.039898292209444186e+00 9.448309446560335667e-01
1.905882136885930223e-01 3.356488562413968979e-01 7.120650796370247004e-01 6.427167665214545966e-01 2.756394054459800902e-01
3.254641270216114268e-01 4.985358478997162224e-02 5.378777656850772249e-02 8.731568149234902876e-02 -7.970975579929485966e-02
1.845768135438216606e-01 2.507990642912174550e-01 7.046219146593616367e-01 6.125267059737316000e-01 3.729819037245677427e-01
8.125133452679788038e-01 7.381592780775301232e-01 4.028071844551717184e-01 4.279875809067162362e-01 7.396236982470063559e-01
1.044947959489221471e-02 3.733833138113473987e-03 5.296359359917428983e-02 -5.633496025809615892e-02 6.662093651246763122e-03
7.186854616322615463e-01 9.607191591288463117e-01 9.240754364560287426e-01 8.130759721048319566e-01 9.643258023647308663e-01
1.536178898475347721e-01 2.482219477632414684e-01 7.143787506676908539e-01 5.956056781130090183e-01 3.461899290122235628e-01
2.168063692073980420e-01 3.482355224322323251e-01 7.282609756930090716e-01 5.964201071459049874e-01 2.734264807888091564e-01
7.658174598970286517e-01 7.395774355683091272e-01 3.852333107355118136e-01 4.277519793596565312e-01 6.823769660390852643e-01
3.004464145229207572e-01 2.585291410349694341e-01 5.752669417834149757e-01 6.194806914734711789e-01 2.871909203632226348e-01
3.241608780400081491e-01 -1.007865507128006405e-02 1.131457216012052985e-02 2.115828928443573287e-01 -2.125198771214938803e-02
7.654700575091875070e-01 9.945342103498248099e-01 9.800287115778315572e-01 8.062637917276346267e-01 1.036136160188869448e+00
8.616644364089001140e-01 7.945319243394433073e-01 3.790175847664914444e-01 4.133616895943656444e-01 7.488769943498252424e-01
5.010750963117199808e-01 2.421847451751026614e-01 7.338891163803621387e-01 7.605003744949655475e-01 2.218762624176407461e-01
2.626661267190147919e-01 -2.245736816674234054e-02 2.435408162049883946e-02 2.165863607142894665e-01 2.285930044578684747e-02
1.909512802531380671e-01 1.610207533410388803e-01 6.597604650859344444e-01 5.542552359404465667e-01 2.555124003313837822e-01
7.031221983945099563e-01 1.009879431552376028e+00 9.610143566810098736e-01 7.251338567570091431e-01 1.028795399516402309e+00
4.428550282516560688e-01 7.160917184017845383e-01 3.090983037013186330e-01 1.864997609670920320e-01 7.899190795362318607e-01
1.805844525645330656e-01 2.012587692958511532e-01 6.350314962303389432e-01 6.367924218163300010e-01 3.391164320965472379e-01
1.036762240686287528e+00 1.007609962136375659e+00 1.022185890414621934e+00 9.956209304179411967e-01 9.944938968307809324e-01
7.012474470875994514e-01 1.068736483650753355e+00 8.998196526985891008e-01 8.633826973933369509e-01 1.012963269774632469e+00
1.060391350083285111e+00 1.042319211722708028e+00 1.025286485965236416e+00 9.882984263784573287e-01 9.834326807202247167e-01
2.996472854963868060e-01 -2.424265352208027080e-02 -6.064502342443892080e-04 7.244119646463288709e-02 -6.437344168891798168e-02
1.538400736758200882e-01 2.448752836456888904e-01 6.957066482680425157e-01 5.282382105540032180e-01 3.017978145423257375e-01
8.689728719677564106e-01 7.524495782289505330e-01 2.194758474360847256e-01 3.249317576056750534e-01 7.179879244543200256e-01
4.593738058230206200e-01 3.480189155662778422e-01 7.186272203446184559e-01 7.423339831440189940e-01 2.956569660001903688e-01
8.510504529044389255e-01 7.515873089541443841e-01 2.494781854590562009e-01 4.116594875101614037e-01 7.782168820249504293e-01
7.259259436549488909e-01 9.471633694149230731e-01 1.075774833251919915e+00 7.881489851354012144e-01 9.995374628605588896e-01
4.742558205762566481e-01 2.543636471271765176e-01 8.213743500797039410e-01 6.864127392342100897e-01 3.228420218601387726e-01
3.890407452875591088e-02 -1.157014967025751101e-02 -6.627156515110466106e-02 4.150728500796043580e-02 5.903163740845165930e-02
5.650142071049701897e-01 6.770346518325961460e-01 2.020912986818771961e-01 2.497649980249888046e-01 7.562671367066374772e-01
5.413748237304151223e-01 2.175222987961220600e-01 8.048287282659953856e-01 6.765970275883049778e-01 3.264055167864709506e-01
2.249937144139009249e-01 1.911076408650700109e-01 6.476134891496847512e-01 6.477361423858294387e-01 3.197066400455251811e-01
2.688542951546404880e-01 -1.767669099925021914e-02 -3.116064364316120661e-03 1.836032062561917533e-01 -7.066480026902584310e-02
5.826685958677958466e-01 9.909168607357893288e-01 8.505237209679521460e-01 7.738451750241355231e-01 1.004855904668533695e+00
5.145878123644653107e-02 4.188046032753414520e-03 6.609778617194240341e-03 -1.426727812256724367e-03 -1.232236310104055377e-02
5.538769678400060764e-02 -5.902290172278677576e-03 -1.308462165395864879e-02 4.771421537262140328e-02 -3.953462919921945512e-03
7.350522793402783917e-01 7.829404930160163145e-01 3.721913129516784546e-01 3.166867537203535421e-01 7.538062286499009890e-01
9.058697907751026568e-01 1.048960248773413984e+00 1.015616616018493401e+00 9.700124759473307545e-01 9.972646515285508162e-01
2.199500072620353963e-01 1.978193036350728851e-01 6.283006648165510022e-01 4.713929567640126050e-01 3.641453358221176106e-01
7.156266492728076134e-01 8.329614369326405754e-01 3.938835516325180364e-01 3.518007338675782636e-01 7.643871399284987156e-01
-4.894115194981642908e-03 4.321979431152835061e-02 -5.555332947215129574e-02 6.724280081963804334e-02 3.570766813756292429e-02
4.625438377212067603e-02 -3.453621986519932185e-02 -2.163253114492457232e-02 7.652375493060480788e-03 -3.733528868949903545e-02
2.163647372022168835e-01 2.454031434749516516e-01 5.650711146916517214e-01 6.539857528836319212e-01 3.223337195313455417e-01
2.686859437183783395e-01 1.195262266183409749e-01 3.503001177921128556e-02 6.840129661763498514e-02 5.490188893318759950e-02
9.895682222549713192e-01 9.929867582417011285e-01 1.040565229559235805e+00 9.624627940269445681e-01 1.008715720764728596e+00
8.114150378822914123e-01 7.941269822062825279e-01 3.580142940485839254e-01 3.171529115224543949e-01 6.763243210459870536e-01
9.557557678135755186e-01 9.391014400406155760e-01 9.904492187337231579e-01 1.043288624506130136e+00 1.004299556882924271e+00
4.054470779199994546e-01 2.306919403039635608e-01 7.209173336599254966e-01 7.342580501285548289e-01 2.989723999103686691e-01
7.967178618667449808e-01 7.986129901774574602e-01 2.573173848515752926e-01 3.962600523949929010e-01 6.887659214279383546e-01
7.712322448234569805e-01 9.432875255867090303e-01 9.134929799461908306e-01 7.791344617787717697e-01 9.875146020178472428e-01
2.986082879670768353e-01 6.644252294123394187e-02 1.058608456484655680e-01 2.066836787410356591e-01 3.363451558142462744e-02
5.793736482415569045e-01 7.332066027155894616e-01 2.265202093461897992e-01 1.096796549992197362e-01 5.837198731085480041e-01
4.761944053147241784e-01 3.356383337798691247e-01 5.831148550111152629e-01 7.326328625707909659e-01 3.693894294774699993e-01
1.076477551409442235e+00 1.023176179953627418e+00 1.011274832914464294e+00 1.040229475867261444e+00 1.038452927163270534e+00
4.828073204600465407e-01 1.825468745067225229e-01 7.263167754819304101e-01 7.387882399340500728e-01 2.995512400710260703e-01
7.862407181411600332e-01 7.403343610847964440e-01 3.486812929418999230e-01 3.766441985691366678e-01 7.078359688324393773e-01
5.654190923248048062e-01 7.402215232842491721e-01 3.740458525863108452e-01 2.346040526491531275e-01 7.769089758615745911e-01
2.641469064953342882e-01 -4.990617624409098008e-02 9.443130236592350846e-02 1.475573451252692458e-01 -3.991154172841622494e-02
2.123985531429023743e-01 2.983259774775125217e-02 1.672176384150447781e-02 1.627512952455022199e-01 -2.188337059502128319e-03
2.774779208883680348e-01 4.702269042846603242e-02 6.102028216960414531e-02 1.858083808506894030e-01 1.880665272302897012e-02
1.071524989229452718e+00 9.965033620924341751e-01 9.646925440598067558e-01 1.006192103003464400e+00 9.639963829551713159e-01
5.045894471212324373e-01 2.971225911885908566e-01 7.246194737505164962e-01 6.940890099252233769e-01 3.459828226053262012e-01
6.577938007562940392e-02 -4.514843802506041809e-03 -3.072097222233383801e-02 1.280085325130787544e-01 -2.353542718446786919e-02
7.767320771332817397e-01 8.994419907357033006e-01 1.034918312668568818e+00 8.117397093324150159e-01 1.054498081422754918e+00
6.870398659308010192e-01 9.629901987900857385e-01 9.398362155301538401e-01 8.321379921376925726e-01 1.053350217678358236e+00
1.477688518306013998e-01 1.231705742767480599e-01 7.575889269566490336e-01 6.254925288232912051e-01 2.999956641448644490e-01
4.438887887559363477e-01 2.422075729625935703e-01 7.319320374139425267e-01 8.406716477345772542e-01 3.792858701099163232e-01
2.419423738974015303e-01 1.537807696258684520e-01 7.921262733363522157e-01 6.510673519540948195e-01 3.120532705022557862e-01
7.240263528590825670e-01 6.686758371402472534e-01 2.835712906898117391e-01 3.619193932480366804e-01 6.294086863677509358e-01
9.963517597752215016e-01 1.048971662200564481e+00 9.596899748667373498e-01 1.028849234091810061e+00 9.840840757939096628e-01
1.708956174667286831e-01 2.922443122343459931e-01 5.867536318711836785e-01 5.909099451299294481e-01 3.519536109369954535e-01
8.717117774672175079e-01 9.920861320162679409e-01 9.618795730970934876e-01 9.031973992042701127e-01 1.033009417937167829e+00
2.159760291448542813e-01 1.826616911749101013e-01 6.903993407157115181e-01 6.824485884025514038e-01 2.340496136197321997e-01
2.164692694209534030e-01 2.595302538233932449e-02 2.013516802254993257e-02 1.706254572859839114e-01 3.431564762586499645e-02
8.538600033437260262e-01 7.876797844059095777e-01 3.129145915820970014e-01 4.058631255142662320e-01 6.576829892313318382e-01
4.662331223909800260e-01 7.829972079370004501e-01 1.926040159941270202e-01 2.753928702004450613e-01 6.758525230755152435e-01
-5.220630787155079722e-02 -4.163899349920046483e-02 -6.234071300837949053e-02 3.591691087278200273e-02 -2.889513338364619460e-02
1.679618922092941946e-01 3.244968158112300216e-01 6.438095364693202649e-01 5.882842321752691506e-01 2.763774591188507546e-01
1.301401155256742270e-01 2.780669222320635847e-01 7.403793678666609201e-01 6.056595908898332326e-01 2.343487710183000949e-01
2.581096381790841665e-01 5.077042841328860412e-02 1.829018003397284153e-01 7.832761031566103094e-02 1.620329256614875396e-02
5.347824457414604993e-01 7.463196133247611552e-01 2.651535007351379369e-01 2.120712635916462974e-01 7.741546346172621940e-01
5.351330926076430794e-01 1.785140831630975256e-01 7.409306576454892657e-01 7.608325848846742012e-01 2.831474869309499875e-01
8.235907512665796570e-01 7.268325874374466089e-01 2.744353847670661928e-01 4.727737210266199641e-01 6.662017320189179692e-01
1.067039507010237642e+00 1.068458430201066012e+00 9.755680941861736288e-01 9.872113960963467827e-01 9.874428713650175160e-01
6.512132030404252925e-01 9.757236736820626977e-01 9.639283251235117866e-01 8.058541852701217589e-01 9.360815319714530514e-01
2.556306055697814550e-01 -5.202198002318865477e-03 3.399288418845147763e-02 2.745092673727913546e-01 -4.457189492160799904e-02
1.195568734687667833e-01 3.113615572987836755e-01 7.326548871627642789e-01 5.716623664170320529e-01 2.255214371881952284e-01
2.187102891415185907e-02 6.104612220864803589e-03 1.083002513700263708e-01 -1.414812254652261098e-02 3.069664670919979368e-02
7.205274860816365257e-01 7.498410361193469376e-01 3.350954485173965325e-01 3.986663493427222704e-01 7.524235838528023912e-01
