4.052269488418037691e-01 5.993193628851167798e-01 6.326233860202996606e-01 3.860243239451931485e-01 5.665011705291228550e-01 5.685681552702759323e-01 4.181081878579291922e-01 4.690217210230883116e-01 5.720469119446992545e-01 3.444151066870637656e-01 2.634906655472919468e-01 5.006007315226013166e-01 3.360524979588988548e-01 6.109128417960751900e-01 4.820053507496048772e-01 4.219134109690526047e-01 1.556974712676084116e-01 1.727293567617252668e-01 3.985171063268070912e-01 4.336976465372749945e-01
8.357244617304496193e-02 3.688571969100408188e-01 2.856863709457072575e-01 2.059197557466005413e-01 3.622006525793206588e-01 3.953835472858776567e-01 1.734757117004304128e-01 1.083989617317264037e-01 1.868456979450047739e-01 1.712448490841953497e-01 1.852578578321102676e-01 3.624674602088155950e-01 3.083805905701297867e-01 4.574991927009023351e-01 2.548326684665292441e-01 2.220745497009553593e-01 -2.101467241087283389e-02 1.522644184786353660e-02 9.267545267425390809e-02 3.245191228682032802e-01
5.939134961767407184e-01 4.512910050251727756e-01 2.458085662765289170e-01 3.370226946607021712e-01 3.798414608626596300e-01 3.815396010840430563e-01 4.270154112582046912e-01 6.447085608586645700e-01 5.474426141023885917e-01 6.160019952045874270e-01 3.815212055146783854e-01 2.855634854862073024e-01 2.879193083214001692e-01 2.607903581709843932e-01 3.804237043997452661e-01 6.369625076552658527e-01 4.188362846711086718e-01 5.789950272727593106e-01 3.241598827519467374e-01 3.119680150654646766e-01
1.283515995764692996e-01 -7.898807238273689718e-03 2.026724084524412772e-01 3.673792469646289249e-02 1.973246030215572711e-01 7.327313654578018753e-03 -1.994744365003679742e-03 1.050624933800476946e-01 5.969889002879909951e-02 2.917599507068270245e-02 6.282480893346993611e-02 4.693511746977471755e-02 5.947968880930359567e-03 -9.904711041858439702e-02 5.607680207417289203e-02 5.009266526350389381e-02 7.779971551208900160e-02 1.006090920657032040e-01 1.243555665512199176e-01 5.403406325400550436e-02
4.391177776070355199e-01 2.967263282621959153e-01 3.580786342228238217e-01 4.492180022646948823e-01 3.757604169931709204e-01 1.938285226844363440e-01 4.138639650066238684e-01 2.246714190099680097e-01 1.436666202859435693e-01 3.617394001685931837e-01 5.073701806564653305e-01 2.382273009412685660e-01 3.256030477847576821e-01 2.964103640123664785e-01 3.102956165971272329e-01 1.573177574696114911e-01 6.636271521439227605e-01 4.692813544880783949e-01 4.619271024126588854e-01 3.718981660577659332e-01
9.098200917687718769e-01 6.758114145275598839e-01 7.764763225632629329e-01 7.783452778679211814e-01 6.783559975036344003e-01 6.634592277793220916e-01 7.966151816316979772e-01 8.368592894889812506e-01 6.925312531725388299e-01 9.619609455614289706e-01 8.546645127708691891e-01 5.627688539278739022e-01 6.407517780513382055e-01 5.869443838263064261e-01 6.838773374053679355e-01 7.007101797080338423e-01 9.774469822816798104e-01 9.178670600528295864e-01 8.847683878864621709e-01 7.110402341003108084e-01
6.407224926736956316e-01 8.395462888249467515e-01 7.404487551781716581e-01 7.663844010160898446e-01 7.122051311484151048e-01 9.890521968187409030e-01 7.604442239939289694e-01 5.768715691546023594e-01 7.081693228637000459e-01 6.838477254620318746e-01 5.165152538689908868e-01 7.796841056831750327e-01 7.334594319622651515e-01 9.093302196729033948e-01 6.955096439817090026e-01 6.924225748790215906e-01 7.247251134537769923e-01 4.862224435592746308e-01 6.386972163482885767e-01 7.674338879224321674e-01
7.282759850602754659e-01 4.310303847052517345e-01 6.082011542100225210e-01 2.790320066564996315e-01 5.078008722307095768e-01 4.315446582406607945e-01 4.168778121828618510e-01 6.460416812057928615e-01 5.200134563963121348e-01 5.009814652317116090e-01 3.975745546154585974e-01 3.389244534821159727e-01 2.871220425650657382e-01 3.169382322399901253e-01 4.781775138405945924e-01 5.983463340382103590e-01 3.344376097636245215e-01 6.776705867528743932e-01 6.804122614239185296e-01 4.074949445057527431e-01
3.932047529974016520e-01 5.774891815513529814e-01 2.920303911962247589e-01 3.680583657341747195e-01 4.042837380720791240e-01 5.216162495868790216e-01 4.390115821887133341e-01 3.500040238043580221e-01 5.635115284197846908e-01 3.345770825109150026e-01 1.441816442796313158e-01 5.421088285026657294e-01 3.270569146286366746e-01 4.994828913629021372e-01 4.082638362808448385e-01 3.924774672388617325e-01 2.625099128659526548e-01 2.192221544874176087e-02 1.930340601879554918e-01 4.316382142194983285e-01
5.362832128738728166e-01 3.595744498900599329e-01 5.493574252960478077e-01 5.841298437199774485e-01 3.784677595277116113e-01 4.046927912863232391e-01 6.528500157664554049e-01 4.490496809139523648e-01 3.933233975515904035e-01 6.199717859334541448e-01 3.778320251188556633e-01 3.752749798181124752e-01 4.160056357350951917e-01 3.866018472159555852e-01 4.953835071278608337e-01 4.815654145297161848e-01 7.220930868560119231e-01 4.904705428862680128e-01 5.970561174144645156e-01 5.375288555707480320e-01
6.190919809782976513e-01 5.169654985207440268e-01 6.452221539688215435e-01 4.159497113726551287e-01 7.694669447756515845e-01 7.066126046540073258e-01 3.327213376479440377e-01 7.589488270796337366e-01 5.501851737342747795e-01 4.160206713577332960e-01 5.698165974396124378e-01 6.534426542129414539e-01 6.728920889724456789e-01 6.580093737794234787e-01 6.992285029028953991e-01 5.235506161878951126e-01 3.828453994606127453e-01 5.905675283376095042e-01 5.063232997553697157e-01 4.824929230548903880e-01
3.058673826863274048e-01 3.042860257210375785e-01 3.998337696897305005e-01 4.855424144470108505e-01 2.513280207847222725e-01 2.676078914274940268e-01 4.906316784184942548e-01 1.508320939775676939e-01 2.254664667756304530e-01 3.618396828168847779e-01 4.008788653465076846e-01 2.636619020421540061e-01 4.268037657764459092e-01 2.795274891446253296e-01 3.688166228905882527e-01 1.400413264822630843e-01 5.581835833597230678e-01 4.053231624157864754e-01 4.176545280906809876e-01 4.692130603522569610e-01
6.619406704018138132e-01 8.106468807519860986e-01 8.242378602994711034e-01 9.581038054823549643e-01 9.876254705823231950e-01 7.525601587192646269e-01 8.468170376002959188e-01 8.693927230708756726e-01 7.866096707542001853e-01 7.667630730688103080e-01 9.780281268915627102e-01 8.700361203058828430e-01 9.544187604085109244e-01 8.500577583630165579e-01 9.300909502532961337e-01 7.380223072908062010e-01 8.978206263580120750e-01 9.950989164809118659e-01 9.035602184638991119e-01 8.441372247604079782e-01
2.150879483670928294e-01 2.743738827557609117e-01 2.016552775311828694e-01 4.949023349955340434e-01 6.581018926884288356e-02 1.886523457350919863e-01 3.983344779061984142e-01 1.516995682642580112e-01 1.507025490609658069e-01 3.127351188844194052e-01 2.881602291212904676e-01 1.740952596540078223e-01 4.144591058447565368e-01 2.653053304281030034e-01 2.639366373992388937e-01 1.516841975629037997e-01 5.907922339666250577e-01 3.890418066422874910e-01 3.402457866951866805e-01 3.101789134865776676e-01
3.472505156498964518e-01 6.159371987721240504e-01 4.306477678678730658e-01 5.938562381968585102e-01 6.052327587054975311e-01 5.508286867845539891e-01 5.917894165046677646e-01 3.913906265646651672e-01 4.127718706339987276e-01 3.328517201604753728e-01 4.977220434401034566e-01 7.166423010338396349e-01 7.836496241026077447e-01 6.916173750365365303e-01 6.191171681781161285e-01 4.140258408833584203e-01 5.773213913218641080e-01 4.074182034192120327e-01 3.475695570998153516e-01 6.150499200620781481e-01
5.571774729990983666e-01 4.638143564630851645e-01 4.483401494854687974e-01 7.356844592847506803e-01 4.407139038816399457e-01 3.961229821026436282e-01 5.375647088275182783e-01 5.843858615534178735e-01 4.518427520777685280e-01 5.270200803678749546e-01 8.297231817614073579e-01 5.241177387390939524e-01 5.940159002352596307e-01 3.756822169069961581e-01 4.439425117117389297e-01 5.942230671204329351e-01 8.038346262276365728e-01 7.610014822567161552e-01 6.479747182980464260e-01 5.865519803517675879e-01
7.300766107955399820e-01 7.381966230917846872e-01 5.053579884637011688e-01 4.102961379828256594e-01 6.527096751038560241e-01 6.898456854723200582e-01 6.008864737952290813e-01 8.184344866795505435e-01 7.224288195780058652e-01 6.470341477673906549e-01 5.249057571784820908e-01 7.755629324150080661e-01 7.077529776277120543e-01 7.125732070828868503e-01 6.274855527073576189e-01 7.420980930159033484e-01 4.887010081595939415e-01 6.784576126967324372e-01 4.883288879247544290e-01 5.438953205970393778e-01
8.086900266735836951e-01 8.795051322962141871e-01 9.277577766381700508e-01 9.374224887903527259e-01 9.126238194834502826e-01 8.232050592366836339e-01 8.050082679138071962e-01 9.291965184777080111e-01 8.072184592133248016e-01 6.660257177967392472e-01 1.033692608868585605e+00 9.657445948209520958e-01 9.693193471000081107e-01 8.530920183419488101e-01 8.837099013333564734e-01 7.755171915977542296e-01 8.979442018824302929e-01 9.171195846889840242e-01 8.433995517084016402e-01 8.384672645587343265e-01
3.126147575986867322e-01 3.303896413119340458e-01 3.331897808822654183e-01 5.079925481217905103e-01 3.454726739325739149e-01 2.432577747132249057e-01 4.004929570904455782e-01 2.014111476562757130e-01 2.323995887867132404e-01 3.326525257889922926e-01 5.013461270912384915e-01 2.677320929510568215e-01 3.411311726427943003e-01 2.703220425120759218e-01 4.040440388914070535e-01 1.612326659096986747e-01 6.009883284615242793e-01 3.760038874530098330e-01 5.433560128569449033e-01 4.545925393960695837e-01
1.111773080198654728e-01 -5.568353827671259498e-03 2.055873210692857611e-01 9.086371257429207149e-02 1.468606936677573360e-01 7.556335759358594195e-02 -1.106054273471017077e-03 -3.703042936776150540e-02 6.490215583359290608e-02 1.445969475473199151e-01 2.264624178589775411e-02 -4.324688253504287150e-02 -9.256280480211117809e-03 -5.788178684749006875e-02 -2.952538953250011255e-03 -9.908054675295738939e-03 -2.035826069505791702e-02 1.859496386792732769e-01 1.967544813565305639e-01 1.085290117416355671e-01
6.561361993260872438e-01 8.460220935356168592e-01 6.227558390237148966e-01 8.767541960306080018e-01 8.245004289321727908e-01 6.919548843545764161e-01 7.632062047191594534e-01 7.884340912643483801e-01 6.820101768413296961e-01 6.974394542138171449e-01 8.654871027041086684e-01 8.893185193206265549e-01 9.887444883496964154e-01 8.981629644365758391e-01 7.731163347496174953e-01 7.727574344014324081e-01 9.109890231943634786e-01 8.955950853835736858e-01 7.797995670334025853e-01 8.880631055262767637e-01
1.802069893274471368e-01 3.187526809553921092e-01 5.796136698375210505e-01 2.442607053631678793e-01 5.530750789187796057e-01 4.136387270183253806e-01 1.574168386993771707e-01 1.619028155286857118e-01 3.683189254099125121e-01 1.031271343859639644e-01 2.369433850823617349e-01 4.710547891426836720e-01 2.749621015560190784e-01 5.208756927542254056e-01 3.732959632112284876e-01 1.762206623187283494e-01 1.373879850889951348e-01 1.068903396935921152e-01 2.016915719338011892e-01 3.418179341721501174e-01
8.926615796541564896e-02 3.322346988439268678e-01 5.019914326915795311e-01 3.088032712361085119e-01 5.200270455871949249e-01 4.379346931309983648e-01 1.574229224218229584e-01 2.398829712513277646e-01 3.442761774896306304e-01 1.031182515047999460e-01 1.222514124735366720e-01 4.254579744618913750e-01 3.577454018696541449e-01 5.472103900837493873e-01 3.505173152329880137e-01 1.493590077578570985e-01 8.830821843759770196e-02 6.134133371585839822e-02 2.846750493206717247e-01 3.397268634809210153e-01
3.821325779997838956e-01 1.653865806818532458e-01 4.687016258865502882e-01 1.690879536388928128e-01 3.947164570535295347e-01 2.669706196431508860e-01 2.653209821724039630e-01 4.591198774441454522e-01 2.719440063802899266e-01 3.646878131058358674e-01 2.784958803718344811e-01 2.658068550114387474e-01 3.153756586090295522e-01 1.766750475202742976e-01 3.361929190306457982e-01 3.847999548100026757e-01 2.906958717650735546e-01 5.420992661020430647e-01 4.599120183181653054e-01 1.548529761527500104e-01
1.028318142336671626e+00 1.061023814179782532e+00 9.958336674593274429e-01 9.698930635442289949e-01 1.014906173681730417e+00 9.952550842077996229e-01 1.038464155477345274e+00 9.699423635505890484e-01 9.235282770262038810e-01 1.029933837539424246e+00 9.655051797354378129e-01 9.409776012847665960e-01 9.856604889386035850e-01 1.019134380536277806e+00 1.015799016015800360e+00 9.445753045192550879e-01 9.471296612472199783e-01 1.011921484069126631e+00 9.314240296741423952e-01 8.998112003673781611e-01
7.696443508582038184e-01 6.293895065176805526e-01 5.029173675092949436e-01 7.491320350857222365e-01 4.864641972929966141e-01 4.979469165765845751e-01 9.121073828915476911e-01 8.635368161890297767e-01 6.969040925590668234e-01 8.127954426640832120e-01 8.657135648962344110e-01 5.019520862479619483e-01 7.371461776354601980e-01 4.483873091928772259e-01 6.316585810519093069e-01 8.067351947102212595e-01 9.309674259686737674e-01 8.145670281147542324e-01 7.921045125444452495e-01 7.132158656576574884e-01
4.133226685910325604e-01 6.886027775895342540e-01 7.327407747888646794e-01 6.639254929363654911e-01 6.237669192498096482e-01 7.004355073293654366e-01 6.343216565760098069e-01 2.677787486290279517e-01 5.373062308498663953e-01 4.075434325265526181e-01 5.381457470289648937e-01 7.221580003195934294e-01 8.032295037783213631e-01 6.968076454543481457e-01 7.404057502270220414e-01 3.987363877693104186e-01 7.134360047589859422e-01 4.549758598680527788e-01 5.272323749040103147e-01 6.114773051449902130e-01
-1.456627873530584594e-02 2.513285500961538396e-02 2.086121766397974475e-01 3.742514368064143310e-02 2.395814298189183900e-01 1.199184515497069281e-01 8.619001392648974191e-02 4.987272989890848690e-02 6.137738444491288442e-02 7.940163979978730191e-03 2.612282346344219075e-02 -1.997486966265129074e-02 7.578347594741058346e-02 4.706542973517756356e-02 2.883011175016587935e-02 -7.892344583936384411e-03 -3.225159394725392314e-02 1.065949041654094265e-01 1.372359240072783537e-01 1.274295357171464360e-01
4.548086471834494882e-03 3.426427398942328284e-01 2.396528900430023590e-01 2.794475647576125654e-01 3.792839695527515653e-01 3.325695983784009990e-01 1.695948971706819075e-01 1.637878163087951311e-01 2.776281316699990565e-01 4.418879975886901013e-02 1.490297997995078672e-01 3.975458644175154932e-01 2.976288059154063026e-01 4.502602322178856364e-01 3.068055829372653975e-01 1.770615056297974443e-01 2.011507235267398497e-02 3.185505626086840292e-03 1.406311363442808438e-01 3.184965933399814819e-01
7.654399231367159384e-01 4.845057552128223533e-01 7.119703575979731136e-01 6.069489746895119220e-01 5.449254959116742736e-01 5.057970528554036616e-01 6.389706045925324096e-01 5.908341271312714804e-01 5.096136332242133804e-01 6.161218845714315773e-01 8.494111078445655272e-01 4.683681382883068678e-01 6.313525907577284269e-01 3.245285018947757782e-01 5.695470731556079302e-01 5.346412220594028986e-01 8.250369780710048451e-01 8.708636990266510614e-01 5.973673195654771728e-01 5.116726198012496729e-01
6.512168494751000569e-01 5.153901849948093750e-01 6.650171244436874352e-01 6.430577659479204122e-01 6.336938974789058099e-01 3.954953634332842305e-01 5.497483407581326142e-01 6.950317502839888917e-01 4.875156536839845289e-01 5.219494912244925233e-01 7.900817952383667464e-01 5.434836358432604264e-01 6.846150850364236540e-01 4.235423418619658209e-01 5.669482145572345422e-01 5.399093487310119288e-01 7.749218918563696157e-01 9.352137748940041462e-01 7.606046158797565848e-01 6.231823781245924287e-01
7.636734704641507943e-01 7.624053595642402703e-01 5.365795483513460251e-01 4.987970120700320198e-01 7.182343051361179675e-01 7.769267300680375854e-01 5.712633739197003901e-01 8.559504980254319939e-01 7.641893890120586841e-01 6.796102086442399326e-01 4.761835469687148992e-01 8.318140591973468556e-01 6.050316902338533920e-01 7.198399735959238877e-01 6.597774634299904406e-01 8.230675442250346974e-01 3.368557805262406557e-01 6.492258958884049580e-01 5.222141253074917833e-01 6.315486743461194985e-01
9.144869602280966125e-01 5.792076064417439607e-01 7.550763904812477501e-01 7.991386644824572949e-01 6.315860851538399601e-01 5.991569637330951270e-01 8.559615567539003989e-01 8.262296656441255882e-01 6.918722301999883362e-01 8.900498804364890271e-01 8.863764511070107988e-01 6.063215826448908885e-01 7.450994201225867863e-01 5.614162506602886626e-01 6.784301957155315366e-01 7.629222283183000330e-01 9.793385711224047441e-01 8.825606778342940384e-01 9.007466992386667926e-01 6.946014945832575949e-01
8.487429239926569391e-01 6.391618021857969900e-01 6.835424109682533000e-01 8.395216627637835938e-01 7.176095972886379348e-01 6.790067888914848027e-01 8.260418742335116082e-01 8.065938377083577970e-01 7.792236813263284656e-01 8.833537204274640731e-01 8.683555975678179939e-01 6.044004640088795899e-01 6.500402867723483746e-01 5.996434245223822845e-01 7.576867872974014650e-01 7.756993719365102846e-01 1.028034534562250801e+00 9.869231693152539231e-01 8.524954762992814628e-01 7.230413968573614625e-01
7.491201593821272819e-01 7.282902575341662077e-01 8.279015686175914546e-01 4.609361357977178608e-01 9.282910176537411129e-01 8.658837803761516572e-01 6.554099745654577980e-01 8.125042258031737186e-01 9.400330942307402182e-01 6.797955565815840817e-01 6.231465397451174670e-01 7.806943305374763886e-01 6.533784960419326548e-01 7.907927400439560550e-01 6.349143786029478598e-01 7.311553355683094724e-01 4.395600123933177117e-01 6.501624173865033773e-01 7.705036486760605818e-01 6.500473727601846496e-01
7.202728217238842934e-01 5.138880054948818943e-01 6.076021793502008883e-01 7.302694248365975138e-01 5.355526481971297770e-01 5.426439839129520992e-01 7.817968799767180954e-01 7.838030703817985279e-01 6.942203827614060740e-01 8.759952862882208757e-01 8.408126368405341999e-01 4.938194330978102342e-01 6.472324683405359380e-01 5.094737025188709190e-01 6.662919412796368679e-01 7.884624557788384447e-01 7.885548564922596482e-01 9.037938280839775684e-01 7.526535943693332120e-01 6.394962465279949715e-01
4.618403550455893458e-01 6.349123576776152245e-01 6.950404508638075018e-01 6.987132055054586788e-01 6.758497246346787390e-01 6.540277443612485531e-01 5.840737331319090231e-01 4.153781193814755079e-01 4.951054259576257444e-01 3.833063334731690031e-01 5.511647942961293012e-01 6.463764560061553421e-01 7.314826008227952592e-01 7.551182196071465347e-01 6.439094487581981108e-01 5.331794103855241884e-01 6.991171583571058612e-01 5.194545771045099292e-01 5.512451753990624814e-01 6.483161216510227032e-01
6.577950548164636091e-01 7.282100089127386822e-01 6.289936738494453783e-01 7.426159292158232006e-01 7.190347645684861400e-01 7.110550644620634575e-01 7.604470938635565780e-01 8.903639040625488388e-01 7.661569521901813173e-01 6.288035711842387965e-01 9.305510179403522208e-01 8.921177047208559419e-01 1.129337662893390659e+00 8.413958338134125414e-01 9.044109474857218167e-01 7.324880552384134269e-01 8.612984031247571393e-01 9.341890825244076879e-01 6.422310973845544169e-01 8.182384010830215937e-01
2.818429892431093542e-01 6.616748573612177831e-01 6.566594098892752918e-01 8.186796050397306956e-01 6.790799012321581118e-01 7.778655478676576029e-01 5.650884010834350546e-01 4.008246206321708915e-01 4.930868175830313005e-01 4.672332237179798176e-01 6.361637800585679958e-01 6.533299129029138674e-01 6.875858589006232924e-01 7.142111965694402098e-01 6.198681872655912306e-01 5.022917171497170985e-01 7.757734481011783201e-01 3.762852545868098919e-01 5.168057663866519880e-01 6.269591189307779366e-01
7.899747146568454337e-01 8.586625282725721675e-01 9.512045843618902596e-01 8.359351330062018137e-01 9.586839410014363905e-01 6.945371336867426360e-01 7.847125287582681352e-01 8.428971196778375363e-01 7.923614575009271244e-01 7.835858026810700316e-01 9.202018141570155185e-01 8.200593257980123285e-01 9.911060722655843369e-01 7.789769254667369136e-01 9.040840102526094268e-01 7.941954057726730021e-01 9.501128273120902357e-01 9.508969254608775623e-01 9.221867405857266942e-01 8.185151487076037791e-01
6.434638490745997474e-01 4.342384502579362815e-01 5.993916098877898335e-01 6.587743627079114539e-01 6.567567753732015401e-01 3.714702238568499126e-01 5.444417533160118561e-01 6.412657183959254992e-01 5.019173401372564181e-01 5.643892735979126885e-01 8.329971731391936363e-01 4.583847932520381807e-01 5.814939292542552485e-01 4.587363262650860363e-01 5.528274750439606811e-01 5.593896171553247587e-01 8.569668558932843627e-01 9.019399381693254947e-01 7.234622577561301560e-01 5.693052933131577120e-01
3.067107739419140944e-01 6.290497168962586594e-01 3.565962583519745044e-01 7.579688159598915176e-01 4.709168279442246807e-01 5.207302941452170986e-01 5.620050394024199703e-01 3.613432638641805861e-01 4.369666100509289053e-01 4.070982070395436914e-01 5.039469624965793315e-01 6.769117705303844268e-01 6.591206890611909230e-01 7.611043803796988527e-01 6.254460729728927859e-01 4.564846329055162744e-01 5.748844392831304884e-01 4.268318633490756353e-01 4.082629826352184854e-01 5.698761365929932987e-01
7.376405950734219452e-01 8.084723839573021431e-01 5.111253799272682530e-01 6.016582329613090474e-01 6.742208720482102402e-01 6.795212534706446261e-01 5.574326359198571446e-01 8.192857753606312965e-01 7.673974495792219574e-01 6.683160376518011425e-01 5.822411670586760124e-01 6.991674091676547409e-01 6.414263146724880071e-01 6.572417833951174071e-01 6.643828073334809847e-01 8.067444214704360128e-01 3.441282984201793904e-01 5.645087016913403755e-01 6.338810149118486725e-01 6.412772109868113413e-01
7.738936470696136105e-01 8.137231051570313900e-01 9.680443595166177140e-01 8.030230288688104956e-01 9.095905073677079677e-01 8.531870706463269283e-01 8.203462258047395927e-01 7.935915655923950762e-01 8.043329223904440717e-01 5.539738168961958475e-01 1.038779357704001871e+00 9.031998096030721124e-01 9.906641944316436632e-01 9.839040961080968151e-01 9.203485539442203267e-01 7.869444946125961904e-01 9.467482373560145437e-01 9.690753456309105784e-01 8.448729282695622844e-01 7.567970303643313246e-01
2.410808754853940861e-01 3.322270343233562073e-01 4.017974596015504996e-01 4.997316080205458921e-01 3.641200597253679838e-01 1.766096536274088802e-01 4.462350044402484395e-01 1.602413135747657036e-01 1.014486098731644803e-01 3.259331509720935216e-01 3.337651708928451866e-01 2.235055091862876708e-01 4.359530931428927114e-01 2.919763450378683456e-01 3.763083033088704954e-01 2.615463549728710979e-01 6.459939080723120508e-01 5.205461517337395261e-01 4.364792940460636150e-01 4.969197708363034538e-01
1.723621892640072872e-01 2.016304541798427941e-01 9.267655248837226856e-02 1.361414354760581702e-01 -3.369244968210174940e-02 1.931469940867011070e-01 1.521259686452503257e-01 1.654809193513518961e-01 1.932673226594198712e-01 2.362829143354196748e-01 -3.116299401411488576e-02 8.818211591733340904e-02 5.050630779981483964e-02 1.663803130639813221e-01 -1.142405987560718428e-02 1.334396912354285369e-01 1.519699291690159715e-01 1.009243825072957401e-01 7.511835411881320756e-02 1.298935123728683361e-01
4.985249938435078465e-01 2.662891064710495859e-01 5.225032701993508333e-01 1.757055773950468580e-01 4.465330864641111064e-01 1.623884998741589036e-01 2.437468251784430107e-01 5.210051065121101832e-01 3.501614448928052070e-01 3.173007454443972364e-01 4.798409223383145461e-01 2.734541151492334010e-01 2.081659965352641306e-01 1.472543684534292074e-01 3.327474390853293884e-01 3.457132269716118866e-01 3.710707385043013340e-01 5.658218529809861952e-01 3.751257751786560846e-01 1.257271564746927361e-01
5.333317974884834722e-01 4.194021850507204663e-01 4.369128153695936434e-01 5.873862024823799377e-01 3.365238122524571995e-01 3.604280967940207137e-01 6.229018619554357317e-01 6.872447533821841592e-01 4.917843448317685828e-01 5.525083140489978062e-01 7.978246430202763362e-01 3.857668554213611323e-01 7.094768608540282795e-01 4.585100596538476125e-01 5.277597857721371133e-01 5.667157292308137029e-01 7.697182321175676245e-01 6.878142020131183809e-01 6.167585788664605717e-01 5.298843378323140341e-01
4.062722530136168020e-01 4.371246779072829880e-01 3.227571339072651813e-01 5.294733082346481101e-01 2.011926214443230665e-01 4.650776910521970953e-01 5.756848508320613345e-01 2.785182135680616677e-01 2.453212662094209906e-01 4.884185011186455427e-01 4.262163064947361857e-01 3.164353291496592169e-01 4.181675919772164796e-01 3.448082242935169295e-01 3.894287471609251816e-01 4.855521862356075857e-01 5.618300937498358349e-01 4.291671438334565547e-01 4.161970097323267614e-01 5.529910365913992543e-01
8.040198535352147680e-01 6.578134208997755694e-01 7.197823090681789715e-01 7.198694513578141052e-01 6.240338462851481305e-01 5.945401263998653096e-01 7.758419378648979681e-01 7.137853981653841107e-01 7.617532237248831883e-01 8.112959113543164458e-01 8.675605838251976287e-01 7.206556659501086592e-01 7.403537783074547463e-01 4.903280157184701227e-01 7.209541966918886491e-01 8.511353724540030585e-01 9.871202910606357017e-01 9.436338832001942567e-01 8.992567416184712448e-01 7.601383656677075384e-01
5.265342774334741405e-01 4.718004584862082185e-01 4.838094217021884913e-01 3.473990751851392389e-01 5.675123208844041756e-01 6.305303073939091396e-01 3.672887808940619170e-01 6.403675173680790644e-01 6.151850973646899590e-01 4.235823508423629535e-01 5.437091434897917130e-01 6.434119305182751658e-01 6.646956893711042369e-01 6.451863387832111885e-01 6.486952529867601180e-01 4.553935144993601081e-01 3.980410845243324003e-01 5.123244705606453397e-01 3.876357655932479163e-01 3.521545268325323996e-01
3.933138641341154540e-01 6.072952133493214610e-01 6.717361834658126529e-01 6.408344274881685454e-01 6.698482737416066035e-01 6.905795979243082305e-01 6.287503239607725725e-01 4.566469117342980000e-01 4.766980937969348409e-01 3.737096233731678208e-01 5.211851239372579103e-01 7.321237200325682037e-01 7.545494350769557101e-01 7.596005485908164934e-01 7.285555304816763167e-01 3.993193257143165531e-01 7.160784356359167768e-01 5.032326263596789140e-01 5.606005159212845701e-01 7.372048139142868273e-01
4.176617488145621393e-01 5.741671419346890959e-01 6.421268583888261050e-01 7.617398022335234442e-01 6.028081945624138571e-01 6.717580128301641196e-01 6.184122780917792328e-01 2.504012706645726283e-01 5.087647903812642092e-01 4.913859384338702396e-01 5.855490392276656575e-01 7.399005063715136110e-01 7.555967767083507924e-01 7.595346088449766997e-01 6.346053994652802732e-01 5.413375185070719020e-01 7.090408206638720845e-01 5.006798540321374391e-01 4.807204830747927038e-01 6.378124090450929540e-01
4.976810106320233018e-01 5.056461485345142837e-01 6.122717101674284290e-01 3.727895887479828474e-01 8.911295722005736497e-01 6.322757339994198311e-01 3.915093472099824834e-01 7.473445219403954676e-01 6.869388895024260977e-01 4.248969771296473574e-01 6.756264638027239533e-01 7.506815554454464579e-01 6.421247389736065569e-01 6.809759454220845054e-01 6.225065796791598993e-01 5.046138091322396324e-01 2.334063569442413888e-01 5.469576543786980327e-01 5.997830312004095443e-01 5.173315411504205708e-01
4.725235844245332939e-01 5.139808260793322647e-01 3.568864020352434108e-01 4.350206904728584067e-01 6.208412336341232463e-01 4.342746946017285725e-01 3.748731595888854518e-01 6.738506147119409651e-01 6.022536115500516374e-01 3.956111302763664073e-01 4.938643882678369068e-01 7.276523633958512649e-01 6.240060008592983598e-01 6.016410379077086201e-01 5.504632448382463794e-01 5.457943866904065855e-01 3.553342862847514994e-01 5.350724876289697507e-01 4.342277336545620203e-01 3.410628551876546677e-01
5.237386350308873562e-01 4.673400854941929805e-01 4.956745380844118087e-01 6.596741262985623688e-01 4.198821999607173505e-01 3.822265404222414675e-01 5.556846495545925135e-01 6.374071376949362877e-01 4.408104269045221013e-01 5.886935250842930678e-01 7.982285460752922557e-01 4.385239034219441390e-01 6.789115723498246879e-01 3.822201756820642338e-01 6.392127398557383433e-01 6.150624374756765711e-01 9.315077364593143949e-01 7.726585140973817323e-01 7.114632709855490678e-01 5.537142795434658593e-01
3.400214948759616718e-01 1.490252171952601012e-01 2.842335697303115527e-01 1.555079587197845115e-01 2.829589092379724558e-01 3.314803301432122651e-01 1.794287681275995305e-01 1.126423810660984320e-01 1.245434389369686479e-01 2.655221983586574241e-01 1.152698322729903690e-01 9.499212679394408720e-03 1.652450530385735084e-02 7.941663531210807481e-02 2.231598708724735480e-01 3.065299202547581703e-01 2.169829532053989818e-01 2.123935550950278028e-01 2.655137984210833024e-01 2.339155816955227341e-01
5.860816312024158536e-01 4.710048211206523949e-01 4.618359958748430860e-01 6.412205262413761542e-01 3.637644383071878540e-01 3.569983589550469461e-01 6.880343932265812201e-01 5.949186734163761647e-01 4.290706020198936654e-01 6.607783758176826172e-01 7.717045563122185703e-01 4.715315764246002517e-01 6.261500501385125483e-01 4.132946690868250506e-01 5.055650231964120556e-01 5.407434921595761779e-01 8.401817575656039816e-01 7.749926691388328015e-01 6.246252279645695404e-01 4.681097765570191860e-01
3.569686446299479288e-01 6.883253398451829597e-01 4.487390421004012753e-01 7.306002882523071618e-01 4.590804368361756094e-01 5.553201421223321610e-01 6.150242811340714821e-01 3.449165663873225984e-01 6.007459056813951870e-01 3.217789051385616661e-01 4.964400688007558071e-01 6.236824745464331077e-01 7.237702622628523486e-01 6.610752616670161341e-01 6.184151833816360355e-01 4.494925566989589338e-01 6.902982996083177891e-01 3.840900016589927635e-01 3.573465387774351631e-01 5.357182099975542622e-01
7.816241228271870733e-01 8.397183665763455762e-01 8.536478063498014190e-01 8.796771684431397009e-01 8.818835264548516850e-01 8.127379374542292867e-01 8.113518247471216416e-01 8.442338207325889021e-01 7.686463167916411932e-01 7.125691392796985602e-01 1.001913591460004804e+00 8.566161516116370667e-01 9.725518845846468086e-01 8.832310175568132138e-01 8.934419438037273231e-01 7.609510889424285773e-01 9.760118642940850409e-01 9.411754091023745161e-01 8.606182937529542887e-01 8.318280151099421982e-01
3.721775446188655412e-01 5.004056789352260282e-01 3.232216485162123787e-01 3.630108407940856319e-01 4.281445612597264416e-01 5.034462223459819086e-01 4.190301076754049947e-01 4.017159363383238091e-01 4.857937055827646344e-01 2.796688325984265644e-01 2.247362817075689856e-01 4.979638286206701236e-01 3.616262762757574967e-01 7.011487416788220184e-01 3.980774707146569336e-01 3.911363886810760859e-01 1.220160938297779885e-01 9.525652247538349271e-02 3.025164918414800508e-01 4.729863698870477307e-01
6.608461265853389222e-01 7.501510963385578101e-01 5.639833536556577709e-01 5.408737558289717917e-01 6.789615133874438158e-01 7.668271767526775307e-01 6.060417008993930210e-01 8.279362846781792573e-01 8.646854043193191730e-01 6.779042422129667456e-01 5.870165667727248460e-01 7.307912437977871489e-01 6.331934079060409504e-01 6.638429021892440218e-01 6.379165423068794416e-01 7.196474936183574478e-01 4.229014467591744597e-01 5.281781475289835104e-01 6.129881160956542896e-01 5.253171381431117615e-01
2.586542195741319827e-01 2.584140800395828830e-01 4.686130213389857468e-01 5.501113888897377624e-01 3.707940607483646844e-01 2.349905383259918434e-01 4.114268765483761747e-01 2.291647372810736161e-01 2.399350291371442623e-01 2.490023820060243698e-01 4.311610277470345198e-01 2.403009511596899683e-01 3.323791105579894656e-01 1.988706944394862952e-01 3.488676028138174012e-01 1.233075486453955316e-01 6.111812183420303191e-01 3.886750162982511303e-01 5.079721408252318993e-01 4.292075657358349616e-01
6.613359923113150129e-01 4.063621413278477590e-01 5.595896193232520188e-01 3.088384588139072018e-01 5.619344855537043992e-01 3.417458350214531149e-01 4.433657659890106739e-01 6.663359691545056585e-01 5.014511924022500011e-01 6.227289182300438375e-01 4.349570501887520813e-01 3.025239597420829596e-01 2.130535549305136445e-01 3.361522120191052232e-01 4.607230569429179301e-01 4.895176560872270821e-01 3.600002086745907603e-01 5.604056622618706074e-01 5.116533077995547574e-01 3.851161050974589162e-01
6.954561258908641408e-01 4.082359845386824837e-01 5.375887095510141211e-01 2.922494011628393729e-01 5.217485395379836133e-01 3.637696614315820698e-01 3.874912662052345524e-01 6.794373404937674721e-01 5.810553717018651643e-01 6.734325278682209426e-01 4.818294390250914550e-01 3.610367173712975553e-01 2.382465187559050512e-01 3.922134543792378247e-01 3.984544160939825219e-01 5.069432984831704347e-01 3.905568126251442451e-01 7.204564713308267976e-01 4.775429260548619825e-01 4.370940944551614527e-01
4.894598049053425215e-01 5.565840819926546335e-01 4.193008289359969609e-01 3.563429735150949185e-01 5.917139245502849310e-01 5.066299955647065589e-01 3.519368819752984878e-01 6.860331195064746090e-01 6.302863611198857852e-01 4.257912729729761980e-01 4.882959048247915157e-01 6.528682101158888029e-01 5.755825089541046768e-01 7.328306602894664179e-01 6.084490206371829801e-01 5.586692008143698818e-01 2.780198320750398300e-01 4.669649927593830796e-01 3.407743398517918965e-01 4.228689191520526580e-01
6.714651369738449116e-01 3.233991814899376260e-01 5.617633946794363675e-01 2.434302042803625499e-01 6.354775264570325932e-01 4.161897999293530104e-01 3.987090686559456310e-01 6.785200055938270802e-01 5.773220712762687779e-01 5.373560615768947502e-01 4.132341369488801153e-01 3.109985445805942827e-01 2.973216702276337831e-01 3.104853164026043499e-01 3.844139298285857431e-01 6.192032631624360128e-01 4.488854018671611379e-01 6.333099939895244779e-01 5.062379317602403450e-01 2.998904086131702340e-01
4.365564144660702417e-01 4.914329815566042536e-01 1.952677860904650231e-01 5.893212117966015740e-01 2.160801919727005915e-01 4.163945676086748260e-01 6.262195100672498516e-01 2.270266201279424467e-01 3.050112351303413960e-01 5.284253368814726404e-01 4.165768768558899549e-01 3.069895343780937869e-01 5.324144591017562211e-01 3.136055828996233696e-01 4.014625757507840897e-01 4.283656880325233951e-01 6.027797965122108081e-01 4.443521497007644205e-01 4.319897328782564827e-01 5.355223090637751815e-01
4.151572925024651362e-01 1.622786751046643994e-01 2.014220049880749153e-01 1.940310818992336261e-01 3.280433489204160336e-01 1.873833903727215033e-01 2.099430291925511727e-01 5.439349343888904009e-01 2.688759728994145615e-01 2.499252775220315304e-01 4.884407081814235996e-01 2.695471232640802572e-01 2.703858703866883206e-01 2.557530783972999933e-01 1.781727632876683454e-01 3.144116712559217874e-01 2.264263650027669716e-01 4.468457364585159963e-01 3.198453774838583286e-01 1.167545775284847681e-01
4.946405529822199831e-01 8.822862265385503777e-01 7.366405887568447941e-01 9.138289362531502036e-01 7.913841888477055608e-01 7.931814512234517389e-01 8.198799046422894365e-01 5.693574468312402326e-01 7.611588547389757098e-01 6.793643799508205516e-01 6.087675119675490798e-01 8.051496084746381232e-01 7.152899870822521100e-01 8.620693450032200777e-01 8.821080777180948518e-01 7.200999455026305673e-01 7.771316014352699364e-01 4.666462753141164543e-01 6.963059604348458276e-01 8.660345746984913218e-01
6.512192553972082631e-01 7.915777123861882369e-01 5.080257455942206457e-01 4.831210552158949900e-01 6.498039179379366814e-01 7.252044902898836520e-01 5.767920803367868610e-01 7.628539427598156619e-01 8.240401722241011973e-01 6.375816176024460269e-01 5.753685182320202873e-01 8.296019912214115388e-01 6.224730755324290321e-01 7.946795612542904008e-01 7.051532696712979886e-01 8.145555722015322964e-01 4.211888632467869487e-01 6.320309982472707144e-01 4.845191840271446115e-01 6.451260434307297675e-01
2.545567098895000213e-01 2.616166548299526662e-01 1.164896032007115695e-01 3.051710619104727740e-02 2.824743299243972355e-02 2.334663933171071681e-01 1.381565362641440642e-01 2.130876166182657794e-01 1.176353356147234186e-01 2.502651275177962820e-01 1.407132446242282363e-02 3.192895192931383130e-02 1.153159706652388539e-01 7.755539030984427706e-02 6.498681393413252572e-03 2.542888987722777272e-01 1.790683656332959783e-01 2.968913408437850315e-02 1.359732246673491241e-01 1.063939916019967652e-01
9.025503246363876242e-01 6.124477848962881499e-01 4.769939637099879781e-01 7.778149660020557965e-01 4.702943077172507258e-01 5.006379571674817175e-01 8.648921826158494364e-01 7.573649071023226265e-01 6.698888412057780739e-01 8.738654940499785972e-01 8.059481232336873635e-01 5.274237340492634596e-01 6.978789297832805882e-01 4.959449287553011620e-01 6.368447853916293644e-01 9.183583984391547883e-01 7.850526566492517233e-01 9.622577180580861311e-01 8.200142350340787756e-01 6.452377582349468899e-01
8.499038453427068540e-02 9.157112842556845711e-02 2.650955275496435504e-01 1.820821597271418332e-02 1.698907628366752576e-01 2.168779718823082153e-02 -5.696255713527127729e-02 5.495807373866895551e-02 7.471608725481371227e-02 8.897316428542598188e-02 9.659258826159047850e-02 1.919431089077593827e-02 6.876142245206662285e-03 -3.952743192335192446e-02 4.153683632344022658e-02 -2.768124295712060152e-03 1.127328005647212084e-01 1.581528125336070234e-01 6.143619797263176474e-02 1.467585061304075567e-01
7.222032149316504057e-01 8.031705189772606612e-01 7.327799113681843224e-01 8.459901407997877376e-01 6.671131961412363198e-01 7.987252918136099611e-01 7.688628707459900236e-01 5.869069590872086906e-01 7.723752793566432961e-01 7.061979563175384556e-01 6.295312001941013591e-01 8.328177433142578412e-01 6.973604252527975111e-01 8.050338849590485957e-01 7.222521566479248589e-01 6.086246753363080408e-01 7.711850215025873867e-01 5.881552561728223827e-01 6.489808852179403953e-01 8.731037914362642649e-01
8.253276827150242134e-01 7.306272468113045315e-01 9.639735900710869609e-01 9.132570137533114751e-01 8.528565554187662601e-01 8.428902176376933397e-01 8.554278301106802429e-01 8.279665301889476137e-01 7.848520970762472571e-01 7.798878148680253863e-01 9.820376677409635713e-01 8.696708140731522763e-01 9.688338267080314203e-01 8.911512235806242632e-01 9.416216062228699446e-01 6.637678649138553100e-01 8.936891599562473143e-01 9.429805102160822017e-01 8.577949696079901765e-01 9.046303890539666437e-01
6.397791310286938815e-01 3.798829565666613783e-01 4.757412005158838109e-01 2.582055721129838943e-01 5.805889903750125480e-01 5.218913140169703091e-01 3.429939020680681239e-01 7.072942372644452913e-01 6.246696790008110511e-01 5.945871616659205161e-01 5.037654617650276778e-01 3.501165340960751826e-01 2.597580837522266428e-01 2.372810458534604927e-01 3.354761033636516343e-01 6.601728598946187132e-01 4.134448720829914103e-01 5.507808173177870525e-01 6.162725464760921978e-01 4.214083634243624421e-01
5.425594098759445316e-01 9.141037506443934202e-01 8.611028868925214574e-01 7.681482069264373713e-01 7.384306804454189299e-01 8.234651827592480711e-01 7.685069810170798155e-01 4.436778001559869566e-01 7.737988667840856039e-01 7.097261771081427861e-01 6.518342365904769009e-01 8.435438754835385966e-01 6.961123114728475780e-01 9.053483709291108017e-01 8.683698953151898214e-01 6.784370576779482631e-01 7.529071369270948777e-01 6.106130683522770219e-01 6.903176508698160019e-01 8.712697006127274602e-01
5.723808488819649189e-03 2.933351226129505412e-02 5.568159852402317089e-02 -7.522287185466620951e-02 -7.355448812241215800e-03 -7.816469273753465230e-02 5.909929448676059377e-03 -3.723475858164628643e-02 2.524602380259486495e-02 1.423686614378203222e-02 -4.733392985975525685e-02 -4.648688431339267034e-03 1.278582091823184975e-02 -1.360459942761992058e-01 -3.383643827476306293e-02 -6.536980273269676900e-02 -1.837724663402689682e-02 -8.030400537835100105e-02 8.943076042022124472e-02 -4.954109750692947678e-02
7.955417015897362498e-01 7.164997185392484313e-01 7.635688571757067722e-01 5.648595962700644346e-01 8.569274884465979403e-01 7.829197327334038725e-01 6.220789147026095645e-01 7.727293245689665913e-01 8.418197889789057475e-01 7.949912958329292678e-01 6.426050169020175451e-01 8.064281591416736505e-01 6.075148861796436650e-01 8.179200594673402547e-01 6.819740672101285428e-01 7.564124444247239953e-01 4.095601989879660842e-01 7.229256553678755637e-01 6.762211818751554526e-01 6.653649367036020834e-01
6.376638262355306397e-01 4.749345079214820631e-01 6.444016084576870140e-01 5.647956798204885054e-01 5.418718210982401695e-01 3.821160374180156971e-01 6.133620495748151047e-01 6.022963649517140139e-01 4.431907235194326722e-01 6.287849876494707724e-01 7.863199547506219966e-01 5.335381184938405852e-01 6.620613580824198374e-01 3.731551351254077109e-01 5.829181674846228844e-01 5.857354760296982210e-01 7.623913522616150296e-01 8.978531191965609670e-01 7.581756837537892979e-01 6.254468101550959558e-01
6.612685394107123971e-01 4.075190689444224690e-01 6.273419603913383824e-01 7.123490069947674419e-01 6.447319690964719019e-01 5.258520639646149242e-01 6.904495092663913702e-01 6.457334825030357495e-01 4.729300954559226278e-01 6.653046893074623380e-01 8.339339718505798249e-01 3.932854721325745873e-01 6.154378730710859946e-01 4.621856720213671221e-01 5.630323312226435117e-01 5.157304674110493314e-01 8.492227150107288791e-01 8.465274207229401826e-01 7.524421689581505257e-01 5.810744831123602072e-01
1.751510996496907502e-01 1.992606199670053646e-01 8.155625137255520518e-02 1.323111239935238215e-01 -1.003286645086572115e-02 1.421843898609798373e-01 2.239565611958404812e-01 2.066400314475196065e-01 2.147481390482822716e-01 3.270898273876530205e-01 7.080458348626085530e-02 1.576076298750886673e-01 -8.666634964973374267e-02 5.780466917494781615e-02 1.620536775359208148e-01 2.129949043578186763e-01 6.355923007886535303e-02 4.906658868037127447e-02 1.521767561906376964e-01 1.053216389027203104e-01
4.432492770694044237e-01 5.623231383025470986e-01 4.289721576053921459e-01 3.628912381949951915e-01 6.533323448905394848e-01 5.348075782466552575e-01 3.958247778965718888e-01 6.662549625610858506e-01 5.451113151616852059e-01 4.453272918088904131e-01 4.602328487433258175e-01 6.252164883516164728e-01 6.019496054150481612e-01 5.659405336544025555e-01 6.612950681848677181e-01 5.578784974711040734e-01 2.921335147645444663e-01 4.994698126047598663e-01 3.506432609203391504e-01 4.396365126301675086e-01
4.900074045537677891e-01 4.396178502836589619e-01 3.076669898707187767e-01 5.955172626021786320e-01 2.464341434221402616e-01 3.540918500207937969e-01 5.358117504302719603e-01 3.674230923010312067e-01 3.841363701550013499e-01 5.914727479001019583e-01 4.250130071218021222e-01 3.295414731913233197e-01 3.207197031729409620e-01 3.697685611180447363e-01 2.870817426969484720e-01 5.049517869185569108e-01 6.453443696612313207e-01 3.508302113119178278e-01 5.198001755004518776e-01 6.398012375790836925e-01
9.089642197135289203e-02 2.596820844862115507e-01 2.736569176068806564e-01 3.036515849267444334e-01 3.159153166063966012e-01 3.870661086698470310e-01 1.196401514912010522e-01 3.197075816286865102e-01 2.853476580417861341e-01 5.137341031295329652e-02 2.024837758172433611e-01 4.374835184609418004e-01 3.605141379563567838e-01 4.728423679192703677e-01 3.839789340864304679e-01 1.865786880968187400e-01 1.191634779469579741e-01 4.395216409221778392e-02 1.493918359127546225e-01 1.856676316353015888e-01
6.229904579087246486e-01 8.041193002582016636e-01 6.068688972134785864e-01 7.991808464458449723e-01 6.277786554473809844e-01 7.562475098475686108e-01 7.543861644248136544e-01 5.872942481663554481e-01 6.835345195256740114e-01 6.247923227443219485e-01 5.890764173285636396e-01 7.562993576541682250e-01 7.614703562622062716e-01 9.293787123105565762e-01 6.994446282086077549e-01 5.879558821358616960e-01 7.418922064954264206e-01 3.718571141302842720e-01 6.135313159097443014e-01 7.679890874462156347e-01
8.155259633510220096e-01 6.126417783119884053e-01 4.067909905317909081e-01 8.049978088933993359e-01 5.217047392355754765e-01 6.855932516623962636e-01 8.693412575646636276e-01 6.973223875113472303e-01 6.816253503784192036e-01 8.593531002049642487e-01 8.871878387922791376e-01 5.972632636240258197e-01 6.969574049472501143e-01 5.149530552083193546e-01 6.656612801526989864e-01 8.059027324669170156e-01 9.251246741887443337e-01 8.648234286053272379e-01 7.201647068691481302e-01 7.680791415703822622e-01
1.005465393661523432e+00 1.039257209592014508e+00 9.774773235347400391e-01 9.769509415270558605e-01 1.021889159472518571e+00 1.092174219739543872e+00 1.021138686759955894e+00 1.075859851805133660e+00 1.020944053355510084e+00 9.538111833549648422e-01 9.923156768339763678e-01 1.016048891307846258e+00 9.951584363357954821e-01 1.054596761301408225e+00 9.597707784213843629e-01 1.083583427167994717e+00 9.846967115636642287e-01 9.059730925996087869e-01 9.292078331359900911e-01 1.082519561902335115e+00
7.932967893116442404e-02 3.345441918480221988e-01 4.915782593356302077e-01 2.455621761703108419e-01 5.094084182969854657e-01 5.028125321738112774e-01 1.769942384096993004e-01 2.945358238482654323e-01 2.902301478323673356e-01 1.332228541466382865e-01 1.684640543630708254e-01 4.855286459315110159e-01 2.666665943783932402e-01 5.841673135235121439e-01 3.659811435635730859e-01 1.806798043786862207e-01 3.140040703335073013e-02 9.026629455057520734e-02 2.808495683012320332e-01 2.921804947991267776e-01
2.819564848276669422e-01 3.331989127192136468e-01 1.735341678872633076e-01 4.080443075421388843e-01 2.738333818006862264e-01 2.414847607920482808e-01 5.388845708926225386e-01 1.568221754131093326e-01 1.576386835716796220e-01 2.648486676977649945e-01 3.462246021084164904e-01 2.661838651155554736e-01 2.908187363097873845e-01 2.000617970290319014e-01 2.668060103252647974e-01 2.632189978324763757e-01 5.403707245777651380e-01 3.217575720734491274e-01 3.569874764192714212e-01 4.086358623338215978e-01
5.315483969675360854e-01 6.437041243210475105e-01 7.139607822557448857e-01 7.029937205838159286e-01 5.702483980636694483e-01 6.265771115959998250e-01 6.177789757341154431e-01 4.099473306532686046e-01 5.216399489889270713e-01 5.279014437829352424e-01 5.904815926530884163e-01 6.875830920644103728e-01 7.811283970463830384e-01 7.324723577980084555e-01 6.329362862856231509e-01 4.253228136457376518e-01 7.310357103889936203e-01 4.930151144729259527e-01 4.941459918596085021e-01 6.626993162746293020e-01
5.525024578332724534e-01 5.012471302907266502e-01 4.640884968658628984e-01 6.030853001750632325e-01 3.818889349387409871e-01 4.272799309630835318e-01 5.626081178993516119e-01 3.479628400992679227e-01 4.497440357538456945e-01 5.461659876251733214e-01 4.466888160521914619e-01 2.984966797891261403e-01 2.797282079348117900e-01 4.037316345547909968e-01 3.415684622691435579e-01 5.349281991276805259e-01 6.050372753281800797e-01 5.786317318431721812e-01 6.393261266391868647e-01 6.703523503718900045e-01
3.914618667187401702e-01 5.206160119018048427e-01 5.215160929032530701e-01 3.903901488469214143e-01 5.924639421474040546e-01 6.883145553099894176e-01 3.977213776408194401e-01 4.152922865823013288e-01 5.942983592107491386e-01 4.641285112780698108e-01 1.410648480170555441e-01 5.296775300874076997e-01 4.174590502733370734e-01 5.673290136640835035e-01 4.350112601198942164e-01 3.670494120249778724e-01 3.261724594394645460e-01 1.782531680340943003e-01 3.631816795304541601e-01 4.801754758363648845e-01
5.206743166666789602e-01 7.285593814385081801e-01 6.176240195647314524e-01 8.255919510181581877e-01 4.037415493644126441e-01 8.140138785552872847e-01 7.857096270625060219e-01 5.178980999914902794e-01 5.744403698445206263e-01 6.681584196566359157e-01 5.471281975903461436e-01 8.065613878244112245e-01 7.414326496349291640e-01 8.286780443057186751e-01 7.770797413385999164e-01 5.434669904539120022e-01 7.109565327826032899e-01 4.677272732247740872e-01 5.885751888523458319e-01 8.538542276845881851e-01
1.614219056993394519e-01 3.770758518876596854e-01 4.208746222854372054e-01 2.284055501918584585e-01 5.772109664329743151e-01 3.905986910856196204e-01 1.315556450216683604e-01 1.971694057422017921e-01 3.092195950157876072e-01 1.745160595301322726e-01 1.561559194045654408e-01 3.979548849824560142e-01 3.217228235519293822e-01 3.939074423474564490e-01 3.598239668504157329e-01 9.237709904368135438e-02 1.124289799025587760e-01 1.129799791462839237e-01 2.110001532659892265e-01 2.986498518309852468e-01
4.771494169735053803e-01 4.413122085911394543e-01 6.201572156211818676e-01 6.115923372792834156e-01 3.550207851763697020e-01 4.174966836429523376e-01 5.897069450636165389e-01 4.307039164002976483e-01 4.327749041725652002e-01 5.443697762970540754e-01 5.123326016457500076e-01 3.275849879821322030e-01 3.796240830650939868e-01 3.462459998465610145e-01 4.109535941893329158e-01 4.994812475507036664e-01 6.938770707610378841e-01 4.988155996450012730e-01 6.529201597364557852e-01 5.350683818037880179e-01
1.625238606570803823e-01 2.825555406242367118e-01 2.175071734643167221e-01 2.433409226552509796e-01 2.621684933002640938e-01 4.540960263895891802e-01 1.588006084305418897e-01 1.477445962654459488e-01 2.933577791370803878e-01 1.047452791613605327e-01 1.206902418832093982e-01 4.049120395624052904e-01 4.091939301952383090e-01 4.522631071677778447e-01 3.050322598013830433e-01 2.243135921871822758e-01 5.694306660611827414e-02 3.111694680634886911e-02 1.721416116415473430e-01 3.343738097353614602e-01
2.362027856563056749e-01 2.774380367125092728e-01 5.089075557202878963e-01 5.237221043416209199e-01 2.276165616730607966e-01 2.110555532197027073e-01 4.355401238311868428e-01 2.352316251416283477e-01 1.683752949364852869e-01 3.604670277802389244e-01 4.087290628456400898e-01 2.906778807568870526e-01 3.530472960100078939e-01 2.379615457972609760e-01 3.598399758813241034e-01 2.195870067751221621e-01 5.444954850733941809e-01 3.754910654574148410e-01 5.555115760440119121e-01 4.080282564044767080e-01
6.022356922609770624e-01 5.097251274640710594e-01 7.297871826536832529e-01 3.733011678889044394e-01 7.890371382590665172e-01 6.209453693783389960e-01 4.376440170449794609e-01 7.061150803303157808e-01 6.158118605058436890e-01 4.245695610654101060e-01 5.771959122084268090e-01 6.019214579282179400e-01 6.283443374644840373e-01 7.065526167020755866e-01 6.600283816734102693e-01 4.699647999817234134e-01 3.223494745844274756e-01 6.017117099311584116e-01 5.051353928474098254e-01 4.763538893692152443e-01
