1.024987847010616349e-01 1.469117913961607291e-01 3.849220421070915360e-02 1.357939238980508390e-01 9.878969373043344770e-02
9.305406807224110288e-01 8.523698444413742026e-01 9.663683970748324636e-01 7.983943594056427395e-01 9.265126045453945247e-01
4.504981280740636973e-01 4.003089211213533005e-01 4.864701592771988325e-01 2.172926831484896515e-01 5.767105825814322628e-01
4.773935782508437198e-01 4.931969441883859440e-01 4.849377439205238005e-01 5.185110165880081334e-01 5.185978283649269605e-01
1.004648941349275404e-01 1.297764498942866052e-01 3.943809669572941740e-03 2.115395221881175292e-01 -1.069538531221759792e-01
4.016419377506545985e-01 4.551170541350651466e-01 5.259348869607257670e-01 6.008498623193587740e-01 4.763793651997997869e-01
8.499198141146534213e-02 8.759311940157731707e-03 1.679369185839994327e-05 -8.196397486612223837e-02 3.168338983969912204e-02
4.638106419636249256e-01 4.530402663443361400e-01 4.717245391579415470e-01 2.400797747291293360e-01 5.090748314087055748e-01
1.117248865556934145e+00 9.461357946668584873e-01 1.005262232238806064e+00 1.004482839350932410e+00 9.649845887953217849e-01
4.911910667700312150e-01 6.325012764487749628e-01 5.120204537001248335e-01 4.426016230208923430e-01 5.662076362171768462e-01
3.559787616729577220e-01 4.594352848550485313e-01 5.002179254103413797e-01 6.265156978341983596e-01 4.003539305311846763e-01
3.399627287367684020e-02 3.603048586434613038e-02 -1.201022265059442512e-01 5.381025156146957344e-04 1.278448462298845401e-01
4.938840201867908397e-01 4.104118052040550135e-01 4.894192401548519977e-01 2.411390116326899147e-01 4.915441422990861620e-01
5.983217729322266587e-01 5.075502210179045903e-01 5.530620852772998308e-01 7.409801146920506065e-01 5.819842372958633492e-01
-7.643159299106333515e-03 1.419211252497050713e-01 -3.421538901359004459e-02 1.418478527319496640e-01 1.355728913401214042e-01
9.018344928559454132e-01 8.954470881775187241e-01 9.590236179877753564e-01 8.979259191143754704e-01 1.035774781355061291e+00
9.057648932423406629e-01 9.108041896744965005e-01 9.498640462862562028e-01 8.650097697402401309e-01 8.462141525530599839e-01
1.003503793050145365e+00 9.901100208138436942e-01 1.047275354201025355e+00 9.646184330472811208e-01 1.015093760203938489e+00
4.906469847468502010e-01 3.915486075611569472e-01 4.171028400050104112e-01 5.916506126947663757e-01 4.803181628902868372e-01
9.425813984635320608e-01 8.567921881779340110e-01 8.899913479980613440e-01 8.456937960877273230e-01 9.219609654165805690e-01
4.281917809602433511e-01 4.407036121466184064e-01 5.560622399758812229e-01 5.076669974492679094e-01 3.638729178804945841e-01
1.013762912891039703e-01 1.219437733094560078e-01 -1.685410967863491816e-02 2.305147580036714938e-01 6.033720843699620640e-02
-1.920459443051443504e-02 6.642016190884932059e-02 3.853278613051235729e-02 1.222032062756519405e-01 1.401653422170348606e-02
1.069332842578464948e+00 1.054656898527049913e+00 1.029422537403130278e+00 1.080331938579578210e+00 1.044493654072241373e+00
4.845948656525372877e-01 5.898318476974772073e-01 4.814410702890814520e-01 7.639968918331750958e-01 4.345477301158467420e-01
9.115806640437715824e-01 9.007575089439078253e-01 1.025277209245233800e+00 7.831906657157058360e-01 9.546049178563114079e-01
9.604531978968955386e-01 8.154017272446512088e-01 1.099054508957936660e+00 7.591947030454520018e-01 9.011322163515770312e-01
5.870434403565257808e-01 5.450569687147686082e-01 5.742924069539302456e-01 4.843297694272248322e-01 5.262870075895533795e-01
4.891739119708891637e-01 6.378430732322590835e-01 4.880319459261100445e-01 8.171478879311538934e-01 6.038148334999073885e-01
7.263831786206631502e-02 2.233547590643613079e-01 2.382304380933932680e-02 1.755471738796162695e-01 5.555700994261622561e-02
4.972834097418064592e-01 5.033762213433946586e-01 4.153657914449374600e-01 2.589320185937422081e-01 5.715685954157139204e-01
-1.231843586923105777e-01 2.699201330622335790e-02 8.151100043040417076e-02 1.147262177049086958e-02 2.986166282472704769e-02
1.425902802836567784e-02 1.286498907776386647e-01 -6.634615014049036197e-02 2.562237853070834515e-01 3.962662290863228770e-02
2.352807312364851855e-02 1.835368403488179534e-01 5.901680785274050073e-02 1.835288273338902820e-01 2.045494881626092748e-02
9.550017491000303282e-01 9.892012935161140774e-01 1.029385581468008626e+00 1.053942136900627657e+00 1.109458414900238887e+00
4.277931922362258055e-01 4.876670676507218194e-01 5.271382547595934165e-01 5.335520378545510756e-01 5.017795388751269403e-01
5.259843804362945852e-01 3.859359213023628166e-01 4.637319895599561481e-01 1.545953630209096485e-01 5.179077212592945179e-01
1.046713429979107546e-01 1.928197170654402104e-01 3.728775287088932633e-02 1.577223152640891968e-01 2.781327069987945058e-02
1.007471270634418437e+00 9.132305530165208962e-01 9.584352668831294109e-01 9.750512942530891181e-01 9.869580091274932077e-01
5.053016751958508967e-01 5.071506346834464551e-01 5.445121055921149367e-01 2.517587786143075657e-01 4.472071878131582690e-01
1.007286016317171740e+00 8.984929866337429960e-01 9.769006683995461460e-01 1.110866283637273577e+00 1.020794079369703899e+00
9.965596677716601626e-01 9.928521811597099678e-01 1.046497819561374554e+00 9.803707160957482181e-01 1.012311007331861967e+00
9.828116463534155578e-01 9.342692688977081161e-01 9.874736089943932926e-01 7.484971833742007918e-01 1.003570194992849496e+00
9.962325341227989961e-01 9.999539701372391898e-01 9.329105077809232149e-01 9.224731110903034992e-01 1.042288735061594362e+00
5.410939990468851546e-01 5.563926111479197134e-01 5.704063285840611508e-01 8.631985134807701465e-01 4.439657002139337783e-01
-2.232328688227103175e-02 -4.806188863374662862e-02 -1.096463152317899842e-01 2.518575528961728566e-02 -1.026199436527821529e-01
5.116711400160075529e-01 3.831074930229221853e-01 5.167371214773832655e-01 3.261889904596908529e-01 6.001956487064445955e-01
9.726861995327972243e-01 9.430034599463084088e-01 1.063256380482074048e+00 9.800819602876789105e-01 1.006565842280598089e+00
5.592009888927258476e-01 5.740763483467051786e-01 4.311475171439430598e-01 8.079609582465782092e-01 4.825037845565439687e-01
5.486814999364781897e-01 5.618984446569335045e-01 4.399330385218657158e-01 7.300325866273994491e-01 5.707140044038021554e-01
3.538437148704423052e-01 4.928436032384667653e-01 4.780469324457211067e-01 2.583370254754211448e-01 4.672496995857643443e-01
6.213960941219821149e-02 1.744510257274533571e-01 -4.217367499340485271e-03 2.548809823041899847e-01 3.722623045810422721e-02
1.013248558379379993e+00 8.744177763080787091e-01 9.170269679199970492e-01 9.142546180877275663e-01 9.592235601370463494e-01
5.131711581245033127e-01 6.534049080329249470e-01 4.871070062538138679e-01 4.377912404221353526e-01 4.563684959766929339e-01
-8.134793145437999029e-02 -3.527836935570515670e-02 7.382798448473544550e-02 2.148090026612382505e-03 3.345164581759032738e-03
5.240386712327462782e-01 4.473090370515900860e-01 4.641747384730663395e-01 2.328703119026436230e-01 4.714946685715700747e-01
1.847074524487662614e-02 5.787118522488932104e-02 -5.456353335932009885e-02 3.485096324580110212e-03 -6.089292575199776320e-02
4.809740200208612038e-01 4.465691184297307381e-01 5.329725151279960382e-01 2.005705453402525928e-01 4.770011913978379758e-01
4.277929053970342399e-01 4.035715665616955716e-01 4.517555460411386004e-01 5.995258318089673466e-01 4.948292758228077792e-01
5.525001724749849935e-02 1.644736531313354400e-01 4.243431599674188370e-02 1.608500810456842400e-01 3.793804664085310280e-02
1.080306068642406414e+00 1.002136669854102546e+00 9.190292109351629879e-01 1.049159022911132055e+00 9.862585121122141585e-01
4.835955310263839735e-01 5.805579133233316202e-01 5.168750247600432113e-01 7.355666618024163661e-01 6.022777345852954323e-01
5.188276099930979601e-01 4.079472965581136257e-01 5.865962559635392592e-01 6.268449521953399772e-01 4.029583922366400950e-01
3.962069552578303400e-01 5.528201923227299419e-01 5.307917373450344867e-01 7.067144801985639768e-01 4.905509458241646970e-01
5.390067533903054597e-01 3.905481522385964022e-01 4.889516989722442752e-01 3.483460052662994411e-01 4.635077111810455008e-01
4.452375867577066382e-01 5.553459549008905594e-01 4.998926022973418370e-01 5.959955412022986954e-01 4.199168598103030781e-01
9.509007407559431913e-02 1.312028604666236054e-01 2.857682049486831577e-02 1.460409689524634347e-01 -1.352314347099506375e-02
-5.673977149752426619e-02 2.180791732306855968e-01 -2.548346258324924590e-02 1.541898884108574563e-01 8.281048280944855455e-02
4.236294690767563043e-01 5.039789647506801584e-01 4.367619450871346176e-01 6.924070879005730372e-01 5.484055729835540793e-01
9.377346761092062444e-01 8.648039825303431849e-01 9.695777286613060930e-01 8.779370916360503818e-01 9.082583542669078192e-01
3.607105974680983040e-01 4.605501471145032055e-01 5.543131380755278448e-01 6.346726144801607683e-01 5.062502664240525752e-01
9.806227680788692780e-02 1.858255626507295533e-01 7.069765065132597656e-03 1.066721864266447217e-01 1.517074740277301603e-01
4.927521614937194760e-01 4.340420810868920176e-01 4.843037557337380172e-01 6.696783377853187114e-01 3.584385525084574087e-01
4.695772658804066579e-01 5.884059670718345680e-01 5.042794886782895336e-01 6.813549117679430500e-01 5.327145562883041086e-01
5.745757447362644932e-01 6.165157232414283373e-01 4.592334591913331265e-01 4.749037771564833532e-01 5.854356424490116950e-01
9.140865736173187095e-01 8.806751964479403449e-01 9.610562263659324644e-01 7.961049276291746191e-01 1.042502506898810077e+00
9.867324148796378092e-01 9.763201970454794543e-01 1.026753491935987528e+00 9.591777233956428894e-01 9.571179091826336194e-01
5.336270161371111653e-01 5.568339875295362784e-01 5.525484238647153656e-01 7.531142204981253752e-01 5.486330993699961578e-01
9.814226812643654929e-01 8.214335542543899082e-01 8.763208071506449759e-01 8.508527283094241556e-01 9.262462639555831823e-01
8.811104423590792045e-01 8.403759943171180691e-01 1.031618747093945077e+00 7.726338348953559754e-01 9.660582172536602563e-01
9.254139773734952890e-01 9.292233880684150904e-01 1.023489461598790173e+00 8.653416553935415756e-01 9.362109580792995489e-01
9.744871081588109274e-02 1.432079067671256367e-01 -5.589221302682294279e-02 2.137883338308773917e-01 -2.589340318358633597e-03
9.978637879650378295e-01 9.244958979341753036e-01 1.071723954686525815e+00 8.029604482859855619e-01 9.821876498729471550e-01
8.809507539236599571e-02 1.410820805689210755e-01 3.185465129039864729e-02 8.442861760357883716e-02 9.259908173198214132e-02
1.063225590643019025e+00 1.047523028561318847e+00 1.066706602191448860e+00 1.003324814804891441e+00 9.662691377516207103e-01
4.498416785736465418e-01 5.903912956415865443e-01 5.444286765383415938e-01 7.610341383338268262e-01 4.260862650804422280e-01
9.892260726330036613e-01 1.002958118248501229e+00 9.571771996722685527e-01 1.036281916220187727e+00 1.028980908663449378e+00
5.855385119117614834e-02 1.718633562629007794e-01 8.606955164507418266e-02 2.109691085445068170e-01 2.398808617376890079e-02
2.671104185578725490e-02 -8.535195698963275734e-02 9.515103117168981564e-03 7.240517219997830156e-02 1.864848246005078661e-02
9.291664336304513716e-01 8.594679715184686541e-01 9.669788202383240439e-01 7.558316023660239802e-01 9.558661966140810096e-01
9.242027053886657795e-01 8.452777374209535788e-01 9.113689840143839316e-01 9.369971849473596182e-01 1.003114491719560908e+00
3.305767957625973391e-02 6.399274973471553996e-02 -3.117346231432224410e-04 -1.504851478389462698e-02 2.131562523924747724e-02
9.998743755031163083e-01 9.175950153652081553e-01 9.482840357994981595e-01 7.581172762349747130e-01 9.588763375584560267e-01
1.678310955699460205e-01 1.506703785337359380e-01 9.471044925340012244e-02 8.999180130856901383e-02 1.480658369342618130e-01
4.241143008615106957e-01 4.734933818530997485e-01 4.715319009886144719e-01 4.416838411715949264e-01 4.561961954197833458e-01
4.573946061687427789e-01 6.190224669131081381e-01 5.017169612878280560e-01 6.922167656437410166e-01 4.598636238221907035e-01
1.034949861133689808e+00 1.010204965289345225e+00 9.728015285273164947e-01 9.731709762256193219e-01 1.101623990602088821e+00
9.956856033721516175e-01 9.832786416067361701e-01 9.450373428060663272e-01 9.821881314383352768e-01 1.052346611932496678e+00
5.799880199807470049e-01 5.546166626487560869e-01 4.920294482069487163e-01 3.603548226913351193e-01 5.107124619747321903e-01
5.054651755309524930e-01 3.677952402271572607e-01 5.814298513081082032e-01 5.393342370405462827e-01 4.547829621826587898e-01
