9.806983129619777362e-01 9.307524128572722821e-01 1.047015477416632478e+00 1.007091773217516639e+00 9.793082051329292659e-01
5.386141952526998233e-01 6.133705604367907238e-01 3.362233922951463061e-01 3.641091821700848108e-01 7.097475773068252503e-01
5.733407889756422793e-02 -1.047976602563199244e-01 5.162902786192246490e-02 -3.638308456139725811e-02 8.126648666342616012e-02
5.233533490030561897e-01 5.573065961866141560e-01 3.267349041084561256e-01 2.816351083936518562e-01 6.603773848177351136e-01
7.873931082453512476e-01 6.281750140789361669e-01 6.003755245359710946e-01 3.931516520868294506e-01 7.750290076030134090e-01
1.044551532656653015e+00 1.036978131297495942e+00 9.777758019003570666e-01 1.008326503805834440e+00 9.959372540997926126e-01
4.445837956837853655e-01 4.375948219956745655e-01 6.753518605336307212e-01 6.322054728085780839e-01 3.910892852043950652e-01
8.105511471880093577e-01 1.004393444791994661e+00 8.077667545124682658e-01 8.973177174277584545e-01 8.455067170280498035e-01
9.565992556822573434e-01 8.939649120101619273e-01 1.008036741906047418e+00 9.974514312757865042e-01 9.935997759437131815e-01
4.768079808001903785e-01 4.043929013377914328e-01 7.468926598175831266e-01 6.123032569898398947e-01 3.932686297803532627e-01
8.800876899323926139e-01 9.400845264533616019e-01 5.713579060059363890e-01 9.912248148830451466e-01 9.106484957288540905e-01
8.160693460542640665e-01 8.289286231465697874e-01 7.877658465737429339e-01 9.578555354839767277e-01 8.464346755776818165e-01
7.287996732192465466e-01 6.248468731062583048e-01 5.870049345788015405e-01 3.769246491188795734e-01 7.365836844992148524e-01
9.784130657383423024e-01 9.789922644171155097e-01 9.510351712498585908e-01 1.014547360947100296e+00 1.083768109071561847e+00
6.025213890546041728e-01 5.469080181621649439e-01 3.360627828966419317e-01 2.987383036065116571e-01 7.612817284838258036e-01
3.047717162257918555e-01 3.513844048905104822e-01 4.766030596781852813e-01 6.600777433554700924e-01 2.801586509790448543e-01
-2.111914994913800803e-02 4.105319090932965653e-02 8.116964108493628094e-02 -1.304779267635379492e-02 -1.142591569220072559e-02
9.654337963026111691e-01 9.816620391295290959e-01 7.104808952858558957e-01 9.373641983150308166e-01 8.965522455327290530e-01
1.896560324669984143e-01 -5.342040216658418966e-02 2.500474150928804762e-01 -5.458279825056096268e-02 2.513952522221970520e-01
8.960856371854224178e-02 7.764950229256782632e-02 2.313622549107229587e-01 8.790955348600405783e-02 6.619289466299713154e-02
1.042721610149752287e+00 1.006340001427560082e+00 9.853193337147557740e-01 1.014871860122332325e+00 9.640687838949378863e-01
4.423733692728335498e-01 3.902486461115017291e-01 4.041523659095558330e-01 6.837452272587170032e-01 2.145000361201853389e-01
3.312776692562633407e-01 4.101754295197047040e-01 4.824354960581104246e-01 6.282823846435960924e-01 2.298139971229956613e-01
5.423708222318801564e-01 5.921371373527558601e-01 2.797729720594497871e-01 3.023153463965179699e-01 6.701420975684745374e-01
9.808761027295358481e-01 1.005300411588621712e+00 1.035606901116006950e+00 9.381105879993211216e-01 1.024837208862069859e+00
8.746813321673998498e-01 9.526872259936813858e-01 8.007115825249525587e-01 1.018666802884581113e+00 8.537817237409792703e-01
6.420511566738226206e-01 5.907913670272039175e-01 6.228051752289059939e-01 3.752142992658457077e-01 7.825793276772194940e-01
9.066553461947395032e-02 1.184587042212625896e-02 9.325534797866766312e-02 -5.571287836242009087e-03 -2.071336867251761388e-02
7.056417460467131475e-01 5.587812189194549806e-01 6.083299853472871055e-01 3.580834754056563263e-01 8.490351515628518086e-01
3.052512312681321949e-01 3.993052318555733726e-01 4.274601165407835857e-01 6.147342350637963193e-01 2.731071780975862229e-01
4.252318485803086023e-01 3.824876310013977099e-01 7.093618549333798873e-01 6.745128588878028797e-01 3.215283482236160895e-01
3.117649625061865160e-01 2.958308134124690292e-01 3.892917425592407610e-01 6.617993124013207273e-01 2.085957265040784825e-01
1.028152064884337635e+00 1.029541341425035617e+00 1.016738008793139025e+00 9.334116955503223290e-01 9.880168880333066728e-01
1.583995951193691021e-01 6.535328929002683085e-02 2.654203162929245630e-01 2.056051281590536711e-02 1.409478270221452556e-01
8.768954337792422837e-02 5.396003885629281627e-02 2.563752195196070116e-01 1.485372061084759276e-01 1.283095281629987872e-01
8.548578963458123292e-01 8.583299363462865150e-01 7.707924162156488679e-01 9.181396658400836630e-01 8.573662945357763965e-01
4.733594095797648282e-02 1.094540118456029804e-02 1.874498147377021695e-01 5.869780774343787144e-02 1.281688284172170789e-01
7.445916493518820456e-01 6.757028259152397798e-01 5.693150235922366242e-01 4.393277117298362566e-01 8.389292857282795168e-01
9.015121193579523906e-01 9.412852450335277288e-01 9.847548955951944682e-01 9.955807287112021786e-01 9.980580979510714767e-01
2.315748999191366009e-01 3.539271719280300266e-01 4.167910581465820163e-01 5.794555142650893442e-01 1.453347537434020176e-01
1.126924249344403856e-01 9.966593180468025226e-03 1.925885187384064057e-01 6.541838403447820804e-02 1.224801155345035253e-01
5.881933131779402274e-02 -4.989523118665238621e-02 4.960973810295032232e-02 -5.489369955194687428e-02 2.265003140989062247e-02
5.973224796317889718e-01 4.922224922963654437e-01 2.819133438240281064e-01 3.452813237243033129e-01 7.739089909528489297e-01
1.615800006304090597e-01 1.416095607282428226e-01 2.462521325062214939e-01 2.940994460223889800e-02 1.632239335748998654e-01
-3.271005808262032744e-02 -1.356014159504442644e-02 3.941457633091550311e-03 4.457569660634005948e-02 4.353288698874697299e-02
9.924947046162732045e-01 1.042475171596481731e+00 9.263786643144799049e-01 9.194783959551747765e-01 9.555791008207789039e-01
6.585355310497515990e-01 6.469270765119566891e-01 5.147316860564669083e-01 4.733952096178543623e-01 7.289518302328935606e-01
1.012586653845470586e-01 6.902199682632285949e-02 2.152228738712722300e-01 1.233331533620807413e-01 7.856781453543344729e-02
4.069796451295364381e-01 4.168173336033471621e-01 7.194215658461672325e-01 7.404586322489451478e-01 3.314175042438955998e-01
1.601626732329554936e-01 -2.814045936350690474e-02 2.490282886946979524e-01 3.849261738807516209e-02 9.280457435914490905e-03
5.934172654447792405e-01 5.277302262420678902e-01 3.575671030738002409e-01 3.717883385386527295e-01 6.069792469674111235e-01
1.565407412746242233e-01 1.309344583226425829e-01 2.572306334365140890e-01 4.397799746836660029e-02 1.588649535383220568e-01
3.287712939412233970e-01 3.395472312501032763e-01 4.661332427878440154e-01 6.666820884923658763e-01 1.730259110079458151e-01
2.314665036891409844e-01 3.182542405021419052e-01 4.384161090561683460e-01 6.351224130335799689e-01 2.793985783238806531e-01
1.130744970826789153e-01 -3.329865740186185169e-02 2.956006275966490127e-01 4.298472980126728099e-02 1.521531501087200478e-01
6.945466488278321249e-01 6.235500399314026776e-01 5.771668087958059523e-01 3.479055324807864280e-01 8.391388049103810642e-01
-5.461736614065887396e-02 -2.809204338995154038e-02 3.081297573820483693e-02 -6.372660169407648109e-04 1.041794735112013155e-02
7.412589456472302718e-01 6.905273214957310390e-01 6.268293046595384554e-01 3.941224860760441651e-01 8.132666759056144112e-01
7.337155903858183503e-01 4.800420787971273473e-01 6.522208011885751722e-01 3.996102888032769251e-01 8.085521761146733377e-01
1.057231983913413886e+00 9.439833089750054862e-01 9.335594655696970445e-01 1.017063396860251601e+00 9.898619846668106348e-01
5.971460187243401441e-01 4.968042879038521709e-01 3.655131806898165858e-01 2.913221679100688188e-01 5.617133376631811004e-01
7.129094105398803283e-01 6.562531261752224676e-01 6.084104760283796098e-01 3.499930874896948763e-01 7.484252003085904992e-01
-6.491554264377003003e-02 -2.160506927448304498e-02 1.863808738289670849e-02 -4.463519054107006889e-02 -5.217107187873432084e-02
1.007974651358677809e+00 9.253878478616589520e-01 1.000629325306589212e+00 9.802469405053314544e-01 9.777140951218374898e-01
8.556602810562328187e-01 8.805774030743634961e-01 6.812479086802130102e-01 9.408513543443118854e-01 8.443667282987117328e-01
7.103821925786955038e-01 5.770220494326956384e-01 4.771632941147953000e-01 3.425871563539532039e-01 8.020275013767655947e-01
5.407973605432053743e-01 5.272421292227242873e-01 3.620910549792655253e-01 3.212012380411395363e-01 6.848310761749548670e-01
6.335019051874434259e-01 6.085619815664788934e-01 5.182530470385332544e-01 4.115183735155709677e-01 6.754958749507665727e-01
4.709778009446583535e-01 5.012164746400548099e-01 7.166514781192523387e-01 6.524581816890172581e-01 3.800395309933841115e-01
3.487371223170384615e-01 5.069872050416661668e-01 7.243927399197069850e-01 6.482338427281336690e-01 3.893982736563917912e-01
9.877657769490426620e-01 9.815885616472336261e-01 9.609073616032958176e-01 1.001770553438590117e+00 1.018534328321663684e+00
9.471995658263356876e-01 1.032497717875052512e+00 1.034564167223834819e+00 1.108101211568138122e+00 1.004329355251349032e+00
7.315665357541512037e-01 5.989505361582035947e-01 6.448092652024416394e-01 4.370233359896182335e-01 8.090222844825556425e-01
-3.813110456312283209e-02 -2.652507034747557738e-02 3.640130498853624136e-02 -3.799299689326367246e-02 5.750936990208788992e-03
1.748800034235221956e-01 4.382454060378560695e-02 3.852507940163330535e-01 8.157920431343153311e-02 1.537352458786184761e-01
6.679083903291573865e-01 5.922883466926258667e-01 5.819086699225323178e-01 3.398665947122550546e-01 7.356744167730154826e-01
-4.853687597999700037e-02 -5.296775113843688043e-02 5.609374687025746493e-03 -1.053239931325654008e-02 -2.265113784411051587e-02
2.740659693539275188e-01 3.604161744199583239e-01 3.945577337530444262e-01 6.627698384959030964e-01 1.911349505508669333e-01
1.015611490654153126e+00 1.047771698591232425e+00 1.052087166332402512e+00 9.808427880818606504e-01 9.793382553756223574e-01
9.922181008312336292e-01 1.062086400783270213e+00 9.003019686071704886e-01 1.024459643009490550e+00 9.659390021599728593e-01
2.549354359705442996e-01 4.092287265535314300e-01 4.554777202507901968e-01 6.064807011912407564e-01 2.211446861570233458e-01
5.430079729201984229e-01 4.845675718179740521e-01 3.324920246120363077e-01 3.320749168475763402e-01 6.155559614577732486e-01
6.792980139017512631e-02 -3.649629843944093149e-03 3.248760073941407700e-02 5.317282428109498804e-02 -2.930724191833214420e-02
4.643833095434760083e-01 4.741498151140404738e-01 6.473237118255669165e-01 6.421656055270216212e-01 3.810385042255989840e-01
1.019725612034735329e+00 9.950816414684415800e-01 9.779924283962423415e-01 9.587088736337180395e-01 9.840747291121002549e-01
-6.736448924824431361e-02 -2.350348949398378337e-02 -1.146391204624418875e-02 -8.359953043109628890e-02 5.260968117773209829e-02
1.053030398753671770e+00 9.898560059252731191e-01 9.643617105766348896e-01 9.681382119476099612e-01 1.058256485614450515e+00
2.799261619319158845e-01 4.052091381131923686e-01 5.462670726475999938e-01 6.314480508689109817e-01 1.858056246307094317e-01
6.434266193021306313e-01 5.942952211822978281e-01 5.777288462752697695e-01 3.797999432697631850e-01 8.197219804033883950e-01
4.999092371204450491e-01 5.115473927881810656e-01 6.963974461925108717e-01 7.878758507982696058e-01 3.978641124898955050e-01
2.577533811764550278e-02 4.199121424780187517e-02 1.741913500926298847e-02 1.292494471810968493e-01 8.356031985085467240e-02
1.023239420485517082e+00 9.792843974267815277e-01 9.691807838297529232e-01 9.633300431091120775e-01 9.421225747485398871e-01
4.588056455907582598e-01 4.115373653070842908e-01 7.291142343558348893e-01 6.510348689884778439e-01 4.252724344363197906e-01
-2.308025431115822909e-02 -5.764680825676685161e-02 2.432916958036438621e-02 1.118722178163331603e-02 1.317335823849737630e-01
1.146506855352014409e-01 2.279337272262170477e-03 2.859124798853208138e-01 1.710951012923543277e-02 1.864405891098037116e-01
4.171859330923884945e-01 4.342501801584863208e-01 6.343435598487124905e-01 7.074927696185729920e-01 4.362114677136091356e-01
8.279342485709232369e-01 8.351624935271582117e-01 8.090480790967975455e-01 9.888510045985469121e-01 8.462709665586745089e-01
-3.698971245021211336e-03 4.302237092545891511e-02 -2.790080334403998233e-02 -3.075438482770619444e-02 7.644251712155762657e-03
3.737640110606741395e-01 3.093347783900832204e-01 4.453287477215462364e-01 6.752139401864221124e-01 2.300459127774354406e-01
4.037721765920307959e-01 4.365078116119677776e-01 7.188535035132067597e-01 7.214302885235081009e-01 3.421186441806081113e-01
