5.868787331612818070e-01 4.283317779038410267e-01 5.650683293459689560e-01 1.753449648458305921e-01 3.707161600071180452e-01 3.497729258693926813e-01 2.271087251212076663e-01 3.968599097016122790e-01 2.532236311757507519e-01 5.202499703614338333e-01 3.274323642683881208e-01 4.831703870686019364e-01 3.867983082107879778e-01 3.233553306540724037e-01 3.269254277388630170e-01 1.612792301392902139e-01 4.867407068392811120e-01 2.646678195421209856e-01 4.319803475490086031e-01 4.372293084859698586e-01
4.721428135335594689e-01 4.734340548489982536e-01 3.829021780568283018e-01 4.813615296157316981e-01 5.944263238525677728e-01 6.874042109262551437e-01 6.830220503461524872e-01 3.669914012009362070e-01 5.909450668834279607e-01 5.033930236413601822e-01 5.449028652341582069e-01 5.649603127135695013e-01 3.290714795814253524e-01 5.234285291971599863e-01 6.143872111537638236e-01 8.113624950740231379e-01 3.285521758482293220e-01 6.780315853616530886e-01 6.220913616154140069e-01 6.333180413546997123e-01
3.893160688533404135e-01 3.982678955415874800e-01 5.385596587601622076e-01 2.609129644923841029e-01 1.493200013791430858e-01 2.941197389668928075e-01 2.429725490117903286e-01 2.949828946348948544e-01 2.002518605565551391e-01 3.988985453363247391e-01 3.099106812305391090e-01 1.725134248317443109e-01 4.750149519520142638e-01 2.468089668673483228e-01 2.458055292260865055e-01 6.109706667959276249e-02 4.515098610000636836e-01 2.870331714636498721e-01 3.139954620080483982e-01 3.625920643030979273e-01
3.475564543206807189e-01 5.676317831367254652e-01 2.542703611380000006e-01 3.388403426719864275e-01 4.953850474102253765e-01 5.057642754224790371e-01 7.399446664788129624e-01 2.965439951098218785e-01 5.456924359122554691e-01 4.239161141247453357e-01 4.734052372527919328e-01 4.670473895051651114e-01 3.451120863860722698e-01 4.076976581051148796e-01 5.924522024494395245e-01 6.403957542422367144e-01 3.420211812340966384e-01 6.135254843575899120e-01 5.015840520271488412e-01 5.059021915189506613e-01
5.295945579552621130e-01 4.511239496009333272e-01 3.910474628928591323e-01 3.207370526911708652e-01 5.533669119832310690e-01 5.892617685238723535e-01 7.312892425108824535e-01 3.902030355465158640e-01 6.149557172504602764e-01 5.560085563551095955e-01 5.457816065765195290e-01 5.295105793917901371e-01 2.890467512227002933e-01 4.582741826117484596e-01 6.467471438409480022e-01 7.410109449672804827e-01 3.643826362792758622e-01 6.680994721304347461e-01 6.556899656336225846e-01 6.501482253906769593e-01
3.003759328405479212e-01 1.081996892093836926e-01 2.926821503722370488e-01 3.867487612449879708e-01 3.407708337589829828e-01 1.684772026712791915e-01 7.338882292543495722e-02 4.109812467245542167e-01 2.557172247113225771e-01 1.849282023493695748e-01 2.373691298756832047e-01 2.641755069661938515e-01 3.176024287218430775e-01 4.027397227702157467e-01 9.962530307650489803e-02 2.622403521453853803e-01 2.549236363556128260e-01 1.031352283639669215e-01 1.927376864556288594e-01 1.993315589320313053e-01
1.509414169850086807e-01 1.466770320255563753e-01 1.948884838758334903e-01 4.121222057357264434e-01 2.052023742857362887e-01 7.034496969430835411e-02 9.839718906992321601e-02 2.114896996033381882e-01 2.600977720678964156e-01 4.501787715737719242e-02 1.423958533078335809e-01 1.375092994732027285e-01 3.185529082988607930e-01 1.789733768459780550e-01 1.014614142603162683e-01 2.074276080730103333e-01 1.575989635228887686e-01 1.113254093363258146e-01 7.111422710082111742e-02 7.090788728960241427e-02
5.247537921490349477e-01 6.000759828975064103e-01 6.877799783467810624e-01 6.154555594391667439e-01 2.991054138040583066e-01 2.492446719931306620e-01 2.651343726243243215e-01 6.572518834407907740e-01 3.122504200941557118e-01 4.355541254407057639e-01 4.437599555823378283e-01 3.880253733946287809e-01 6.739569824840647705e-01 4.229411904847531489e-01 3.889362723629871677e-01 1.998507205940312781e-01 5.494696427059906352e-01 3.268897884063051151e-01 2.392402542738333027e-01 4.222983686747428522e-01
5.583611356500548517e-01 6.133286732861693569e-01 4.155086760066889484e-01 7.241268873037490783e-01 7.963234840422711569e-01 6.890551097209792752e-01 7.571258216906402438e-01 6.461980835610932061e-01 7.997237760844145837e-01 6.431545975040141583e-01 7.345254904977182031e-01 8.272090978318931143e-01 6.663315991839323660e-01 7.353450776982556336e-01 7.180424611234709209e-01 9.886778915151153146e-01 6.513256731925850529e-01 6.859425545151035530e-01 7.503200271661745191e-01 7.385971789008340949e-01
2.845505300808264249e-01 4.587669784285289820e-01 9.712388183237774530e-02 3.420278616191421150e-01 5.290813112623552472e-01 5.561773101279763321e-01 7.833349812479548646e-01 2.159359002647520676e-01 4.992023207991201916e-01 4.545695614717912836e-01 5.018297635165699377e-01 4.656016606719845519e-01 2.958973483812140093e-01 4.079961819012772328e-01 5.855847581109048239e-01 7.612702180308197342e-01 2.885912609404671647e-01 5.051736837484521736e-01 5.188111164659796604e-01 5.621786727320048360e-01
5.063570391573549712e-01 4.632887447821493199e-01 3.554682723259658395e-01 4.199675512296960345e-01 6.903668685628714385e-01 7.000239775962844302e-01 7.506163489347631446e-01 3.042622582270761433e-01 5.632303233224389416e-01 5.427238814386549093e-01 5.428086360522246245e-01 6.587588088590097257e-01 2.652203396955981618e-01 4.616406098141179193e-01 6.467194689579580658e-01 8.290149566014488602e-01 3.056748705853304937e-01 6.333295322652301440e-01 6.201215961871072713e-01 5.984524687718126845e-01
5.030515458620934410e-01 4.280754519186723561e-01 7.147652936991497619e-01 2.998028914098818110e-01 2.606397852761507261e-01 4.265175781636371677e-01 2.293921968674523248e-01 4.577835468846149780e-01 2.504381658394787546e-01 5.382928856215064561e-01 3.403175173210713500e-01 4.575649515326999373e-01 4.369911751544830469e-01 3.507273543689923279e-01 3.171237085606306572e-01 2.120294997944693338e-01 4.804920426331220074e-01 3.074719819221289896e-01 3.111774344205149312e-01 4.078978543260580736e-01
5.055047104679384340e-01 5.702362195250708643e-01 3.093640918891880087e-01 4.520045553045191067e-01 6.442105005837590603e-01 6.613191732800429712e-01 8.528185670510699534e-01 3.023947664934643620e-01 4.428475898156759016e-01 4.562598525386069581e-01 6.430464479329974781e-01 4.852634637467129197e-01 1.876449496975972075e-01 4.452672225741129419e-01 5.732253698172006251e-01 7.269056178423340953e-01 3.693036394907808773e-01 5.836255668352580139e-01 6.583744476462873862e-01 5.395440628538316075e-01
1.493845204523495396e-01 2.980781992133890029e-02 5.355297080327865722e-02 0.000000000000000000e+00 1.058176328752124806e-01 1.817094912955246888e-01 9.332223667097400144e-02 6.177550058458249060e-02 4.747698228348733868e-02 7.280029885804632783e-02 0.000000000000000000e+00 1.656007767329166769e-01 1.195500229933289804e-02 7.338511138183746729e-02 0.000000000000000000e+00 1.544202118856499717e-01 1.577675674660173333e-01 3.771245723485880386e-02 1.557807331712465215e-01 1.408519873482303730e-01
1.708914846903348272e-01 1.770277718522816901e-01 1.122854477371644788e-01 3.212537792686286364e-01 2.179740809007301439e-01 2.282122566448427023e-02 5.314946116658698927e-02 3.190282128601907297e-01 3.205888031525148674e-01 1.265748231258825018e-01 1.697017877086072213e-01 2.118216142226078680e-01 2.741307952229253275e-01 2.912712545527665342e-01 1.087422018925848499e-01 2.914262211418495729e-01 1.957533774155168216e-01 1.755456051497062409e-01 1.442648268045701454e-01 2.337231078299838172e-02
5.573213537513742599e-01 2.880533112620428104e-01 7.045179840312252306e-01 2.585483532935810014e-01 3.065985981674277938e-01 4.766649187350689987e-01 2.814146208770986757e-01 4.118446136763246890e-01 2.124006472718754646e-01 4.735050581727560104e-01 3.011553882567107321e-01 4.331647131913841098e-01 3.515831169126367728e-01 3.504318904096339615e-01 2.975178131426009509e-01 1.730676871979807685e-01 4.345091354622964142e-01 3.249348650395567084e-01 3.129309660230625845e-01 4.768933794844968932e-01
5.301218451620135497e-01 5.300062957909721373e-01 5.958469549961633582e-01 6.184235506933490889e-01 3.234008274781197678e-01 3.442299873532675969e-01 1.728368080585365729e-01 6.535768784986836222e-01 4.605316296174406521e-01 3.975138359033570934e-01 4.644728693600517766e-01 3.560593870792609916e-01 6.340429399027346369e-01 5.239476707449641779e-01 4.465201627582863764e-01 1.564768027529911953e-01 6.263457966797546517e-01 3.930444857777462553e-01 3.859558616711345480e-01 3.661396402279533113e-01
6.504695131065457714e-01 5.768222802312300557e-01 4.283892713948727060e-01 7.477423375024261354e-01 7.036991233960869785e-01 7.193172942738752518e-01 7.674262541470814325e-01 7.712726576186271776e-01 9.216699063367549405e-01 5.814583965198344417e-01 6.724721555774088033e-01 8.035776009422511690e-01 6.427032623105038978e-01 6.240013988808613687e-01 7.149956002671626898e-01 9.256121618771048221e-01 5.016115722990747150e-01 6.025052175995162518e-01 6.520512126688148280e-01 6.538543906402430883e-01
4.694241723268693378e-01 2.652242347697104652e-01 5.995030152072783336e-01 3.405017643692308527e-01 2.829990675580101867e-01 5.189312867737838619e-01 3.095215402911810632e-01 4.085087053582091565e-01 1.677449371579232407e-01 4.606077012728747033e-01 4.131597046460582789e-01 3.734696541791116542e-01 4.978843076434484871e-01 4.218630661384094038e-01 3.718273667366006618e-01 1.454290646686182964e-01 4.907915266786146424e-01 3.280162531721241836e-01 4.176435588359643791e-01 5.299403794754913299e-01
2.681602596947714190e-01 1.578999081588614295e-01 2.029091709179298431e-01 5.054636957203653136e-01 3.612997903990601278e-01 1.431502727280163367e-01 4.912137380236361595e-02 4.268931739106245904e-01 2.487073586950284965e-01 1.404195039880707374e-01 1.888516988150579778e-01 2.835731113506777534e-01 3.779804239559745871e-01 2.954831687338705937e-01 1.381607158695294379e-01 2.958984396376971304e-01 1.928005240665869868e-01 3.378244592061908913e-02 9.794943966975303007e-02 1.463464813574664736e-01
0.000000000000000000e+00 2.265104845942417580e-02 0.000000000000000000e+00 9.032806274342187417e-04 3.021365893153723017e-02 0.000000000000000000e+00 1.992309183580520671e-02 0.000000000000000000e+00 0.000000000000000000e+00 0.000000000000000000e+00 0.000000000000000000e+00 2.973306756549537119e-02 0.000000000000000000e+00 3.300214916640732687e-02 0.000000000000000000e+00 0.000000000000000000e+00 4.525800172445470365e-02 0.000000000000000000e+00 0.000000000000000000e+00 1.242728609225529635e-02
4.967513843916207539e-01 5.983009054178156649e-01 6.166046465911535490e-01 6.180050236547446341e-01 3.978417068292599001e-01 3.414341588223330226e-01 1.920440265404639857e-01 7.765398162454347775e-01 3.432504019990351152e-01 4.538491920193588602e-01 4.506093168742302257e-01 4.312944580922493665e-01 6.455246168814054997e-01 4.458168086323150425e-01 4.800857996759304025e-01 2.905985595399662169e-01 5.943640069075790677e-01 4.530492811244453688e-01 3.000238601232106395e-01 4.013659584169932404e-01
3.329304355390904080e-01 5.251702047727635492e-01 2.258780143764166914e-01 3.775283976551016552e-01 4.978063203566153172e-01 5.111362514565472859e-01 5.843990185596934506e-01 3.360074788457783068e-01 5.197483299255308831e-01 3.769121890261970531e-01 5.267123128545795341e-01 4.747065931726639487e-01 2.973272342635777665e-01 4.061413894539141478e-01 5.988787518405981336e-01 6.271399979827694260e-01 2.578310663433910355e-01 6.037336941415181180e-01 5.113534768858435386e-01 5.105113537020624648e-01
1.157185003452708139e-01 0.000000000000000000e+00 5.076211331436872309e-02 0.000000000000000000e+00 5.014013556620094958e-02 1.494779386528183873e-01 6.582601847506711068e-02 6.343164348302267330e-03 4.500007668631370028e-02 1.479479310241069989e-01 3.308005491344737092e-02 1.419392973747798936e-01 5.003234330203280150e-02 7.564423488732324730e-02 4.119587588052142646e-03 7.185407319851382091e-02 6.872396668170087375e-02 4.282328087835695490e-02 4.940055655418623681e-02 1.124746889713496845e-01
2.127560077124620586e-01 1.857400142516376154e-02 8.943507077772969160e-02 0.000000000000000000e+00 1.651042914438511922e-01 2.263332531207310483e-01 6.329900092487791841e-02 1.481429396097662665e-01 0.000000000000000000e+00 6.656980176853563580e-02 1.133799376446081308e-01 1.605430574069478811e-01 1.790656055899716645e-02 6.218177630111214327e-02 5.175965487950086319e-02 4.933816505246393924e-02 4.539637056272675941e-02 0.000000000000000000e+00 5.951601110838596748e-02 2.654746553651503999e-02
1.686103658474920330e-01 0.000000000000000000e+00 1.393141078476257400e-01 6.901748726033304915e-02 1.018393516238126906e-01 1.212492734322612870e-01 1.419638017804335239e-01 2.661657290452636854e-02 0.000000000000000000e+00 1.223714854795961426e-01 1.123913274385740235e-01 1.115273689114671396e-01 3.298949879446303607e-02 1.965968964065249458e-01 0.000000000000000000e+00 1.714110928302078896e-02 1.022949159164958099e-01 8.427212937268002690e-03 1.093936276543752140e-01 1.144935236573630111e-01
4.849723069319922808e-01 4.058661232685472631e-01 7.052263701859763367e-01 2.982648955292631632e-01 3.283237436945552479e-01 3.981080272194913450e-01 2.493423070285196441e-01 4.314840008119810166e-01 1.279756843383937082e-01 3.964069607712195076e-01 3.607020751591363816e-01 4.074713469868824212e-01 4.737791645495832427e-01 3.791260603833281895e-01 3.095311231485203263e-01 1.887803564229599274e-01 5.079160657733140516e-01 2.897859027802810461e-01 4.051916590516431160e-01 3.875954072744366985e-01
4.286360631559412715e-01 6.026965637430126144e-01 4.105384974361080408e-01 7.548494648640093896e-01 6.904655058793924827e-01 5.677617523300196867e-01 7.540473574424376713e-01 5.299535054279116419e-01 8.009357110466670537e-01 5.186882745334202571e-01 7.182284413059270012e-01 6.280772317055360876e-01 6.489992080324844537e-01 6.461576290631323438e-01 7.171089012098949000e-01 7.603583235446116362e-01 5.386020518854911510e-01 7.165484154658789961e-01 6.874490886131978673e-01 5.615504871700937040e-01
4.953934163983387817e-01 5.573287887047688738e-01 5.943306994216184247e-01 6.013202563873781825e-01 3.805096982495624891e-01 3.214557848099787174e-01 2.588522056480824785e-01 6.720920410553639091e-01 3.727179820162066504e-01 4.856829870106066371e-01 4.480138585951831121e-01 3.597092853725883943e-01 6.862907746697597400e-01 5.507435295420667343e-01 4.043136738706584188e-01 2.579131474511800470e-01 7.374752062762219840e-01 4.063806771126390327e-01 2.975173290830200323e-01 3.909553871125149294e-01
9.157866361004474154e-01 8.827989811311193202e-01 7.417959690456523703e-01 7.280284565516449424e-01 7.901544614184141668e-01 9.613763480216922508e-01 9.611761432416632278e-01 6.139653080129464646e-01 7.475434920804319150e-01 9.503636035294646955e-01 8.575984670154043199e-01 8.529304911138750889e-01 7.539590013583432615e-01 6.752550068241651715e-01 8.454989967088869518e-01 8.381934134753697974e-01 8.436441794838736019e-01 1.000000000000000000e+00 8.579934605205237208e-01 9.529418716653722532e-01
6.275944055574906866e-01 5.413886808968652042e-01 4.371391327253918435e-01 7.570302718230307315e-01 8.523152827329301129e-01 6.886316206892669767e-01 7.962372793828871309e-01 6.530719634670199003e-01 8.277806456430276683e-01 6.159572615343092972e-01 8.219219301673474920e-01 7.169827521581395580e-01 5.789094018958683696e-01 6.200568432395682228e-01 6.673456159541281130e-01 9.697674328997937243e-01 5.642426877274258068e-01 7.001263594159022885e-01 7.439561934657150655e-01 7.241587217133543808e-01
6.187826505961536716e-01 6.383215320592645625e-01 7.301086046920668426e-01 6.144006044476066908e-01 4.905174826327296511e-01 4.808766681105109964e-01 1.921264399306985005e-01 7.080307383175252767e-01 4.278287928272468399e-01 5.025006463482117880e-01 4.268326832596280873e-01 4.999460977903328329e-01 7.420511326108826244e-01 6.099915220463639765e-01 2.702609549926195953e-01 3.048444215551598946e-01 6.763993474420745278e-01 3.983177179037448723e-01 5.286959649050155807e-01 4.834712888662071606e-01
8.636586169881503849e-01 9.635075019809415942e-01 7.615053035179133456e-01 9.055271229180629211e-01 8.493108742571261471e-01 7.917283696113033287e-01 1.000000000000000000e+00 9.222073023763774913e-01 1.000000000000000000e+00 9.408427829913347251e-01 9.461264382712183396e-01 8.902185174862453643e-01 1.000000000000000000e+00 9.297480323847950867e-01 1.000000000000000000e+00 9.162170883500418972e-01 9.644508991604744397e-01 1.000000000000000000e+00 8.642878014018886557e-01 9.637519836620170866e-01
6.651505999026419147e-01 8.638380168669629322e-01 7.837904290554701392e-01 6.080907009373517358e-01 7.401741017603279404e-01 7.377653778262567297e-01 8.895382670544638160e-01 6.361528644098416452e-01 6.726288192837581725e-01 7.191457394047324758e-01 7.872188683913775575e-01 7.015769960842054287e-01 7.049078044962061584e-01 6.094375450815536777e-01 8.890903309073207028e-01 7.102422902808482874e-01 7.484152847272178555e-01 8.424179400938685003e-01 8.868205641931595773e-01 8.661934925144912922e-01
8.666615390121763518e-01 8.127431704318182071e-01 8.733254416962483724e-01 6.477018772234619526e-01 8.024075404672846856e-01 9.707262997842740493e-01 9.911198045885564190e-01 6.862004764142162205e-01 7.332252992131067515e-01 9.701094361332109894e-01 8.094023356090401800e-01 7.586229069841911032e-01 7.648815278724382383e-01 7.689825947022345121e-01 9.073423182615473204e-01 9.073232947258730308e-01 7.768651167234666977e-01 8.807447535527977989e-01 8.528591724098311122e-01 9.161433822828604079e-01
7.181367772244099390e-01 7.952660818429568845e-01 7.629344815058816121e-01 6.114886361008977644e-01 6.157939992962158104e-01 8.037289705933184925e-01 8.605573200941629697e-01 6.478527605832369307e-01 7.757553691802253626e-01 8.327461966452976982e-01 7.846012602808513092e-01 7.481019557902632844e-01 6.806661488962056916e-01 6.258887060692970294e-01 8.788931819029830450e-01 8.506645925849524170e-01 8.364011254886026814e-01 8.957667050098678807e-01 7.820497624199965747e-01 7.675143219979856379e-01
7.193646461655008872e-01 9.356203489643999394e-01 8.779692337822357917e-01 9.198956296388435261e-01 9.135794500130623996e-01 8.522303211902017006e-01 8.733407049826187318e-01 9.474667418137430186e-01 1.000000000000000000e+00 9.872101232262051607e-01 9.588252004180032317e-01 9.590750463774928569e-01 9.442002776663888097e-01 9.056877237637377398e-01 1.000000000000000000e+00 9.834773074645642987e-01 1.000000000000000000e+00 1.000000000000000000e+00 9.106765202051476660e-01 8.780961512747438302e-01
3.793308171494600978e-01 1.541004215598882343e-01 2.154034623832566941e-01 3.570698078132766295e-01 2.554867378378935516e-01 1.607475211268443449e-01 1.467358418561670041e-01 4.326044047437110351e-01 1.568436027017176548e-01 2.629733540856726837e-01 2.245038512524758778e-01 2.719692059302779574e-01 2.674239254677731603e-01 3.920181582194030567e-01 1.395051957652995722e-01 2.044970244395110104e-01 2.008847274492023272e-01 4.734404358624776099e-02 1.737771952357736738e-01 8.930440417659749053e-02
4.030718055485924545e-01 5.751927663855622708e-01 5.978408997663680058e-01 5.431689709732974158e-01 3.548804817215445162e-01 2.832685616062315392e-01 2.167863965707438334e-01 7.547587520011556084e-01 3.613351710285042095e-01 4.992068087213801242e-01 4.633725763129031838e-01 4.518706390047467214e-01 6.585828516038264580e-01 4.970689709446778348e-01 3.895488963238351032e-01 1.818922645486630296e-01 6.048145313761259523e-01 4.140575337128537536e-01 4.108426972755006013e-01 4.504940064037328828e-01
8.150495128536351386e-01 9.502082071165669497e-01 8.778723306997937570e-01 1.000000000000000000e+00 9.369128969946605157e-01 8.936958985424622304e-01 9.000004819942175605e-01 8.853955027018863833e-01 9.220667333260473830e-01 9.083690661349467232e-01 1.000000000000000000e+00 9.349528050448288052e-01 1.000000000000000000e+00 8.300688132727171986e-01 9.798822679401357760e-01 8.682350985833524604e-01 8.949201982689727330e-01 9.046063338608587578e-01 9.984331024712826963e-01 8.895003604192035507e-01
7.175862572542959228e-01 8.460959676275304764e-01 8.619694762864080761e-01 5.795204556519328865e-01 6.607163304564149797e-01 8.520527702564741901e-01 8.377384058396190047e-01 6.578915157489261256e-01 7.280497931401879175e-01 8.769966632316036348e-01 8.360405107605191066e-01 7.137178359127174243e-01 7.447962532337513153e-01 6.774231180494836302e-01 8.026622724250342955e-01 7.474355087761692662e-01 7.894243257421522664e-01 8.803349156410721355e-01 9.460984022224285805e-01 7.613226843492033602e-01
5.072465665210063035e-01 5.595786119058092645e-01 3.482423946486578603e-01 4.495281058316591416e-01 6.036467295777568909e-01 7.282804000285455492e-01 7.558059688956159095e-01 2.951625619739706718e-01 5.721426110610462468e-01 4.537861724569328681e-01 5.065641159986161712e-01 5.824797815348005114e-01 3.146451796775371346e-01 4.680640084208319007e-01 5.912474494262399682e-01 7.760042461529752522e-01 3.558444456305516757e-01 6.332445575784675373e-01 6.365240019946758476e-01 5.352937725312622019e-01
1.742558816787826148e-01 1.221337435488450418e-01 1.701101609390215652e-01 3.513443806533110281e-01 1.620424359519622159e-01 8.391317293861742799e-03 5.660836093325989637e-02 4.131025607281684220e-01 1.770798330579348712e-01 1.049809542708155102e-01 1.874518655990502214e-01 1.111297334841821471e-01 2.710355586438476516e-01 2.204951319011140276e-01 1.709089359637210037e-01 1.484898998653249591e-01 2.367855153196063711e-01 1.073110639417070578e-01 1.954523550139619648e-01 6.822909888374217857e-02
5.681368361210673568e-01 5.114233190480910185e-01 4.150749865515945825e-01 4.270837361164415702e-01 6.497529598942710649e-01 7.094766735813369252e-01 7.601527265562226798e-01 3.668709767483260831e-01 5.959733627000736167e-01 4.656108171332122847e-01 5.289113963717287925e-01 4.944245943784985053e-01 2.638477827769837303e-01 4.411712666564019392e-01 5.673648376870483734e-01 8.312033550578306063e-01 4.147121752363568392e-01 6.098412102436824300e-01 6.260004335640363404e-01 5.594991609779963460e-01
2.158403056051177715e-01 2.064888467581572351e-01 1.861140190516515358e-01 3.975871636942956977e-01 1.284282957417884896e-01 0.000000000000000000e+00 8.717685844126649153e-02 3.880340327203715689e-01 2.475045155179265710e-01 1.966247254072144846e-01 1.416178702044965099e-01 2.835646480862855645e-01 2.853759137559451764e-01 2.284239822066533587e-01 1.025012758687363079e-01 1.286621881162281489e-01 1.885408485321344585e-01 1.866791996225315997e-01 1.604652240221613735e-01 5.453665066558538443e-02
3.597483548104238871e-01 5.068942764104883425e-01 2.523823918556828416e-01 3.250893593062604281e-01 5.398140916495076658e-01 4.260000336855065961e-01 6.595195535170229606e-01 2.531510446898909139e-01 5.300752016767594776e-01 3.850203046243694249e-01 5.226145740723081579e-01 4.456955941253142317e-01 2.832491561912982569e-01 3.862650147758269203e-01 6.275398534623337632e-01 6.554671642388111286e-01 3.347346253805901783e-01 5.671376575917639329e-01 5.990398134004795150e-01 5.330223236272916276e-01
5.074031657090652958e-01 3.646609273030927412e-01 6.583789961243509126e-01 1.982517092337507392e-01 2.592203739381676586e-01 4.005972627894915927e-01 1.965824290386259388e-01 3.926990049275138062e-01 1.579784569830023633e-01 3.990183450247572483e-01 3.316928936210061241e-01 3.254592223036664178e-01 4.137366391528572995e-01 4.073410301702371505e-01 2.567380094601751095e-01 1.456510343061625801e-01 5.289901222737058983e-01 3.536400886099709817e-01 3.323524706706205145e-01 4.397681491096597783e-01
7.509941346721736855e-01 7.879246734003708674e-01 6.886986647200786793e-01 6.106637816141079478e-01 6.238666368627667769e-01 7.868923149960654895e-01 8.422341858333274311e-01 6.749235528174263310e-01 7.725760542483948168e-01 8.831619365245602093e-01 8.375007693810258003e-01 7.579138474534432568e-01 7.486050345320700572e-01 6.032816134002743080e-01 8.348381018061512560e-01 6.971705455715229149e-01 6.845106429121778913e-01 8.564753377051400607e-01 8.974017805088639888e-01 8.134573358957731815e-01
1.868507736529333441e-01 1.602192678852518426e-01 1.181197353948771483e-01 4.231673908608852841e-01 2.012342282316710862e-01 8.897166502970665913e-02 9.115305693773420592e-02 2.614476453052519966e-01 1.875137372964545135e-01 8.904756789487984492e-02 1.276445586292806744e-01 1.534430164842372768e-01 3.249612828289676347e-01 1.911110175042058379e-01 8.976920478890959565e-02 1.053015049844269191e-01 2.694226894945109252e-01 1.552538206415102484e-01 1.205857466285692736e-01 8.235218319227696759e-02
5.698174823642503384e-01 5.942597394592588067e-01 4.029266450577314029e-01 8.248029992507346364e-01 6.999147066899776837e-01 5.321620374482388671e-01 7.986880773044316983e-01 5.431789219195934937e-01 7.548979102272296293e-01 5.595443393174768243e-01 6.972180055962762246e-01 6.488911159760111236e-01 5.506313393617701113e-01 5.555801389887433661e-01 6.770852851680557727e-01 8.600292876998562042e-01 5.032021075856167869e-01 7.206678262501188259e-01 7.113938687919140191e-01 6.212925215750894070e-01
4.418099970130013321e-01 3.566826429991499237e-01 5.976450005539009069e-01 1.874464919943863994e-01 3.149131917144208370e-01 4.097073491316683969e-01 2.769585771332047086e-01 4.489482162336145832e-01 1.653309487539472433e-01 4.838408653328125641e-01 4.733944056704740833e-01 4.465545905182805031e-01 3.562658086112598932e-01 3.283561428550609840e-01 3.061003002916097282e-01 2.057016236875876258e-01 4.340772679376783127e-01 2.767147849559810080e-01 3.666472776730920202e-01 4.259312395657956496e-01
5.368780900451521898e-01 6.259268029806469569e-01 3.438672223613845058e-01 7.567400766800647105e-01 7.365589700394116202e-01 5.377774471956399127e-01 7.516012420087265777e-01 5.746089742873451423e-01 8.001675799225146379e-01 5.747313488439430573e-01 6.441789146711683900e-01 6.105196404272358324e-01 4.246962503060012217e-01 5.152224694789977466e-01 7.105539345235221127e-01 8.358633246728915944e-01 5.147967653919822695e-01 5.853538216722725673e-01 6.295811348732940349e-01 4.906670319888322696e-01
4.517351452292921454e-01 4.878793970053722506e-01 2.142147936658508056e-01 4.404000668239437255e-01 5.508388380185057498e-01 6.022098590936781903e-01 7.044726161181869006e-01 3.005446150524525017e-01 5.552017067380490278e-01 4.396708360213397171e-01 5.410003286126136013e-01 4.383929832831248152e-01 2.286609352425948982e-01 4.049355070664782397e-01 6.400736101345477769e-01 6.150826114177115889e-01 3.883925813241362324e-01 6.310081001277705326e-01 5.785590175386494671e-01 5.166704129530627077e-01
7.249720576003209072e-01 1.000000000000000000e+00 7.879176979818806048e-01 9.939845292440855351e-01 8.986308570789804939e-01 8.838879590767706462e-01 9.876307738002261249e-01 9.298804518494331317e-01 9.824138026974963411e-01 9.543195216521894730e-01 1.000000000000000000e+00 8.127051088111784116e-01 1.000000000000000000e+00 7.794914797137041385e-01 9.150986751651519757e-01 8.931287997914382215e-01 9.661884491642955819e-01 1.000000000000000000e+00 9.587602085618741610e-01 9.069618654892398490e-01
4.559595709178399514e-01 6.313908840011084322e-01 3.948994497162930939e-01 7.830733465073665966e-01 7.843273014526426223e-01 5.387670164438354004e-01 7.139962668132137091e-01 5.336318661826449095e-01 7.983903054698461288e-01 6.071933209616827698e-01 6.755784177227883713e-01 7.047765994107625387e-01 4.913478382030605496e-01 7.639522755273376875e-01 7.089265349262811045e-01 7.901756105675874498e-01 5.788215650534136447e-01 7.402367640693244821e-01 5.444050860492065658e-01 5.671274533908586823e-01
6.164216563940742022e-01 5.207407937004719933e-01 6.490267210296839506e-01 6.151493954586623181e-01 5.035628271183524296e-01 4.123816906985572905e-01 3.544239778736082980e-01 7.022353334600690555e-01 4.368135013880103390e-01 6.268109262894054901e-01 4.141080922273732146e-01 4.742954199503223167e-01 7.618927804677244620e-01 6.310794881248005250e-01 4.585299961458029760e-01 2.282537306135850319e-01 6.924716313171309645e-01 3.361970768267261711e-01 4.663277564463811364e-01 5.223317778333118611e-01
9.361311537439453989e-01 9.590670949990240945e-01 8.183668272557518275e-01 9.049320639301117186e-01 9.412603101141494566e-01 8.738206703507600537e-01 9.429757884778779964e-01 9.701688422809893186e-01 9.984230085734084881e-01 9.751469085604661524e-01 9.528291578273021534e-01 8.441080209889536556e-01 9.267089012707085960e-01 9.267291492699734068e-01 9.493051249212273168e-01 1.000000000000000000e+00 1.000000000000000000e+00 1.000000000000000000e+00 1.000000000000000000e+00 8.746839738726653879e-01
9.501829804415790059e-02 0.000000000000000000e+00 1.471524128976894885e-01 8.134920386683194837e-02 9.563298819813212392e-02 1.683046987868316580e-01 3.235880134811439102e-02 5.598652338451754612e-02 6.378859709851222859e-02 2.720197051337554239e-02 9.814399524779471307e-02 1.568293256766042365e-01 0.000000000000000000e+00 1.275449721194232000e-01 1.147447807999653520e-03 5.634674454225367668e-02 0.000000000000000000e+00 5.542232920016300357e-02 3.109634822552655858e-02 1.082265438796970181e-01
4.603637479662859855e-01 6.493318972263157907e-01 3.384468816886213038e-01 7.596921187454278579e-01 8.039724596550172908e-01 5.759098337708219439e-01 8.959954954939601812e-01 5.085075746750792325e-01 8.446513051105065673e-01 5.462666983801530707e-01 6.805631220884064136e-01 6.198402739004741369e-01 6.653328002033980226e-01 5.958137554955627024e-01 6.363714425032572786e-01 8.595652298676247360e-01 5.123428664906081176e-01 7.391352633533231353e-01 6.155689200500872316e-01 6.190391901403332620e-01
8.179639081335827733e-01 8.874048797181239845e-01 9.720435177886552758e-01 6.560506967840314951e-01 8.319173941514912407e-01 9.918503879477131857e-01 8.996809880744156551e-01 7.148469570884053992e-01 7.228853369728537315e-01 9.474744621243584852e-01 8.549601145672395264e-01 9.032678960331320672e-01 6.841206488228191995e-01 8.563775033815882454e-01 8.386451077564232026e-01 8.940194846923101846e-01 7.650434036802478133e-01 8.319123211055522438e-01 9.302327340781773035e-01 9.585941984991991349e-01
4.975489725300350496e-01 4.693403603856012851e-01 4.409677598836382328e-01 4.330638319435397010e-01 6.348202398832671900e-01 6.738363939766487398e-01 6.617186688703343700e-01 3.857503608254652105e-01 5.844210520835165790e-01 5.445067913580990959e-01 5.796095399084134625e-01 5.955222772427505307e-01 2.400991761387276657e-01 5.271945474420934863e-01 6.832058203231776705e-01 7.619348422567437940e-01 2.611199230126955428e-01 6.331670457610005798e-01 5.876680842631860635e-01 6.944477101049588708e-01
8.763185552918503207e-01 1.000000000000000000e+00 9.216780888679247941e-01 9.474350593372531382e-01 9.134419063436099995e-01 8.630334325636097592e-01 7.798678000736317673e-01 9.866986844466187900e-01 1.000000000000000000e+00 9.282700267565899832e-01 8.979618774463169473e-01 9.193360268494026322e-01 9.807212372220769359e-01 8.592410514190242932e-01 9.413335808408511696e-01 9.146292910339820503e-01 9.714643373951171723e-01 9.676200959156115999e-01 9.516903606701186957e-01 8.208720985956471372e-01
3.207915616492725830e-01 1.051188344346014880e-01 2.363130872029725604e-01 3.450814092848733527e-01 2.266621594266110540e-01 1.608026683130058254e-01 1.735550300679535030e-01 4.092184084595186233e-01 2.670908777044099791e-01 1.569135956480376959e-01 2.171619927480208934e-01 2.868705152422600380e-01 2.839241067249029804e-01 3.695888927854014128e-01 1.775402271407787724e-01 2.047166234605551083e-01 1.773598007484317174e-01 1.876298783357862043e-01 1.205283832506672675e-01 1.172810274129133384e-01
9.052657449591182681e-01 9.830239929045389013e-01 8.878100262527436337e-01 9.615970066661447824e-01 8.296187659818290427e-01 8.533970445671066329e-01 8.784402063645133651e-01 8.262363898700567644e-01 9.220620972271704741e-01 9.311841046545189515e-01 9.995555095910179100e-01 9.694448250461319416e-01 1.000000000000000000e+00 8.843581358470018472e-01 9.438989267108441883e-01 9.284705833201798431e-01 1.000000000000000000e+00 1.000000000000000000e+00 9.355380322607558252e-01 9.646604066806073741e-01
5.709520199154280995e-01 8.201897363869837809e-01 6.908519967661419514e-01 6.518723294230903686e-01 6.438234802120670341e-01 7.598920086342992875e-01 8.853119360043287811e-01 6.376260966035230959e-01 6.259029203332671099e-01 7.134466881481222877e-01 8.502234166879263366e-01 6.646889222402487807e-01 7.603978171976756295e-01 6.340327308219410041e-01 8.590995472938253164e-01 7.467247041140896435e-01 6.634109343692716765e-01 8.523115754167203129e-01 7.464583311345898142e-01 8.332449301740619818e-01
5.410256479369963678e-01 5.534215752476701056e-01 3.119870004619343939e-01 3.623195006045495936e-01 5.638565314278163321e-01 6.755489354656881718e-01 7.028494337662292146e-01 3.481266276790728198e-01 5.723048533412022909e-01 5.580311973352332089e-01 6.232438119690288936e-01 6.126877898533932276e-01 2.756922993966264279e-01 4.928764078840109364e-01 6.916117158559913491e-01 7.401038468216718513e-01 2.941197615979119773e-01 6.399668580614480407e-01 5.454162265816908661e-01 5.913575900942171781e-01
2.775930358382358021e-01 4.134481049731756341e-01 2.737608399455356833e-01 4.147552312117327999e-01 6.020758515071837902e-01 5.684506504609075916e-01 6.684224398201897843e-01 2.726199478837534329e-01 4.832712970076490366e-01 4.114371516321572164e-01 4.839961197446325247e-01 5.480099520149672720e-01 2.606481747578022201e-01 3.869498167013493695e-01 6.351701810129661840e-01 6.415006144090865670e-01 2.922280843420193008e-01 6.897398531085933149e-01 5.729150229497916857e-01 5.433799175264218961e-01
4.634632365572394774e-01 3.943398655633545413e-01 6.472400436278218372e-01 2.768621273234699309e-01 3.146044467025056468e-01 4.506125079343595297e-01 2.370440438098845859e-01 4.446158645468828996e-01 1.858170227484503834e-01 5.076348963448947815e-01 2.812657754184259007e-01 4.188113136508111456e-01 3.923533172134940350e-01 3.916517674829508300e-01 2.342568994798096271e-01 1.161909505618836935e-01 4.300853105713518532e-01 2.788476096023209672e-01 3.724414273119990848e-01 3.836054746221155831e-01
1.000000000000000000e+00 9.489182909197112492e-01 9.684213786174219463e-01 1.000000000000000000e+00 1.000000000000000000e+00 1.000000000000000000e+00 9.792336324932370273e-01 9.992169827358634571e-01 1.000000000000000000e+00 9.496144631071161690e-01 1.000000000000000000e+00 9.776726710449007429e-01 9.672053212345168571e-01 9.666553373548451011e-01 1.000000000000000000e+00 9.561083941610808434e-01 9.576163791856741048e-01 1.000000000000000000e+00 1.000000000000000000e+00 9.562141695648183060e-01
6.309238190031745130e-01 9.240308410189925770e-01 7.934973890813113995e-01 5.463501794532958922e-01 6.953554087658304628e-01 8.536367870541337055e-01 7.542454237535418660e-01 6.338752880722005045e-01 7.334685041546450401e-01 7.744557916772113471e-01 7.760779840292831855e-01 7.351416173157072631e-01 6.607114806356774173e-01 7.013058601996324803e-01 8.748374129935964083e-01 7.943256828048101958e-01 8.026207727727661112e-01 9.402903305900002229e-01 8.574481204460099315e-01 8.699311740061934639e-01
2.338470409021416729e-01 1.337541036671907602e-01 7.024405162164049088e-02 4.270170041821095275e-01 1.977175047611820224e-01 6.219966859018859900e-02 8.600571337152600193e-02 3.262939670095407196e-01 2.664650163554606599e-01 7.421346292720849835e-02 3.916864542547490724e-02 2.891720681543380467e-02 2.243295351161651019e-01 2.000017884130683155e-01 4.513118323058093462e-02 1.930479047102680590e-01 1.747707078728751584e-01 1.613273637705180397e-01 5.404467577623600638e-02 4.732261462019939774e-02
9.448314404292290636e-01 1.000000000000000000e+00 9.346185351183573520e-01 1.000000000000000000e+00 8.320853146792508426e-01 7.868507149512632415e-01 9.192545200880885004e-01 1.000000000000000000e+00 1.000000000000000000e+00 1.000000000000000000e+00 9.390631016759412031e-01 8.650827099203802772e-01 9.976241414511647365e-01 7.997289542817671570e-01 1.000000000000000000e+00 9.132068700112712101e-01 9.730304851440455538e-01 1.000000000000000000e+00 9.562512771770782516e-01 8.200588706402066608e-01
0.000000000000000000e+00 0.000000000000000000e+00 6.899383225449583212e-02 0.000000000000000000e+00 0.000000000000000000e+00 1.266905556752496304e-02 3.587969290856712207e-02 0.000000000000000000e+00 3.717241321602663545e-02 3.080159009475709822e-02 0.000000000000000000e+00 0.000000000000000000e+00 1.541240668027846292e-03 0.000000000000000000e+00 0.000000000000000000e+00 2.959770257828615858e-02 3.065505193258879005e-03 0.000000000000000000e+00 2.842360076239241421e-03 1.087910833161951502e-02
4.928975051366606963e-01 4.263917258620552042e-01 3.943391189835605548e-01 4.312328603959604822e-01 6.471978941286550269e-01 7.104206213639572276e-01 7.706535051185068319e-01 3.087501831932666918e-01 6.107756033591461575e-01 5.664208019030286811e-01 6.829263093988294786e-01 5.839410186932130209e-01 2.881325745574291330e-01 5.799824656126910671e-01 5.709831917601350115e-01 7.548727339806743375e-01 4.363095917246690991e-01 6.294208320021156267e-01 6.195579654259001368e-01 5.937621193949649268e-01
1.151446551833505139e-01 0.000000000000000000e+00 1.287226406022115299e-01 0.000000000000000000e+00 1.594301722050408265e-01 1.661593539127566854e-01 6.027243542576739277e-02 1.269075201767052297e-01 2.351609316152078813e-02 1.168799995802881908e-01 1.384557948178440634e-01 1.424764852798083292e-01 0.000000000000000000e+00 1.149472933057359564e-01 1.715133082565068606e-02 1.967499508148082277e-01 8.328278473101861229e-03 0.000000000000000000e+00 1.091019551195387405e-01 6.270575574810677288e-02
0.000000000000000000e+00 0.000000000000000000e+00 0.000000000000000000e+00 0.000000000000000000e+00 0.000000000000000000e+00 0.000000000000000000e+00 0.000000000000000000e+00 0.000000000000000000e+00 3.494245285741000989e-02 3.957410015291730476e-02 0.000000000000000000e+00 4.973383971832980727e-02 3.741147476845029830e-03 0.000000000000000000e+00 0.000000000000000000e+00 6.017167785242626826e-02 0.000000000000000000e+00 0.000000000000000000e+00 0.000000000000000000e+00 1.067261832514853834e-02
3.806168897281749230e-01 3.551199702928387048e-01 5.393404298084866211e-01 2.037173965188833757e-01 1.696891973134252996e-01 2.223405734587658722e-01 2.473619059728962566e-01 3.568512373922765879e-01 3.104075241111780015e-01 4.407678358153523934e-01 3.672161300957179075e-01 3.109528389348450994e-01 3.898490493876448637e-01 1.805426309430192278e-01 3.291844139672505110e-01 1.488201900712894377e-01 5.199655942165706257e-01 2.712105278501186767e-01 4.172455447772931425e-01 3.412522294846984661e-01
2.888044313471196389e-01 4.623004748585444745e-01 2.618121701148564684e-01 4.290975776882249848e-01 4.030822633935164379e-01 5.343601820703094418e-01 6.962400531405010806e-01 2.228175661366963989e-01 6.420631157455216620e-01 4.431314601059418434e-01 5.185117021781785462e-01 4.430446518467509032e-01 2.597560585118445786e-01 3.151596960459525087e-01 6.335395376793939715e-01 7.060022700439745336e-01 3.363689822851565481e-01 6.161205354626098085e-01 5.488820277149902838e-01 4.700770019824423995e-01
4.538765670623551296e-02 8.678678407751963531e-02 1.135417687057798108e-01 4.081676495812495697e-01 1.695042661455010702e-01 4.162576952822621967e-02 6.367392877428940112e-02 3.316379881401305685e-01 2.409509092755671711e-01 8.030912230226094906e-02 2.023629761956105833e-01 1.378477310828243318e-01 2.274545270737530211e-01 1.958745734586212484e-01 1.039271757198763635e-01 9.249947439744141131e-02 1.199928423524194154e-01 6.343692169403514214e-02 7.270010125305370607e-02 8.090884041743441613e-02
1.261458532229421670e-01 0.000000000000000000e+00 6.763587341283541776e-02 2.112681614296581939e-02 8.533661445897594566e-02 1.457788269839662143e-01 1.491338061723811864e-02 1.194357770505347638e-01 1.784209570841346557e-02 8.454615016685503026e-02 0.000000000000000000e+00 1.077526388127118956e-01 7.207862441007090171e-02 1.818314038198315385e-01 6.890706274292510147e-02 5.240666182511645455e-02 0.000000000000000000e+00 3.761158614579050014e-02 5.612037356465698207e-02 0.000000000000000000e+00
6.120422071414289844e-01 8.652000769034858818e-01 7.746375100690224835e-01 5.549787430703477797e-01 7.097039797725590571e-01 7.723938301999841993e-01 9.105464434127950035e-01 6.816178326279704880e-01 7.721151238740995293e-01 8.225763075672942737e-01 8.064157321769974684e-01 6.193273403692204360e-01 7.202087044785052683e-01 6.509248381808699913e-01 8.225048448784689770e-01 7.887889633601696815e-01 7.530419597986902636e-01 9.012905694760519060e-01 8.023879558383377741e-01 7.889800168991887297e-01
8.975095167384546102e-03 1.326851642997567762e-02 0.000000000000000000e+00 0.000000000000000000e+00 0.000000000000000000e+00 0.000000000000000000e+00 0.000000000000000000e+00 0.000000000000000000e+00 2.385595641135042702e-02 1.800792800913895292e-02 3.179954777787374898e-02 1.026586050785407468e-02 6.294422399449743633e-02 0.000000000000000000e+00 0.000000000000000000e+00 1.136809127155437998e-02 2.461421766826792697e-03 5.088683142837040901e-02 0.000000000000000000e+00 0.000000000000000000e+00
3.551966857864935490e-01 3.542792550956512798e-01 5.803286404717276081e-01 2.210598337632275201e-01 1.891530371422812662e-01 3.464076407335167085e-01 1.932651342244316173e-01 3.028821961578406774e-01 1.387398956111744464e-01 3.842464303694873018e-01 3.807442330238132722e-01 2.290111227446973707e-01 3.949596412533985523e-01 2.909284793505428346e-01 2.811839281649272659e-01 1.131005749212307399e-01 4.357613740094309351e-01 3.734548564025276240e-01 2.653377854409752490e-01 3.049981277238501542e-01
8.441746881146698911e-01 1.000000000000000000e+00 9.195423988450451835e-01 1.000000000000000000e+00 8.762066342540001385e-01 8.651325013252045837e-01 9.683200132004659011e-01 9.760496961791481629e-01 9.891261521982890326e-01 8.433226255064601995e-01 1.000000000000000000e+00 8.585031621466368001e-01 1.000000000000000000e+00 7.767444098010017894e-01 9.419758375404899686e-01 7.721684607266084965e-01 1.000000000000000000e+00 1.000000000000000000e+00 9.957350424386337551e-01 9.934445369694471228e-01
3.939693903244982365e-01 2.710480602892603175e-01 5.274616364527586754e-01 2.876830985244493988e-01 2.336782891616850377e-01 2.432696189930189656e-01 2.171614238664316410e-01 3.107134648356012496e-01 2.465412723298132935e-01 3.645274176237240926e-01 2.609274838018460496e-01 1.658830858566996969e-01 4.224224624691017560e-01 3.090796782136868148e-01 2.840098722074811399e-01 2.336503810304227380e-02 4.751989679118039933e-01 2.836145359240222485e-01 2.820114705399482946e-01 2.695866718864395883e-01
5.206714104944145660e-01 3.108066357857150463e-01 7.135425646587246762e-01 1.942751656182293840e-01 3.291539706737351967e-01 5.009227373962950036e-01 2.766402854573600245e-01 3.808606555771643087e-01 1.270013438615312240e-01 4.451678947230861549e-01 2.116384975628902432e-01 3.634690646578068729e-01 3.418934692540432918e-01 3.662290628161884998e-01 2.793022484864244315e-01 9.702932217565933548e-02 4.486822877687040578e-01 2.395335430100530572e-01 3.790582418802621034e-01 3.765934682225697272e-01
7.262616046550729454e-01 7.967866347449860109e-01 8.040174054642342805e-01 6.182552273903287876e-01 6.192051411809691430e-01 8.679002375581140738e-01 8.624064663841692902e-01 6.818168359841642046e-01 7.052364934051125189e-01 8.035618554524088797e-01 7.665108145523166217e-01 8.264467449778962749e-01 6.814046453467900166e-01 5.668712788562941807e-01 9.074235353025998929e-01 8.259916365054894571e-01 7.699949738825075940e-01 8.576002872753343276e-01 8.218880906610400716e-01 8.184952068803668102e-01
1.000000000000000000e+00 9.933255464859896966e-01 1.000000000000000000e+00 1.000000000000000000e+00 9.635274310513801677e-01 9.929691610959098247e-01 1.000000000000000000e+00 9.867400079125947521e-01 1.000000000000000000e+00 9.444000112842804162e-01 8.765464678434478074e-01 1.000000000000000000e+00 9.476237302554111341e-01 9.195103755424790526e-01 1.000000000000000000e+00 9.497248838472501786e-01 1.000000000000000000e+00 9.852390155104251424e-01 1.000000000000000000e+00 1.000000000000000000e+00
3.628288000173964800e-01 5.075428694317624112e-01 2.693712403744712991e-01 3.438323811247097073e-01 5.046943122511050595e-01 5.890360899611988277e-01 6.812433032270223121e-01 2.492980339590037120e-01 4.711611978767600295e-01 4.149453109811269691e-01 4.459247060727762335e-01 5.043383569031815172e-01 2.593291467861945088e-01 2.735048290774416690e-01 5.950868094361634331e-01 6.307289485548354113e-01 3.549149253816991090e-01 5.165197269006855940e-01 5.917843303458473203e-01 4.633824590258841525e-01
3.947239941479695480e-01 4.056109430216477407e-01 6.901942591166553287e-01 2.869144435386318803e-01 2.911842757639536705e-01 5.052533858995409410e-01 2.631308050245126373e-01 3.493768608495066985e-01 2.048512974516834839e-01 4.413956887708895827e-01 4.166113849444083583e-01 3.995908293793195565e-01 3.461922704879303869e-01 4.302243213147727841e-01 3.446484118160604848e-01 1.778608156167469923e-01 4.729607025508756890e-01 3.285555936560939916e-01 3.427368213381277728e-01 3.793406874523453376e-01
8.328716160728920626e-01 8.158673890245783378e-01 8.426081621584888826e-01 6.461862833079803359e-01 8.624069722898766166e-01 1.000000000000000000e+00 9.746818410662207999e-01 6.890664744054104673e-01 7.299005863768046609e-01 9.244900585701474327e-01 8.092007153796114682e-01 8.076478517200624818e-01 6.510860513079246292e-01 7.980107191537307854e-01 8.598861602005265503e-01 7.812593781712764418e-01 7.693701439428354272e-01 8.700071003557360294e-01 8.876889080949387223e-01 9.524481650565367330e-01
7.155995760685267548e-01 7.964143907084403340e-01 7.245698131765205829e-01 6.570069550097052957e-01 7.058687297856541809e-01 8.609837034857069638e-01 8.660874937126552542e-01 6.507788255799304977e-01 6.931648153715174177e-01 8.257476261173831711e-01 8.067194748996221465e-01 7.186178690098453670e-01 6.462301380914796667e-01 5.629916735829409991e-01 8.905373010744370710e-01 8.122724723263072821e-01 8.319599176624368209e-01 8.974944461704721377e-01 8.583952766911836507e-01 8.661911803172973601e-01
2.218853261317401682e-01 1.843164060470993959e-01 1.518095187914335065e-01 3.084413734631183401e-01 1.867231536928129765e-01 0.000000000000000000e+00 3.374270466412644665e-02 3.808727781611448981e-01 3.108936945794132933e-01 8.409525636624662348e-02 1.493112745221115978e-01 1.765142625609194549e-01 2.523042636005985440e-01 3.125728079053762820e-01 1.506286281001588123e-01 2.724702893530117076e-01 2.027246716973771790e-01 6.800056902403871228e-02 0.000000000000000000e+00 8.830223922805735537e-02
6.834722314250191166e-01 7.175762797364690915e-01 5.341137553608633626e-01 7.870908688190629832e-01 8.057161109479252792e-01 7.826488395250097430e-01 8.371670064408200940e-01 6.902034785091677449e-01 8.604532497357837428e-01 5.488079642676797487e-01 7.274118970854723809e-01 7.437649087772577605e-01 5.263093937230410857e-01 7.542805937749804679e-01 6.282038222037504838e-01 9.797650961187217566e-01 5.394358847853401029e-01 6.662340424308270670e-01 6.987091358246173556e-01 6.481441403770100695e-01
5.620826790755258928e-01 6.276226647223048793e-01 4.085838100543328077e-01 7.089575848540661251e-01 6.793824809629123163e-01 5.672541560070422095e-01 7.361420160163065773e-01 6.300205091926902590e-01 8.246432377201124986e-01 4.973060380538936176e-01 5.940874023817221961e-01 6.115679720394089358e-01 5.987710279054132556e-01 6.519518673990046809e-01 7.669301568875437347e-01 8.363257690888656892e-01 5.308871031390010042e-01 6.889971860399151105e-01 6.191333423009371950e-01 5.200895199373608557e-01
8.435128626510325356e-01 9.740262690129110057e-01 9.874864012494140031e-01 1.000000000000000000e+00 8.834571926032646072e-01 9.002790606091851666e-01 9.669147072787759312e-01 9.757967278333986583e-01 9.702893875057294615e-01 8.813565812010958345e-01 1.000000000000000000e+00 8.803634587348436735e-01 1.000000000000000000e+00 7.935019122782493994e-01 1.000000000000000000e+00 9.509649534880331156e-01 9.798100652771087882e-01 1.000000000000000000e+00 1.000000000000000000e+00 1.000000000000000000e+00
3.969705448301751316e-01 5.753259196352875637e-01 3.440223671796018845e-01 7.590600900713730947e-01 7.447209795361668938e-01 5.493031407193278426e-01 7.421028311034143510e-01 5.315446996143511349e-01 7.852750811410013076e-01 5.471452586251972505e-01 6.383684404762078879e-01 6.278445741719010931e-01 5.326693957138624036e-01 6.295059713299830939e-01 6.642076441264948006e-01 8.724245584570833323e-01 4.663935833541654197e-01 6.949082496195738701e-01 6.949692412979338041e-01 6.021750480943613981e-01
4.532168321219714469e-01 4.849648216229008879e-01 5.900339320270294730e-01 6.301431237762880055e-01 3.547985312888796705e-01 2.510040478287217658e-01 2.213049923497966143e-01 6.908801264996801139e-01 5.168239721959623223e-01 4.262032231506105440e-01 4.117800536225723618e-01 3.871727141078529222e-01 6.327879203514517048e-01 5.091126344400034309e-01 3.898747945304287255e-01 2.558645153874523070e-01 5.901683627528591103e-01 4.615745770175502805e-01 4.020582196374056227e-01 4.221462033255905522e-01
1.552555899771366765e-01 2.076085739528430174e-01 1.649286108738279855e-01 3.693298640810978029e-01 1.702854712774178880e-01 0.000000000000000000e+00 5.109637787719872176e-02 3.237572851892658865e-01 3.266406307997892222e-01 1.717166537793791137e-01 1.488529908251536860e-01 1.006776074625718997e-01 3.481125934161202196e-01 2.104819773101669345e-01 1.914059315172688680e-01 3.030116637955163061e-02 1.399667315891905961e-01 1.004612413169251317e-01 7.611419959533380353e-02 9.272798942278090428e-02
4.950615918540431926e-01 6.335310426682793095e-01 4.390562897798111486e-01 7.335645097797021119e-01 7.332809802995653436e-01 5.869441944132874900e-01 7.992001898311842378e-01 6.605941006975012408e-01 7.302536824660708081e-01 4.933493908748596835e-01 7.479501909901706824e-01 5.394335526663730507e-01 6.174443740962263227e-01 6.584997817361060157e-01 7.944365952193854774e-01 8.270198314367255277e-01 4.873674496797663624e-01 6.472325854649176868e-01 5.976026485263405963e-01 5.856276160708772105e-01
