3.807068196777162461e-01 4.764995876645175543e-01 3.397580377269640017e-01 5.288752093882610472e-01 3.589525905106804027e-01
7.043932769513105985e-01 5.782054868150998672e-01 6.582128923409413801e-01 6.534781709448833631e-01 6.922681405760439111e-01
9.426764685562631640e-02 1.013607771684826853e-01 3.359182086245948717e-02 2.171486731113725088e-01 -1.933529150755328163e-03
9.336193385048412452e-01 9.174074215912014774e-01 1.020835096985995616e+00 8.327880376024846543e-01 9.817133055780514761e-01
6.312819288124534856e-01 5.360196276424871176e-01 7.207935857639274913e-01 4.614308404583334355e-01 6.730585099212844646e-01
9.778262412355879230e-01 1.023395167751316226e+00 9.718207309926445436e-01 1.025454836685953941e+00 9.844180220723008912e-01
2.709441780101682906e-01 4.202854386582557389e-01 2.775773921848176951e-01 3.415292028184622741e-01 3.006310392450219360e-01
4.044668807842080049e-01 4.968209835367521365e-01 3.017332771914379985e-01 4.953848909751121798e-01 3.435656806465313684e-01
1.026401948305107670e+00 9.829719846007883843e-01 1.010239603361486882e+00 9.685686775713162611e-01 9.934763345982116078e-01
6.183432868395346560e-01 5.221612792842921236e-01 6.909968829641541799e-01 4.866100407364604696e-01 6.997156563224458115e-01
1.010301886253281989e+00 9.792406151117227786e-01 1.004083881605491113e+00 1.011864035821057328e+00 9.823954568451136460e-01
3.086844434590373387e-01 4.237599964964068877e-01 2.939014103700671732e-01 3.616011379882231869e-01 2.724224464777783017e-01
5.688810494557978714e-01 4.943466393617705346e-01 6.790501469412770774e-01 4.355920500477473145e-01 6.754916601257254793e-01
1.010181954506589097e+00 1.003420170650876297e+00 9.753630025176182050e-01 9.986404719685230136e-01 1.005595865626244922e+00
8.975425247110377924e-01 9.358785163917382466e-01 9.736915782337811631e-01 7.990698298987776171e-01 9.740476816641401303e-01
8.928724487830900225e-01 9.182973781628496202e-01 9.868566061062390427e-01 8.544845212466050111e-01 9.597736250745674269e-01
1.186755093044110504e-01 9.192449811652711467e-02 1.999988662864547045e-02 1.598437367782656882e-01 7.114588888748904494e-02
6.977190428651062204e-01 6.048015026178646947e-01 7.042262464030351055e-01 6.608398772807309030e-01 6.981395126473152191e-01
4.060272625700877547e-01 5.083954466494666757e-01 3.511157799759626053e-01 5.271998469737263493e-01 3.538458872902946473e-01
2.940780177703057330e-01 3.689002782715576356e-01 2.761893701433077997e-01 3.478975387992954138e-01 3.252117896920431739e-01
7.095999879765293450e-01 6.140252430629709046e-01 7.115415129498185998e-01 6.217835204425911089e-01 7.179279203638876394e-01
6.007877056832932050e-01 5.140780269313638406e-01 6.489474473254738252e-01 4.439381393890013405e-01 6.262095031148037227e-01
1.012268217684918481e+00 9.835464855794943118e-01 1.001903415156255139e+00 1.001659363013209125e+00 9.515549948424002480e-01
5.859501513043470222e-01 4.978952916191132783e-01 6.823796358551816876e-01 4.914759137253022492e-01 6.294371631693247426e-01
2.795385147861353392e-01 4.212701682567653316e-01 3.311832880107808408e-01 3.420316718972514214e-01 2.939322882470497555e-01
4.160195615003701719e-01 4.912576702237694826e-01 2.740216655856545502e-01 5.639854745669027336e-01 3.266211256658426709e-01
2.548600748345767331e-01 4.136667026100279698e-01 2.677659237184807917e-01 3.717629534548930192e-01 2.735981445258989786e-01
1.001318820065300708e+00 1.019515192232514300e+00 9.999363546441683015e-01 1.025546476743380619e+00 1.003700488203694619e+00
3.726420098157036120e-01 4.850820800870420113e-01 3.383792681727156304e-01 5.509784935881048007e-01 3.379237838427521234e-01
9.668776412228339279e-01 9.793348396463643635e-01 9.888997809337389810e-01 9.931794433481836437e-01 9.713154565093058412e-01
6.983963546977022263e-01 5.900389815810840322e-01 6.891598474244742256e-01 6.619584515711937067e-01 6.999424323967650130e-01
1.031502466074437629e+00 1.010385875459115068e+00 1.032380007312706072e+00 1.016436800970761833e+00 1.006645900417055817e+00
6.346565610855307016e-01 5.299636798490104939e-01 6.838770651841340475e-01 4.557778063881569031e-01 6.450899303436644638e-01
9.329779229583167188e-01 9.060995075975764035e-01 9.908451735956825823e-01 8.278041594390326274e-01 9.769369802435483585e-01
9.042114841764197219e-01 9.413148504011020767e-01 9.670642765070575075e-01 7.993785196998305365e-01 9.884572583946360513e-01
8.873955325361484459e-01 9.503177717786686074e-01 1.010542618562367156e+00 8.130589726025931885e-01 9.776644290903158119e-01
3.663827553166825735e-01 4.664229595399240758e-01 3.398359776548208755e-01 5.302775060360152004e-01 3.303630847182492114e-01
3.052268671499160924e-01 4.380605455163019135e-01 3.030258964685279000e-01 3.575810345347516517e-01 3.037728809439021460e-01
-2.897092559760617182e-03 3.082208757566535021e-02 1.594652011624451277e-02 -1.286469270513100963e-02 -1.219584032835115822e-02
1.044276804676093767e-01 4.198688293555726675e-02 1.175837875215112772e-02 1.621615030732376506e-01 5.118491047275400968e-02
7.325667864206214519e-01 6.221432785434268808e-01 7.385466561975598809e-01 6.656463145629867295e-01 7.175157044652885618e-01
2.720060631046570809e-01 3.695955712507879021e-01 3.029864800680777681e-01 3.747523483132564337e-01 2.964006568085036375e-01
1.060981157671414240e-03 1.049706304105041052e-02 5.003393664479259886e-03 -3.167815521149626445e-02 1.567536941277354254e-02
6.990420642547793273e-01 6.029593046914079046e-01 6.654938145529850635e-01 6.400926763752463611e-01 6.865003727663374633e-01
1.391313384186562696e-01 7.853157628892197539e-02 -1.715264243818612547e-02 1.439414624359449113e-01 3.670588381714866982e-02
8.470782760384267321e-03 1.354373297319554602e-02 9.554705268902830700e-03 1.874144252539847438e-03 3.961621294721717063e-02
9.899231524230985846e-01 1.003889826718910250e+00 9.900260661118979177e-01 9.906691071681328342e-01 1.004078102326725785e+00
7.605760962344389198e-02 7.374929078928318948e-02 1.897236429018864592e-02 1.873071934992450727e-01 3.416503993302157788e-02
4.195380863550953188e-01 4.836396817421269034e-01 3.380629189420973346e-01 5.233601314457569931e-01 3.412436943985953097e-01
5.995849827145882660e-01 5.386714326545836151e-01 6.682674959459279362e-01 4.378177365665641418e-01 6.498319609452480883e-01
6.251958010238355401e-01 5.368777278886478488e-01 6.601310556955481967e-01 4.871440261652047465e-01 6.779431595524773035e-01
8.645512830127939363e-01 9.419844140850590630e-01 9.940912430260131494e-01 8.024998643000564869e-01 9.764708059765293546e-01
2.785863149510930947e-01 3.952504505709925064e-01 3.005275017298802975e-01 3.721425911192021152e-01 3.040650274410887643e-01
7.251029908451146755e-02 6.248367237835032728e-02 2.076330081117597898e-02 1.704547651195770785e-01 4.336855585212768399e-02
9.084083017607207378e-01 9.232839548676217145e-01 1.007251181342237567e+00 8.552724799220210450e-01 9.663085486589106932e-01
8.876274027110390985e-02 7.227255848390430615e-02 2.341800822695240536e-02 1.684776325760023730e-01 7.115235207803285999e-03
1.006131263302842083e+00 1.005550577115607691e+00 1.005292864353028115e+00 1.008427161852490705e+00 9.749218539614786794e-01
9.768920374637702908e-01 9.582176394674983833e-01 1.008860925907386186e+00 9.806128284402823025e-01 1.006692371946205977e+00
2.757406433765608456e-01 4.168685666450783200e-01 3.348359711477988943e-01 3.883048422265800714e-01 3.269879427446963360e-01
2.994600762667143923e-01 4.415538606049594916e-01 2.725293739753855693e-01 3.326640088897445668e-01 3.510367177992820276e-01
6.920756957153112454e-02 7.373471820671657906e-02 4.327019763736861258e-02 2.187590810526985896e-01 2.090950014528933712e-02
1.001426228344565600e-01 4.497508278379028224e-02 1.220661147505716290e-02 1.577049057408061727e-01 3.241869318508301678e-02
1.115623499495459747e-01 5.726106232454419853e-02 3.633283339356726399e-02 1.366260751571803378e-01 1.393909711580600119e-02
7.056227684865914451e-01 5.798923434999417870e-01 7.070048191828417483e-01 6.512526825832617439e-01 6.886017499481963400e-01
9.636028450420447422e-01 9.725406031038618115e-01 1.006561053668215022e+00 9.998879578142043645e-01 9.672558621871497619e-01
6.686189028156391823e-01 6.125368107420219310e-01 7.057404589128885020e-01 6.372791938392503575e-01 6.935420251685817661e-01
3.005768233949833723e-01 4.110425071684757903e-01 2.787305907482375833e-01 3.911188180446914520e-01 2.709987407545884075e-01
2.747120061583358530e-01 4.171442101771388189e-01 2.998777268350059644e-01 3.726551410981644441e-01 2.838504901581376805e-01
2.829262580328871166e-02 4.880934861785661549e-02 -3.600399559799141030e-02 3.568429650823575720e-03 -8.734718835076551785e-04
2.905813246226502389e-01 4.101921545229541000e-01 2.706978899226047952e-01 3.921474374069962021e-01 2.737198811736248905e-01
9.726049742763998029e-01 1.000631308065169645e+00 9.760517410760010115e-01 9.750382319979378209e-01 1.028733266310196903e+00
-1.021882774036552536e-06 1.679947746272052395e-03 3.201257643664219468e-03 -1.416823677399767396e-02 -2.351618337565982916e-02
8.677518360604628000e-01 9.258344070973418827e-01 1.021537605788989778e+00 8.728356127419024668e-01 9.427489993928657164e-01
6.888006767536427599e-01 5.693183877647464142e-01 6.972956250760327102e-01 6.247432743533986033e-01 7.576007123836030477e-01
3.324989782340935784e-01 3.541516544020846258e-01 3.145234091062364956e-01 3.622970784518043108e-01 2.937111418229959026e-01
-2.033696536127493296e-03 -2.420353046217386950e-02 -7.932307380830481286e-03 -4.356622424999970211e-02 -9.421290547807679994e-03
4.032093072721075200e-01 4.640362905722676401e-01 3.414626001110759868e-01 5.366649821254412256e-01 3.758406627015093426e-01
3.527788116446560207e-01 5.008875443612639256e-01 2.989820368737088341e-01 5.407255719625930768e-01 3.299732613440309326e-01
8.867597221492007353e-01 9.448836415662204002e-01 9.743271409751854684e-01 8.176625771533836406e-01 9.491000761603795022e-01
3.078116780217673987e-01 3.848768581336211025e-01 2.959914686950897988e-01 3.313279599435580702e-01 3.304100669692533465e-01
2.618725479254812583e-01 4.075452201922282747e-01 3.190454794238922198e-01 3.572675714258240487e-01 2.554594783776188427e-01
2.890491132370373584e-01 4.091530024440292457e-01 2.780694925662621220e-01 3.285845528963272644e-01 2.836570912992903981e-01
5.635863877042528447e-01 5.234321630223731647e-01 6.629023077949720566e-01 4.804230871115511281e-01 6.700266509466560327e-01
7.098760425224597270e-01 5.774533259118050932e-01 6.977989192724137757e-01 6.511827552149490606e-01 7.045860164232796707e-01
9.097652207657215273e-01 9.004932114583569236e-01 9.489539673062101777e-01 8.406388470211983988e-01 9.578607810114464494e-01
4.129039473864442034e-01 4.905017996073418596e-01 3.506544990894029934e-01 4.801611012326456596e-01 3.472113358220401125e-01
1.015692357971397453e+00 1.024722317976486607e+00 9.813973551005794604e-01 1.023513299632983431e+00 9.735146325268191347e-01
2.755747085701759080e-01 3.945520549120228870e-01 2.965335439586899713e-01 3.444276449588723477e-01 3.020285226306912429e-01
1.011812073972831127e+00 1.000854070269271645e+00 1.025153329596412366e+00 1.012347395930289551e+00 9.958016999449756934e-01
8.811806651497802179e-01 9.139831556664881340e-01 9.825488599896798902e-01 8.387808261467013526e-01 9.916698763399548477e-01
1.009416537004616199e+00 1.026953189003332767e+00 9.597150008632872042e-01 9.924237615187219141e-01 1.007708483703633862e+00
4.163636639832296593e-01 5.144014646689525350e-01 3.487874357491049238e-01 4.936136327145579927e-01 3.255064115318345164e-01
1.109326075794921512e-01 7.634742824207239875e-02 2.293207475498621958e-02 1.974712858181982555e-01 3.825798000125545800e-02
9.106229786354813616e-01 9.606978220205840691e-01 9.672944469623038222e-01 7.929944526567993535e-01 9.610127653131239622e-01
3.621642102197725754e-01 4.666448929314045979e-01 2.812798575532792222e-01 5.297249787668809606e-01 3.303013232628538853e-01
6.901214414690048926e-01 6.097786512500402711e-01 7.178197858235958462e-01 6.256966383946030996e-01 7.179350580651723268e-01
1.015589504872010052e+00 1.001262650594483494e+00 1.001645662796681657e+00 9.782565401957468154e-01 1.022432073351863924e+00
3.809837696527874074e-01 4.771994067124396000e-01 3.258613867426226052e-01 5.043587610195399140e-01 3.194557805634238301e-01
5.839916562334668965e-02 5.073217636352705950e-02 3.618080839639541135e-03 1.728362208274080991e-01 6.001866441617983994e-02
2.592155832040234364e-01 3.934846337744942191e-01 3.145654059935396041e-01 3.444226042780487163e-01 3.001053852546874401e-01
1.473981120457061311e-01 8.413226719746456916e-02 -6.107345573918530890e-04 1.704050268274593383e-01 3.449528754849264661e-02
1.014828658754881374e+00 1.031679085440931454e+00 1.008109804724530267e+00 1.017251159536074701e+00 9.857057160325822798e-01
4.055856095908554337e-01 5.150063710324140898e-01 2.985000668915824273e-01 5.422287634215200436e-01 3.511396770383419241e-01
-1.735065702256576026e-02 2.786655946536648748e-02 -4.454269019123602985e-02 -1.817039307739067413e-03 2.867528486821746200e-02
1.007763119739121915e+00 1.000189720171835051e+00 9.929032571180786970e-01 1.008680859290199017e+00 1.036274987449537388e+00
1.020660489923008285e+00 9.810507334540263802e-01 1.001151750456716671e+00 9.780324438767362683e-01 9.950915717197271748e-01
7.134726239776569834e-01 5.865441704686041868e-01 7.288488233240756342e-01 6.431079427342297761e-01 6.996510138774360010e-01
6.043310124478220580e-01 5.357116261731342810e-01 6.819570559774251750e-01 4.778849764092165109e-01 6.985466429893549822e-01
9.836688191544177284e-01 1.036686855917480221e+00 9.919343791456383119e-01 9.710480397582540446e-01 1.008423924336752098e+00
3.256834368650938227e-01 4.170013687800639413e-01 3.135331033144441171e-01 3.649140614386286452e-01 2.899493806879571145e-01
7.026916756153680499e-01 5.706654306686881339e-01 6.643107717394303169e-01 6.567011824103691220e-01 6.848475087135513784e-01
6.990868224095765360e-01 5.739722902668413784e-01 6.596443082808594038e-01 6.272698808633982992e-01 7.438554851779836108e-01
9.939508557534711963e-01 1.009920608572121958e+00 9.881800279778967244e-01 9.990781780025930203e-01 9.951694299096285334e-01
1.022167013574876715e-01 8.822456415123738904e-02 -2.715895100706605669e-03 1.514526408279787129e-01 4.870579590707206641e-02
9.708443214908055729e-01 1.005224247800133641e+00 9.624657999081323023e-01 9.900410053739722160e-01 1.012191356473560289e+00
9.173475034341044276e-01 8.744376608087327529e-01 9.902517106916864931e-01 8.332056360463357958e-01 9.702634299109481608e-01
1.627741331857477519e-02 -1.408036571034126938e-02 -7.339498578362484496e-04 9.447360647098675124e-03 -1.290844749198320242e-02
1.003896824988740999e+00 9.764075148273742011e-01 1.000981187539929707e+00 9.260859940234552612e-01 1.011516414715590173e+00
4.024609675682759291e-01 4.798806423479128891e-01 3.345302892776572667e-01 5.378270392934314525e-01 3.559068651824524587e-01
4.454120845243846327e-01 4.474960167364233077e-01 3.257741009669334886e-01 5.522603699356937179e-01 3.207475677745833531e-01
3.012512862616930631e-01 4.112233810825138836e-01 3.168752418229323631e-01 3.879198618567775703e-01 3.154476028506513763e-01
1.285270346292093600e-02 2.603846940902798321e-03 -3.352357965186155211e-03 1.226063360540877167e-02 -1.145400512809361185e-02
6.156896901735184890e-01 5.056576792774627460e-01 6.925471655576082020e-01 4.965395498426984910e-01 6.563806409587430446e-01
2.133386359631998797e-02 -1.130517759153596737e-02 -2.790631907676406273e-02 -7.864745883364563164e-03 -1.622933567423399254e-02
2.779695663514023529e-01 4.141773177800665007e-01 2.978219240281633207e-01 3.717291450801773478e-01 2.817550098758188626e-01
-1.623987443793733360e-02 -5.300472186273315865e-05 -4.947576250852053943e-03 -2.491612492626114894e-02 2.766436466039292816e-02
6.776654534211874470e-01 6.023653966720456943e-01 6.919387896511358660e-01 6.405648197581172987e-01 7.093963169046613171e-01
4.050438222355011719e-01 4.831275561181365696e-01 3.372437351824003615e-01 5.260802714327822427e-01 3.584467517805050574e-01
3.799026843323551339e-01 4.476256109264291072e-01 3.250532808533619367e-01 5.399474561978804266e-01 3.451904322513978385e-01
5.943101395532689457e-01 5.063080944139443096e-01 6.897669217511421813e-01 4.588494829031946054e-01 6.540572198863912057e-01
9.040024801192625414e-01 9.260053030125243723e-01 9.809767313907801212e-01 7.950628828542827264e-01 9.912138036131064034e-01
9.182339584020256240e-02 7.525001008231900490e-02 8.881971582692625711e-03 1.656480188446390611e-01 6.792656116872708427e-02
1.151612276138347657e-01 8.944850347333503648e-02 -7.847482550785465222e-03 2.100548072733619820e-01 3.183088962082840367e-02
5.734828379455955139e-01 5.176004028544839430e-01 6.724560002852125740e-01 4.969163135008849985e-01 6.703447096859559418e-01
9.476905141800614496e-01 9.766668107759636230e-01 1.005519228877898685e+00 9.676465431526781735e-01 1.017659129903018211e+00
6.854902134672467007e-01 5.817553675181161843e-01 6.963663892674336608e-01 6.518327793895171141e-01 6.955999728232779011e-01
5.993059010388394059e-01 5.436898998506116687e-01 7.132494881236350892e-01 4.656132719655474705e-01 6.951650393943827888e-01
3.863932038157908422e-01 4.493896073957898696e-01 2.999720554644933479e-01 5.285192130149899414e-01 3.207433852634725691e-01
8.985798496096147892e-01 9.290407174529714540e-01 9.664613619214142970e-01 8.342399620349998379e-01 9.572087659785289970e-01
9.970906125908814976e-01 1.009859666363034369e+00 1.001065672362378756e+00 1.007346112456661835e+00 1.011836018067207021e+00
-6.115433071964008517e-03 1.420445035528693743e-02 3.466003947510698513e-02 3.199063979484131903e-02 9.361568121371037152e-03
9.905703523860580617e-01 1.023391290050869262e+00 1.011446322710250811e+00 9.711007035957306410e-01 9.966997901567495877e-01
7.094688347947161189e-01 5.930932609931051092e-01 6.956024221358115822e-01 6.787577179495647428e-01 7.198013386447651429e-01
9.021980055785946417e-01 9.825289966704935374e-01 9.753239269859137472e-01 7.800870552224419274e-01 9.880880632519840612e-01
-3.091081760116544397e-02 1.104667640688862702e-02 -4.284073147626033147e-03 2.393162098745769961e-02 -3.622000401709270928e-02
3.053525897988499938e-01 3.995686419516245036e-01 2.931312012403957112e-01 3.617283305538098181e-01 2.779611507833054107e-01
3.764166526883983011e-01 4.784740012973131007e-01 3.544366699700888801e-01 5.226545978335535025e-01 3.633641923131999407e-01
3.186765808779077336e-01 3.897498818926472541e-01 2.808449281624042504e-01 3.366649501588479532e-01 2.885282231577930845e-01
6.917973033368833846e-01 6.090988383872694145e-01 6.908402607068465651e-01 6.511102411407385659e-01 7.026286264077749033e-01
3.087986671001631822e-01 4.128663517367737734e-01 3.173878641240460707e-01 3.540003924370543897e-01 2.785248378696700833e-01
7.117225769800119561e-01 5.833717188468590109e-01 7.139206965696943685e-01 6.214310479114152352e-01 7.097069745265368601e-01
-1.441549447562078499e-02 -1.754553994074640674e-02 1.206119437070357625e-02 1.399663302360432821e-02 5.353849047384379167e-02
6.476841730583369205e-01 5.210377922683390173e-01 6.863406021146960523e-01 4.602490039774735919e-01 6.592390590709626963e-01
-2.252081325500066965e-03 2.674039264790323278e-02 -2.624483636297415476e-02 1.876563180249089108e-02 -2.330262274774001774e-02
3.918613965142158095e-01 4.870456710260769873e-01 3.120580386729592259e-01 5.697041774918381041e-01 2.997379553726516876e-01
8.977833080437634949e-01 9.201422685835679571e-01 9.644909665956361566e-01 8.373997741416612239e-01 9.536267540749537863e-01
9.756071480452463973e-01 9.968223910563963619e-01 9.710169581489119794e-01 1.015512651973285552e+00 1.019825631060483628e+00
6.732042436879518421e-01 6.185821678272208635e-01 7.362144010122226856e-01 6.909570940203089151e-01 7.089962867743394570e-01
8.718635323234967816e-01 9.397964887666050426e-01 9.859674859366042154e-01 8.181142992712286954e-01 9.833148058957207338e-01
2.642331230137479614e-01 4.002059005936146607e-01 3.479450102537918199e-01 3.363398795185965628e-01 2.822623456499653849e-01
6.206653753045283661e-01 5.242044566773297332e-01 6.899718620792270052e-01 4.898866191025341155e-01 6.719180578994259356e-01
1.005928714957643022e+00 1.008637496994641225e+00 1.004821623797419017e+00 1.013174895722506630e+00 9.795729671778470316e-01
3.935616458288796471e-01 5.052764202486149658e-01 3.199755045475479731e-01 5.399502144340415644e-01 3.175225639061018401e-01
2.761260998148969970e-01 4.024899319988948232e-01 2.786915526964115486e-01 3.265943678765815816e-01 3.257899293347983893e-01
9.568323539829147739e-01 1.004708735141698339e+00 1.017190892875226238e+00 9.766180057840405659e-01 9.841789170593669978e-01
6.797596271598718709e-03 -2.406418910725755672e-02 -3.902851018063990124e-02 1.978491391442798591e-02 -9.917144886323748035e-03
9.692849857400867020e-01 9.996667630024991258e-01 9.694755300759345662e-01 9.678152106105897268e-01 9.994493473293802888e-01
1.005892929866476937e+00 1.014108589303043040e+00 9.408738542807824068e-01 1.003539627394086198e+00 1.028474841969653664e+00
-9.431633057846632029e-03 -4.419171791468430241e-03 3.926275694097284413e-02 1.922039405187683098e-02 4.762142707345067005e-02
8.793270860498109132e-01 9.438416562839011537e-01 9.970859528885943623e-01 7.914621355402819969e-01 9.576956702032409785e-01
7.321618063452048908e-01 6.101685942802786977e-01 6.922087487609990264e-01 6.407997714344045859e-01 6.892918090466091385e-01
1.328298710617175846e-02 2.821260983569466238e-03 8.518278053825560983e-03 -1.764148849693723126e-02 1.537094451931147673e-02
9.253500142439397003e-02 7.620984080166556818e-02 1.261993645014518849e-02 1.972748915008476212e-01 7.072850427791965711e-02
3.935900426892958159e-01 4.796936368105788606e-01 3.306917975795717890e-01 5.484895446139761432e-01 3.164951509812530261e-01
2.820408042413320993e-01 4.282791267776337452e-01 2.888680505669505849e-01 3.780234916253753519e-01 2.763070681839931986e-01
2.908241205393404805e-01 3.875581970248047625e-01 3.145803289720504603e-01 3.340590691004513557e-01 2.958906658418221092e-01
7.415918274531205223e-02 9.198243389989832486e-02 1.632501687284150863e-02 1.701651587540296273e-01 1.163658866827861973e-02
6.709484258770472831e-01 6.076153982273113652e-01 6.920518230797090276e-01 6.452129853792994973e-01 6.926584910016734264e-01
6.150303490220409008e-01 5.428822349708977146e-01 6.840256953582158905e-01 4.406451628424669642e-01 6.883967005473397016e-01
-3.386624650092678185e-02 1.298749355194234872e-02 3.143853655087183729e-02 3.354724692612872511e-02 -1.796372097925380898e-02
3.076039629148196730e-01 4.070450218786441643e-01 2.865670997403308440e-01 3.680180943760250623e-01 3.015920833685529767e-01
2.821315986696867339e-01 4.321683543699790797e-01 2.845859314118123207e-01 3.740698212208024565e-01 2.860207275770635382e-01
3.113248799323015681e-01 4.337658295763399674e-01 2.649812457774132768e-01 3.434550267354503084e-01 3.259007557446998993e-01
3.906488229499893161e-01 4.971646691463091350e-01 3.125526377957628665e-01 5.178074255752334043e-01 3.406121104804112343e-01
5.725051513574296314e-01 5.311817256750842597e-01 6.671577714113250401e-01 4.859892073695708525e-01 6.444902694283202171e-01
6.958424567396866989e-01 5.807467188297968930e-01 6.865225017596234824e-01 6.505188445048294410e-01 7.180007986150840349e-01
5.292902223536038314e-02 4.155809900815825297e-02 3.494444953155121519e-02 1.816185167278143442e-01 5.102126377613029617e-02
3.070101789052939734e-01 4.261973633502145753e-01 3.136982185322240158e-01 3.276432132006748543e-01 3.174530267409796380e-01
9.430223929536809546e-01 9.557291419408632249e-01 9.774702975492677304e-01 8.337106946662964368e-01 9.338691248269682665e-01
-4.075434731221506263e-03 5.723944023000288213e-03 1.292949900603267838e-02 1.433735241543966990e-02 4.022074641953248680e-02
6.557364471309053977e-01 5.783279436095695170e-01 6.933705299522918697e-01 6.585567909649053808e-01 7.062016940912657637e-01
1.038398722917461603e+00 1.022423027165237919e+00 9.847483866441755218e-01 9.851894720119914739e-01 1.012381284024487016e+00
-9.508661221940933580e-04 -8.804878888147966987e-03 2.705798167793281236e-02 6.813830767938812254e-03 -2.983356811994251553e-02
3.596346652618188089e-01 5.074972971995532767e-01 3.008084480819498974e-01 5.254819511161350487e-01 3.400059815710428923e-01
3.908899303427929572e-01 4.822154841933610214e-01 3.463807012092669502e-01 5.464935890521026574e-01 3.206244741742192983e-01
5.859450309533547480e-02 9.856597239234228536e-02 1.099015849492413974e-02 1.635929636032602275e-01 4.417005294686027206e-02
6.447584054794407438e-01 5.301561564466167331e-01 6.568107467676194133e-01 4.727162341443391647e-01 6.772976068243332648e-01
-2.105993897181676275e-02 -1.894883082401127225e-02 -7.637912630300434415e-03 -2.618665104322852495e-03 -1.695003226494066822e-03
5.859245016214513768e-01 5.301971036042654184e-01 6.488209613449641422e-01 4.718095178464221107e-01 6.645505315550204184e-01
3.324197949599367874e-01 3.945543334724543882e-01 3.054265815388608196e-01 3.414528561306154342e-01 2.870196164467603284e-01
8.750052237909236585e-02 6.423014254400292999e-02 4.001246181119719886e-03 2.017428005003156222e-01 5.267910467260950025e-02
4.191631474072501917e-01 4.734697755667496843e-01 3.105167321802143054e-01 5.288197828657540400e-01 3.112040208700412869e-01
9.880148351876091306e-01 1.034038903472654258e+00 9.740958554174793393e-01 9.969487697707118956e-01 9.704839958065205607e-01
1.007939901478674738e+00 9.735930576174377515e-01 9.770877535609038267e-01 1.014441202618930227e+00 9.901966073838095461e-01
2.874927708700997786e-01 3.710838166173153208e-01 2.985142999940563757e-01 3.578428837564109899e-01 2.934777083894581362e-01
6.083528830418118982e-01 5.323666362147870812e-01 6.628631836041445347e-01 4.598169057347921140e-01 6.932356713754241895e-01
3.752262490219047345e-03 -1.010611829705907079e-02 -1.097616553060110339e-03 7.707018615598243763e-03 -3.617178446284312343e-02
2.910595099461971147e-01 3.906856080447184687e-01 3.165241959754339085e-01 3.300544871034802319e-01 3.151943741738530425e-01
1.005462803210984690e+00 9.928310698695862468e-01 9.754992390915563361e-01 9.831832906010326001e-01 1.022270825380481529e+00
9.237260469181034495e-01 9.647429721364121358e-01 9.599013589605537300e-01 8.323024200745202661e-01 9.973348400428360128e-01
9.074137690997402528e-01 9.448642596210414801e-01 9.697579021514541875e-01 8.170791199896645374e-01 9.475497537671959680e-01
3.962868154554888278e-01 4.573070173782639580e-01 2.888446379646002482e-01 5.592241254002061623e-01 3.315951134008042755e-01
9.857724619630822138e-01 9.927083876877821345e-01 9.913385203105810062e-01 1.005221146337351268e+00 9.782287591282617933e-01
2.873748008634190443e-01 4.241973937541669293e-01 2.956958867808983094e-01 3.544793897450564946e-01 2.986169943128324511e-01
3.851175232407763049e-01 4.756753706753902855e-01 3.170772585901112106e-01 5.144260824160989953e-01 3.086861118020938766e-01
6.360500293239204073e-01 5.402951173905699012e-01 6.762118576871304354e-01 4.949730870469801758e-01 6.766476582877967161e-01
6.012736733833605740e-01 5.069960188211017904e-01 7.298757134956953552e-01 4.797540512166198479e-01 6.478493572110428644e-01
1.598299302712671149e-02 -3.676591732199650190e-03 1.941752246926756187e-02 1.389595733381585908e-02 -2.270162707584310463e-02
7.042321058400144995e-01 6.098098758989445312e-01 6.722889303986124832e-01 6.526036448348266905e-01 7.362697642829549860e-01
9.987696478317134030e-01 1.021982684207366043e+00 1.003950799553231743e+00 1.018020530030364856e+00 1.007537000019210538e+00
-2.188220868949164455e-02 -3.523009798598782799e-02 -3.539189876060827057e-03 2.969023769502912233e-02 1.973671407231665856e-02
4.401328378106574707e-02 7.031154837681931336e-02 8.847429301583144279e-03 1.642428657477645881e-01 1.940372427460621690e-02
9.935276415667376737e-01 1.015340023726244878e+00 1.017390554505177125e+00 9.804246266240258523e-01 1.020424648223716702e+00
6.798229105599828959e-01 6.309132516696899229e-01 7.048478995916952483e-01 6.603000691259829358e-01 6.965169764363332572e-01
4.060357902237027306e-01 4.602629626010078523e-01 3.105846083254465428e-01 5.244691673293155887e-01 3.543717069387800622e-01
3.694092292793194621e-01 4.669277617073782638e-01 3.279673908264361670e-01 5.537842273279094396e-01 3.155161101437133908e-01
-1.123137659022771691e-02 -1.767264151384811272e-02 -1.495349498979505615e-02 -2.226955176735903250e-02 -5.282335762672992450e-03
3.756930107528545504e-01 4.840369955797274581e-01 3.299754818162205505e-01 5.199770913487873347e-01 3.589171784451052338e-01
2.924092591065014513e-01 3.811723683015754705e-01 3.158866150035716247e-01 3.467436292703561795e-01 2.993086167841143563e-01
6.966017947349324446e-01 5.976490166632387746e-01 6.980159870646287512e-01 6.452788466682299884e-01 7.058251226090487274e-01
4.003989345677576583e-01 5.085588639200782080e-01 2.923080505397828155e-01 5.380752144007047155e-01 3.318121557694268531e-01
4.519181335034671600e-03 1.042725377779234186e-02 2.265195484340777263e-02 7.436502596959532370e-03 7.864404236239123935e-03
1.011160076422651155e+00 1.027962453024214851e+00 9.874615172899974258e-01 9.550100320795913422e-01 9.893457601669345403e-01
7.476420353239919825e-01 5.778870632140592489e-01 6.998517849536958213e-01 6.648932377482686951e-01 7.094418616824545998e-01
1.096014781203461796e-01 9.255767690695919370e-02 4.107095276374640724e-02 2.073091236057368614e-01 3.720513794344766645e-02
3.088615111631322074e-01 3.847124922690941529e-01 3.000192940346171344e-01 3.742117005004992336e-01 3.152213985927291851e-01
4.100924055561732118e-01 4.467841587316281338e-01 3.304115331659605026e-01 5.557533197158953664e-01 3.580441655865447825e-01
9.388788120136858373e-01 9.170796121027730008e-01 1.000591179312108281e+00 8.221246415712252231e-01 9.463709331729142082e-01
9.299112363299888440e-01 9.441129023704959433e-01 1.001891401446259211e+00 8.202855703483633576e-01 9.304591715745628155e-01
8.607061626780489194e-02 5.131225557550535277e-02 1.406588754454679395e-02 1.925427334128491652e-01 5.169234983633780312e-02
8.788860089497485539e-01 9.228591976328536228e-01 9.528722932549799074e-01 8.104105809555253170e-01 9.658589350750287350e-01
3.245553885143915296e-01 3.836055008287230783e-01 2.950282219001169604e-01 4.031931315714472053e-01 3.077173901508070131e-01
6.140712782768035227e-01 5.225279598698172601e-01 6.867609064840192179e-01 4.688683720423121870e-01 6.813156098649040260e-01
3.082798638311068928e-01 4.115347436949418070e-01 3.020262184386496851e-01 3.574025058795672338e-01 3.157947172520737533e-01
2.965355559025945054e-01 4.083084029676185001e-01 2.794576318798014936e-01 3.505542344165287205e-01 2.999863173519243809e-01
3.083435140576177291e-01 3.760550456617026693e-01 3.011677249512236254e-01 3.368835878401317263e-01 3.021985290915562561e-01
-1.596796468083740497e-02 3.819831417954310145e-03 -8.843651133797877841e-04 -3.427553771489327133e-02 -3.452847136127933092e-02
1.003680066998294818e+00 1.020843726521032169e+00 1.025916460937865482e+00 1.016435755480347147e+00 9.820893075604892886e-01
6.156509396782262611e-01 5.215351620409427458e-01 6.969085642449660556e-01 4.376371122929254565e-01 6.562068637933449189e-01
7.174861016655362245e-02 9.426053014613405834e-02 3.880294889763712118e-02 1.784155130413700163e-01 5.880543310506372578e-03
8.382750563154797718e-02 3.896175100965909577e-02 4.495580313661858007e-02 1.677914944289047861e-01 4.520821864922108801e-02
6.784008520197347680e-01 6.033784413002732938e-01 7.128525213811462979e-01 6.577049138017562191e-01 6.701840599047931279e-01
1.038889669654034620e+00 1.003825120103298163e+00 9.989038484409501484e-01 1.005329432489196817e+00 9.956497081008932604e-01
9.081810234996381404e-01 9.235624764761397598e-01 9.760215101477355271e-01 8.261519709195779271e-01 9.564762913186272142e-01
2.913783987440177747e-01 3.936569408887563570e-01 3.117017074903423168e-01 3.702551722943271395e-01 3.221410418274508469e-01
3.873591373557005654e-03 -9.189126270800391377e-03 -1.655080685810242369e-02 -5.460787318077418850e-02 4.104337727193302365e-02
3.306379848898164386e-01 3.731352278216785723e-01 2.971891026601327090e-01 3.491117320895186227e-01 3.130520808464431481e-01
2.164143800345973145e-02 1.510397110346902230e-02 1.659286119018723790e-02 -3.011724220398724269e-02 -5.446111253581183836e-02
4.376645573125033106e-01 4.946766281778102181e-01 3.293914708472049924e-01 5.177620939150608947e-01 3.269995288761291530e-01
9.783827321076485339e-02 7.216780152064619647e-02 3.058811926623691835e-02 2.020424883186053566e-01 1.718675942235698903e-02
1.056342818206545409e-01 1.009243600399121199e-01 4.310342189680226727e-02 1.707217819354537314e-01 5.716428505706269009e-02
6.260539804232800876e-01 5.220739427370157948e-01 6.739518941355907566e-01 4.784801435400952152e-01 6.663301385516700037e-01
2.638944910580892089e-01 4.337990390949734154e-01 3.113351868343346429e-01 3.604473533150293063e-01 2.990961313224677620e-01
2.780923005195856668e-01 3.931523543308607094e-01 2.681622220016168234e-01 3.867493401099890704e-01 3.230891076944688578e-01
3.733877184766947188e-01 4.426974452248380043e-01 3.410410949006921211e-01 5.329251285867687704e-01 3.809344352009079171e-01
7.224718873192910173e-01 5.887766770225095758e-01 7.282744181266865846e-01 6.546869443214132778e-01 6.959706385529424999e-01
7.114716974477665046e-01 5.922012691967464271e-01 6.812608400215829363e-01 6.551381824965895051e-01 7.351714785057702484e-01
4.029958119801126393e-01 4.626427963467464322e-01 3.187264792043262296e-01 5.490072980624786103e-01 3.411503920057021855e-01
1.257221013556759082e-01 5.593164126353049326e-02 5.050379702521697045e-02 1.993585911535567523e-01 1.607359703310748053e-02
6.143136652355932759e-01 4.902049584899493273e-01 6.752036962791966301e-01 4.980828056169382401e-01 6.891962229052457367e-01
7.261981693309540464e-01 5.688324032219976845e-01 7.242027591503646944e-01 6.593750652559779990e-01 7.318327908292081574e-01
3.594170250800241551e-01 4.633943324959277077e-01 3.144980370074826337e-01 5.451018539165882748e-01 3.361909714215932654e-01
8.977789108475366930e-01 9.630446078929318920e-01 1.004236981004382523e+00 8.141572672125563237e-01 9.459058484576069459e-01
3.912665098365311067e-01 4.843623676713497139e-01 3.263606162216164952e-01 5.597073874764225687e-01 3.445964481390330070e-01
8.694128907356712954e-03 1.251052020938119838e-03 -2.159765067044487966e-02 -5.522007128874096941e-03 3.905373973999737985e-02
3.021312112391013605e-01 4.064737300980864609e-01 3.269489145324588897e-01 3.547958867234191627e-01 3.128715499524747368e-01
1.103452627724849644e-01 4.244165398328299948e-02 2.481006318853604814e-02 1.794054560615955252e-01 1.618612146661027595e-02
1.403998631339375969e-01 6.784771946019321764e-02 1.169004890796257468e-03 1.639314907670294252e-01 2.711328048677588004e-02
3.946684833852958096e-01 4.971793042132533480e-01 3.224657321771474683e-01 5.270827943909413005e-01 3.461333279017729803e-01
1.002208542949839964e+00 1.011873394047829500e+00 1.007823478157582109e+00 1.002194196791610370e+00 1.010574994986330077e+00
9.947759426548977713e-01 9.779759419312805679e-01 1.012657159109994875e+00 9.891069434529733417e-01 1.011188035761798831e+00
9.912669813982343259e-01 9.827620010588655752e-01 1.009851068179826505e+00 9.766581698199006123e-01 1.031418510025482682e+00
4.077692422096887426e-01 4.808581473483304891e-01 3.171479893769870717e-01 5.732846089064486117e-01 3.394201299342662348e-01
4.155221664576007612e-01 4.760918165748120878e-01 3.100702875324329866e-01 5.460635923158101424e-01 3.367535632822611924e-01
7.080628023801789350e-01 5.593509903997224697e-01 6.989755608510376250e-01 6.086155921902121069e-01 6.714778406997862215e-01
4.119586433212328869e-01 4.681523739218723668e-01 3.141105881183246518e-01 5.507604626845321594e-01 3.427903497062789184e-01
7.026239355226697736e-01 5.657447451999069177e-01 7.121341799185063604e-01 6.696794445357812098e-01 7.159674944689762288e-01
3.148510750872469677e-01 4.219121547762201274e-01 2.861637394409114465e-01 3.628741512696952998e-01 3.236781896556084059e-01
3.259465935208885612e-03 -9.282052637385343127e-03 4.229982088487828362e-03 -6.364271582962063509e-03 -3.786289469597340501e-02
1.024861779233031123e-01 7.721566271742569265e-02 1.944613577356464965e-02 1.889907891079136149e-01 5.343908204970006237e-02
7.084862774682241238e-01 6.146180695392771121e-01 7.094318491429361107e-01 6.409419631937732786e-01 7.028753386725775654e-01
3.986242624060416517e-01 4.869435118855426348e-01 3.261192723141531635e-01 5.092238265079844783e-01 3.540204994844923236e-01
2.715283257611018075e-01 4.308376846705199714e-01 3.137163222417214126e-01 3.683656754685859513e-01 2.624639671656341378e-01
6.156211785216533228e-01 5.468230701231930890e-01 6.890364949065362898e-01 4.491391028153403631e-01 6.721253980100865277e-01
5.957259266813811349e-01 5.411904300736603002e-01 6.722671740973823473e-01 4.249767289585272279e-01 6.451263458141274221e-01
5.856835496470282898e-01 5.000005720823427202e-01 6.716754054603606416e-01 4.519872417367885586e-01 6.905756190631827662e-01
6.083878062897295491e-01 5.120137728202275307e-01 6.823488092215973522e-01 4.731849569974924674e-01 6.971737436736273885e-01
6.787169098496294017e-01 5.551515190796036947e-01 7.345412231451176055e-01 6.295435199764907175e-01 6.811501439013828429e-01
2.450043292244210857e-01 4.088800508794965261e-01 3.204114875765123327e-01 4.167651707472512235e-01 2.875774326474511700e-01
-3.312945752364903490e-02 6.776709469050319103e-03 -1.477418207336002494e-02 -1.675136184480537430e-02 1.752416084635297078e-02
9.115881088691051293e-01 9.145160865469501577e-01 9.855338727260993803e-01 8.087386825225534315e-01 9.503156142741903123e-01
3.713195175991869101e-01 4.955267061759249803e-01 3.169554251516554788e-01 5.383291175921630645e-01 3.525407772864846412e-01
3.190732519855501992e-01 3.669549295946384904e-01 2.936796185264002323e-01 3.695567965309088376e-01 2.780589062746175455e-01
2.835907456990478526e-01 4.109290843401696702e-01 3.152726951648267550e-01 3.514995042424763350e-01 2.765886788059760959e-01
7.885283128079345616e-02 7.469380288063029449e-02 4.634513233445436420e-03 1.799813517784035755e-01 4.554604981314949730e-02
1.110315116951152564e-01 6.493581251521955700e-02 3.105305999801797473e-02 1.579700256177244133e-01 2.782797552520011389e-02
6.728433250790416542e-01 5.500779824309243171e-01 6.907690814041979044e-01 6.555022016144035346e-01 6.777954449557516137e-01
8.951629116924892937e-01 9.439544641284779436e-01 9.848290534694170706e-01 8.118288632398453775e-01 9.805413014144168660e-01
1.018544912358144566e-01 7.388985283136538518e-02 -3.482521655629063767e-03 1.912580005376980641e-01 6.169641105110405810e-02
3.102921870568388085e-01 3.996768840827693570e-01 3.222557628728060508e-01 3.565575521722106900e-01 2.785060021732077562e-01
1.374787881566574554e-01 4.346044424165958903e-02 4.181915094073652972e-04 2.197232829048008373e-01 3.042594626227341018e-02
3.034487836243830450e-01 4.182589245692959756e-01 2.670948379367652503e-01 3.386412634368972663e-01 2.973876188114675800e-01
6.067244426246197753e-01 5.141453913801800057e-01 7.023061117228128758e-01 4.897695534794402894e-01 6.368673569647380628e-01
-1.784040149454710691e-02 -4.776944948770760896e-02 4.682687453382083226e-03 -3.371191811008518099e-03 -3.915140510632558052e-02
6.006775513148220336e-01 5.361428994369575873e-01 6.874047857008070972e-01 4.863429212693799464e-01 6.547801100410205466e-01
8.975904754523009732e-01 9.029643124502633178e-01 1.003066427475793221e+00 8.388682564667874209e-01 9.587843852452586635e-01
3.384198460233778238e-01 4.323449187444154407e-01 3.094981704507252518e-01 3.486540845763758667e-01 3.144799573823652827e-01
2.863377138712769332e-01 3.715513727322080628e-01 2.842060136579849239e-01 3.514333412801117218e-01 3.022910714796706033e-01
1.006189381143802297e+00 9.867083666527284302e-01 1.013393810037503506e+00 1.026123174959634898e+00 1.010276554728288145e+00
1.344758063689015237e-01 7.780877103100396208e-02 2.122875399239167876e-02 1.781686596980323056e-01 6.338322763068846011e-02
7.053826346876089781e-01 5.970769376984165211e-01 7.186185607613950754e-01 6.212350171622448292e-01 7.270625563088318755e-01
6.841248012303947634e-01 6.032536212505936746e-01 7.256212109032956770e-01 6.724414359546972975e-01 6.793820067744319458e-01
3.204181009745051267e-01 3.699286952905038728e-01 2.849679791939948581e-01 3.504076454078783320e-01 2.667627606445285293e-01
4.118798422702864559e-01 4.708583491410243127e-01 2.651025411597087711e-01 5.204421240990664277e-01 3.125125836574925708e-01
3.872190793265248843e-01 4.765148972674530525e-01 3.258151917096256400e-01 5.234426418201207909e-01 3.315206340079148162e-01
6.950890298918346311e-01 5.729969531755593204e-01 6.944657102156770456e-01 6.506571921557441351e-01 7.038153341917970929e-01
8.949970285827014704e-01 9.085249487103359556e-01 9.956555746654365269e-01 7.944731126405938371e-01 9.543837355515123466e-01
8.482166564334027437e-02 4.205880058458382614e-02 5.013841674166721885e-02 1.581132087908139749e-01 3.022352193137109455e-03
1.003995739819766753e+00 1.013604595512410889e+00 9.654961856102783901e-01 1.028197512544499759e+00 9.855616861190475975e-01
3.176308566648565201e-01 4.256811225574300694e-01 3.138862816377815390e-01 3.390160028739255815e-01 2.693850741793522019e-01
6.998948439541085031e-01 5.805141469790661146e-01 6.913608440063899740e-01 6.429464622187597289e-01 7.072218057782965195e-01
5.508961935812302368e-02 7.436103097619649327e-02 2.773229903888343312e-02 1.857666803754886020e-01 2.596123455141523956e-02
9.161633733118873524e-01 9.098587276137719559e-01 9.512520467343624775e-01 8.306654110279497738e-01 9.426145148180520295e-01
-1.516781029930278253e-02 -1.452508279618435968e-02 3.593662043462082095e-02 1.327273809169129612e-03 4.537120284145662250e-03
3.935780460537885994e-01 4.976909807153955811e-01 3.616529686837091639e-01 5.440525647175205037e-01 3.360937061917514956e-01
-1.612796899787212468e-02 -3.119096222982497418e-02 -2.379306255739963363e-03 3.207474502634079933e-02 -2.073505012149748773e-04
8.964652456680801684e-01 9.552578587860993675e-01 9.758958556421577502e-01 8.032470506709499247e-01 9.365267760978387424e-01
7.840822256588611538e-02 3.444137869955634507e-02 6.054230911002931800e-03 1.730205162969931931e-01 3.451193887687191431e-02
7.807969299175128441e-02 5.962632478711941963e-02 2.659742951692672594e-02 1.925154899259041430e-01 3.347768781195755577e-02
9.276375780069775479e-01 9.199840437741996224e-01 9.927856569170833145e-01 8.320334869951357959e-01 9.990411984076906782e-01
5.963523861921982139e-01 5.324672499544801374e-01 6.538528145228800215e-01 4.813683919559806901e-01 6.525979589350484611e-01
4.267664625816762203e-01 4.631496872703921852e-01 3.345081258342597064e-01 5.596322843180292494e-01 3.378729651596866779e-01
9.948334674896055496e-01 1.004596458173171447e+00 1.016661078984689714e+00 9.734441615298721207e-01 1.000489164846472434e+00
3.657941063922363623e-01 4.602164463891836310e-01 3.379710991183783042e-01 5.404430982575741949e-01 3.300582854653197895e-01
8.457274904363291934e-02 9.674097986579041630e-02 5.537316808344391883e-04 1.686549863417934059e-01 2.669747513627300506e-02
-2.531973695347932915e-02 -2.074408007041019485e-03 -2.572826081642434759e-02 2.141557141867333949e-03 9.862138960260070572e-03
9.361530698669678907e-02 5.145832990901034326e-02 2.369281193555255668e-02 1.894556309526835569e-01 8.970841128886335863e-03
3.629260537807704745e-01 4.881441141945258577e-01 3.284369336326321553e-01 5.070742773228013034e-01 3.474116408066185713e-01
9.192257183269595400e-01 9.347285698580514168e-01 9.574437002366317229e-01 8.243151532363957035e-01 9.727625196759543957e-01
5.982033740606451655e-01 5.308836601247007847e-01 7.023568161854825131e-01 4.750021425172604728e-01 6.595695693805279092e-01
1.018068804163850150e+00 9.794796880271373629e-01 9.884485558915606651e-01 9.922339561557079746e-01 9.887585670105870639e-01
-1.453209890394514814e-02 7.073474216208678299e-03 -3.600370746116689138e-03 2.116565559357220724e-02 -1.581579208347492702e-02
8.931523667227752039e-01 9.155142146612206266e-01 9.711888805303626748e-01 8.191451931639258666e-01 9.716373896569641122e-01
6.913463354539316486e-01 5.976564039249419036e-01 7.021855871869274734e-01 6.129533490721494893e-01 7.116125060617749520e-01
9.641141363169298817e-01 9.193531481366268299e-01 9.789334429721758823e-01 8.059607034203783993e-01 9.482480439583125253e-01
8.128126421807936597e-02 8.596190523417923668e-02 4.271389492728940029e-02 1.897921293026233469e-01 2.467874262816256714e-02
5.861225870369495272e-01 5.202864368542066131e-01 7.015999168890334481e-01 4.670962857607919294e-01 6.356715505351636653e-01
3.864786238763647241e-01 4.908746526875727989e-01 2.907563876359247068e-01 5.278852029915781507e-01 3.106084676980377934e-01
7.187323928301149190e-01 6.249562244168599401e-01 7.018390765978559376e-01 6.500350919970838692e-01 6.883477007952306659e-01
3.023667140927908600e-02 -1.164514732191807185e-02 1.788113111371996550e-02 -1.759892089053053440e-03 -9.109812067009890810e-03
8.477536214863766462e-02 9.763755582164054814e-02 2.635128997557951644e-02 1.930083049091040892e-01 7.429215291050880743e-02
9.005234458817484855e-01 9.160593496995926843e-01 1.029984516874561162e+00 8.065406035883949665e-01 9.586145030862489591e-01
4.027325276948254262e-01 4.829970040795766861e-01 3.385531134387923524e-01 5.670473836435807602e-01 3.176550828840101759e-01
5.244951099641612796e-02 -1.144995501945793651e-02 -2.826053426486366260e-02 3.826860063532312034e-02 -4.297823455252978639e-03
5.729085771604723876e-01 5.423507145863144530e-01 6.619218992118700573e-01 4.569473946548250898e-01 6.596340100146720342e-01
7.052278691256614884e-01 5.829872166059985039e-01 6.938926171986308233e-01 6.574352816557785806e-01 7.302217774095921543e-01
-9.401247897905532641e-03 1.474767681611089060e-03 2.805150914324024830e-02 5.904200071788829295e-03 3.058541404190522756e-02
-2.336073938540626435e-02 -2.961929064569195341e-04 1.873318781278945303e-03 2.758322354577835960e-03 -3.911093457847223537e-02
6.405282490019695851e-01 5.194069699051641065e-01 6.939028512433783602e-01 4.650589232483104962e-01 6.469126194369961835e-01
6.191920128429556636e-01 5.138356054395663008e-01 6.357692340246380303e-01 4.700168732407735694e-01 6.481621358798961285e-01
9.029197270046962487e-01 9.603032943141621702e-01 9.834167273880244364e-01 8.026335075277392095e-01 9.541908901743577642e-01
9.684721649838692326e-01 1.024082994640460820e+00 1.015579656847797718e+00 1.015757094589582410e+00 1.008224123075920575e+00
9.544082593577957185e-02 1.100162773880178080e-01 3.337963481384650932e-02 1.869861140992804815e-01 4.234363935583131816e-02
1.376545732551663452e-02 4.227298871757611404e-02 -4.643220544246842024e-02 -3.304541161235600988e-02 3.023282113491392031e-03
1.020461502098989337e-01 1.073377642490064010e-01 3.849203201461799673e-02 1.895450431343933817e-01 3.692905356056292582e-02
2.864584151557693636e-01 4.087305163820731391e-01 2.703490926840007580e-01 3.691745346510266756e-01 3.036323408795520429e-01
1.017712628886817905e+00 1.013549677839530316e+00 9.861408871952113131e-01 1.026683708401310291e+00 1.020505328160011826e+00
4.053829157168936659e-01 4.508046180086278110e-01 2.946992865747037893e-01 5.260521976248871967e-01 3.258543248525631042e-01
2.676055323283921261e-01 4.204053654402588602e-01 3.123375992890232156e-01 3.703347272994524375e-01 2.721075065861817133e-01
-1.299265997306311938e-03 8.704839868560031862e-03 -3.747117956900549579e-02 -6.018145018007970901e-03 7.448052463665346713e-03
1.045680993711136653e+00 9.934353437257901209e-01 9.984996262664033173e-01 1.026074014401154200e+00 1.031222775405725489e+00
6.143640159008513235e-01 5.369244811308648835e-01 6.795408681848168486e-01 4.701983106202454743e-01 6.118506412870976519e-01
3.588841326993766900e-01 4.906001847992874643e-01 2.912802755750822370e-01 5.536236367672011660e-01 3.314067659237674990e-01
-4.493945127252600008e-02 -3.031056957790888989e-02 3.195962733318720439e-02 2.628124095481117889e-02 -1.444843655105549490e-02
-1.022102428370840962e-02 -1.947721149537731677e-02 -1.416469398778797545e-02 -1.580502392157444314e-02 1.212922742319880696e-02
3.901757205450468446e-01 5.052064594547263088e-01 3.415480393111682833e-01 5.357624194701237075e-01 3.405582082283601375e-01
6.024022320841593281e-01 5.167744267871929864e-01 6.948319913512061019e-01 4.629250962587119211e-01 7.007742401461032333e-01
9.021940797058336514e-01 9.325822418283814530e-01 9.641518041608881928e-01 8.163357932623053204e-01 9.439403560008196026e-01
-3.244937257463950675e-02 1.794729210989310861e-02 4.316588274170165412e-02 -3.616214580450398657e-03 -2.006826060192539243e-02
3.727358399979514569e-01 5.389840105900568501e-01 2.892179918818478246e-01 5.053026771780482207e-01 3.320948318559674428e-01
1.002171203961474300e+00 1.014389406390735049e+00 9.978776359798584572e-01 9.945566612043655885e-01 1.014266977109946843e+00
7.141766354535296069e-01 5.728430276480405148e-01 6.985958740625700658e-01 6.487795447396295101e-01 7.020773251271393844e-01
1.015633886119931661e+00 1.051512362135207823e+00 1.014508941750035920e+00 1.030457728762649516e+00 9.974844289229328753e-01
2.965930469515298262e-01 3.921961015273561224e-01 3.326949981936785927e-01 3.115342769192199213e-01 3.257902761882138232e-01
3.896208191941311072e-01 4.716941588240027849e-01 3.210554119799494677e-01 5.427852395930734541e-01 3.527329820018516027e-01
5.641382721262523381e-01 5.132051280830134399e-01 6.907219739256403868e-01 4.713402246888241387e-01 6.751317439556745459e-01
6.663305546525831735e-01 6.014283189506172134e-01 6.434284893309262232e-01 6.542330564134998250e-01 6.738052399992386921e-01
7.011741008459817515e-01 5.848341690543487070e-01 6.563462513317396274e-01 6.507818137443079909e-01 7.111562474906134579e-01
9.034049036549995915e-01 9.433665392159877872e-01 9.491858868665253857e-01 8.052364533195057739e-01 9.605903460441556074e-01
9.022405774871502526e-01 9.873236696027135606e-01 9.891784911762854238e-01 8.470700544170617352e-01 9.449876434279723680e-01
4.143725850557190005e-01 4.768192950391783591e-01 2.529996348357861358e-01 5.596940360886358823e-01 3.495499038193630170e-01
5.791943910433657861e-01 4.983973751458310453e-01 7.076504100483785864e-01 4.746208194710834216e-01 6.621707016899776033e-01
6.831696589440713341e-01 5.859419089386007640e-01 6.955597162076676554e-01 6.869735007097627077e-01 7.146055728720969169e-01
1.003254746615236837e+00 9.923501136933475797e-01 9.903263749316334463e-01 9.977898826204151250e-01 9.915986972941474020e-01
-2.178982634117685585e-02 -2.725693521880061601e-02 3.634983194432150986e-03 1.695312386273433933e-02 1.697371639271929699e-03
1.008479255677238395e+00 9.819729567248755009e-01 1.002748308174594261e+00 1.036683629044217181e+00 1.009089578196284531e+00
5.929038443699786998e-02 8.406206694592177620e-02 -3.179641364882239418e-04 1.831529159625348013e-01 1.043289223825327044e-02
1.161099638060190814e-01 4.269452960694122140e-02 2.338771853179140783e-02 1.769145306641594362e-01 4.160747773322259063e-02
6.621554871250546759e-01 6.225838089451294355e-01 6.736925628315530989e-01 6.697386893122810880e-01 6.649745502645516559e-01
3.959684883763188723e-01 4.632786934289846448e-01 3.039414954669644175e-01 5.383576317959191115e-01 3.279856496933223342e-01
2.878944535488389134e-01 3.953071105548107700e-01 2.767615374499139413e-01 3.379168264637437691e-01 2.861748358892912680e-01
9.063314984304061961e-02 5.271152710161954025e-02 1.956265954252648168e-02 1.691900113457612820e-01 2.261992382938989368e-02
9.638262210244608053e-01 9.623028267799449420e-01 9.822605812651564738e-01 9.799901698493430624e-01 9.972848606116772041e-01
3.140570037298223705e-01 4.124153619537256343e-01 3.002238788098400835e-01 3.839915992550579360e-01 3.386920434529276380e-01
2.763040104598076252e-01 4.031950684926776662e-01 2.890713274154305124e-01 3.609125228260787743e-01 2.902111888038909071e-01
5.918358314219562821e-01 5.185152674521898986e-01 6.989999907662607370e-01 4.778015621493781340e-01 6.942475747224704508e-01
1.404371598995457771e-01 4.292192012557186076e-02 4.104632930866167206e-02 1.639054439433960397e-01 5.848064681555464883e-02
1.002105213379089310e+00 1.013505691352405425e+00 9.866063605251970126e-01 1.006789425218007850e+00 1.013838771920852810e+00
6.249100123546057206e-02 6.390245124166996082e-02 1.667310985877778345e-02 1.844144551200784243e-01 4.017330770237394211e-02
1.426454125769099739e-02 -1.096415076899656497e-02 3.990000357810535164e-02 -8.134654584663232602e-03 3.058291249847774548e-02
-9.778432419569538930e-03 -6.890474761373293136e-03 -2.267884156503593984e-02 2.269224731154724159e-02 6.185240445917456441e-03
3.824606196362045213e-02 -1.554504478987794522e-02 4.217980035087223745e-02 3.596893770942632268e-02 3.201317851769163413e-03
3.894837039986555061e-01 4.912787250818833606e-01 3.454573031319986276e-01 4.962827146520356059e-01 3.730980943163818009e-01
5.874683789880054130e-01 5.270395868736273970e-01 6.406246355355202926e-01 4.670112514176915641e-01 6.824988812917009984e-01
9.051243112847384698e-01 9.143631487823248305e-01 9.816415439077181837e-01 8.174402834475336110e-01 9.479476487039828481e-01
5.958268068920249405e-01 4.866201916556807672e-01 6.707917384242813030e-01 4.743107105089095499e-01 6.567020000175091132e-01
1.005369558161198773e+00 9.780624430272513159e-01 9.907350610078835551e-01 9.996282293293103915e-01 9.811611697719583303e-01
9.941921047886878027e-01 9.960730402600301847e-01 9.874481146896810779e-01 1.018406140319690456e+00 9.840061375178326131e-01
8.912763872045705860e-01 9.337654602710747653e-01 9.528879776812426705e-01 7.924631051356240130e-01 9.665258350840801871e-01
1.542834880656610876e-02 4.282707600359032633e-03 2.778262913926225069e-02 -3.805081161920514238e-02 -2.228625054645513512e-02
9.834817564620972341e-01 1.019875048034712517e+00 9.933308613392054509e-01 1.005059474570200617e+00 9.869627466640448210e-01
6.992207142829778288e-01 5.716915051670891090e-01 6.910826976840178659e-01 6.591170856714402282e-01 7.152042689069634251e-01
3.280297243306536381e-01 3.990870788844330108e-01 3.047463919945267441e-01 3.820046362761226333e-01 3.140568409393744709e-01
4.240267155791078157e-01 4.615489034951971159e-01 3.368553745786114773e-01 5.244692088328015700e-01 3.380237681770158487e-01
-4.102842270336626122e-03 -3.055461707760802337e-02 9.103073014208692970e-03 -1.534708348178933854e-02 -1.248743518255456333e-02
9.882053881779024884e-01 9.917427444288049454e-01 9.993382875691936285e-01 9.769002881649453407e-01 1.012396099078771261e+00
3.735599010420553867e-01 4.705662947498288062e-01 3.452900859809048262e-01 5.335536132067240089e-01 3.018547501421464108e-01
9.705969658446764736e-01 9.873006808714579474e-01 9.932660646265251136e-01 9.959573788348609069e-01 9.765525003817620009e-01
4.177737340699650970e-01 4.641587270547959387e-01 3.046669560948446209e-01 4.989192592785868796e-01 3.390514715426098946e-01
1.004327784249851696e+00 9.907356524179449231e-01 9.800847856211223341e-01 1.009984979662342575e+00 9.837712248021790451e-01
5.952352643293200574e-01 4.949262593752484785e-01 6.357736030781895309e-01 4.901343509062693338e-01 6.415113619917507393e-01
4.937903284780128729e-03 -2.313003715550996861e-02 3.789437766093656929e-03 -2.231498327013320057e-02 -1.811966128187643063e-02
6.983310526249700834e-01 6.149003177478539195e-01 7.475029199798608470e-01 6.288097511521454352e-01 6.713766640100048422e-01
7.070953792077433464e-01 6.032579596243389242e-01 6.694051777949233673e-01 6.286832883919829529e-01 6.889153913257001216e-01
3.716483716014770677e-01 5.054722074507719265e-01 3.145430013179886242e-01 4.707852726897989726e-01 3.125546148205176067e-01
3.166543371672116414e-01 3.923315672286196709e-01 2.902492368550311230e-01 3.494069844892039312e-01 2.939214311790117051e-01
3.850208865519035295e-01 4.789064177654211441e-01 3.212869238756865253e-01 5.271888960499044874e-01 3.422767820710211351e-01
1.198162175908313865e-01 5.235048619299644684e-02 4.036276704920306602e-02 1.795807936513260372e-01 5.763861542318240994e-02
3.545915175201626579e-01 4.684352609450875282e-01 3.198428869239938743e-01 5.750329785615715394e-01 3.361496901363315026e-01
9.010894180215001104e-02 5.573600194960022514e-02 3.161682847641186095e-02 1.775097877334849694e-01 3.016285554029262544e-02
5.917437202536707241e-01 4.991552189885825608e-01 6.546974095697918328e-01 4.918255520148081539e-01 6.446023021961000410e-01
6.015622501681159306e-01 5.271141995498588306e-01 6.821424075751640892e-01 4.913352312322944448e-01 6.635936631479634196e-01
5.945526102430250814e-01 5.372582144394369985e-01 6.994125803142524633e-01 4.593300682754990483e-01 6.669955122899804412e-01
9.337488551258369407e-01 9.415540995151994164e-01 9.652524834842540757e-01 8.004591644747884871e-01 9.449825504547960664e-01
1.020509248443748573e+00 9.497795134780181447e-01 9.894658685902822937e-01 9.582560570925912069e-01 9.963422018709582328e-01
4.118560192043057948e-03 7.727951852254610898e-03 -1.662980953111666080e-03 1.580807093769441563e-02 1.277401883596112481e-02
-4.797878591977482871e-02 2.709330587784317818e-02 1.271328475022615728e-02 1.692239811487217943e-02 -1.002159947947681325e-02
8.949014041794171037e-01 9.422052810606194040e-01 9.529091781207690293e-01 8.266648992326846024e-01 9.786109998800986975e-01
1.025070258907371690e+00 1.012469835650283256e+00 9.933763735900283942e-01 9.840183011420295944e-01 1.012665170463856956e+00
6.076281216126937501e-01 5.584874874312583115e-01 6.565213638301024002e-01 4.788315908053760728e-01 6.888645620180474660e-01
4.165820092252049411e-01 4.970454685884282964e-01 3.539985165251388066e-01 5.278618664922613002e-01 3.583965802389684208e-01
9.944210520364397121e-01 9.802467867444050187e-01 1.002073761162872723e+00 9.955869264378599537e-01 9.886057879081904254e-01
6.988666359511790382e-01 6.000468622833650123e-01 7.282508543371308818e-01 6.616403311774253782e-01 7.059076389973241161e-01
5.723418616938660275e-01 5.228695546898834978e-01 7.001587962992681380e-01 4.573642246727126492e-01 6.580280821380940504e-01
3.299817052379421661e-02 1.155784490499669505e-02 9.788118825487645419e-03 -4.326944308194223543e-02 -1.450869927177252973e-02
8.873006849433615062e-02 5.078392513478988124e-02 2.000294796823381266e-02 1.982729483155590555e-01 5.696617198418924000e-02
7.067569346174878975e-01 5.816416595761386699e-01 6.934941104582307281e-01 6.276619302849674176e-01 6.761553770621185899e-01
7.162965323258702055e-01 5.952393149512644754e-01 7.095049932499347678e-01 6.456062426228044160e-01 6.880602097279285845e-01
5.832584095989529205e-01 5.241820147724733925e-01 6.799612774474282917e-01 4.664715251008419439e-01 6.593715307188569019e-01
9.917121900631500342e-01 9.850657810168422790e-01 1.008153471594418038e+00 9.625304989282333912e-01 1.027317125879329218e+00
2.875081740870510938e-01 4.169553994305052469e-01 2.862438648061367830e-01 3.591399259405464450e-01 2.818684452263466311e-01
-1.601637971697777996e-02 -3.445135063317287388e-02 9.659079329690319418e-03 6.983426066693439009e-03 -3.693539453091831005e-03
-1.034927809709085787e-02 1.119025866423316307e-02 -7.779626484563783619e-03 4.456214577595945907e-03 -3.729734391789530507e-02
2.669144237711251755e-01 4.125691964235360110e-01 2.993713998936433640e-01 3.411840194315201580e-01 3.470558627497580262e-01
1.003474083042680487e+00 1.020745937135823178e+00 9.693043966067942385e-01 1.014230741713675332e+00 1.019783958569663085e+00
3.109893854366624910e-01 4.301379864873277059e-01 3.147890764517382034e-01 3.330847976725557213e-01 3.065865076766962627e-01
5.904656158265499943e-01 5.066320834916360205e-01 6.835381756975985601e-01 4.977999422686111286e-01 6.993950244271828209e-01
9.495537488086687183e-01 9.797728266495359106e-01 9.697026670711107466e-01 8.073310847215977581e-01 9.342341840012782228e-01
6.374877245215185284e-02 6.943855391804103216e-02 -2.682270432412673170e-02 1.551513141948809293e-01 5.749722501914264483e-02
3.026661380059543771e-01 4.133762665512674128e-01 2.828242923257135444e-01 3.281576260812663071e-01 2.925114233179205714e-01
7.653290864024081541e-02 4.512082331466990559e-02 -2.266709102651944668e-03 1.944445118931686922e-01 2.959852980656210025e-02
6.675692775511998800e-01 5.234099540368236658e-01 6.671162490586586280e-01 4.781094016193149221e-01 6.445757690335061074e-01
3.203154689446509051e-01 3.907553204615714648e-01 2.853228164711153481e-01 3.343540194016521028e-01 3.149721781641069973e-01
-3.268147280441113106e-02 2.661251518105539962e-02 -4.199502310889776518e-03 1.325181031970455725e-02 -1.018775096057322575e-02
3.248998830402839016e-02 -3.180707516211548486e-02 -6.295665311592936117e-03 -2.250380134292720088e-02 3.489943821655328102e-03
9.324622757189090505e-01 9.563294666094952490e-01 9.527905348467041735e-01 8.192679786201120251e-01 9.671592174124228336e-01
3.885449070529883864e-01 4.852322472552476063e-01 3.296078117030389332e-01 5.444198521946287395e-01 3.273836842416499859e-01
6.074784355352029763e-01 5.248460974073865248e-01 7.186277383862875734e-01 4.687423647073279409e-01 6.563116933962795940e-01
-2.438359838673582677e-02 -1.981538860457545889e-02 -7.120865035452826099e-03 3.285463155644600952e-02 -1.219884434483510527e-02
7.150545336935174578e-01 5.785392649428836576e-01 6.942233649580139554e-01 6.779477731159621046e-01 7.192875185792568793e-01
3.981721065521634517e-01 5.001431148537549554e-01 3.143999295423015594e-01 5.550029458700240781e-01 3.163145530594144716e-01
9.076493636156206524e-01 9.490071188207500619e-01 9.738851971158171139e-01 8.156992753972255317e-01 9.893510323432210818e-01
1.006645287264865685e+00 9.786332333940271910e-01 9.722525103650987433e-01 1.004731401207300090e+00 1.001835616560680320e+00
1.041239379734431703e+00 9.965079914049164156e-01 9.825675089725807165e-01 1.016177794850560367e+00 9.663208646388393719e-01
9.822635683425259279e-01 9.906423516593760858e-01 1.000484920439351999e+00 1.000495934476308024e+00 1.008736838032894489e+00
2.742848902966851452e-02 4.257319399255784544e-03 -1.218355915384201384e-02 4.421855494615000576e-03 1.755639311573178526e-02
3.762859729945893794e-01 4.739873343969466246e-01 3.170494640810349041e-01 5.711338756501469494e-01 3.381581592294553573e-01
1.012870395847479399e+00 9.897218430047041160e-01 1.020517896897036092e+00 1.018227709550986848e+00 9.800057541910290881e-01
9.906075917382064500e-01 9.830836503704767360e-01 1.002064953145438642e+00 1.014499407765277583e+00 1.011794056684685250e+00
9.564666619592131491e-01 9.780154382070685992e-01 1.002631964351512917e+00 9.998611749590892162e-01 9.987557988786716079e-01
