4.039055153646423091e-01 4.219340688485996860e-01 6.452242372335851295e-01 6.898691011559232589e-01 3.553694691886338797e-01 4.979056181471571696e-01 5.785529221279124279e-01 4.555743146859843606e-01 4.055935567939645270e-01 4.467261560750947491e-01
0.000000000000000000e+00 3.174057904039195854e-02 0.000000000000000000e+00 4.399579848296029938e-02 0.000000000000000000e+00 0.000000000000000000e+00 1.242889959856682131e-02 6.501100081463247193e-02 2.432085615519306854e-02 7.837677917110266734e-02
9.460325803967507552e-01 9.053434786479661600e-01 9.444330363438684373e-01 8.243883741244163454e-01 8.934542551606378114e-01 9.379858433314349764e-01 8.796986100496884120e-01 8.913433064128990502e-01 8.375778176169647038e-01 8.786607346552351983e-01
2.130854986831285103e-01 4.573829170308086889e-01 3.052165589733504270e-01 5.343951786823372130e-01 1.655435843029407217e-01 3.343579032108112137e-01 4.003158429559257048e-01 3.937578336669761980e-01 2.613389451077245962e-01 2.887964760672433462e-01
3.728550108310110800e-01 3.983610021796797351e-01 6.803864855960279900e-01 6.813511694281308984e-01 3.237285883848493029e-01 4.578930596186777668e-01 4.963017226785775282e-01 5.186311622298958035e-01 4.125269825263832568e-01 4.497949742527844186e-01
7.414343710790235464e-01 5.314725804372765205e-01 7.346506852043186431e-01 5.593575356509010721e-01 7.887357406222657019e-01 8.045080927538607041e-01 7.010144810398329929e-01 6.262402836573243148e-01 7.094920994017843707e-01 6.940731509545871036e-01
3.245058816118182587e-01 1.769950248604439946e-01 2.421963992837299628e-01 7.876577363512902996e-02 5.101861275294260478e-01 3.656549938920277132e-01 1.447238329098219922e-01 3.307316420725206485e-01 5.026799009395331863e-01 4.164748170302557950e-01
4.888820513974511672e-01 4.445967725922090885e-01 5.569640931343547985e-01 6.921730102947071250e-01 3.970055867141630834e-01 4.696544036008351020e-01 4.680656157968315911e-01 4.381226331266125373e-01 3.394895882975422219e-01 4.043446167903642086e-01
9.219313994396828582e-02 5.660064646499263219e-03 8.342415928925556168e-02 2.259094124159416739e-01 1.272544845144746861e-01 3.902459363793406300e-02 8.234912231220663237e-02 1.572145826424694859e-01 1.071367015566711822e-01 1.730351070289548043e-01
0.000000000000000000e+00 0.000000000000000000e+00 0.000000000000000000e+00 0.000000000000000000e+00 0.000000000000000000e+00 6.664274325280560018e-02 0.000000000000000000e+00 0.000000000000000000e+00 3.362940903893256450e-02 1.876066094145826396e-02
5.538630442867852333e-01 5.188537092947405061e-01 3.427330609923516236e-01 4.127312774872782808e-01 5.649212842697681758e-01 7.008805554957040496e-01 4.974749147914533931e-01 5.739775706661544019e-01 5.041916480274806212e-01 5.397602133883415698e-01
3.322421749487144416e-01 5.241357613635573287e-01 2.266926476928390888e-01 4.788878519765515929e-01 2.226009794181740276e-01 3.183583750256439027e-01 3.241852067059258213e-01 3.325288228365148036e-01 3.225341067087884039e-01 4.181675573954765079e-01
6.258328156754200400e-01 7.552953120171648216e-01 7.408367057337674755e-01 8.045935740836971384e-01 5.009431043856050758e-01 6.986903706542870740e-01 6.936582247389615485e-01 6.613997386575833914e-01 7.507555141738176951e-01 5.504565885439822726e-01
5.555895855336800970e-01 7.453604874715443751e-01 7.417575676877232738e-01 6.428569826101839801e-01 3.772588163631856450e-01 6.634723140060180269e-01 6.004421601213008053e-01 5.860547930649618875e-01 5.286659450185761111e-01 4.679899842377101549e-01
7.063734727929114054e-01 5.705985271511853085e-01 7.746274551548558707e-01 7.411363332455802588e-01 9.268654207754515317e-01 6.976811750277276403e-01 6.995661629549954075e-01 9.123041917610944518e-01 6.283781878328102977e-01 7.794025388091599948e-01
4.211104116001302966e-01 4.603565019780453960e-01 6.071323727273164605e-01 6.624707533345985944e-01 4.581536623284038767e-01 4.337052574000299643e-01 4.999934813182042026e-01 4.726944180728298583e-01 2.528288867068769763e-01 4.479173775554520787e-01
3.319599311586582946e-01 2.821439403852459282e-01 5.854459748388115559e-01 4.132850051823875326e-01 2.649094330917183271e-01 3.864588061350931469e-01 4.534912684249821635e-01 2.785396994834724027e-01 2.115471969516006245e-01 2.725227101689311482e-01
6.041396739445995534e-01 6.387687075279363524e-01 5.039135290238911935e-01 6.403572392977433525e-01 6.490426490834573237e-01 5.985718410343848772e-01 5.329336032763323239e-01 7.091578460966738717e-01 7.560447300411804461e-01 6.610206905654683052e-01
3.609733854923998786e-01 1.804985114321235318e-01 1.436208640049903007e-01 1.811642382871243295e-01 5.427682517138557872e-01 3.354971387658597926e-01 2.822320444294910136e-01 3.476268845602663582e-01 3.692581812333216584e-01 4.051579809088857731e-01
3.324719052166674044e-02 0.000000000000000000e+00 6.755979202712032727e-02 0.000000000000000000e+00 0.000000000000000000e+00 0.000000000000000000e+00 3.132641495834731504e-02 0.000000000000000000e+00 7.795763185152214392e-02 0.000000000000000000e+00
9.878749844064288466e-01 9.335856621154989821e-01 1.000000000000000000e+00 7.320402803862702257e-01 9.572245073772428503e-01 9.198882672012989037e-01 9.215082236988036968e-01 8.768016810161589625e-01 8.997031847569753049e-01 8.559610352456159532e-01
5.587775415403507528e-01 5.171052729414353788e-01 4.651869706787848946e-01 3.022812943732027802e-01 6.277766393052024441e-01 6.242080571587130811e-01 4.599373829398115676e-01 5.948142570436453225e-01 6.069111190779133969e-01 5.831022229186515471e-01
7.731057420415515802e-01 6.735066409201555526e-01 8.753678803303668321e-01 8.472347419765674514e-01 8.548669891252873576e-01 6.993265504269092769e-01 8.364227698370982900e-01 8.441478624239410200e-01 7.441835377052933298e-01 8.446294862136151105e-01
5.591915609437260182e-01 6.824160875249262181e-01 4.973455579427749629e-01 5.531851423966346326e-01 7.034023959261339609e-01 6.029288312060852029e-01 6.268936555965833879e-01 7.276852778139628608e-01 7.374895173413628102e-01 7.184211298309293170e-01
5.998506390467331917e-01 5.455456764348909360e-01 4.127324126955360661e-01 3.578714854423816760e-01 7.145294604065333122e-01 5.595405970955090735e-01 5.343450883446345667e-01 5.527918154138903306e-01 6.364864406899309879e-01 6.074847347455244462e-01
4.161433723640701743e-01 3.067548980498968625e-01 2.652644870715442083e-01 3.376946136770914708e-01 6.007417991325315620e-01 3.469688936875503504e-01 3.678337891758061140e-01 5.408515721051676550e-01 4.665373230821963091e-01 6.252281559278997092e-01
4.287041364816315814e-01 2.015000135205071152e-01 1.818582573096011457e-01 3.172957582272913912e-01 5.284331817186126434e-01 3.703501678736614844e-01 3.797067916702894230e-01 5.548877925530093513e-01 5.004190654153802820e-01 5.950574259372944930e-01
2.039624418358260138e-02 0.000000000000000000e+00 6.235695893223944936e-02 0.000000000000000000e+00 0.000000000000000000e+00 0.000000000000000000e+00 0.000000000000000000e+00 0.000000000000000000e+00 0.000000000000000000e+00 6.947684499268476366e-02
1.987443787549810770e-01 4.169353126999571502e-01 1.096730879802957498e-01 2.365426644040248827e-01 1.874443045171955702e-01 2.872462371605699616e-01 2.716500311183357441e-01 2.373243894195583570e-01 1.744390909824662661e-01 1.574325651216123279e-01
4.264833407106572438e-01 3.110292246765049562e-01 6.010751536571077303e-01 7.353247040737375118e-01 4.262657321334673011e-01 5.653726897657760375e-01 5.925758473389044489e-01 5.230427038313956167e-01 3.746861279682388024e-01 4.691008731704847667e-01
1.399783527465071065e-01 9.629830279024531592e-02 9.795943208908267086e-02 2.060706564386475537e-01 5.103823434503232392e-03 2.609240960170237239e-02 1.965831964219324213e-01 1.383429627320019728e-01 6.181118202529496675e-02 1.556871323268587959e-01
4.090121377741304243e-01 3.774004027010477991e-01 5.556620134216838647e-01 3.954846924266633978e-01 2.489445729998704115e-01 3.616605611964724964e-01 4.080852271448817681e-01 3.011351066107191832e-01 2.665956048063988226e-01 2.293910304713408788e-01
7.495650652211760523e-02 0.000000000000000000e+00 0.000000000000000000e+00 0.000000000000000000e+00 0.000000000000000000e+00 4.133346388735615468e-02 9.966307798316745292e-02 0.000000000000000000e+00 0.000000000000000000e+00 0.000000000000000000e+00
7.808546857384184303e-01 5.179301347468020511e-01 8.485013506960027430e-01 5.124712786693147448e-01 7.053571386795133291e-01 6.956152294401225511e-01 6.447484614956514593e-01 6.593003066026772441e-01 7.174556699885787925e-01 6.518395750385084231e-01
1.000000000000000000e+00 1.000000000000000000e+00 1.000000000000000000e+00 9.359881033481314283e-01 1.000000000000000000e+00 1.000000000000000000e+00 1.000000000000000000e+00 1.000000000000000000e+00 1.000000000000000000e+00 9.738651863233699357e-01
6.460388584872192030e-01 5.517647516312303990e-01 4.831507880446329617e-01 3.050135390342511577e-01 5.303018676074189308e-01 5.892053141792548132e-01 5.390176211551771512e-01 5.760884751728696518e-01 6.399789421882678964e-01 5.909713705856134425e-01
7.766648396451595326e-01 5.048368185848242096e-01 7.501498423462935605e-01 4.770273530206774470e-01 7.229034585732915241e-01 6.852286874468681566e-01 6.924043430075287331e-01 6.700384134273125181e-01 5.708172361679044737e-01 6.921992776402149383e-01
7.880495596087093713e-01 5.733469501696697446e-01 8.238568365231753177e-01 7.957214041254110359e-01 8.602805334714005436e-01 7.283338314179020889e-01 7.091001753471517510e-01 8.816282484556525745e-01 8.507742883103341924e-01 8.088398166692961633e-01
6.633469844001779192e-01 6.403041624825718259e-01 6.779016630048914083e-01 5.625960381073883410e-01 3.619678144177836954e-01 6.370197373561973242e-01 6.315195581530299584e-01 5.030243438859551830e-01 5.485868797273945052e-01 4.425435705452652746e-01
7.839569665992006664e-01 6.902165040237313587e-01 8.102806703539719990e-01 8.104036684689059911e-01 8.903152106211106309e-01 7.585238429638494484e-01 7.354476778177827523e-01 7.863004691242287958e-01 7.132467562826997343e-01 8.137113862456024638e-01
9.637602769017555859e-01 9.431596022599463280e-01 8.683519872776014337e-01 8.215203690781472945e-01 9.235947649459709252e-01 9.764854197103109978e-01 8.421599770799285123e-01 8.715316306730643836e-01 8.930021815929285456e-01 8.641042580864648492e-01
5.881866458451832924e-02 7.784182360574368187e-02 1.563852226375801735e-02 1.209477836155889441e-01 1.875525344430675756e-02 8.189826021269702716e-02 9.855288972390074953e-02 2.107382700776335160e-01 7.895068536975131945e-02 1.340348573076572125e-01
6.496381773872347276e-01 7.295077406992300784e-01 7.158844941126670802e-01 6.344884164882582667e-01 4.595198158113413811e-01 5.693280659271706678e-01 6.435328697336053505e-01 5.751880938695245193e-01 4.857774894491961870e-01 3.902211424186931565e-01
2.602577246396314825e-01 4.443163982346487462e-01 1.969669347809706594e-01 5.250051896555736342e-01 2.208081909265154352e-01 2.690219793878917409e-01 3.817330838333736209e-01 3.963662565345368316e-01 3.461195208997664419e-01 3.112309236152862590e-01
0.000000000000000000e+00 0.000000000000000000e+00 0.000000000000000000e+00 0.000000000000000000e+00 0.000000000000000000e+00 0.000000000000000000e+00 5.677682993003373840e-02 2.221663103630840130e-02 0.000000000000000000e+00 1.874276890222084310e-02
3.091332232101916544e-01 1.465071526660503276e-01 1.980701061459134715e-01 1.223783387024088842e-01 4.115011119342564805e-01 2.144649172133275550e-01 2.828344308681398078e-01 3.453725947754872627e-01 3.627550335963736217e-01 4.777253482173643429e-01
6.598244685123269004e-01 5.769287833487756201e-01 5.886411575213914560e-01 2.823409375895521434e-01 6.054698691016028311e-01 6.248067912586047212e-01 4.723487813982418793e-01 4.546015025725987924e-01 6.916396730786745772e-01 6.589931070087100551e-01
3.549352778524574870e-01 2.331412928486997771e-01 4.597520473639885030e-01 3.943527555706428656e-01 3.617336150887774382e-01 3.670738421129063900e-01 3.685769376206244341e-01 2.921971151383787046e-01 2.220711875774571409e-01 2.685524661322555295e-01
5.820831986183808704e-01 6.449914226154512820e-01 4.888141888813837821e-01 6.454652669196558890e-01 6.333494419007567044e-01 6.312324389529395674e-01 6.039243075445699382e-01 7.155471311962815495e-01 7.337410494457312637e-01 7.030213771182471927e-01
5.876640345544170696e-01 7.703867647642167471e-01 6.895911411165057681e-01 6.190086254672929611e-01 3.976467005790651488e-01 6.928710379845836043e-01 6.326801095666937380e-01 4.996067879271599566e-01 4.820939203729843192e-01 4.495889073804311686e-01
6.480586641659936697e-01 7.019844956610388209e-01 5.012815858638415278e-01 5.972096662289654301e-01 7.473527749016959376e-01 5.795984025854086230e-01 6.501613232284857435e-01 7.171345878834358700e-01 6.436649504647214970e-01 7.998433813095999767e-01
5.660921177091371437e-01 7.609469291530019941e-01 8.049335478054457926e-01 6.558233897815517466e-01 4.473446566070425900e-01 6.406203916741372018e-01 7.069146145713508522e-01 4.493274368695586718e-01 4.671344067576985171e-01 5.307086309462336615e-01
3.949238650898740932e-01 3.377582719485186513e-01 5.745581539771348334e-01 3.540809594964113294e-01 3.006362799842123845e-01 4.707934006235171553e-01 4.322705785566113845e-01 2.805779185834124112e-01 1.548737108555995889e-01 3.528656868147483916e-01
4.890084188260522824e-01 2.345786989690932800e-01 2.058617743628948504e-01 3.470095423091972830e-01 5.934579080513175953e-01 3.280500482773943682e-01 3.280338404448918110e-01 5.126917543848532599e-01 4.512853896337521986e-01 5.135924801155847819e-01
3.536315285506821948e-01 3.251824515305097307e-01 6.227634536535450183e-01 3.370488882588625335e-01 2.924151763186072506e-01 3.683994117698892179e-01 3.592991509951102835e-01 2.617407997793689822e-01 2.386783321119144707e-01 2.920752239919548465e-01
6.577744463340157166e-01 6.293549993375471274e-01 5.152323804572784827e-01 5.080528777539391472e-01 7.038909250953726549e-01 7.031445751418634593e-01 6.268153165736254362e-01 6.951045243532991691e-01 7.847659257355348306e-01 6.905640526303357118e-01
6.531495387580096290e-01 6.956010975107410621e-01 5.305738115017990530e-01 5.868209895311173874e-01 7.226075709508319456e-01 5.970481949500718866e-01 5.701602349171962514e-01 7.100958232706421347e-01 7.371745478231990223e-01 6.342355256263827457e-01
3.938240152769243441e-01 3.511236415398801269e-01 6.219549333868196195e-01 4.205230643646341582e-01 2.610964295082708331e-01 3.557147361385127327e-01 4.198013043020507040e-01 3.583759757155394743e-01 3.758700770196788943e-01 2.986589137113649928e-01
4.038873389873721131e-01 3.572799308862522616e-01 5.636217566841374982e-01 5.075547621866955961e-01 3.484536116719364474e-01 3.369044850968411220e-01 3.784191132884065500e-01 3.787718725482736581e-01 1.994250570147975132e-01 1.922373594769737071e-01
4.856691896640565886e-01 4.596482157097471211e-01 5.481912220341860209e-01 6.285571345092658690e-01 4.863288733041886136e-01 4.176850974559480068e-01 4.343074668371454949e-01 4.234590106713123636e-01 3.904337208104254331e-01 4.505070248552368040e-01
3.258004510766683848e-01 3.151215923911071526e-01 2.386988068528544116e-01 2.294910667578438368e-01 9.374214089490470747e-02 2.334298999111776018e-01 2.801101924556237410e-01 6.273904164926250027e-02 2.047864792119518107e-01 1.540541458802800745e-01
6.324529129275981987e-01 7.435213404032725570e-01 8.379748346595073949e-01 9.329902195791101027e-01 5.491418699614006860e-01 6.170234697867112983e-01 7.033671972860047195e-01 7.099999524986364552e-01 5.895607831337794646e-01 5.838527568857856398e-01
5.284312044841886769e-01 5.572117584147834313e-01 4.350195287055498850e-01 4.325230864762696359e-01 6.072092959532665590e-01 5.175203504386689524e-01 5.071858719238387936e-01 5.991704735896643541e-01 5.707272252398893908e-01 5.686566572067586200e-01
6.199824205683470701e-01 9.212420146678009791e-01 7.461888974708918987e-01 8.970507750932363855e-01 5.609350072225980366e-01 7.725942394957739934e-01 7.592717357624221286e-01 6.786987286337330394e-01 6.347538257041591692e-01 5.323252617492645333e-01
6.672618837815621484e-01 6.577021096937013533e-01 7.511425131180878845e-01 6.533861448125892757e-01 3.699452591953110159e-01 6.085166980166067940e-01 5.829593601105321765e-01 5.164616095691656472e-01 5.165381427861222008e-01 4.282042387146287599e-01
3.952181448759581883e-01 2.629032197680324923e-01 3.108163193819803993e-01 3.202426786578643769e-01 4.455672646910911472e-01 3.033550604453550958e-01 3.505716614066840542e-01 5.001750833300325771e-01 4.585873161259864661e-01 5.184370411280966318e-01
0.000000000000000000e+00 8.475799558219236640e-02 1.263760313703028715e-02 1.548249708944706982e-01 9.118926477449283696e-02 1.337346291533136888e-01 3.482194333786785279e-02 1.321334738175660994e-01 8.338623800361702476e-02 1.069901553300070945e-01
4.649319303707708517e-01 4.460740910999380082e-01 5.942441986897383233e-01 6.954241341009438360e-01 3.921779894521755794e-01 4.976190451699591399e-01 4.683619053930667686e-01 4.858172804062271255e-01 3.742422965684112368e-01 4.338520597850065719e-01
3.525804110480891818e-01 5.198290710608091114e-01 1.497102847612477028e-01 4.461638801842326973e-01 1.437555946904596760e-01 3.190189436247424792e-01 4.462692690053223776e-01 4.343107327925740391e-01 3.851610470668382913e-01 4.210570903008758470e-01
5.333724511667059520e-01 6.326515063263770111e-01 7.043217787795666984e-01 5.710059518597998540e-01 3.785243825142287077e-01 6.353390241699111707e-01 5.871369271642311594e-01 4.999857135492586924e-01 5.066114547520595979e-01 5.223102830102981375e-01
7.630603904653907588e-01 6.543224392325721617e-01 6.996940107534644904e-01 8.629205903848526926e-01 8.234418754195035328e-01 7.943496827467029231e-01 7.534712646888088727e-01 8.002118039008923045e-01 8.461175108063410111e-01 8.793291002022182168e-01
3.877961442074846499e-01 2.999070270702420826e-01 5.817130455476010598e-01 4.106297662966856832e-01 3.207185989644362190e-01 3.656844266197981086e-01 3.129263544607279179e-01 2.832150287265935984e-01 2.889658961689812178e-01 2.945138758699066273e-01
9.555217645661935322e-01 1.000000000000000000e+00 1.000000000000000000e+00 9.176502027936359607e-01 1.000000000000000000e+00 1.000000000000000000e+00 1.000000000000000000e+00 9.919786806944915769e-01 8.947959795926843096e-01 9.732687557959022184e-01
7.725263957381740543e-01 3.961594679501098115e-01 7.296613087603696091e-01 4.873760921074493657e-01 7.182575609717951615e-01 5.894411483870275470e-01 5.727814258955584714e-01 6.951987678615493271e-01 6.102299397723985885e-01 6.750914565087672292e-01
5.695959707755264834e-01 6.957500201446609189e-01 4.141568056755551286e-01 5.272195409266753341e-01 7.830204355829520901e-01 6.475180202206477498e-01 6.801574514030976903e-01 7.014035516588134067e-01 6.690032213214913703e-01 7.241384582112831980e-01
1.505351320563658168e-01 3.791163489407021192e-01 2.578344802629774501e-01 1.848165529861151013e-01 1.191926705073870218e-01 2.461741057232905150e-01 2.907385077618011016e-01 2.052372009388033769e-01 2.762091284706235661e-01 2.391313720210255234e-01
3.299716353720344442e-01 3.761927366089203861e-01 5.468942768477456084e-01 4.714859252547727309e-01 2.783930875852330122e-01 3.837906253780426491e-01 3.763614582483900683e-01 3.340333517836147625e-01 2.928125999704053184e-01 2.694803435698535088e-01
5.868284511229739930e-01 6.663438754169112022e-01 6.105568799566907234e-01 5.883660362723733828e-01 4.636551556757496084e-01 6.573643836954498054e-01 6.063754593721225605e-01 5.232679783064909662e-01 5.533336979102104758e-01 4.692437683576309304e-01
9.859412807629344688e-02 9.050856745596930208e-02 5.398024799215101616e-02 2.678038631616653231e-01 1.404310124136125548e-01 7.741392252860188061e-02 8.106585457864332045e-02 1.724296063930659539e-01 1.411626791883008325e-01 1.220337746322781164e-01
5.697347923929663160e-01 8.490841484204277867e-01 6.392673792974565838e-01 7.904397186752671889e-01 4.579007034580843127e-01 7.903975103624761855e-01 7.088389964923949016e-01 6.418549261591464106e-01 5.672937210170976297e-01 5.131379262478309444e-01
3.989941093042311260e-01 2.907647284163119017e-01 2.470821584460556608e-01 3.422214496164475706e-01 6.253976025126710692e-01 3.417153191469543549e-01 3.665071815780382436e-01 5.248608934681355809e-01 4.500328195925967223e-01 4.983406243605735253e-01
1.000000000000000000e+00 1.000000000000000000e+00 1.000000000000000000e+00 9.662548375210971985e-01 1.000000000000000000e+00 1.000000000000000000e+00 9.030849025920746342e-01 1.000000000000000000e+00 9.833866587632271727e-01 1.000000000000000000e+00
3.103007698716509499e-01 3.088527463558805586e-01 5.088467185038516583e-01 4.053273852347818451e-01 2.589489941024389341e-01 4.199156022001925836e-01 4.433215840421144138e-01 3.086691968394895680e-01 3.273961424375617102e-01 2.739664840055522355e-01
6.130391574036362368e-01 4.456771845704144419e-01 6.546417002365199078e-01 5.167986207954984312e-01 7.773402193220880774e-01 6.786523155289576614e-01 6.312043713641181109e-01 7.154642080762755318e-01 6.798879036777192297e-01 6.506513101893171003e-01
3.515799391237830474e-01 2.999598640875147382e-01 3.403953222875072959e-01 3.856277163435204991e-01 5.746619666743354449e-01 3.726565558412835988e-01 1.921987214358531482e-01 5.610285403160583106e-01 4.210431414738593503e-01 5.958739507528398871e-01
5.124194197327806011e-01 4.318162088739932458e-01 5.461042342437866237e-01 6.919028267929157039e-01 3.729506386190310496e-01 4.097988696466584591e-01 5.710366715586855380e-01 4.747419484899356723e-01 3.517971589074811445e-01 4.745261795128826177e-01
5.594619502171219727e-01 6.942053429396093378e-01 7.242473456775504470e-01 6.059356724958642193e-01 4.176844573925644344e-01 6.599508673984109119e-01 6.162488111286371639e-01 5.174696212587369670e-01 5.543142026559069180e-01 4.868750757938687390e-01
6.336924417238442020e-01 8.407015969321913751e-01 7.889078732012851924e-01 8.283250834574940047e-01 5.379318080403238111e-01 7.204295365223353231e-01 7.259808434253069986e-01 6.791710421405412479e-01 5.832301264731025725e-01 5.206095928277237883e-01
6.485846955858808327e-01 5.743037312508905146e-01 6.956497972759421167e-01 6.336225335898456601e-01 4.148872577225676261e-01 6.602347489445652418e-01 6.405016809834791491e-01 3.921539262816827187e-01 5.201677206771097017e-01 4.135850262235128416e-01
5.052163404082313791e-01 6.584961116151079041e-01 8.093960572747508353e-01 6.600561584595445730e-01 5.747664576138635795e-01 6.325943525125924394e-01 6.725428477959000118e-01 4.894819926939416033e-01 4.782515830316693140e-01 3.840894228290666623e-01
3.189580733686438463e-01 3.917229864772134862e-01 2.565720192374382203e-01 2.585349279118164256e-01 1.266671478994083055e-01 3.102094447518946030e-01 2.309409077169851943e-01 1.714517729543202362e-01 2.531064349149478310e-01 1.811608472497598932e-01
5.524780929213409797e-01 6.348918097055836762e-01 6.399913306991320550e-01 6.663986026980197597e-01 4.970453063543223138e-01 6.060237235171741510e-01 6.471275527855880894e-01 5.045308229981616543e-01 6.562844460627761389e-01 4.889269056407042346e-01
0.000000000000000000e+00 0.000000000000000000e+00 3.820946109994372009e-02 0.000000000000000000e+00 4.171152698212846933e-03 2.372888705506082802e-02 3.158232011377983678e-02 0.000000000000000000e+00 6.207898109962933786e-02 0.000000000000000000e+00
2.166381240501070726e-01 4.091649016813467266e-01 3.249596139444397846e-01 5.080412869611643512e-01 3.008041681871678752e-01 1.550323875701834775e-01 2.950359068632224524e-01 3.053480588778340055e-01 4.073555788122878996e-01 3.966367280953198571e-01
4.010918245139103999e-01 1.756446924864958348e-01 3.138526807013404807e-01 1.169009443936404324e-01 4.918554960939213183e-01 2.828605533410999961e-01 2.558211919074895313e-01 3.107564089381175121e-01 4.309469664967799929e-01 3.584512735541417472e-01
3.413439376981493023e-01 1.978342814989207943e-01 1.401008942369936228e-01 3.911599674108090507e-01 5.731849951714194091e-01 4.175521058340804781e-01 3.124455858734939695e-01 5.181062419481763381e-01 5.112355020989741705e-01 6.539454621856387595e-01
5.569964269493774545e-01 6.187643524544303997e-01 6.634007562317640883e-01 6.193272270952854264e-01 3.722351158054348907e-01 6.776558203186162643e-01 7.240050022342187086e-01 4.304822662256424515e-01 4.750428800221254133e-01 5.151595569360288840e-01
5.970425734967467202e-01 7.276570748455720716e-01 7.491456774608722391e-01 7.533870861744392800e-01 4.476551405593521271e-01 7.046832810206729025e-01 7.410769330274995514e-01 4.058923161690025649e-01 5.901430398311149350e-01 5.107098838151108433e-01
2.502739575883589640e-01 3.726109469961106369e-01 2.515979933988973238e-01 2.706047207164607449e-01 2.099869894552570948e-01 2.559179102273778650e-01 2.667023768620562785e-01 1.855697358657299456e-01 3.236091195788734498e-01 1.807090334985356206e-01
3.375040322362862222e-01 1.892857022662354505e-01 1.991321710018871260e-01 6.083261420411800041e-02 4.658042153367956129e-01 2.702488397768645911e-01 2.455209868973275145e-01 4.109875618083261850e-01 3.217582410007954752e-01 4.101650413556749974e-01
0.000000000000000000e+00 8.003293413748766016e-02 1.282937751879746624e-01 0.000000000000000000e+00 9.857014865538715753e-02 8.735224574860696312e-02 0.000000000000000000e+00 0.000000000000000000e+00 7.787017730990447584e-02 6.578114971356412155e-02
2.700306128807318240e-01 1.736191496885286234e-01 5.395920413303565422e-01 3.082138977912490252e-01 2.354856355218702679e-01 2.950809673542527101e-01 4.096783420011876897e-01 2.481477845092146528e-01 3.673718573468796045e-01 2.211668303041775807e-01
3.968291982440168564e-01 2.346125362538825088e-01 2.087951019687001308e-01 1.796155596888639738e-01 4.927159346325836187e-01 2.721667734224902935e-01 2.030854800058930765e-01 2.656713849731536792e-01 3.054030852571033572e-01 4.863610618958257859e-01
1.000000000000000000e+00 9.578803404946365507e-01 9.786091463408238544e-01 7.452649627215310879e-01 9.150832404969033718e-01 1.000000000000000000e+00 8.645265481790039841e-01 8.487994016765448846e-01 8.892522702773506538e-01 8.917326478450681160e-01
1.531278197555827059e-01 3.319745658218625772e-01 1.881526191858016450e-01 1.930142286029116749e-01 6.179671036022063579e-02 2.491617901949334801e-01 3.679134393459617125e-01 1.991633406800870365e-01 2.194817114568537730e-01 5.876238951344070482e-02
3.289195402783662292e-01 3.970878986046608716e-01 1.978015345936938174e-01 3.802486459511307815e-01 2.008012687713614797e-01 2.611128283195767175e-01 3.023329344393351770e-01 3.775755230257044626e-01 3.673757431355229586e-01 3.444317073205863111e-01
7.598252543681012217e-01 6.357391810083996564e-01 6.203351436902893035e-01 6.386368795127463915e-01 7.447297412368406588e-01 6.625461426124352737e-01 6.580018308486954570e-01 6.569218527013435116e-01 6.740795682141341727e-01 6.484788455879150204e-01
8.418685531175347236e-01 6.846375443530896554e-01 7.627090890223886532e-01 7.307049400591272281e-01 8.169357594520754162e-01 7.230956865167706971e-01 7.932060112939731678e-01 8.277761150841179694e-01 8.192419598956535154e-01 7.974815765505472998e-01
6.421498450249065737e-01 6.321426966590235619e-01 5.273691623132097384e-01 5.630890661102324612e-01 7.621961721635179821e-01 5.315243482798157615e-01 5.857592667513682461e-01 7.214954990949138391e-01 7.041429944137023167e-01 6.750439344653177409e-01
5.996688347190036739e-01 7.221441084156053902e-01 6.674955084843688935e-01 5.686418880244821228e-01 4.674818887740009865e-01 6.289568569515742169e-01 6.599056503186095934e-01 4.733987818738260578e-01 4.757817493557406352e-01 3.747621805707815890e-01
6.992916218131576267e-01 8.303530888074188709e-01 8.100210668690064342e-01 8.884138834949908414e-01 6.010479690020550381e-01 6.754808117246529076e-01 7.139841816833218946e-01 7.589064964235469057e-01 5.692186372865595256e-01 5.865854584602999688e-01
9.084599628595133591e-01 8.190320940292082907e-01 9.893420899315188421e-01 7.167377437721673683e-01 9.133273466723472733e-01 1.000000000000000000e+00 9.155915725019417861e-01 8.711993018933723576e-01 8.995722098138670964e-01 7.708597306790004877e-01
0.000000000000000000e+00 0.000000000000000000e+00 0.000000000000000000e+00 2.958745202635484906e-02 5.209198222762657232e-03 8.880196865918715821e-02 0.000000000000000000e+00 0.000000000000000000e+00 5.225411918902740649e-02 4.785933113296814145e-02
7.431135473744951980e-01 6.378537244583306620e-01 7.412446863986249523e-01 5.584556371684863407e-01 7.185296678489675459e-01 7.542445880885826348e-01 6.435378755804685991e-01 6.793137209784482211e-01 6.838029436975010533e-01 6.551243598067895135e-01
5.923764459980361829e-01 7.003465369361482340e-01 8.374288505314680942e-01 5.936597966348449162e-01 4.452926515400206786e-01 5.441819433866786904e-01 6.450563795603191375e-01 5.094938890175729762e-01 5.450250501860671726e-01 4.305741120470024663e-01
2.113425939537882381e-01 3.814964515018569591e-01 3.890762987461018896e-01 1.998846717680459184e-01 3.340290120675826202e-02 2.381026980687381001e-01 2.722082066732441352e-01 2.019982667039026125e-01 2.364035810512578883e-01 2.302232509506864366e-01
7.442996122115103086e-01 6.070860794832630969e-01 8.007362896067967695e-01 7.327746042967949736e-01 8.719198955856992672e-01 7.527240405912265508e-01 8.092208933199827037e-01 7.378700123579557957e-01 7.198773853644044873e-01 7.844494938719015487e-01
3.026550326871728092e-01 2.647367513576039944e-01 5.109875784469003479e-01 4.566644791009965565e-01 3.351246762378823352e-01 3.639593962682983186e-01 3.531604145970571040e-01 2.771697284574021758e-01 2.712267406914750101e-01 2.522785275565672114e-01
1.156193824590425190e-01 2.986172759758369544e-02 4.960144697606601316e-02 1.828922760888394561e-01 7.514328992954590059e-02 3.270314382715945600e-02 3.937413933862668469e-03 1.973653725533579262e-01 1.870167713721889724e-01 1.398732981432261324e-01
5.356734334008180776e-01 7.420602042440578305e-01 6.790365820693300414e-01 6.142992726151261795e-01 4.079068528106132852e-01 6.218877984174757678e-01 7.062560048614954233e-01 5.136742396784242937e-01 5.208807608455043869e-01 4.223014276535378420e-01
5.349996024451974391e-02 1.977631014136685753e-02 0.000000000000000000e+00 2.318235589201093558e-02 0.000000000000000000e+00 7.713048031884067735e-02 0.000000000000000000e+00 0.000000000000000000e+00 0.000000000000000000e+00 0.000000000000000000e+00
7.649928007389269480e-01 6.301941033972513484e-01 7.403127377196899728e-01 8.358290274195738778e-01 8.450808781786859347e-01 7.766916145300457597e-01 7.583616423662766781e-01 8.307727074377159182e-01 7.938593299873040188e-01 8.692820976026978119e-01
7.651652951465083285e-01 4.850241446625085939e-01 6.747799960548360731e-01 5.299160025490863291e-01 8.084562004552267034e-01 7.052705731256210253e-01 6.142208550195823458e-01 5.531972423633011449e-01 6.583401990406244630e-01 6.799095446379616048e-01
5.981496188197386044e-01 6.242727587207091977e-01 3.831783718067401923e-01 3.521611688558234365e-01 5.344432358301705044e-01 5.331196602885944769e-01 4.053752158505854464e-01 5.997942675687112368e-01 5.274980752553591890e-01 5.164631209350247776e-01
7.779937164019996576e-01 5.528122661201666510e-01 7.635114214671954169e-01 5.871057573989559852e-01 8.503979485308705843e-01 6.729864777171054024e-01 5.700552203259425799e-01 6.131347105559827870e-01 6.529962200397407823e-01 7.120871000378833360e-01
5.453465977630019834e-01 5.601455598366346100e-01 4.359451293315794729e-01 2.735656447691399151e-01 6.327413095163768597e-01 4.502538442644842265e-01 4.900079416618218220e-01 5.730140549600483135e-01 6.620152792334116354e-01 6.172630920776780439e-01
5.178750140083454578e-01 6.136827064728466175e-01 7.979080593361926876e-01 7.276777500758183637e-01 4.905573352641061091e-01 6.549873651836377597e-01 6.620171629435991356e-01 4.768552985274907563e-01 5.874154223862153579e-01 4.569507474142840975e-01
7.191367678936498864e-01 8.077333766886807265e-01 8.196259405057947367e-01 8.191998590114946133e-01 8.734836857872609883e-01 7.263458419124402266e-01 7.360113146596645173e-01 7.795991725421311802e-01 7.302444713173241730e-01 7.449512000300047010e-01
9.469226766475987711e-01 1.000000000000000000e+00 9.835948033181582950e-01 1.000000000000000000e+00 1.000000000000000000e+00 9.723979885025717529e-01 1.000000000000000000e+00 9.726693180715798581e-01 1.000000000000000000e+00 1.000000000000000000e+00
5.657309489978138428e-01 6.077566209719502677e-01 7.396543785362786894e-01 5.907745488113860244e-01 4.042326042711328893e-01 7.224570974115569477e-01 6.168935379734730162e-01 4.289412033712654559e-01 4.368978175557055033e-01 4.833506335281392285e-01
2.547836453473451002e-01 3.629348985375714931e-01 2.201190966681655647e-01 4.091597064229365865e-01 3.440369666607520083e-01 2.118266045906968542e-01 3.837128286901832497e-01 3.228552207885491687e-01 3.792472537116205467e-01 3.309331046751962102e-01
6.107871561545832328e-01 5.290470803770114250e-01 4.983905488486468638e-01 2.854159452386501039e-01 6.274868986732119458e-01 5.851064864376706032e-01 4.825181683792019172e-01 4.919913750265743069e-01 5.856475753439021048e-01 5.584622762233294457e-01
9.503942176997639546e-01 8.418242525609427318e-01 9.226001583907146308e-01 8.095846468524342532e-01 9.476704698507505409e-01 9.529802308055428384e-01 9.100983660045990353e-01 8.311901024238906865e-01 8.643284338039538550e-01 7.815353374853335477e-01
5.365212684800075849e-01 5.338262333358864131e-01 4.706541901800810335e-01 3.729723400621067775e-01 6.178752119135660914e-01 5.903693855117527756e-01 5.050901925320793184e-01 4.744020236943137792e-01 6.334718317057059789e-01 6.449012358770787046e-01
3.343493025656126827e-01 2.417656302270542179e-01 2.150410373064027825e-01 1.230086006089858297e-01 4.981703288560741516e-01 2.925308738464403313e-01 1.830796741738531241e-01 4.573167013306124740e-01 3.387782851034871201e-01 3.655546510372793545e-01
4.151634276375872346e-01 3.096566915035806611e-01 3.439821403812901579e-01 3.947570342590071557e-01 5.915627783753335533e-01 4.350068771143998370e-01 2.867621491937529798e-01 5.254311690614897890e-01 5.088590063280552522e-01 5.636976844577905599e-01
5.872244528744129388e-01 5.666915692651475212e-01 4.505097137694675236e-01 4.461331246705532716e-01 6.505004546528793119e-01 5.344224423689545311e-01 5.540969702011067088e-01 6.480666105499979235e-01 7.647406640079292828e-01 5.456786066809302671e-01
2.496898569277801461e-01 3.202784840021825619e-01 1.693484692820249049e-01 1.811176847327224948e-01 2.243087424125033147e-01 2.070908031041855391e-01 3.155432987656875410e-01 1.891560346546481697e-01 2.775255262364443865e-01 1.980842391762552557e-01
5.743069907484955605e-01 6.754598156990024860e-01 6.539722189579081357e-01 6.498047969861455719e-01 4.575336868954448799e-01 7.105832993839782397e-01 6.748704521114722299e-01 5.097436704104474359e-01 5.230885097940548567e-01 4.133061874512801159e-01
2.816129458246797168e-01 4.734445988072160660e-01 2.691878668025662891e-01 4.695959475151953999e-01 1.713265414704290279e-01 3.057385658577317922e-01 2.811133506285976580e-01 3.320757490761894193e-01 3.619652071283596118e-01 2.662524083265137009e-01
7.328751553384709183e-01 4.917474846745228390e-01 7.533771257322360304e-01 5.303439504034563878e-01 7.559350843492622651e-01 7.186104474563932420e-01 7.147506512582935123e-01 5.967541817480325195e-01 6.040137050465255175e-01 7.207980814688971227e-01
0.000000000000000000e+00 7.047135265912071733e-02 0.000000000000000000e+00 0.000000000000000000e+00 1.439426968605087356e-02 8.789482009986179789e-03 2.349634385935251563e-02 2.291397253590293781e-02 0.000000000000000000e+00 0.000000000000000000e+00
1.000000000000000000e+00 9.036001323533231488e-01 9.411513806919753478e-01 7.094439611892969788e-01 9.241872101310905085e-01 1.000000000000000000e+00 8.987692782351299758e-01 8.413384576140996440e-01 8.959462628791476924e-01 8.877077344115280599e-01
8.360724740450382608e-01 6.977516590590056023e-01 7.646660738004872337e-01 8.053455639433679814e-01 8.403873817268818769e-01 7.440556657049729461e-01 7.376792390535494848e-01 9.224172191395627607e-01 7.302362222404693570e-01 8.155385306776459231e-01
3.457382095631405527e-01 2.680192742363669556e-01 5.849230713447060026e-01 4.336225617890383521e-01 2.611783073190681037e-01 4.186094136368911922e-01 3.617257464695289859e-01 2.101711540293812741e-01 3.155469694659278068e-01 2.982582691475959558e-01
6.090531857851441133e-01 7.545073992301923882e-01 7.751372446413031803e-01 6.802416532372639324e-01 4.553209844213547686e-01 6.225606297631794961e-01 6.352277699155686186e-01 5.052525005331698349e-01 4.882192003296108584e-01 5.147727099189161049e-01
3.397727983616976033e-01 4.854258589435929139e-01 2.042519814504324405e-01 5.091798500975763808e-01 2.773049677694861548e-01 2.298983236086188098e-01 3.707667512391992770e-01 2.879293578535074838e-01 3.371726531233691371e-01 2.791414463149638481e-01
3.558557293276874978e-01 2.113544389040831750e-01 2.348047527072995022e-01 4.534095992702210642e-01 4.739392521889315701e-01 3.533239150947175000e-01 3.962904846876000309e-01 5.060730316185781952e-01 5.649476777825697127e-01 5.638120675121860437e-01
6.631500898817853651e-01 6.626816535768663696e-01 5.225674883443568453e-01 5.493448642326966835e-01 7.018789113073796715e-01 5.968512558843214189e-01 6.035768694853752558e-01 6.975134413172290326e-01 7.342888923535665358e-01 6.897361855097432493e-01
6.499813262098428357e-01 6.058426061482754532e-01 4.432308108270932023e-01 3.017144984471071822e-01 6.593170348607294562e-01 5.969297351249268635e-01 5.497826355709745094e-01 6.232394794383190328e-01 6.472684880123704687e-01 5.035229812260818560e-01
6.169582404112646801e-01 6.557879972791957890e-01 5.283278997462558246e-01 5.426891103408343353e-01 7.461135717381515153e-01 5.842359654673513480e-01 6.059186632447469689e-01 6.533775292315083805e-01 7.327750042904167538e-01 7.882949524501274841e-01
6.915125468878248194e-01 5.863913488845174937e-01 8.225515924125551548e-01 6.495950552028676439e-01 7.556949272191080258e-01 6.925187777425568791e-01 5.826295956418702238e-01 6.813662586198011573e-01 7.071191335105155851e-01 6.912716856194890402e-01
2.822779109710554235e-01 4.757991695030697743e-01 2.300728025421924783e-01 3.991701551782257940e-01 2.815722608290702755e-01 4.113106432670478041e-01 3.991841412042984039e-01 4.050136398426488760e-01 3.108107960769883604e-01 4.061038701739800860e-01
5.999145141157384842e-01 5.484302092292033803e-01 3.451249225865170023e-01 3.376570427661106377e-01 5.945851775572247311e-01 5.370540508585666117e-01 4.151918690089190234e-01 5.865065008616291431e-01 6.200728719528689759e-01 5.025116980187009919e-01
1.840854178959775711e-01 3.723407537219474150e-01 2.746129877685907772e-01 1.664408362869777558e-01 1.884461113596123949e-01 1.456763260059317500e-01 2.916059813224751718e-01 1.462668249678256427e-01 2.861192346841860412e-01 1.177176911576656299e-01
9.533985246382838952e-01 1.000000000000000000e+00 1.000000000000000000e+00 1.000000000000000000e+00 1.000000000000000000e+00 1.000000000000000000e+00 1.000000000000000000e+00 1.000000000000000000e+00 1.000000000000000000e+00 1.000000000000000000e+00
5.629746078634886297e-01 6.305827285282501471e-01 6.910093477719674304e-01 7.029457408888949432e-01 4.347376214832074925e-01 6.407599804533168353e-01 7.137826119617375342e-01 4.667706130770029604e-01 5.107171340870338971e-01 4.677624445486932014e-01
6.445959352962782329e-01 7.834907182897182798e-01 7.901082049341454638e-01 8.868190919049843135e-01 5.568848114508428981e-01 7.311017583401281383e-01 8.187997270365562352e-01 6.088269460649827769e-01 5.807378220315143613e-01 6.091445236931178897e-01
8.954809932457366006e-01 9.880020131590109278e-01 1.000000000000000000e+00 1.000000000000000000e+00 1.000000000000000000e+00 1.000000000000000000e+00 9.331582527854753728e-01 9.906623362198622162e-01 9.729728153263490498e-01 8.999311577494375491e-01
6.898470247166771374e-01 6.947088588715077950e-01 8.015161462033754125e-01 8.203402361313971713e-01 8.690340040745518913e-01 6.908612227986673515e-01 7.428427458097215386e-01 7.542487618263088445e-01 8.029874921981993152e-01 7.978273530875217290e-01
1.864630794621382204e-01 2.438055296596373100e-01 1.934216076248707061e-01 2.756195484892333680e-01 1.679919288792787735e-01 3.330355722054111345e-01 3.420082248241976819e-01 2.285067033470623010e-01 1.989173814700593568e-01 1.427280794905096684e-01
3.650809205866920593e-01 3.476433686837987480e-01 4.511436793930846401e-01 4.317275246923684140e-01 2.401835625122096529e-01 3.686655764144588510e-01 3.672508988249807427e-01 3.034869949798885136e-01 3.225512948868842766e-01 2.860476075557075726e-01
7.174357743913900576e-01 8.730420749029482730e-01 8.151553523704770932e-01 9.359798605769550361e-01 4.220570655743104971e-01 6.485025454338100293e-01 7.265829502460610101e-01 6.737237347298723478e-01 5.706516982141068839e-01 5.593044140962185606e-01
2.848448306684824294e-01 4.593136538054328755e-01 2.944388975775220629e-01 5.340731652230417126e-01 2.570369260676258483e-01 2.864655217641318141e-01 3.020398260999946904e-01 4.570850055834060899e-01 3.229729411108691606e-01 3.079760424886878734e-01
4.399859084018505340e-01 4.793479723961764360e-01 5.754152704823148889e-01 7.097753459291067379e-01 4.669428049900767874e-01 3.919263179192187807e-01 5.384971484963915200e-01 4.290141992173672758e-01 4.644066063963330215e-01 4.935553589121970397e-01
9.863790219402260862e-01 9.008389680498121166e-01 9.595581154799144308e-01 8.502206507938826485e-01 8.840551130844422900e-01 1.000000000000000000e+00 8.683561700566664321e-01 8.546508187587094074e-01 9.981675977510764408e-01 9.315957182309033691e-01
4.207001300663958387e-01 1.760116519689444159e-01 1.981575379442191143e-01 1.530842177198373233e-01 5.139841148254803427e-01 3.162246959147491654e-01 2.984264379880797180e-01 2.804376168783924150e-01 3.513315384213823722e-01 3.995278009978054379e-01
2.033019211022716877e-01 3.312166901455271817e-01 2.433833972123064515e-01 2.199317482209626751e-01 9.682065121630697990e-02 2.286352568412642339e-01 1.668446770526185730e-01 2.045649809710153866e-01 2.854645111635034649e-01 3.020399086014469159e-01
1.000000000000000000e+00 9.718014250054455294e-01 1.000000000000000000e+00 9.811438287628558852e-01 1.000000000000000000e+00 9.398560124985141373e-01 9.590008111141902214e-01 9.977277073789944106e-01 1.000000000000000000e+00 9.676036207453614368e-01
1.122733752567930954e-01 6.644516409082257269e-02 9.672342055822175100e-02 2.021660262011166498e-01 2.757307727076316328e-03 5.196945944224726915e-02 3.941067586766536929e-02 1.901155843906278953e-01 7.027786730185794917e-02 1.349939554638118211e-01
7.890954662892125659e-01 6.113400541802671562e-01 6.793057214740310101e-01 5.802246951997298563e-01 7.390067134742682731e-01 8.098448171416279262e-01 6.860201924179980537e-01 6.617097427990114022e-01 7.348940518478478401e-01 7.740689175533602695e-01
9.775754598413298746e-01 9.439841954432192095e-01 9.965450506721750257e-01 1.000000000000000000e+00 9.564135547513339386e-01 1.000000000000000000e+00 9.498648577155660577e-01 9.574437321787675481e-01 9.546107219700187274e-01 1.000000000000000000e+00
2.701953054991484277e-02 8.846152838536110175e-02 9.266919066316788023e-02 2.401528719903290310e-01 7.601148347720576570e-02 8.683793126346943392e-02 1.456776282136192091e-02 1.722758774978668805e-01 6.667541353817679761e-02 1.255851979031158694e-01
7.211076326589230812e-01 5.125668602694809506e-01 6.523431819620792993e-01 6.406857815527404743e-01 7.959905076200611829e-01 7.160706364621842734e-01 5.403339089684137120e-01 6.651284072792122970e-01 6.591414610348373948e-01 6.420946587478100209e-01
1.185712841094186815e-01 4.628289562274661706e-01 2.768764607843726688e-01 1.614573600293424671e-01 1.173528602007204991e-01 2.607683174226583245e-01 2.704096562995763620e-01 1.814120294294825630e-01 2.409190121885797509e-01 1.205699708741052034e-01
6.318779870336603821e-01 8.178726363195274462e-01 7.613820558203907574e-01 8.520247031522125702e-01 5.461735373794355253e-01 7.617745650137247582e-01 8.063611644369579334e-01 7.870228070735835191e-01 6.367061341176343259e-01 5.470541628041427629e-01
8.623596149816206147e-01 5.945099136134476270e-01 7.171497012796163029e-01 5.644192596685904117e-01 7.753794006492337187e-01 7.564194601354985448e-01 6.044047724950004641e-01 6.118287755327619371e-01 7.116718079490242932e-01 5.662243362405769975e-01
8.448887055537816770e-02 1.232883369696354814e-01 9.924880264662837293e-03 2.276119918293403599e-01 8.610410838121358712e-02 1.225866052367485526e-01 3.336385751516757203e-02 2.124645200646148313e-01 6.993017126552138196e-02 8.774090215781021884e-02
5.526879876523015378e-01 6.018501842809661495e-01 3.848829829067495489e-01 3.271536043237016633e-01 5.855157410747204860e-01 5.531559621364662283e-01 4.281109752079012010e-01 5.509549243379626704e-01 7.208604607676725173e-01 6.737377706206832961e-01
4.448313740413895045e-01 2.208451074133354064e-01 2.722836602432818220e-01 3.317745142337570341e-01 5.739655526261151497e-01 3.762687157245632186e-01 3.954746042019977592e-01 5.731211173699847228e-01 4.641417049745473755e-01 5.204552573095145851e-01
1.000000000000000000e+00 8.861528342132174441e-01 9.159511301093956614e-01 7.846982472673752484e-01 9.740559983232007779e-01 9.479293513077678979e-01 9.494628108466390826e-01 8.113944187577347700e-01 9.303702955234488536e-01 7.535040969651367604e-01
1.000000000000000000e+00 1.000000000000000000e+00 9.752273453255788649e-01 1.000000000000000000e+00 1.000000000000000000e+00 9.828571612757162068e-01 9.889315447062124731e-01 9.968476655145991350e-01 9.999959970125049669e-01 9.867164501599662296e-01
6.149351894355794546e-01 6.603829213076060078e-01 5.529268877887050238e-01 5.968186867640538074e-01 6.554935605854989022e-01 5.425723836658480348e-01 5.680848115676998544e-01 7.006106842704403759e-01 7.120876261319218914e-01 7.668491087555777685e-01
7.963296905097622114e-01 5.490621223644520654e-01 7.722481628192696679e-01 7.601772526408429043e-01 9.311371652926562215e-01 8.083283103518786872e-01 7.362586047354806595e-01 7.581117813267355121e-01 7.343909210576536895e-01 8.791706167877599842e-01
4.750740253811616687e-01 2.817912252879196666e-01 2.215720904467324004e-01 4.085591656376262870e-01 5.044412738515582362e-01 3.737754360962802780e-01 3.613936716701654506e-01 4.572289422719317264e-01 5.120829898723303630e-01 3.891797236593340648e-01
3.430302943118682113e-01 3.739744567020481525e-01 2.345224329269303964e-01 3.485664163594837106e-01 5.794782745996998052e-01 3.408195019629194911e-01 3.496441730781106316e-01 5.934620008438781236e-01 3.865476429499208333e-01 5.552169897932363041e-01
3.880674917042135630e-01 5.039904138805516576e-01 4.561906129451717140e-01 6.318875827898352560e-01 3.843265064883218396e-01 5.138447913836026171e-01 4.970173722966731988e-01 4.102746538874141313e-01 4.279377587480389655e-01 3.491436532214035049e-01
5.693283839113009170e-01 6.179806824991536107e-01 4.835331401573245147e-01 5.351705512349138605e-01 7.251638038875988235e-01 5.599438481968442849e-01 6.074763968380932910e-01 6.758845363810055407e-01 7.578080880598435654e-01 7.844959401956510536e-01
5.764162132097115920e-01 6.819598933626710435e-01 4.742307860586961188e-01 5.943410359437171220e-01 7.066287844401496487e-01 5.219833635340983546e-01 6.029307200490963137e-01 7.243958972683216535e-01 6.729176633822436804e-01 8.206577125760378122e-01
2.910943623565206417e-01 5.626459459779777905e-01 2.760888791869172132e-01 4.919671020131354267e-01 2.013740240682061478e-01 3.451213267611308311e-01 2.912445415218446465e-01 3.679021697723591777e-01 3.222849500502192877e-01 3.648085907312003107e-01
4.342006484410211309e-01 4.183494904320785857e-01 5.756255364962263865e-01 7.066615050936122522e-01 3.495746477998275537e-01 4.335741766699272581e-01 4.157469010348655014e-01 4.783519352370430022e-01 4.027555201626283332e-01 4.108275864230714891e-01
7.636958123307675539e-01 5.271707790385090631e-01 8.115483139204762164e-01 7.272779432135083599e-01 8.083269218463802197e-01 7.479861460735254264e-01 6.654302789621715508e-01 7.640049080923101421e-01 7.632140524551571659e-01 8.745472605917957720e-01
7.527515081492024418e-01 4.775081182496168641e-01 7.572176774556300671e-01 7.665463389735532873e-01 9.251296854240402823e-01 7.405956415262726633e-01 7.834923570499034984e-01 8.294250786513104323e-01 7.128805265962971927e-01 8.271377107649930949e-01
4.874617739865156896e-01 1.449054360633501570e-01 5.299635136211685582e-01 4.497631205078684857e-01 3.202341710315577128e-01 4.337212181121681276e-01 4.532679480280424889e-01 2.656048811262613496e-01 3.114432800056524120e-01 2.246271995836764679e-01
1.381014557778821594e-02 3.605843458480546826e-02 0.000000000000000000e+00 5.809992910835341112e-03 0.000000000000000000e+00 4.511535488274360378e-02 0.000000000000000000e+00 0.000000000000000000e+00 0.000000000000000000e+00 0.000000000000000000e+00
4.095988201366693726e-01 5.506865329553267685e-01 5.833888362712332798e-01 6.224027681796574507e-01 3.811110447506427246e-01 3.625068115473026875e-01 4.405188961880109333e-01 5.240238384514633863e-01 3.019656812334569618e-01 4.468811764718793600e-01
8.126036347838547780e-01 5.605243655320470975e-01 6.705998462093338830e-01 5.709092443389301996e-01 7.533377334233452016e-01 8.243746984162199087e-01 6.797004331861117299e-01 7.055381800152574767e-01 6.884166566109325425e-01 6.377419013252338953e-01
3.671971986519971809e-01 2.112717289186401004e-01 2.350260132288933268e-01 1.931057647824398482e-01 4.062182831301829888e-01 3.400748927448064007e-01 1.797637501001746463e-01 3.941199496421454174e-01 3.822317693981925890e-01 4.754988390490291761e-01
9.324691307799234385e-01 8.893203016032638075e-01 9.846902514456851163e-01 7.484561692182314374e-01 9.140517355949951961e-01 9.591128494455445352e-01 9.073802345870125574e-01 8.358005722054795417e-01 8.749566869719628270e-01 8.683923327722259389e-01
2.317284442713619247e-02 7.662505447158250715e-02 0.000000000000000000e+00 2.797211041864084979e-01 1.966561170511876844e-01 0.000000000000000000e+00 1.283075591907532065e-01 2.060154243356451809e-01 2.818602590771038252e-02 1.006929817674797889e-01
