9.455756433404705064e-01 1.000000000000000000e+00 1.000000000000000000e+00 1.000000000000000000e+00 9.758217339309412930e-01 1.000000000000000000e+00 9.856537454307859880e-01 1.000000000000000000e+00 1.000000000000000000e+00 1.000000000000000000e+00 9.847953990515317946e-01 9.374648369112471569e-01 1.000000000000000000e+00 1.000000000000000000e+00 1.000000000000000000e+00 9.238689188547229980e-01 1.000000000000000000e+00 1.000000000000000000e+00 1.000000000000000000e+00 9.759668047924341394e-01
5.519873658769561819e-01 7.266427340318957206e-01 7.306180350714045479e-01 9.546864109019366218e-01 6.886525977103559182e-01 8.459613348180952119e-01 6.157997329647473261e-01 8.453505197369536317e-01 8.659936982398582783e-01 8.281880002438068988e-01 6.828787570777014038e-01 6.785908231019903702e-01 6.875432903630901427e-01 6.876905696023389858e-01 6.566212672120099736e-01 6.776838509491361906e-01 7.092980743465265858e-01 4.197131842167392546e-01 7.957579067768305592e-01 6.283076192560660411e-01
3.825764166367837671e-01 5.759360031845524031e-01 5.297967029142115480e-01 4.238508124518489684e-01 5.730253177323717528e-01 8.507414330720718398e-01 3.760188430100951940e-01 6.168668762687854468e-01 3.507299923307168887e-01 7.549123766178120754e-01 3.156407824311152077e-01 4.760859995488093133e-01 4.743390412798426659e-01 6.697052953856936774e-01 4.186545634604329491e-01 4.323106671512783050e-01 4.524421660533394229e-01 3.071125589704890024e-01 6.838370502896877756e-01 3.620182346443966970e-01
6.185726778240974166e-01 5.699358248434216456e-01 5.205259732724939470e-01 5.608742290735737601e-01 4.059441336579647785e-01 1.723137862242011820e-01 6.967669474784125017e-01 4.663977716399484996e-01 5.965464650996674667e-01 3.297808398141249819e-01 7.600956653210977354e-01 7.043916299254707747e-01 5.378934185068537932e-01 3.768063294372088756e-01 5.075326374281701192e-01 4.420568065288218995e-01 6.017417299022413957e-01 8.232832964016052468e-01 2.663951319480147295e-01 6.629534801841642233e-01
9.149325654449403933e-01 8.891473022638135548e-01 8.794866225534284654e-01 9.834195002285816001e-01 1.000000000000000000e+00 7.001296355041983777e-01 8.967812435553900174e-01 9.695771529851249237e-01 9.207453915100605180e-01 7.607727261911478855e-01 9.663506491873070647e-01 9.580109988970333390e-01 7.621559126255936789e-01 9.576507521866470807e-01 8.181731647586523160e-01 1.000000000000000000e+00 8.557117336242046068e-01 9.985387971890028469e-01 7.916634485713079927e-01 9.910469083152341208e-01
2.150088826588724134e-01 4.464116964189220882e-01 3.684967728928382757e-01 3.587664787371596109e-01 6.272603551252460274e-01 6.251957998406111328e-01 4.388343494756477003e-01 4.000190089343192978e-01 3.231426845235959022e-01 5.146622326078357235e-01 3.341410242408994202e-01 3.978316111446942305e-01 2.373709711686514123e-01 6.498226151385426697e-01 2.825620946504250330e-01 4.691077384865198208e-01 3.181714916416819583e-01 2.806395300177921270e-01 4.505954935813766826e-01 3.056575514805531246e-01
5.409328741218659697e-01 7.178623722982447886e-01 8.321452807303689747e-01 9.332323473719866813e-01 6.519329429788677244e-01 8.029443967648182134e-01 5.601719403780889284e-01 9.195338827207206744e-01 8.201067027283485134e-01 8.020085984368565679e-01 6.175436162268302942e-01 6.806712799709542239e-01 7.829071433253079748e-01 6.613018250297595380e-01 7.091169978907385651e-01 6.517852553113250291e-01 7.013803019757253177e-01 4.114535368501504586e-01 8.133859850155487070e-01 5.844673926098170602e-01
2.318089793812648236e-01 2.588943715639765442e-01 2.376990222153515797e-01 5.527760407439613610e-01 1.146117525983308960e-01 9.789414315681579937e-02 2.553348298895927737e-01 3.886727023367782530e-01 2.870878709016279062e-01 3.412849064363619733e-02 3.410595007310708859e-01 2.406633827513693369e-01 2.605272038904689613e-01 1.653406925066631117e-01 1.836201147232316144e-01 1.422225928374555581e-01 3.240885134167696968e-01 1.071653188098352777e-01 2.322621718698714699e-01 2.288891055552835507e-01
6.921996709423625660e-01 5.708139160016282299e-01 5.815465680262964510e-01 7.065519979935289685e-01 4.622272463985410695e-01 3.757739725921374063e-01 6.755388863721254467e-01 4.865355747417653420e-01 7.137189792211567907e-01 4.946905452565789618e-01 6.281350689569059620e-01 6.210954836859194916e-01 7.933105149446677551e-01 4.897219478957612337e-01 6.478981924446959306e-01 5.364728423420221937e-01 7.204820573328183375e-01 6.474533263231215807e-01 4.963237923794664996e-01 6.185793773379270055e-01
6.438004161475784082e-02 8.996301431664725790e-02 1.141027167986797264e-01 0.000000000000000000e+00 9.203241602868632298e-02 2.459417329995193247e-01 8.299938689352956422e-03 2.564307270779987019e-02 1.244006245577933822e-01 2.346409782413372835e-01 0.000000000000000000e+00 6.800163088871113981e-02 2.670840443391442887e-01 4.216445215175752131e-02 2.136176602596649987e-01 1.242505710896728635e-02 1.730569094184440382e-01 4.771642333051122342e-02 2.310933583428939619e-01 0.000000000000000000e+00
2.220292745055498784e-01 2.150778532555217559e-01 2.325551850404400933e-01 5.882616516500872583e-01 1.301456519406843926e-01 3.116060564706051722e-02 2.684875958959491160e-01 3.449532807979541205e-01 2.838036060304061081e-01 1.029369895380211064e-02 1.884513981591479925e-01 2.380007962749756956e-01 1.556816673174633847e-01 4.950413051456548086e-03 1.753670519203531231e-01 1.136702105292123482e-01 3.260742255878111839e-01 6.872904445448620170e-02 1.668108577586913110e-01 3.172455702569421110e-01
3.998872435626344979e-01 2.228378586155048691e-01 3.837205157382024834e-01 6.837656685197215367e-01 9.285531035984223580e-02 2.963299443998869687e-01 2.479118754165861027e-01 4.255308754893388223e-01 3.359297247207275183e-01 2.846572417739068883e-01 2.926906451873866888e-01 3.361864556590098974e-01 5.405687200795386005e-01 5.965260285287465186e-02 4.145257826540065249e-01 9.524848081173056813e-02 3.944303437740370177e-01 1.183654254349964935e-01 4.880371031836008844e-01 2.771816251406542531e-01
8.637777245723997632e-01 9.453672964739319173e-01 9.191805128917397427e-01 9.337647191439136796e-01 9.825293619526513922e-01 7.838883873424578042e-01 9.830428318230688411e-01 8.177612624482956116e-01 9.981473424875491052e-01 8.028291662996993594e-01 1.000000000000000000e+00 9.417371581323817908e-01 8.511972136342267348e-01 9.916838594550611008e-01 9.201120629502651527e-01 1.000000000000000000e+00 8.167704925264314131e-01 1.000000000000000000e+00 8.315524789595689636e-01 1.000000000000000000e+00
1.271993744628048019e-02 1.111599750608016114e-02 4.275472437072208587e-02 8.701473211258322835e-03 0.000000000000000000e+00 0.000000000000000000e+00 0.000000000000000000e+00 5.222823208835117303e-02 0.000000000000000000e+00 6.850928614883045054e-02 3.534879185891387499e-02 0.000000000000000000e+00 0.000000000000000000e+00 3.278475892677843850e-03 2.732556913958313072e-02 0.000000000000000000e+00 0.000000000000000000e+00 8.482606653549979933e-03 0.000000000000000000e+00 0.000000000000000000e+00
2.579126955179701919e-01 3.115924266369339279e-01 3.686854920550036163e-01 6.703204112582090701e-01 9.475443890617839260e-02 2.721814883183610867e-01 2.382106709639900399e-01 3.183390049201484384e-01 3.811974933123180587e-01 2.824838367418015528e-01 3.452179775341496226e-01 3.687210238539414542e-01 6.252715087619635792e-01 1.273381648397582389e-01 3.289813008793732729e-01 2.035518785117985119e-01 3.543425317535322527e-01 6.990650005245441223e-02 4.024732970513718588e-01 2.165148375375053891e-01
2.786370457848739157e-01 2.202263853010136829e-01 2.649010141045249345e-01 5.250102057952594770e-01 2.991883836899739135e-02 1.205539539640669289e-01 1.433803511771167827e-01 2.582893627983257057e-01 3.126099938940633538e-01 0.000000000000000000e+00 3.191211665547391552e-01 1.017632457930230938e-01 2.319949950398802474e-01 6.076943580516099702e-02 1.968041205231100543e-01 1.080042141965006364e-01 3.436853097894999598e-01 1.309824202814829364e-01 1.847490202771017720e-01 2.629095890893693999e-01
2.352941405923785201e-01 4.194969836721746947e-01 4.471703642892185249e-01 3.672682352097464964e-01 6.305570242211078202e-01 5.920826408607772207e-01 3.501847598687412022e-01 5.817808790035575717e-01 2.989816277813088785e-01 4.518733794293137707e-01 3.314219874285696532e-01 2.245917991005552672e-01 3.001407042473746567e-01 5.484866769115041008e-01 3.507244007603362301e-01 4.580197017704397133e-01 2.089604551808133259e-01 2.472949314354584704e-01 4.526522516496008230e-01 3.761266772897988719e-01
3.580139031738667210e-01 3.086409789965828820e-01 2.982623413842525606e-01 3.982386468017971859e-02 3.769285975293626967e-01 1.682695318740098367e-01 4.563803465796667513e-01 2.354195291128171053e-01 2.124502188087804277e-01 1.745040884032148798e-01 2.928381703882375620e-01 4.011571880859668982e-01 3.894160043092834145e-01 2.355776937216548794e-01 3.147163612817040490e-01 3.263955363771557372e-01 2.322760993588109946e-01 7.417474267611698924e-01 9.473938005022636277e-02 3.744034553016694633e-01
3.579726983509310956e-01 4.587631884931746007e-01 5.606158885758442123e-01 4.106752970853789764e-01 5.394057944529644377e-01 7.399551902702491413e-01 3.785384958144116796e-01 4.452252946517038512e-01 5.037903294212662253e-01 6.678602259709901512e-01 3.739016217560441335e-01 4.486953495713916773e-01 4.756285375807450810e-01 6.201274102533078647e-01 4.653307115574873976e-01 4.560040158248139242e-01 4.397625398725415469e-01 2.438536732240670080e-01 6.529963127938447354e-01 3.914008143253876471e-01
3.449694569561513324e-01 5.934081974461427045e-01 4.658587973560348594e-01 3.313527834146013928e-01 5.193953114049826292e-01 8.789727286040741605e-01 3.181641283500651896e-01 4.541821539237480554e-01 4.285934892476362945e-01 7.791249782916618294e-01 3.209298903912652934e-01 4.228833419946544936e-01 4.571721388957418197e-01 6.555476942148596997e-01 5.213338532504824263e-01 4.765402732219322646e-01 4.581730232816488835e-01 2.611708710657268395e-01 7.167702881525680469e-01 3.260074210925006377e-01
3.432106850148685107e-01 2.744603779295074486e-01 3.241965417206585931e-01 5.699808098175409565e-01 1.335413608800718743e-01 1.732190722882537837e-01 1.849456150467964632e-01 4.412481881783310023e-01 4.125692285798571168e-01 3.588435968385236818e-01 4.117738040336091365e-01 3.495447739910920726e-01 4.672333177946029759e-01 1.054309929845015231e-01 3.942966514542635137e-01 2.628526402231385894e-01 2.955631955480449435e-01 1.081411050743340263e-01 4.286624918006097795e-01 2.677860306864434103e-01
8.413700420350416209e-01 9.334191696147416950e-01 8.226089103339013775e-01 8.335287897114104227e-01 1.000000000000000000e+00 8.412938489137976594e-01 9.880511476075204413e-01 8.945454427293950683e-01 9.112797318925617285e-01 7.748287349907907462e-01 9.719943436349272048e-01 8.632130548269592030e-01 6.420007310470756678e-01 9.698347367983544132e-01 8.647507538143074379e-01 9.861678900570209905e-01 8.513495695838568800e-01 9.878318391649810737e-01 7.354286437692979517e-01 8.954348189005809644e-01
2.553929053055871146e-01 3.737274160117829425e-01 4.219615421319019566e-01 2.849632820782989073e-01 5.067059543583374293e-01 6.462378294757121777e-01 4.125463821692701427e-01 3.990607272511593195e-01 4.715175394717028290e-01 4.894751429974408818e-01 2.038325776846557358e-01 4.076611176289039462e-01 2.205903024882771846e-01 6.174854506749321015e-01 3.364582353102126833e-01 4.853807708639861773e-01 2.836026638704835512e-01 2.947944514089881340e-01 5.169907063864945806e-01 3.258610903680855264e-01
7.390524945498450071e-01 7.833897937547686929e-01 6.689044255752035761e-01 4.679385444642067959e-01 8.623736217518236380e-01 9.978381527130165685e-01 8.307219542745003515e-01 6.066335491675706182e-01 6.316101656803405628e-01 9.025784401881764563e-01 5.425763210420340155e-01 8.667959884726228470e-01 8.103262371659579744e-01 8.556960171884069322e-01 8.043140914191617696e-01 8.551465457165829953e-01 7.232586131555704956e-01 8.536523901193904251e-01 8.224048995692778696e-01 7.733568414465106233e-01
3.351361492720958402e-01 3.066017946987145693e-01 3.415444979393343905e-01 5.866384927642099845e-01 1.135708846812236161e-01 3.212452533616984018e-01 3.451820885715308207e-01 3.573538981574913009e-01 2.509017523667864125e-01 2.859188379831698601e-01 3.880625522708300301e-01 3.432655508543982492e-01 4.910024850228351112e-01 1.558432247069387322e-01 2.844106152017801259e-01 1.737155598292604297e-01 4.530399689817801168e-01 9.365317585066257333e-02 2.936533845967165268e-01 3.376253685140614413e-01
4.341764915175517769e-01 5.510797818878788723e-01 6.058280360998054004e-01 8.612340546133916419e-01 5.490106257936409051e-01 7.331216661147333946e-01 6.265558451981084742e-01 7.449581294712256385e-01 6.517052077020734080e-01 6.123030736891174053e-01 6.862893253353591350e-01 6.186996126522849027e-01 4.951094496745145346e-01 6.680103616675943101e-01 4.783217790930133773e-01 6.515266631076930270e-01 6.324814662193393167e-01 3.691994274163780676e-01 6.553994207566161689e-01 5.679154148933207580e-01
4.792970584830838487e-01 6.139247713114128757e-01 5.007143240697417008e-01 9.012625300953982510e-01 5.526522259755611843e-01 6.266686059026121969e-01 5.329401508179459901e-01 7.864011545132159053e-01 6.521922973656698597e-01 5.675527247779459383e-01 6.273652728551293301e-01 5.284089938632787753e-01 5.975986753747977165e-01 7.159669106029152852e-01 5.293619750449725103e-01 7.159270778213968622e-01 6.330674922209448274e-01 3.928982924716050151e-01 6.292993817116038224e-01 5.055731766419965245e-01
1.000000000000000000e+00 9.692187706941485237e-01 1.000000000000000000e+00 9.592273369546164830e-01 1.000000000000000000e+00 1.000000000000000000e+00 9.673801070273904124e-01 1.000000000000000000e+00 1.000000000000000000e+00 1.000000000000000000e+00 1.000000000000000000e+00 9.660359454421335590e-01 1.000000000000000000e+00 1.000000000000000000e+00 9.377317788936154752e-01 1.000000000000000000e+00 1.000000000000000000e+00 8.244444966110346940e-01 9.464580724942119883e-01 1.000000000000000000e+00
4.179521209587215291e-01 3.216768537379899318e-01 2.477899223627107184e-01 2.763377970542756773e-02 2.752438658060973320e-01 1.310957688535055454e-01 3.266330324414258302e-01 1.727410663040054861e-01 2.214462996844306641e-01 1.624794619299642362e-01 3.558984948475806265e-01 3.441007134739447748e-01 2.341373115754892820e-01 2.703312082035730923e-01 3.545464666346386240e-01 3.969262207268280385e-01 3.513183573938619686e-01 6.600400338153733504e-01 1.154630352703014395e-01 4.500521136636331243e-01
1.830740019507894334e-01 1.416911792631228295e-01 1.937173548880673501e-01 5.164512014369260218e-02 7.946067411146043660e-03 1.017446065745363226e-01 0.000000000000000000e+00 1.069723623108936317e-01 1.069641587132708210e-01 2.109849823592978568e-01 0.000000000000000000e+00 4.396707867968242117e-02 1.474064807004748512e-01 0.000000000000000000e+00 1.899944326544265594e-01 4.685188911140317908e-02 1.660149783069581886e-01 1.403644339826831122e-01 2.801182973807594956e-01 0.000000000000000000e+00
7.804372451193684057e-01 8.427432088174391378e-01 7.640393787437009809e-01 5.253880674621747016e-01 8.952504752793793985e-01 9.798129980858918398e-01 7.291918282340263957e-01 5.500782659854273060e-01 6.333233498473851419e-01 9.728524712616962722e-01 7.050096864682774411e-01 8.000539043622243440e-01 6.717625957662991532e-01 9.500808623563197219e-01 8.118513410502451455e-01 7.556026690474720864e-01 6.839333833270458962e-01 8.944006263668972112e-01 7.748208276243574444e-01 6.581372695297185160e-01
8.611813782603066070e-01 7.515360112307789553e-01 8.137385890328538984e-01 5.474785580243262118e-01 8.320662520301901344e-01 9.698511163749276021e-01 7.497481432529976564e-01 6.801706776808695842e-01 6.262599767425204300e-01 9.000740067140980960e-01 6.373932789594020099e-01 6.876660212914590398e-01 7.422288782936501406e-01 1.000000000000000000e+00 8.817819475766113246e-01 8.173499746949490774e-01 6.544806058371589463e-01 9.690948701313145675e-01 8.175140227123459669e-01 7.353704589214706822e-01
6.266298770061571322e-01 8.577844185870345806e-01 7.786606227319299300e-01 4.575072272226086145e-01 8.899678577502578847e-01 9.486012638685903386e-01 7.346802075636028606e-01 6.396745954505326237e-01 7.568156158027506963e-01 9.433069480501772297e-01 7.399088498048344009e-01 7.604645637829793303e-01 6.984905649732927602e-01 9.027025423011116878e-01 9.130264210049410245e-01 9.262999798832178833e-01 6.965473868635506660e-01 8.975566615454967367e-01 7.280239846310214702e-01 8.154316038546974843e-01
6.183315370842548120e-01 7.193450574215227711e-01 7.383165696267476319e-01 1.000000000000000000e+00 6.102109187595021744e-01 8.103010703479710530e-01 5.824252648636120133e-01 8.110859172658833049e-01 7.599170757670792309e-01 7.799903552120802663e-01 6.284739919172861455e-01 6.363522639860360597e-01 6.742528157031704161e-01 7.275441616531650446e-01 7.736705504620469132e-01 6.264168841299974089e-01 6.538295980676823715e-01 4.357041806999497613e-01 9.422569805315611502e-01 6.229176093604570363e-01
8.234231617678803294e-01 8.503603298945973110e-01 8.646087067856662589e-01 9.518421813359649875e-01 9.227020948900127584e-01 8.415739346210924232e-01 9.880848756860972637e-01 1.000000000000000000e+00 9.075718802368594185e-01 7.303666921410013613e-01 1.000000000000000000e+00 8.760211137670500525e-01 7.674611386226957155e-01 1.000000000000000000e+00 8.351503505733195443e-01 9.093005215525901130e-01 9.011137663296803213e-01 9.611701639937181296e-01 8.228301347571242985e-01 9.224917614603944660e-01
3.495626486392904853e-01 4.440939089772419912e-01 4.570130139169079619e-01 3.165057945958713037e-01 6.151820803324183906e-01 5.937680039658049802e-01 3.420946414558798110e-01 4.194804044853871483e-01 3.695682236562737866e-01 5.514229991648208484e-01 2.198608961265173245e-01 3.241912258918742684e-01 2.323561094427361307e-01 6.668772016738301334e-01 3.783637123134334646e-01 3.687764237180095606e-01 2.837229595271417715e-01 2.006735097569033455e-01 4.906797250976900338e-01 3.007575384759145209e-01
1.000000000000000000e+00 9.955001733972888012e-01 9.824148732299867737e-01 1.000000000000000000e+00 1.000000000000000000e+00 9.454617513552763253e-01 9.889724561759735133e-01 9.240745044914082662e-01 1.000000000000000000e+00 9.782562070139754207e-01 1.000000000000000000e+00 9.920136571441111606e-01 9.824504792193043956e-01 1.000000000000000000e+00 9.865337640295746002e-01 1.000000000000000000e+00 9.742315491762496560e-01 1.000000000000000000e+00 1.000000000000000000e+00 1.000000000000000000e+00
5.397315574515793024e-01 7.760492903716412760e-01 7.121980202460176379e-01 9.448538669685825342e-01 7.276266428757868221e-01 8.349878648706005047e-01 6.127376799995757350e-01 8.687583259288566007e-01 7.898944369421632139e-01 8.555951583608313316e-01 6.698081888091069747e-01 6.279225774207501942e-01 8.775392698801118829e-01 7.208701473950561711e-01 6.978324028085732822e-01 6.346601360160221139e-01 7.327879126404847066e-01 3.333013811747279620e-01 8.943439007207691915e-01 5.769235295117179918e-01
6.562321421879702132e-01 7.268346978678709158e-01 6.567173529328532711e-01 4.211702464315940642e-01 8.832624285938981412e-01 6.756572463921368676e-01 7.310689757482105033e-01 6.035900008115882009e-01 6.413804558866711414e-01 7.096494751091591002e-01 6.393712291070350329e-01 7.373509538713601819e-01 4.563650858941796784e-01 8.768378302956065795e-01 6.459281763888481409e-01 6.829612956318504846e-01 5.530383833917815739e-01 8.985212979163605951e-01 5.657483827403448906e-01 6.289065360560306406e-01
3.459624001506272917e-01 2.250609537331314802e-01 2.639418742486436820e-01 1.002134548902075262e-01 4.313777394110896446e-01 1.274280227384753383e-01 3.527290112183897874e-01 1.756963999017111810e-01 2.639940166045551262e-01 2.165114837214992538e-01 3.299502092548934340e-01 3.557490706177129369e-01 2.300716184606237391e-01 2.451711596325467646e-01 3.245491891156720432e-01 3.769854782182723851e-01 3.396980164322728757e-01 6.797921788258515230e-01 1.363608764748664159e-01 4.401316263325725231e-01
8.009551630194304828e-01 8.516953662997113206e-01 7.078259132322454183e-01 4.325130403244121235e-01 9.386196259685040122e-01 9.175918571063838014e-01 8.141515677991427724e-01 6.914525668473444631e-01 6.584159786277429260e-01 9.486522991331136634e-01 6.634538814891726144e-01 7.764977210131553953e-01 7.577489618588978404e-01 9.066147319384547654e-01 8.583454060905313376e-01 8.648987479650895871e-01 6.253360779100992639e-01 8.681906606772726853e-01 7.451297646414776210e-01 7.588234832931959328e-01
7.923060500750137569e-01 7.875882895092393143e-01 7.974792582459633294e-01 3.905819376872795567e-01 8.100518040798515562e-01 1.000000000000000000e+00 7.548840577853704881e-01 6.532959403922602437e-01 7.674501132253751523e-01 9.458635901502816523e-01 7.040923473705562596e-01 7.242464224610074552e-01 7.156225141695009562e-01 9.594801521538415257e-01 7.987849604176699980e-01 7.964063225139152991e-01 6.556556404986089159e-01 8.361111242007448485e-01 8.668044204037328448e-01 6.740632577144456405e-01
3.528589674009908195e-01 1.866442043790030869e-01 1.282351041608703335e-01 4.244152269594239635e-02 4.050491495348449433e-01 1.665619843392048272e-01 4.376546410029705791e-01 1.298527007849325510e-01 3.421427331562144625e-01 2.133051809623429107e-01 3.786265322094444219e-01 2.875537247805156627e-01 1.872759053880476698e-01 3.119553529727704944e-01 3.758164973983263435e-01 3.046702716071005845e-01 3.361822140074937626e-01 5.952478969382553053e-01 1.559665014843123199e-01 2.964269038037180004e-01
0.000000000000000000e+00 1.439517499776595075e-03 0.000000000000000000e+00 0.000000000000000000e+00 0.000000000000000000e+00 1.144256085961187393e-02 0.000000000000000000e+00 5.870579647068664697e-02 0.000000000000000000e+00 0.000000000000000000e+00 0.000000000000000000e+00 8.226835381369890232e-02 0.000000000000000000e+00 8.754757166508435329e-02 9.522836768980139782e-03 0.000000000000000000e+00 0.000000000000000000e+00 0.000000000000000000e+00 2.034483233544922068e-02 0.000000000000000000e+00
8.912508105221012000e-01 8.719993464857116461e-01 8.522522132821632734e-01 9.382698345790950745e-01 9.932116292783266243e-01 8.231776915696250585e-01 9.415286826524053021e-01 9.355362914890061887e-01 9.542223704223499192e-01 7.868052825462688027e-01 9.300537924641354426e-01 9.739868605701647031e-01 7.616081152896573281e-01 8.792078466956274596e-01 7.749668774471992760e-01 9.786759253519414781e-01 9.792392902463036286e-01 9.815412071025558793e-01 8.136382019884497163e-01 9.711107204239569635e-01
2.259714313628806426e-01 4.069722414793340848e-01 4.412061241628832953e-01 2.921464872163435644e-01 4.667247504615997244e-01 5.847380169479319267e-01 4.136420938407106562e-01 4.274638463280389100e-01 3.621179151286952891e-01 4.851067682559618288e-01 2.936916319421031263e-01 3.473301962426454947e-01 2.552296688027662630e-01 5.748667450373303733e-01 3.868010814174394074e-01 4.399437836272893643e-01 2.533618984396412421e-01 2.716892940152510483e-01 4.300343129274856180e-01 3.239118643416707410e-01
2.496553183412318910e-01 4.010694098243792749e-01 4.030347705015916437e-01 3.603009061793177037e-01 5.317304466682426511e-01 5.447716852384663078e-01 4.055509379446597951e-01 4.705684039455801937e-01 2.973519264276591745e-01 5.386625162704661296e-01 3.381717663624341230e-01 3.088492734271401918e-01 2.423440861306985772e-01 6.557230510910070365e-01 3.551452652424927359e-01 4.646036442667021427e-01 3.035888000430336242e-01 2.360317537107403663e-01 4.759015329421224516e-01 3.741980881629314304e-01
3.007922907792101030e-01 5.142111317425570594e-01 4.948752425866571047e-01 4.588965145120926792e-01 5.406279709935117861e-01 6.630601558228764736e-01 4.586259907195482932e-01 5.281945947203712244e-01 5.331484677181197451e-01 8.058350197228926204e-01 2.811263351615416739e-01 4.514289439224369316e-01 5.034500526644859475e-01 6.511466853588442349e-01 6.009551890603181956e-01 4.186574056313516756e-01 4.011172826096288113e-01 3.475102342489211349e-01 6.443385649463864162e-01 2.787074599828630594e-01
7.665230748792862814e-01 6.745559307548556482e-01 6.038575650919879578e-01 6.693701712412796212e-01 5.644088239746941627e-01 3.678597162677734733e-01 6.876051234303143245e-01 6.550975818068541789e-01 7.307980729885242832e-01 4.847101948491979728e-01 7.063573009272722247e-01 6.251779775280243978e-01 8.423637504772355511e-01 4.580599788880398426e-01 6.717445410330810107e-01 6.488131874613342065e-01 7.331709124446267323e-01 6.863598677264278747e-01 4.799526673030824475e-01 6.935184900801880659e-01
6.741258126896365610e-01 6.728599633291880711e-01 6.300244620810184770e-01 4.020719498467222874e-01 9.257022443795130950e-01 6.841983205848179983e-01 7.134800163790654404e-01 5.342452067408174354e-01 6.020745604952010277e-01 8.349045920086582973e-01 6.621212741907400723e-01 7.627810298429652525e-01 4.916473319741024306e-01 8.673539340661418073e-01 7.428544333630306973e-01 7.639902851555950836e-01 4.620477837194323922e-01 8.564753144485577341e-01 5.574722719982154739e-01 7.499546089793722725e-01
3.313868400143699655e-01 5.332845759109903216e-01 4.551717849083271039e-01 3.738822828919198260e-01 5.161599805926152529e-01 7.148886529601838902e-01 3.309618560815755783e-01 5.250321936449559024e-01 4.172009496123115779e-01 7.860305940067796593e-01 2.934609457380229491e-01 4.086600830574299570e-01 3.602286235758998534e-01 6.313954671491404103e-01 5.618734599802368557e-01 4.689061873265508718e-01 3.774778627266399122e-01 3.079688495782965107e-01 7.165922821814191268e-01 4.429969018838137429e-01
6.062880315797065656e-01 7.559615638881536093e-01 5.879926926630236750e-01 3.803309899822379103e-01 9.012561085692873952e-01 7.479838645267977704e-01 7.532278652725418189e-01 6.053713322042045819e-01 5.490685559548110772e-01 7.441628529579006335e-01 6.940153097485618483e-01 5.017098331918040666e-01 4.827413665761629002e-01 9.041702612497539704e-01 7.271594697770437099e-01 7.687074144134329323e-01 5.025798946296978764e-01 8.562489562298003509e-01 5.883074693917176301e-01 7.866910829320380438e-01
9.403565609873970610e-01 7.870195512112099223e-01 9.100764370298771722e-01 9.843470516159290584e-01 1.000000000000000000e+00 7.352137526464421757e-01 8.777641956846489180e-01 8.730313329036253345e-01 1.000000000000000000e+00 8.034652129506013596e-01 9.186436759829984533e-01 9.784798902520216446e-01 8.396290178245090496e-01 9.021993968110115780e-01 8.763283210058757655e-01 9.429054987359587470e-01 8.703089406741054690e-01 9.026182041378294496e-01 7.958427653433362003e-01 1.000000000000000000e+00
5.670637633066437644e-01 3.409591563633542766e-01 4.049079716782400529e-01 2.019462229608993686e-01 4.374972788039821481e-01 3.995367136735517022e-01 4.227256995963631359e-01 2.480924350191447691e-01 3.673926842847484719e-01 3.979699922416207736e-01 3.511356579041603476e-01 4.380272400181712267e-01 3.654496192265319077e-01 4.917240436418534033e-01 4.937112409473078389e-01 4.553114114935870593e-01 4.044660958594927802e-01 5.914368686425872657e-01 3.532608264350117211e-01 5.194416528954359791e-01
7.273331482529106218e-01 5.464961696868869678e-01 6.368348285213175641e-01 6.877886976403156938e-01 4.639144989622961401e-01 4.605275520546662227e-01 6.055556006232617472e-01 6.634030664918032505e-01 6.371018444774465550e-01 5.291226748266173452e-01 6.552941536961576219e-01 6.471850797827497503e-01 7.816093971103471594e-01 3.837313224716877302e-01 6.907559082268254214e-01 6.375227548455721927e-01 6.871187075896821872e-01 7.186570509889869118e-01 5.952223019121734016e-01 7.241894740659283736e-01
6.737801021272651347e-01 4.756440960045268396e-01 5.207841015533982709e-01 6.429837888538927348e-01 4.535020859652683645e-01 2.265739530464671581e-01 6.126045937292181609e-01 3.958719947151169705e-01 5.160334039424036012e-01 2.451437196687252795e-01 7.377321304879422836e-01 5.518266283855181031e-01 5.480691587852143387e-01 3.347323479701495574e-01 4.344406142389662939e-01 4.809364618078736942e-01 6.903781976133809284e-01 8.088636559399712267e-01 3.136431533713493480e-01 6.271792798161095472e-01
0.000000000000000000e+00 0.000000000000000000e+00 4.739991656132395981e-02 1.567821128794694586e-03 0.000000000000000000e+00 0.000000000000000000e+00 5.299923593947860299e-03 1.145024588589831638e-01 0.000000000000000000e+00 7.653258525616957186e-02 0.000000000000000000e+00 0.000000000000000000e+00 0.000000000000000000e+00 0.000000000000000000e+00 7.509645893029325003e-02 0.000000000000000000e+00 0.000000000000000000e+00 0.000000000000000000e+00 8.328048337319182703e-02 0.000000000000000000e+00
7.934587593811203154e-01 8.362520661337141670e-01 8.287171044451601132e-01 9.453611173833844639e-01 9.404626192498565240e-01 8.204736697304662041e-01 9.488014048896824537e-01 9.584766069613291917e-01 8.819601665846293903e-01 7.838661458752380629e-01 9.534339951989484474e-01 9.597194508078856767e-01 7.575036652481089705e-01 9.356554260099650966e-01 7.751436921982819417e-01 1.000000000000000000e+00 9.573141410177105071e-01 9.652100366812129684e-01 7.240193342235115015e-01 9.280545695665110006e-01
9.487969690854234361e-01 9.255828577544271685e-01 9.795826823722167953e-01 9.245292349497777895e-01 9.813746687976503402e-01 8.386655553594504209e-01 9.915909736478343284e-01 1.000000000000000000e+00 9.052812370063615388e-01 8.484693723862165582e-01 1.000000000000000000e+00 8.992924691384750480e-01 8.091300138552112164e-01 9.067064854850923616e-01 7.990032886934651524e-01 1.000000000000000000e+00 8.766036117125254323e-01 1.000000000000000000e+00 7.576800875230760290e-01 9.755742104264122361e-01
4.809064533088356908e-01 6.426943976398546976e-01 6.176364248369010657e-01 8.895494372320065235e-01 6.907428532636968876e-01 6.124472950228478929e-01 5.192153558350709464e-01 7.289539952956836100e-01 6.730617460999250845e-01 6.252077814716743287e-01 6.332666017064866315e-01 5.811046500596382947e-01 4.983788039266948133e-01 7.095416684737692048e-01 4.852719114105994991e-01 6.213171265209282979e-01 5.821481683062660339e-01 3.316126930483319080e-01 6.221211730083958669e-01 5.885458754266923442e-01
6.113252717917462276e-01 4.832750061101530603e-01 4.788306630987911872e-01 5.602163842128098370e-01 5.173270113672144843e-01 2.022954828829117147e-01 5.682502088510211768e-01 5.992385035576434094e-01 4.974973868167524849e-01 1.925337939041935342e-01 7.276468205155276481e-01 5.795330240671140443e-01 5.696410425578796177e-01 3.244862425231244685e-01 4.645187028308672694e-01 4.281448521787578065e-01 6.481039907538179712e-01 7.484621844029817339e-01 2.983185162444072502e-01 5.969825596920502742e-01
5.285361748296327766e-01 3.858022931148352153e-01 4.022288456552857161e-01 1.596777659503968161e-01 3.463863039374253106e-01 3.928483271567514978e-01 4.088564059375534021e-01 2.489772761189375239e-01 3.653689975004582036e-01 4.169639337056162409e-01 3.176759426123568208e-01 4.226608228323522898e-01 4.891389763586501127e-01 3.485357959121612725e-01 5.089710445991155741e-01 4.011985550918626964e-01 3.740483341386255378e-01 5.636970974266813927e-01 3.376942804894114691e-01 4.294797119809198316e-01
3.109538665962573445e-01 4.420244275523492750e-01 5.080050979858644622e-01 3.631541254595002655e-01 5.876646169363726191e-01 6.833024745610338790e-01 3.093128064171882796e-01 5.206371331007083603e-01 3.990645193470340191e-01 7.197077141892187502e-01 2.809985991875975642e-01 4.016162360498642392e-01 4.791003964290836969e-01 7.076590019547497334e-01 4.639092431803732985e-01 5.507909379303432829e-01 3.127079603293722032e-01 2.811351180298763963e-01 7.332551092744311605e-01 3.845645086078979813e-01
3.321852637580689493e-01 2.513932837937341014e-01 1.793607305980474131e-01 8.448696511265271769e-02 3.894556017041828078e-01 1.695871012832948499e-01 4.429646511738105086e-01 2.299330989348442600e-01 2.918125105016894372e-01 2.082285550115690609e-01 3.379016051087568306e-01 3.976237386767430548e-01 3.326855290121016329e-01 2.901261169816684027e-01 2.846413671396421652e-01 3.698507142472151066e-01 2.351491130511108585e-01 5.179969572260205712e-01 3.099422409528097833e-02 3.932573348812691827e-01
4.044979613263943730e-01 5.865750689606633594e-01 4.734717770011482307e-01 2.412695745263690184e-01 5.449003686604513286e-01 8.109977753558766933e-01 4.021585625922242668e-01 5.492434869377520457e-01 4.531848978506166636e-01 6.875206092715455686e-01 3.157868062727003933e-01 3.526102852047745539e-01 4.288176443707645280e-01 6.282349372182985947e-01 5.343354142918238514e-01 4.719331612362547279e-01 3.656647183909336185e-01 2.838605599170787586e-01 6.727868710410226383e-01 3.592540653193643796e-01
3.721188996782154867e-01 5.800777331994264596e-01 4.171924926529700928e-01 3.686074640558625326e-01 5.394152842667045977e-01 7.350332913299896243e-01 4.024684354627071636e-01 5.171551321677680946e-01 4.057478204764983221e-01 7.326757676648876227e-01 2.741560856565456450e-01 2.793458505529076152e-01 4.303950657154896331e-01 7.294374538040276912e-01 5.942037197513709845e-01 4.261286653156038384e-01 3.945781293813778734e-01 2.392210011989312490e-01 7.062329878298758690e-01 3.531344588085851277e-01
1.475681878804807334e-01 3.482957700182075927e-02 5.994710032596361256e-04 0.000000000000000000e+00 0.000000000000000000e+00 3.457781214076957599e-02 0.000000000000000000e+00 3.861641863022761273e-02 1.493536507244595107e-02 2.360306665992539452e-02 6.247968647953432673e-03 0.000000000000000000e+00 0.000000000000000000e+00 0.000000000000000000e+00 0.000000000000000000e+00 0.000000000000000000e+00 4.860097498599452032e-02 0.000000000000000000e+00 1.899845378015682998e-02 5.660953986330975740e-02
4.230903099221514641e-01 2.580075869695846458e-01 2.956665065143061488e-01 0.000000000000000000e+00 3.887010771618552574e-01 1.247114804581866687e-01 3.370790180130902036e-01 1.129411733489027181e-01 1.680933197455283801e-01 1.551604582603894333e-01 2.886254700767916237e-01 3.268962051532352531e-01 3.673581020131357899e-01 2.105761989901761277e-01 3.209560581052233186e-01 3.112407033326625161e-01 3.315605548918505452e-01 5.961160563997680573e-01 1.817817174191004581e-01 3.879605786515705756e-01
5.686680861833568468e-01 7.296119990268217226e-01 7.362799712788319351e-01 9.706585162907807041e-01 7.300592337377949104e-01 8.426804645037059283e-01 6.538974593513756650e-01 8.684411292370981528e-01 8.180831802076642401e-01 8.658099120342263033e-01 6.046908515004743023e-01 5.803925336976011318e-01 6.752431871468829172e-01 6.889917091959376627e-01 7.439645746944036908e-01 7.255118606162265227e-01 6.178862411928119913e-01 2.916421527697991012e-01 8.241310400098942335e-01 5.497698722860046017e-01
4.241738861140638139e-01 3.154064421469523483e-01 3.557970587335120838e-01 5.931937199882963974e-01 9.335367606316613553e-02 2.378030201391851672e-01 2.294453509460769591e-01 4.044295991769430998e-01 3.884478025143549007e-01 3.099196053201313528e-01 3.265853669170641904e-01 3.144708575606908196e-01 5.667571118798339080e-01 7.649244167614482892e-02 4.096632322733514964e-01 1.791204245183413701e-01 3.400970809743142365e-01 1.335162228765007786e-01 3.764546067169879384e-01 4.006888141248752255e-01
3.975363252044445961e-01 3.179965980481798682e-01 2.126788729113444909e-01 1.230248435097885951e-02 3.732961953042385206e-01 1.738011192854866382e-01 4.255754054990767976e-01 1.737610944101372901e-01 2.641370612848994437e-01 2.130787046375314797e-01 3.790479795752200731e-01 3.404251073106654424e-01 2.866447318639525066e-01 2.068886842767366785e-01 2.879016630010154398e-01 3.761458308762603009e-01 2.573900443199946264e-01 5.842158977666268571e-01 1.046937610524179690e-01 3.904542242547606734e-01
4.279568116308696268e-01 5.896653753646758922e-01 8.056807326432255945e-01 9.211166923272595675e-01 6.568207494916966649e-01 6.738920790362762370e-01 5.878775069621625660e-01 7.698497267594326399e-01 6.754452471939801361e-01 6.135432271826968265e-01 6.530703358846184914e-01 5.991983359977414159e-01 4.582042500536582796e-01 7.756569708178682188e-01 5.621553875905456188e-01 6.401925892299055176e-01 5.687957494275660553e-01 3.038177017896128707e-01 7.346167752882889479e-01 5.354260235276877555e-01
6.198186531102946040e-01 6.749577634145154104e-01 7.402494884651611429e-01 9.582730909488579307e-01 7.114406920023628178e-01 8.647054054193115125e-01 5.517047510624295548e-01 8.115544945759078921e-01 6.863553199852971964e-01 8.433216745702570849e-01 6.602628945144833894e-01 6.462381373833362419e-01 7.703337374774656965e-01 7.497745252141668759e-01 5.774517072783222904e-01 5.902935604067732767e-01 6.804796956727030555e-01 3.826476397135527008e-01 8.699589311446169759e-01 6.284975209777666771e-01
2.354962363953944371e-01 1.716140104249297971e-01 2.732548328898588008e-01 6.088351253445837274e-01 8.999294170478495947e-02 4.284841709995414194e-02 2.201959822042586501e-01 3.678418416704914984e-01 2.541234615562231181e-01 3.795376740378404723e-02 3.706062513816965054e-01 2.939088129079199252e-01 2.502656560010084186e-01 1.101688636606947963e-01 1.477731906220451363e-01 2.008300266773082043e-01 2.950671557421691849e-01 1.067840181776683328e-01 2.464380676714054696e-01 2.057271446615169808e-01
6.794887012927698366e-01 6.681718651567529754e-01 6.604372519728471946e-01 5.212272126214687606e-01 8.839244968649643264e-01 7.070251333149510931e-01 8.203831349983949917e-01 6.429391758265537993e-01 5.768331614819717235e-01 7.568382472017516349e-01 6.270130135591474030e-01 7.160682940551105213e-01 5.400446050792344632e-01 9.196427713530298531e-01 6.234117363042588345e-01 7.699327274108829222e-01 4.816128525988894737e-01 8.916041733204776998e-01 5.732443944353642351e-01 6.571982269209903915e-01
5.737049923605156421e-01 7.043806008510398176e-01 7.157129863400543135e-01 9.630803183335576723e-01 6.079965012019844517e-01 7.821473332580549664e-01 6.596687168447330496e-01 8.710588167172925722e-01 7.842161144082656632e-01 8.385025681769715522e-01 5.466056377024991475e-01 6.615388959640560174e-01 8.127929488770428978e-01 6.946593038293232825e-01 7.106484290845184182e-01 6.221344115399554120e-01 6.826460452421987402e-01 3.394279268644695979e-01 8.387891919712918698e-01 6.801977971450031690e-01
3.634809891103186752e-01 2.810692667717383797e-01 2.719355395073780324e-01 1.242501175536675218e-01 4.575457463003244074e-01 1.648133294918349423e-01 3.727644504889886523e-01 1.283794181762716868e-01 3.099391057538419258e-01 2.174908958952717630e-01 3.666646427122391971e-01 2.444861359494084063e-01 1.847655904794257009e-01 4.083106117056363171e-01 2.418783681539891928e-01 3.068827072868872130e-01 2.638533357291110160e-01 6.855720946152776829e-01 1.205160205736449941e-01 3.547413543863222052e-01
4.523226635919223582e-01 2.246072341777567427e-01 2.307943115499612452e-01 1.180665206793481137e-01 3.428405902078404122e-01 1.825607365257801429e-01 3.788224327408853398e-01 1.677489591809735170e-01 2.157804482108622024e-01 1.766096258979916733e-01 3.081279698495372199e-01 4.149820383955775682e-01 2.298063076808958827e-01 3.111719371940825929e-01 3.125595816963668838e-01 2.479435340478144956e-01 2.795194638318285185e-01 5.992407047815119236e-01 1.074051126902922926e-01 3.714379381771263922e-01
3.472565689625806695e-01 3.093531047355588259e-01 3.161508685709244482e-01 6.769964656275665460e-01 1.216535473746905294e-01 2.668127809873910850e-01 2.718480202943758250e-01 3.877372665665004825e-01 3.367025489325057852e-01 2.801561001673180673e-01 3.281298378435322793e-01 2.368229471835840705e-01 5.306230766542985311e-01 1.211634889409441140e-01 3.707336217763477215e-01 2.367339536039480552e-01 4.405159342405395306e-01 1.329254245682631452e-01 3.681266603059801801e-01 2.150271686366633794e-01
6.456792438020527714e-01 4.218383684378851362e-01 4.766620952285937629e-01 6.024476678985919431e-01 4.624528293263375223e-01 2.383165804125129961e-01 6.260565690165750263e-01 4.970697183465623281e-01 5.187946909020415553e-01 2.928014803330613036e-01 7.319776396097285032e-01 5.268672258695427102e-01 5.119367803946861528e-01 3.033317110117795812e-01 5.449163189894863368e-01 5.645701082379377400e-01 6.545881981652066361e-01 6.811287969623879279e-01 2.421274805848628031e-01 5.199636431406948756e-01
3.706844612062833999e-01 3.518231944154188717e-01 4.062840510245231962e-01 6.612926974590521700e-01 8.184728961643081280e-02 2.122906036896447246e-01 2.540869986261178881e-01 3.800977944393683639e-01 3.920341143295824615e-01 2.624073200471808143e-01 3.691635163031679601e-01 3.330987556802904592e-01 4.896035702128496703e-01 1.003143522042796165e-01 4.461227218767571667e-01 2.291740403167279172e-01 4.667677219356083929e-01 1.351260823761722685e-01 4.110201018397423023e-01 3.129948237982064785e-01
3.855688154211846519e-01 5.311835129329957050e-01 4.686305214025920374e-01 4.754100669124620149e-01 5.267036195175615054e-01 7.313096936248708602e-01 4.352457820811898026e-01 5.032565920044234087e-01 4.719325805401883844e-01 8.390793899776630704e-01 3.477228294654139962e-01 4.051994859485305578e-01 5.085785137446229287e-01 6.575579909847260041e-01 5.363773305067469632e-01 4.927271083078408886e-01 3.486491622733631779e-01 3.128245353362762993e-01 6.660984264659733922e-01 4.098828338407312089e-01
1.000000000000000000e+00 1.000000000000000000e+00 1.000000000000000000e+00 9.908558302776759863e-01 8.920459780598501975e-01 1.000000000000000000e+00 1.000000000000000000e+00 1.000000000000000000e+00 1.000000000000000000e+00 9.741875284672847357e-01 9.360759295529111901e-01 8.996464484861094180e-01 1.000000000000000000e+00 1.000000000000000000e+00 1.000000000000000000e+00 1.000000000000000000e+00 9.588969968596325888e-01 9.867564045062997558e-01 9.816009312706056589e-01 1.000000000000000000e+00
8.728690647709820283e-01 8.079714756763685113e-01 7.990360936211206022e-01 9.363184421342746200e-01 1.000000000000000000e+00 7.590286650210907871e-01 9.715060215804133259e-01 9.283815544575749756e-01 9.480878772690426448e-01 7.742922403075271909e-01 9.613787806095769328e-01 1.000000000000000000e+00 8.794251976154561223e-01 9.390444308996344080e-01 7.007228891568211271e-01 8.927626662799748036e-01 9.378052921451082158e-01 1.000000000000000000e+00 7.770838980758350001e-01 1.000000000000000000e+00
1.637272481164777638e-01 2.014021074937022704e-01 2.913040726424628857e-01 5.445114500369542254e-01 1.482210528095991020e-01 2.461966434765558778e-02 1.552184104631504635e-01 3.714561699964073482e-01 3.964281653685398088e-01 5.616361091132621858e-02 2.248230253751613839e-01 2.495856401882259323e-01 2.787494855217602097e-01 1.055669080392888926e-01 2.226796763009097346e-01 1.121961909187276923e-01 2.559489419212278571e-01 1.049607638985050329e-01 2.814450712838721946e-01 2.589255757020021975e-01
0.000000000000000000e+00 0.000000000000000000e+00 1.182159695523491739e-02 6.924180659511845748e-02 2.716088828919725057e-02 5.454581233312846486e-03 0.000000000000000000e+00 8.950011250500689020e-02 4.318486557961869268e-03 0.000000000000000000e+00 3.796503319548960587e-02 0.000000000000000000e+00 5.464452046247227079e-02 0.000000000000000000e+00 1.425048296755178634e-01 5.496589136362607653e-02 0.000000000000000000e+00 6.291081017374730577e-02 2.728347028821530296e-02 0.000000000000000000e+00
2.843288292824642793e-01 3.909771904215793015e-01 3.714810388451136314e-01 3.264533785543884958e-01 5.451935467572855964e-01 5.189999277471736283e-01 3.684239226457960981e-01 3.611226724576290237e-01 3.212667233975946002e-01 5.707213995338692447e-01 3.929160696493106952e-01 3.536899803168201406e-01 1.916484628696982495e-01 6.609635436386908092e-01 3.741057327392813825e-01 4.101206585240473879e-01 2.322551550876397752e-01 2.976510842394169964e-01 3.560289952574076655e-01 2.745680031307016211e-01
7.243728093244717892e-01 7.317983973398465292e-01 7.659134946606442895e-01 8.892133455273313336e-01 6.859152223768574252e-01 7.910374209777270016e-01 5.810121978384705788e-01 8.885441285283940394e-01 7.135237517313935962e-01 8.381095437082951571e-01 6.189490968232120860e-01 6.158457557107800406e-01 7.795436724819193586e-01 7.122304659968334839e-01 5.679458935642506257e-01 5.826658446486694398e-01 7.191557069467363617e-01 3.935901118246979968e-01 8.834002499229884897e-01 5.373959962529737400e-01
8.058896442047840392e-01 7.880854363825779973e-01 7.013227139294270218e-01 4.210694732724160061e-01 9.256042163684354840e-01 9.253701536193854604e-01 7.030454154419936152e-01 6.271879417057106831e-01 6.503222935813928185e-01 9.367202392004418954e-01 6.612179326426745885e-01 7.643505789663056493e-01 7.082858578396813432e-01 9.610296578046694238e-01 8.457272443100523063e-01 8.274961805694767136e-01 7.624795225776036522e-01 9.431556532129290460e-01 8.948560086026878801e-01 7.409452584607284509e-01
0.000000000000000000e+00 3.893868706967609783e-02 1.101988424582059714e-02 2.340991049574588784e-02 0.000000000000000000e+00 0.000000000000000000e+00 5.869158858746387208e-02 0.000000000000000000e+00 1.897227773388307503e-02 2.068259881341140416e-02 0.000000000000000000e+00 2.431601505726714227e-02 0.000000000000000000e+00 0.000000000000000000e+00 0.000000000000000000e+00 0.000000000000000000e+00 0.000000000000000000e+00 6.414820936607977531e-02 0.000000000000000000e+00 9.070832536723664671e-03
8.738218917664890284e-02 2.871667108248655842e-02 1.504371686550723120e-01 4.167001173688036214e-02 7.380398241290439532e-02 2.026877939533284489e-01 0.000000000000000000e+00 7.855414864892171223e-02 1.063290556698404943e-01 1.926565305524614580e-01 0.000000000000000000e+00 1.441545410772975544e-01 1.718934638348725286e-01 1.837550773867743098e-02 1.841450558903117152e-01 2.330420777337453841e-02 1.143172459967380650e-01 0.000000000000000000e+00 2.556627413281801209e-01 1.256144355111261934e-02
7.395713314220071499e-01 5.864551758706072482e-01 5.421837358097152393e-01 7.262931564357137937e-01 4.682473514925991065e-01 4.597644905628663348e-01 5.792568145777503563e-01 5.774452062624093607e-01 5.396489254776453137e-01 4.735382743075587375e-01 7.503634701775035998e-01 6.961801808586723928e-01 8.119715348026319557e-01 3.919386384760524256e-01 6.861131378060493224e-01 5.341891973809563821e-01 7.542600846752072208e-01 7.287904052284155387e-01 5.798302540636961488e-01 7.672541188431123427e-01
8.619999424371682650e-01 9.285732291560241380e-01 8.714364558095517577e-01 9.313185164954829176e-01 9.658805152809829542e-01 8.006008494921349472e-01 9.564471388427773224e-01 9.620503683656581595e-01 9.591411087845531647e-01 8.364856378092070388e-01 9.713699218891875820e-01 9.440796291103552562e-01 7.024608905524660774e-01 9.792546471222851601e-01 8.144188141901366196e-01 1.000000000000000000e+00 8.625935457504149140e-01 1.000000000000000000e+00 8.072735196627939258e-01 1.000000000000000000e+00
3.162555702870116225e-01 4.224165570997840957e-01 4.076911371291361830e-01 5.600135156313520435e-01 1.189676341245255869e-01 2.050717674761587672e-01 1.983926566038699824e-01 4.062213312399182708e-01 3.953246924247810212e-01 3.211499225363095844e-01 2.552775280327104213e-01 3.165626181743433909e-01 5.109444793276450847e-01 1.491502977250426798e-01 3.463131003761740212e-01 3.100801832035644523e-01 4.502431637886352145e-01 1.828961981820772520e-01 3.649126060591912912e-01 2.087296602254993805e-01
7.535244994100415150e-01 7.655688704348646567e-01 7.981718361822617291e-01 5.342302180381384158e-01 1.000000000000000000e+00 9.665825158122803851e-01 7.794608748418563327e-01 6.723338747894638256e-01 6.799311185898483378e-01 1.000000000000000000e+00 6.710839269124088124e-01 9.011196153899689865e-01 7.490967424342692693e-01 8.961628249064288454e-01 8.137473046941885446e-01 7.410515676787224892e-01 6.939539176878966042e-01 8.549514713573216351e-01 8.086389455135998272e-01 7.038253382862190710e-01
9.855416034270576553e-01 1.000000000000000000e+00 1.000000000000000000e+00 1.000000000000000000e+00 9.744564612511744661e-01 9.440436280298692973e-01 9.878479485767933665e-01 9.727150688930681355e-01 1.000000000000000000e+00 1.000000000000000000e+00 1.000000000000000000e+00 9.504525543911240826e-01 9.837074983083899937e-01 9.877613533893025988e-01 1.000000000000000000e+00 1.000000000000000000e+00 1.000000000000000000e+00 1.000000000000000000e+00 1.000000000000000000e+00 9.891523087494669131e-01
1.067439887556853040e-01 1.263752739992022589e-01 0.000000000000000000e+00 0.000000000000000000e+00 2.971641070633036091e-02 1.407518647627591935e-01 0.000000000000000000e+00 9.044410107814934707e-02 1.440767892585492760e-01 2.327947586227690491e-01 3.281350020755467028e-02 5.585721033640947408e-02 1.498970678311479787e-01 0.000000000000000000e+00 2.325549956190114675e-01 6.775454461242386150e-02 9.452009659054325108e-02 5.386660315716771535e-02 1.725145468755439060e-01 5.575995787837670359e-02
5.349464497781938332e-01 4.879716504253636677e-01 3.586488878929741109e-01 1.050011172616978350e-01 3.833562083738710213e-01 3.184871660626736878e-01 4.464082417255839652e-01 2.342703581114855549e-01 3.653262036427218917e-01 4.225482587987435812e-01 3.445534329741157253e-01 3.998062559059379906e-01 4.238797319803920827e-01 2.150832534955629816e-01 4.621922227713643472e-01 2.748067066345507015e-01 4.886261869933042901e-01 5.496546407128287681e-01 4.169213144554625994e-01 3.824986524334169635e-01
3.451455193732479998e-01 2.972208446844312180e-01 3.321390814185181117e-01 7.167369248992473407e-01 1.461076994509490912e-01 2.264092907010352429e-01 2.222790924205308438e-01 4.087752769708964951e-01 3.672877687487001164e-01 3.317156192292354810e-01 3.597570344450619628e-01 2.682888874347851837e-01 4.931218737093102100e-01 7.326347167808364147e-02 4.213575722070461160e-01 2.211815112431603503e-01 3.724535507307120130e-01 1.211280938240253957e-01 3.987144853325297333e-01 3.809931083995442558e-01
3.401621615047507596e-01 2.995971067541687849e-01 3.985498395904895075e-01 6.206482154408643481e-01 6.486373444046238113e-02 2.620569675287184319e-01 2.201427543039698453e-01 4.148696680361125821e-01 3.839802842254900761e-01 3.158526097803825428e-01 3.915944289742609996e-01 3.639365004896816802e-01 4.716683108469076902e-01 1.397203852726942586e-01 4.339829955492800484e-01 1.626239133170447326e-01 4.678700892822943436e-01 1.489494961509303939e-01 3.639237724752262815e-01 3.216641771500399760e-01
