1.022611116509641649e+00 9.692299911618295072e-01 9.860027177560903855e-01 9.556329000197900658e-01 1.030878858658815345e+00 1.015287371036699859e+00 1.020025183098604460e+00 1.002263485108797036e+00 9.818826021461233289e-01 9.871078795928932559e-01 9.903145181611199277e-01 9.918908406958170110e-01 9.720240146005383330e-01 9.949878218217750314e-01 9.852968682838806336e-01
9.918475724326691889e-01 1.006297311998505917e+00 1.000754391062295134e+00 9.913565368762199403e-01 9.763325427922789901e-01 1.049034646439418239e+00 1.033170353058787239e+00 9.953631689734475652e-01 1.016317789427943818e+00 1.009334338447694934e+00 1.006610551025049149e+00 9.905304078310313010e-01 9.873432904720705894e-01 1.029874440685394132e+00 9.940934439754615104e-01
4.924119489823463591e-01 2.833776100526979036e-01 7.312785714285638949e-01 3.149919080714262409e-01 3.046386353344078257e-01 6.551188337484451507e-01 8.025054624051208840e-01 7.631962549053854517e-01 3.348248530264001932e-01 3.966883571423100441e-01 6.315714812997890171e-01 6.943603349568033822e-01 6.598464996044840492e-01 5.339821244324960414e-01 4.787923761783076659e-01
5.091248487612283213e-01 2.825180211740085379e-01 7.154665982356107623e-01 3.093716953022393468e-01 3.240615343732319298e-01 6.856251762992917609e-01 8.141812965256205459e-01 7.791567682156904651e-01 3.366181491874407072e-01 3.693971259210775404e-01 6.404998651740820836e-01 6.536530334722078228e-01 6.791318778443083959e-01 5.574372326384082754e-01 4.674166035255312712e-01
5.031655422569035752e-01 7.431197142806447165e-01 2.722980581169220926e-01 6.739787555816025844e-01 6.744469275970452760e-01 3.536546481715460710e-01 1.885326323082809064e-01 2.056424533574402747e-01 6.300928042977864685e-01 5.644207295448515627e-01 3.637759715950199535e-01 3.390344368031211753e-01 3.010467160200147596e-01 4.596314822013899404e-01 5.628815895495753452e-01
3.636967034719988390e-01 6.194496600085553917e-01 2.082833964769031931e-01 2.159623400599693654e-01 5.630410679420206899e-01 3.121628055495493936e-01 1.655997821905342560e-01 1.557159978445407100e-01 5.910352799686853231e-01 3.732562218147824074e-01 2.356823474248664063e-01 2.166287848560732032e-01 2.944142514780990760e-01 3.975243722129709334e-01 3.295721726370569593e-01
8.701284232872556756e-02 6.535096793421217576e-02 5.814550869205567518e-02 4.171911178473433068e-01 1.293701412240149673e-01 3.861730979855421131e-02 8.367218605784838836e-02 2.642668335063542984e-02 1.254500828173852611e-01 2.477116602283326308e-01 9.286625566134892873e-02 9.284259936339037123e-02 1.489066057605189716e-02 -1.034133990363366590e-02 2.452238649057751907e-01
4.895884589179992363e-01 2.730106376084397435e-01 7.239830214639029204e-01 3.482658770084108846e-01 2.823685969376002469e-01 6.882957205647841636e-01 7.851519412994296676e-01 7.869231266535751113e-01 3.070778462279771248e-01 4.197981019877674580e-01 6.540110425251163262e-01 6.651223031742738989e-01 7.352729656983408857e-01 5.573244776600486672e-01 4.631315553682495145e-01
1.011736038048709485e+00 1.009157736194100874e+00 1.011643813951481619e+00 1.036886679508002285e+00 1.020786981797345394e+00 1.032600958406440173e+00 1.022614303365471322e+00 9.974960497187260744e-01 9.563985541365062071e-01 9.787451259541267712e-01 1.019938537535770129e+00 1.014504095065212441e+00 9.884812847772277422e-01 9.908727069653826547e-01 1.011872581315926389e+00
8.801980100453961064e-01 9.030396032854293153e-01 9.775218418766239425e-01 5.635653961857389760e-01 8.866352766773663019e-01 9.554364869642122393e-01 9.086689282211808383e-01 9.694804777096509563e-01 8.666298096289043462e-01 7.617617275460119020e-01 9.100556732710348706e-01 8.863715070072107904e-01 9.806285224417454760e-01 1.007098018289479757e+00 8.089210570586451432e-01
3.723775425184115417e-01 6.803952024399660958e-01 2.209152875049958387e-01 2.033047794058996938e-01 5.626220619448528693e-01 2.990271249547060695e-01 1.323113413255822823e-01 2.015367405100038922e-01 5.551775393532777381e-01 3.382979503059641568e-01 2.646094741676869311e-01 2.391141593325528947e-01 2.983020450972194704e-01 4.463628720687301543e-01 3.529920029809907045e-01
5.234392045123366088e-01 3.146623692574173070e-01 7.289680075454758601e-01 3.467397733170765606e-01 3.550180589874334935e-01 6.875450088810091120e-01 8.114615669984870383e-01 8.024542877063720603e-01 3.153033013331842938e-01 4.302493600682043007e-01 6.409894893638834468e-01 6.656010807000196650e-01 6.888801378059593583e-01 5.753982678754605562e-01 4.754561728161314504e-01
5.797829690340827735e-01 3.693389817788720331e-01 7.656687846731256020e-01 7.897931026765000473e-01 4.542258467234880914e-01 6.697316896070457659e-01 8.886355487788296648e-01 7.910371926208767945e-01 4.600510733362449534e-01 6.510368485357057589e-01 7.396049360835583730e-01 7.633977272775971379e-01 7.285462579164424524e-01 6.074921649780831157e-01 6.515896123789406413e-01
1.017151729691698314e+00 9.674421832010796640e-01 9.738872597263383835e-01 1.001263636332190288e+00 1.002326465675119627e+00 1.038272484181269162e+00 9.948131546298666361e-01 1.026162102110116159e+00 1.023929025818782534e+00 1.017445731990899160e+00 1.017526188804929177e+00 1.011796470676714410e+00 1.001262406020549500e+00 9.520533736350944576e-01 9.915798391248971111e-01
8.803165619766846195e-01 9.252922392528534212e-01 9.557384716021040116e-01 5.417590324455363593e-01 8.980766150988239716e-01 9.672172660771851671e-01 8.857781185343134300e-01 9.432166896379774457e-01 9.102877857514503068e-01 7.803545081863931809e-01 9.325272699420722455e-01 8.920181009751139145e-01 9.544255219279793589e-01 9.600712270182408803e-01 8.091012853066902322e-01
1.037100573740687537e+00 9.958061783132597933e-01 9.647179421872987826e-01 1.045696364600301909e+00 1.010929625460012415e+00 1.010400919672921338e+00 1.009068025526604018e+00 9.996805321348630757e-01 1.011510082345926875e+00 1.012299831473368439e+00 1.006957448098141583e+00 1.009605106362384541e+00 9.754029379219363305e-01 1.024178447391010049e+00 9.779817931045196033e-01
5.091249686142260700e-01 7.415024303965522812e-01 2.600746413417833192e-01 6.678727635282909469e-01 6.536446507894104752e-01 3.098707533618284549e-01 2.099105188126858534e-01 2.010042888316838361e-01 6.536816599912803616e-01 6.186799707611211341e-01 3.681775060885204010e-01 3.296034841364987589e-01 3.157598102448708199e-01 4.161575532609550487e-01 5.299079110447021401e-01
7.166561049676968553e-02 8.425556212962734270e-02 2.022697660123618651e-02 4.188744767745117281e-01 8.706544969398946621e-02 3.496598133374533707e-02 5.700861303617278664e-02 6.231129419113214107e-02 1.121999555495003242e-01 2.255016728502598489e-01 1.029988868245493849e-01 8.764958876058079329e-02 3.455555418587148708e-02 2.048138395797469494e-02 2.315197455432376761e-01
5.364714930221070599e-01 2.746830072380480603e-01 7.033846495205302585e-01 3.582898889794008390e-01 3.366831562108683618e-01 6.636628191253899356e-01 7.900241090898387775e-01 7.616379146553987622e-01 3.476246102099139201e-01 4.249894024663993797e-01 6.134746994326228942e-01 6.623105982478212361e-01 6.956407324801974212e-01 5.267940719812261863e-01 4.774088748501643664e-01
5.198566247887324021e-01 7.384423614447370721e-01 2.663603414923505497e-01 6.380526454054744612e-01 6.917636819199844966e-01 3.599932048879738167e-01 1.965953448988162489e-01 1.914897868978627238e-01 6.511793230652935804e-01 5.951758314059181210e-01 3.684318064447947849e-01 3.338481029443654546e-01 3.166930717642496562e-01 3.859862173759358028e-01 5.281517235767961838e-01
5.190365825296605617e-01 2.655956246957144606e-01 7.297685862244934762e-01 3.449089915888514657e-01 2.871139240020532668e-01 6.902109183977441775e-01 8.113389876045813409e-01 7.858063303967741664e-01 3.433428422079793374e-01 3.839294924975839574e-01 5.855868027302284506e-01 6.285616099626056830e-01 7.093727614163650719e-01 5.555206330121085223e-01 4.456015651745620643e-01
4.180097750289489822e-01 6.497174322611035668e-01 2.519785537769502204e-01 1.872239291212188239e-01 5.476450241063017810e-01 3.035209232536441593e-01 1.130703714450562447e-01 1.854473057095533117e-01 6.158749644107431864e-01 3.333847086116404901e-01 2.993692943490780523e-01 2.116402604686244693e-01 2.749509661881152645e-01 4.242013444576236414e-01 3.402918500634440346e-01
6.357884835648085486e-01 3.563088130966043932e-01 7.501086468706106292e-01 8.090313032829118400e-01 4.275009461672940048e-01 7.016326147937840263e-01 8.607260368371030257e-01 8.511211003656541374e-01 4.486755088865694852e-01 6.667801552634797790e-01 7.645465918582041720e-01 7.704023450173376197e-01 7.191925632677094171e-01 5.968059469604044542e-01 6.556784590695355908e-01
5.017273714215075842e-01 6.913768540319447098e-01 2.826676303835508608e-01 6.682105697298429403e-01 6.693300126067639466e-01 3.205716852645826842e-01 2.051530026932220641e-01 2.361311684291346191e-01 6.674700679713978513e-01 5.951986045282907645e-01 3.244560845684515415e-01 3.585760619558281959e-01 3.146685445680329485e-01 4.215124516306670288e-01 5.352816243129903118e-01
9.891086996350242355e-01 9.973350623049933583e-01 9.760100659940775802e-01 1.037166576728327572e+00 9.843671440489717428e-01 9.836957244736722616e-01 1.002555674697273025e+00 1.022012488119114826e+00 9.813147924647955822e-01 1.021133751755292085e+00 9.672271368445142237e-01 1.010637474124406410e+00 1.031858071425448387e+00 9.986804691321992111e-01 1.021245720969638837e+00
5.455462116409908191e-01 2.910228696490616551e-01 7.015564254797038712e-01 3.346005657387690069e-01 3.073267075434060747e-01 6.883848315052479849e-01 8.049794957154077224e-01 7.934555496273065778e-01 3.408723177349605726e-01 4.112235476197957373e-01 6.480904680258126049e-01 6.723238464576148932e-01 7.124830296956408127e-01 5.762166862532817069e-01 4.554262413170729884e-01
4.968146388730596552e-01 2.872413876980166592e-01 7.144860512314104017e-01 3.387946858041874787e-01 3.583245529874192759e-01 6.830385896582691352e-01 8.192963850795109693e-01 7.682892230752239593e-01 3.410579853125442762e-01 4.639099977758622262e-01 6.381476990157906037e-01 6.624498679201744622e-01 7.014179767098893681e-01 5.431244606339651337e-01 4.239186870108603289e-01
1.313775302702840063e-02 -2.284163596245662731e-03 -3.600371627370469157e-03 2.478324235404717746e-02 -3.194257250760270533e-02 -2.100025280255956792e-02 1.157298568713171182e-02 2.051312569229878785e-02 -1.096833649285306432e-02 5.644439810292182537e-03 4.011815498191992173e-03 4.935519824279051455e-03 4.206290218874868432e-03 3.354552321135289162e-03 1.419361258951711696e-02
3.554036359880622942e-01 6.309951426948002817e-01 2.035343961677935354e-01 2.334785178702821484e-01 5.919987812742087963e-01 2.900652152981413323e-01 1.210794883551154499e-01 1.848468571357304302e-01 5.310665865219683646e-01 3.752769409146036184e-01 2.448345836609684689e-01 2.430058620103884293e-01 2.796446262215422363e-01 4.273144576511416215e-01 3.365218539430966382e-01
4.766729260962070946e-01 7.277948448747281196e-01 3.165587209429626125e-01 6.433619857810090048e-01 7.368228766354933956e-01 2.962434326841226206e-01 2.124907989972958933e-01 2.133356463047552387e-01 6.629377793659685381e-01 5.759783600378457491e-01 3.568819557766440553e-01 3.159000975360538588e-01 3.000928543454589592e-01 4.533107352684314639e-01 5.331023402446664061e-01
4.202823692407842704e-01 6.313796335673743654e-01 2.049499469371772464e-01 2.172792644460100064e-01 5.635244099968929055e-01 2.908672790117883267e-01 1.053194992226220983e-01 1.960363490054015667e-01 5.778334158831509582e-01 3.581850104027674009e-01 2.898970366169331681e-01 2.209677154733781790e-01 2.815131887107024111e-01 4.067548125053011554e-01 3.236166692785414911e-01
3.676731851667551787e-01 6.289893768065364377e-01 2.753117066330585394e-01 1.980392236675586337e-01 5.663145924362759098e-01 2.943975208105046315e-01 1.147037417602578824e-01 1.630995230320227696e-01 5.419839163810147298e-01 3.762251800244083011e-01 2.628598970906699805e-01 1.892482019665510384e-01 2.638510813614846628e-01 4.317273981926803561e-01 3.021812672390395971e-01
5.946667369172364825e-01 3.373367341210292691e-01 7.484896173036759137e-01 7.878121622283782433e-01 4.386848339640875838e-01 7.250375750967944510e-01 8.294284886297362824e-01 8.203820107239108150e-01 4.058243428762204896e-01 6.133344170100812898e-01 7.836613795364874013e-01 7.902434991868025893e-01 7.326687766527132384e-01 5.415076982273929751e-01 6.331879832712601353e-01
6.574668626107021963e-01 3.446271414521893117e-01 7.591855191038182626e-01 7.998536310258449467e-01 4.266412070848315530e-01 6.821814537980511739e-01 8.771333154987973613e-01 8.116436807540468035e-01 4.191096635434221618e-01 6.452105344095601103e-01 7.283700770352473652e-01 7.983867110112298215e-01 7.313882524106527505e-01 5.752575000903943359e-01 6.776898357271727846e-01
8.903148428556540983e-01 9.083565277636231894e-01 9.853452294561437785e-01 5.423058987855869928e-01 8.607708079603576534e-01 9.396447971498071983e-01 9.118693468299577942e-01 9.553962162484784804e-01 8.979707339922609055e-01 7.689402024389883072e-01 9.182729790196063613e-01 9.072690320782110796e-01 9.822581078942886901e-01 9.907866295854730332e-01 7.687315183954743780e-01
-1.141872478916524433e-03 -1.074450635540315571e-02 -3.186341015464565218e-02 2.158369307861037964e-02 3.078217744503069023e-02 -2.956891331105407014e-02 -6.580561158570134850e-03 -7.837275047157265390e-03 2.944192774489037823e-02 -3.328014972782900732e-02 -4.684800063155815028e-03 2.865610679676804801e-02 7.028673416176470928e-03 -2.392518363888670313e-02 -3.480482539075155368e-02
9.708467106203179098e-01 1.031957929252684814e+00 9.850092195115220939e-01 9.715332827694459494e-01 9.943376601362379219e-01 1.024103314482364357e+00 1.009948095321030914e+00 1.009087550589562676e+00 1.009930315468782647e+00 9.639613060157714575e-01 1.011704718797030944e+00 9.904884346913684912e-01 1.015406280403310380e+00 1.021398564985870783e+00 1.010254551720982441e+00
4.793889750448464548e-01 7.460026557311911777e-01 2.639065617434672162e-01 6.485960138247185425e-01 6.472398757627215726e-01 3.133548237169514472e-01 2.163323987048080821e-01 2.401696228906127217e-01 6.855272778687274693e-01 6.092356767508775306e-01 3.646938643326411156e-01 3.572361413685211096e-01 3.406980311938859751e-01 4.615543097435568232e-01 5.485644360359437366e-01
9.656028386389702012e-03 3.995560009266070113e-03 1.580200771360136883e-02 1.321080193528568168e-02 -2.911165005416333287e-02 1.888288761791016152e-02 3.524637423874769915e-02 -8.818020638247625956e-03 2.259367879157299711e-02 3.642552996311636954e-02 1.337568630447398890e-02 2.361354442217958663e-02 2.569448813522999184e-02 -1.956512766766979605e-02 -1.798150439516357432e-02
6.181703076120707019e-01 3.680468831791944284e-01 8.196810010664993262e-01 7.706521545600856227e-01 4.369949197338396929e-01 7.019224796132075284e-01 8.823489695588734305e-01 8.184251214938849106e-01 4.797208855938500660e-01 6.444319078711303606e-01 7.468989620710339006e-01 8.064313999875792893e-01 6.940461769439534301e-01 5.726754899773418561e-01 6.798707999915998279e-01
4.865750114072095456e-01 7.429285139174451880e-01 2.562944320775294438e-01 6.818298750773731376e-01 6.616676676971338100e-01 3.287767803779753639e-01 2.278951707086883938e-01 2.051334943076512651e-01 6.732886643054774023e-01 5.885896472494153153e-01 3.771860086720409400e-01 3.354925563332502580e-01 2.856484187005765008e-01 3.985839794769924227e-01 5.596793489403851796e-01
8.834654483987365303e-01 9.368443215960539083e-01 9.897315148057688194e-01 5.415490095385760982e-01 8.798256613254977765e-01 9.443659563713300287e-01 9.210783226658184608e-01 9.634838806930170474e-01 8.727395194340514806e-01 7.782936296587134040e-01 8.894514653757207290e-01 9.001262340247334626e-01 9.810574804582186115e-01 1.014295061858841551e+00 7.993687414866794683e-01
1.029856761209043681e+00 1.050072741024925316e+00 1.012767775044149943e+00 9.990642093292676496e-01 1.002261428209654692e+00 1.003711486362280692e+00 9.996705506671398345e-01 1.015341069867947477e+00 1.035872591028834000e+00 9.612613630896397199e-01 9.850479529220721453e-01 9.620895140901725151e-01 1.019014964382483290e+00 9.814480747065986721e-01 1.012247399921623492e+00
9.814531983807625037e-01 1.007455417964937094e+00 1.000293701802734025e+00 9.943121286679404980e-01 1.005479456345922618e+00 9.487748845470093118e-01 9.972670036823126916e-01 9.827171098755318468e-01 1.013230988876617111e+00 9.640317182927503614e-01 1.028269845414578443e+00 1.014271888971518321e+00 9.715475776116905271e-01 9.992125282631036942e-01 9.846547534124777679e-01
8.747759909850960636e-01 9.080272502947257518e-01 9.275484755278741167e-01 5.527949012592713318e-01 8.499033044180148710e-01 9.860375127171990828e-01 9.390330844177978697e-01 9.480848488310573696e-01 9.443203871339699296e-01 7.493922829411691078e-01 8.867849998181898119e-01 8.470418991287688160e-01 9.764973460391849214e-01 9.733199025147457606e-01 7.448930399742891284e-01
1.014832515462123386e+00 9.766339814337158254e-01 9.856963474863678076e-01 9.959348273059370760e-01 1.007357757713058133e+00 1.023097086564442426e+00 1.005261315863614113e+00 1.002030120684429093e+00 9.907330354691784580e-01 1.003609418854413793e+00 1.034116667173318405e+00 1.005202069628964301e+00 1.012738555569709931e+00 9.929596246125461656e-01 9.984698452555823556e-01
4.788277473768935977e-01 7.234168536226383006e-01 2.711112188673542311e-01 6.474989674739655143e-01 6.779061165772299891e-01 2.972823545911484344e-01 2.167349292212050194e-01 2.230794851452585215e-01 6.633979114576122882e-01 6.030201479989423241e-01 3.600712046922470710e-01 3.362579994378193660e-01 2.913674686858984120e-01 4.458835497253677005e-01 5.521497449301080440e-01
5.392468505950045454e-01 2.926207424537189961e-01 7.130018432765929948e-01 3.176654172636028117e-01 3.160322104480950411e-01 6.569121918551645845e-01 7.910988626687944780e-01 8.160294581358962240e-01 3.004424919234517377e-01 4.108172421067709523e-01 6.714635062084718387e-01 6.294431197952146118e-01 6.895780201872591109e-01 5.744075649567292885e-01 4.412297302648480746e-01
6.217571688796516005e-01 3.719769864652371361e-01 7.191683496144951615e-01 8.163357665540541541e-01 4.159470707353663532e-01 7.358808654224339163e-01 8.811008387581458212e-01 8.485306421575494751e-01 4.389664791211884687e-01 6.593414754122260968e-01 7.371648762025587720e-01 7.778991746798514795e-01 6.998672527671585541e-01 5.842880988349242743e-01 6.675309578584328607e-01
5.115565874418626091e-01 2.744537562705522404e-01 7.320646040162461787e-01 3.949653051074568100e-01 3.482313753898570452e-01 6.577030699064198016e-01 8.304565320623921165e-01 7.692318532679234266e-01 3.477395453665454439e-01 4.292572796792000211e-01 6.356104532911548421e-01 6.626538871754709126e-01 7.173663416496127709e-01 5.572425224072099503e-01 4.508022871262128417e-01
5.001370222103959096e-01 7.035441047164573414e-01 3.102701865501760192e-01 6.735884131978276956e-01 6.906719112636533486e-01 3.265138107801866529e-01 1.974989313077083475e-01 2.178045750336375652e-01 6.898614857677561885e-01 5.889356266603067436e-01 3.720649214613887534e-01 2.879134120525513318e-01 3.250169934296711638e-01 4.190626539902048142e-01 5.583052105608466986e-01
6.555491368109438444e-01 3.417118221598990369e-01 7.587389276854418219e-01 7.848182447599296729e-01 4.518897177917681196e-01 6.885609000734316254e-01 9.172747413371233893e-01 8.329443058404848443e-01 4.477352250155158808e-01 6.699481473143119592e-01 7.430040432728906019e-01 7.946575316933964794e-01 7.094539396086568805e-01 5.916285503320404260e-01 6.944213773782608179e-01
1.098613345796429219e-01 9.346865301854730135e-02 5.570002659497733793e-02 4.833418530591163109e-01 1.461547836050822446e-01 3.882490299392642175e-02 7.729939678215196064e-02 2.483864844753817108e-02 1.383085949481147603e-01 2.674970528674537329e-01 1.152725792533607352e-01 1.239445024414074226e-01 5.436610404664674739e-03 2.277262458232634512e-02 2.293802189933826230e-01
3.858267875797625202e-01 6.398233789898272184e-01 2.094103159777419287e-01 2.215898840357498345e-01 5.696838460070570154e-01 2.777554198047248457e-01 1.105871672492070718e-01 1.817611888525603181e-01 5.522088951519310562e-01 3.696707683062385175e-01 2.647355931858588196e-01 2.111564982640204702e-01 2.659343247524390552e-01 4.252355482702407929e-01 3.273370016908042079e-01
9.904105319061541346e-01 1.003747033766703378e+00 1.011428840309721133e+00 1.023806411963619434e+00 9.905641935546029009e-01 9.844326786086412540e-01 1.002116963848560749e+00 9.655532881956784275e-01 1.016418803883792021e+00 9.770134649426751583e-01 9.810342304152260828e-01 9.837696310520935850e-01 9.987220459888216384e-01 9.920436162917356526e-01 1.012713121668423533e+00
4.802944459462588078e-01 2.360432580922389723e-01 7.173686424473162404e-01 3.273886660126129611e-01 3.004365695213225274e-01 6.581857056385379545e-01 7.886078855100867591e-01 8.298399594786118882e-01 3.163453538917059826e-01 4.127485764004905078e-01 6.361287830362443163e-01 6.611165798648791503e-01 6.831348082392223464e-01 5.166744240733736060e-01 4.612182693562767999e-01
8.929883132084972530e-01 9.042812923343886977e-01 9.446358277632037614e-01 5.421925104307357968e-01 8.468080296206907942e-01 9.576450338776228977e-01 9.204312406515073874e-01 1.005063222205695661e+00 8.968541957641341655e-01 7.535974201211578238e-01 9.463403112124978422e-01 8.834456574039110111e-01 9.831622982111526410e-01 9.700820147513335989e-01 8.001389247720092079e-01
6.191180821668662571e-01 3.553563406497107224e-01 7.638898236421368670e-01 7.842149259442667830e-01 4.438579940667544133e-01 6.978668825256666430e-01 8.685062077621106269e-01 8.279847197907302947e-01 4.227749906590065332e-01 6.287853106215459675e-01 7.066202873142877205e-01 7.594220933872956047e-01 7.137408348476546038e-01 5.636775302586248815e-01 6.438298908287476419e-01
3.520884220606829151e-01 6.371186006235308730e-01 2.056217432757966868e-01 2.223093794405429646e-01 5.530914602876130237e-01 3.382036577590541992e-01 1.253982889126870337e-01 1.908984038864638411e-01 5.794037385850312472e-01 3.508835712060991985e-01 2.561793278916793537e-01 1.898935527127673661e-01 2.627580344313812932e-01 4.293942717955609445e-01 3.103078092583299030e-01
5.106230846634712828e-01 3.151162155911572116e-01 6.999490115587796435e-01 3.172495191927539038e-01 2.782335627561777769e-01 6.515050432060466301e-01 8.419440977985717112e-01 7.898470258889251916e-01 3.464018708231398902e-01 3.838564617614275143e-01 6.196570797638122352e-01 6.308490787134307665e-01 7.161688893061985972e-01 5.785847295010135838e-01 4.145547025253389917e-01
3.717441269508149349e-01 6.238975915472710909e-01 2.325377432899263797e-01 1.872553188612955388e-01 5.844058345096693197e-01 3.158935628907721949e-01 1.321260720004707179e-01 1.644455609100408389e-01 5.798312805530129177e-01 3.472602293636130044e-01 2.268271343680051400e-01 2.026405353872988424e-01 2.825645910379760983e-01 4.234103014810834398e-01 3.575469842007468202e-01
5.027359577426695481e-01 7.152681423506686009e-01 2.909031641904734067e-01 6.334814098683321237e-01 6.617609167637064083e-01 3.667100775260986323e-01 1.841948006342369881e-01 2.368020617449328458e-01 6.568246605982415165e-01 6.205944825613287641e-01 3.458486415575647288e-01 3.531057472154023325e-01 3.119108862885082156e-01 4.534253406932753361e-01 5.146467621891877009e-01
9.115907271065440964e-01 9.574812608652669699e-01 9.391840001876765598e-01 5.783392858000456771e-01 8.871304089220540812e-01 9.668625097058599627e-01 9.065512111949228791e-01 9.879657458784352198e-01 9.092327011652013846e-01 7.868978087746398842e-01 9.450648544329005585e-01 8.984111585007135137e-01 9.813111894157773296e-01 9.984226245736013139e-01 7.978466969532034270e-01
8.705847792707930299e-01 9.544168057317332643e-01 9.466963739102723929e-01 5.588926096230288909e-01 8.932938454128268591e-01 9.530012243699095276e-01 9.357720984109927365e-01 9.658090899250216799e-01 8.788227609400592888e-01 7.781777158257010552e-01 8.666001924182168414e-01 8.575030413892766878e-01 9.965593523534517217e-01 9.774321772418180787e-01 7.955971440746537615e-01
9.982252254272030445e-01 9.790711498237673061e-01 9.937645901388049152e-01 9.631273883202763342e-01 1.022782618869856552e+00 9.729879328636487079e-01 1.005543069452656590e+00 9.938486599246290076e-01 9.931177344564603438e-01 9.826308712327220807e-01 9.939795805501308035e-01 9.985729516840962106e-01 9.840837028157977118e-01 9.731413562379453985e-01 9.913048861899604880e-01
9.120032907420601020e-01 9.227022355763569994e-01 9.544048308747657972e-01 5.683558742167712508e-01 8.998553459439638802e-01 9.616953189283403702e-01 9.188963019206165539e-01 9.831206955694731242e-01 8.880419633836426074e-01 7.792457229953309028e-01 8.893183854076316397e-01 8.525625674377552699e-01 9.996454025824813572e-01 9.875944522458944830e-01 7.972367388471827132e-01
3.903543143386797865e-01 6.434909549109447680e-01 2.453869804602378524e-01 2.064486923803235396e-01 5.600183048244942174e-01 3.144323799414464604e-01 1.269376777878668816e-01 1.678857142130646407e-01 5.402994550677776564e-01 3.236117414517948321e-01 2.763965089212711002e-01 1.894958546390160814e-01 2.921463872535781658e-01 4.565694383399444556e-01 3.497623873992379839e-01
1.165025836408048604e-01 6.400575623423462868e-02 7.698461998512434734e-02 4.688328476655858057e-01 1.243508151615980856e-01 2.836459251215851102e-02 1.067328547751085210e-01 6.499828186913547690e-02 1.321372781204880054e-01 2.213850785204418692e-01 9.519718303862907682e-02 1.276865341413637722e-01 3.030672364559293744e-02 3.319684871676768095e-02 1.948961450167099041e-01
-7.809756883458537826e-04 -3.755454415681030306e-02 7.074085053220122675e-03 -1.295343938626774410e-02 1.317676156455764927e-02 -1.108389503053006965e-02 1.509005248612269555e-02 -8.374516537509433048e-03 4.324198566323460974e-02 2.239383888971722969e-02 7.125338270319797954e-03 -7.868482190059976214e-04 3.729774010441944663e-04 1.436649430893782026e-02 -1.025751869046016666e-02
1.384873494735643640e-01 6.860579243196852917e-02 3.789588143303837531e-02 4.492738668621127363e-01 1.341906630636026110e-01 6.501451994375154197e-02 5.246656933748943680e-02 2.509737223719609930e-02 9.766977442827919076e-02 2.412128093408641427e-01 1.404829640663173007e-01 1.336662913811259845e-01 1.494162790254205397e-02 3.500654039951489604e-02 2.328501269183940736e-01
3.850190705770778488e-01 6.438446041797665220e-01 2.374469614872167789e-01 1.859866934952673634e-01 5.399141435604879469e-01 3.537145908646034398e-01 1.384220771619342205e-01 1.837104211544556276e-01 5.753766715378882957e-01 3.450131929632020422e-01 2.860091454306376568e-01 2.018010973531832453e-01 2.990487325765286419e-01 4.286610467275902558e-01 3.309970633929674722e-01
3.604582272191608205e-01 6.664537057244341867e-01 2.105204769148273924e-01 1.864841548800533488e-01 5.566557612729526872e-01 2.897033558940983466e-01 1.130389711638595113e-01 1.890201049555447210e-01 5.448303133862186787e-01 3.721466409257186969e-01 2.351689270844566637e-01 2.145152998416328394e-01 2.841559643483658748e-01 3.859471537007829745e-01 3.157080846340357683e-01
4.907790809617654793e-01 6.966962242438696773e-01 2.793589001659277371e-01 6.601995866409989810e-01 7.068409147011254223e-01 3.472465501681751276e-01 1.582516283227024534e-01 1.778235613761933731e-01 6.978848740848712096e-01 6.183235702808428380e-01 3.716680075583006504e-01 3.258094430396085150e-01 3.076051957720133956e-01 4.176827756931423274e-01 5.490414759602738615e-01
3.233591344939867537e-03 -1.311938545196679289e-02 -1.723355850008268311e-02 1.430287103026511505e-02 7.180495121184930427e-03 1.214436320934993499e-02 4.621796088709476460e-03 1.777456603493238413e-03 1.077864160204003094e-02 2.429123488399745692e-02 2.646353099123047517e-02 -2.536011848084481456e-03 -1.457716154131618626e-02 9.264040382513268751e-03 -1.078686319754846223e-03
5.182265591041117503e-01 2.677659050626594595e-01 7.229150865553206629e-01 3.275144527075208867e-01 3.268697216104423098e-01 6.616278561027796323e-01 7.896165199612584784e-01 7.871360241571925265e-01 3.465518259547769597e-01 3.940234199509559110e-01 6.993898670490406033e-01 6.788974614171227051e-01 7.257063933061547178e-01 5.740357477739194136e-01 4.388578768961475807e-01
1.238756213339216733e-01 7.800613270922780729e-02 3.751170406432220022e-02 4.526349694159841341e-01 1.032963971622361671e-01 2.860851375937779537e-02 4.525536643203562776e-02 3.758784873573408486e-02 5.447580226544204013e-02 2.201938640505398115e-01 8.025862966858461622e-02 1.486184376240954064e-01 5.322962420735363742e-02 -7.969300307146386791e-03 1.834890385169045957e-01
3.965290189796381037e-01 6.066208813773511510e-01 2.099918305229109550e-01 1.994678968710872358e-01 6.046270561051731995e-01 3.001678717015365261e-01 1.189212758991674002e-01 2.070653335897812697e-01 5.546139026227265845e-01 3.419032960206291882e-01 2.923851010613528478e-01 2.409069925433814374e-01 2.633181341538853859e-01 4.312369742404553175e-01 3.643975744039746334e-01
5.047081681062558500e-01 7.009915859898774304e-01 2.753956886687117800e-01 6.627290951021785892e-01 6.634057914916992038e-01 3.378514886667156047e-01 2.130611391950858746e-01 2.221691599170213804e-01 6.608978353637162684e-01 5.792728256172733348e-01 3.426687288806047893e-01 3.718527506999986798e-01 2.611754701718906890e-01 4.275785639918989745e-01 5.275800745698937533e-01
1.016495951012291510e+00 1.028886202500959746e+00 9.814324520875662428e-01 1.033771896716020100e+00 9.825364050901579382e-01 1.007168589775078837e+00 9.661702224253019278e-01 9.833315454654120158e-01 1.020337688395811293e+00 1.013564122425527847e+00 1.006017702216332577e+00 9.873452896088941166e-01 9.977465624585035719e-01 9.956143890162316712e-01 1.010993894446823305e+00
8.748671460389004784e-01 9.113971734685385462e-01 9.595825336356560431e-01 5.815510001325890910e-01 8.849457683346650949e-01 9.530515199978440988e-01 9.128625876101390535e-01 9.500904903618468955e-01 8.968836364805958805e-01 7.567182772272406099e-01 8.799320943066607503e-01 8.758685097017395726e-01 9.580307939474003165e-01 1.000859951124766889e+00 8.051772131129670829e-01
-2.109138714024288291e-02 3.386770006734197980e-02 3.877041642268979661e-03 3.299036907175985356e-02 -6.377796074240986435e-03 -1.320279881193458637e-03 3.701631513954692365e-02 -6.754579042603672465e-03 -4.113647630830599700e-02 -1.864826634120570967e-02 -1.592509551887744471e-02 -1.147239338177608297e-03 1.275877380224753072e-03 1.086798283388410759e-02 8.026106438122048922e-03
8.877142558554971252e-01 9.189138715494955534e-01 9.376749604900287416e-01 5.552929888887632170e-01 8.671945325499980095e-01 9.905446344984052409e-01 9.200556438558546990e-01 9.699078830608774959e-01 9.104132237802108341e-01 7.604019624995509430e-01 8.667250912938397889e-01 8.597879322593519058e-01 9.777387090903497668e-01 9.889816038042911206e-01 8.060475134084011950e-01
8.992437091994486265e-01 9.468517950208102940e-01 9.524492834608444536e-01 5.447289288847280142e-01 8.958431617972524297e-01 9.636342206120470655e-01 9.289023160696822101e-01 9.670217385275512445e-01 8.889416810063617280e-01 7.415576734659226066e-01 9.658586016069583557e-01 8.804927692615066581e-01 9.750357212624767289e-01 1.002301712966862546e+00 7.636495043535052041e-01
1.091193992775591343e-01 7.151008606410641510e-02 5.782047237752795804e-02 4.743278149657889631e-01 1.203944034458564877e-01 4.699845400219281044e-02 1.098356493640294113e-01 3.064290999993284081e-02 1.164713541526067042e-01 2.281414254926274754e-01 8.646641622660039550e-02 1.503367418587663595e-01 -3.688038876845933789e-03 2.720736794421504262e-02 2.183950589377400830e-01
8.920231839551320263e-01 9.209795750880729326e-01 9.902002345085140211e-01 5.898237164225114126e-01 8.630428972493501272e-01 9.395058577847497094e-01 9.248507535840414517e-01 9.432435780647903112e-01 8.846277311626191686e-01 7.808573884399352405e-01 8.942229846330022047e-01 8.678176858190891352e-01 9.930973653212441521e-01 9.904550442487325412e-01 7.859255195792811399e-01
8.778063823250535913e-01 9.327407883055353066e-01 9.490621359641804311e-01 5.834128360214053677e-01 8.844758278504305515e-01 9.501528013105943193e-01 9.274765120813674990e-01 9.960878285089802553e-01 9.270498434941865096e-01 7.533543692281978732e-01 8.576673368135875331e-01 8.436706386715386863e-01 9.711620870765336200e-01 1.013506131393137055e+00 7.861431182066963563e-01
4.968937128432272532e-01 7.323330205575674379e-01 2.518860330474914089e-01 6.264788737861448631e-01 7.022361936674506033e-01 3.680029098544714827e-01 1.745076122986060074e-01 1.815667960073015230e-01 6.293692923792287841e-01 5.664096860316394366e-01 3.279397901861580422e-01 3.334104203270889522e-01 3.316383092164906787e-01 4.443443832806096006e-01 5.594563872191877785e-01
1.020031630606473283e-01 4.799420700443371435e-02 3.556050202592561660e-02 4.274589169347802753e-01 1.240727388571696288e-01 6.795306888897141573e-02 7.638411138819378721e-02 4.219483738824816865e-02 9.057692175679246671e-02 2.609345505217370853e-01 9.194770485585672393e-02 1.423787498765140547e-01 2.459992944679902788e-02 1.500710283763304585e-02 2.416062826276452191e-01
1.836161594466147531e-02 -1.648697418688804123e-02 7.654718050924997318e-03 -4.895358461258724186e-04 3.801994718161080117e-02 7.921139153151205911e-03 -1.973594053525608988e-02 -3.029219944539013332e-02 2.981202018133617335e-02 1.030436681747871203e-02 -4.278721373954410927e-03 -7.164893917442829475e-03 1.454655393317420484e-02 -1.937398231506229015e-02 -3.701151246048944160e-02
5.043130364144795541e-01 7.254425171858597254e-01 2.857096095414211612e-01 6.441903644739953583e-01 6.882308968901436064e-01 3.382447404963410120e-01 1.892098989735289116e-01 2.343384347022023917e-01 6.602349080081975075e-01 6.118508565652270859e-01 3.807104008749988555e-01 3.432001109295152452e-01 2.899073964163116357e-01 4.439033794838734837e-01 5.332877294971569704e-01
9.539144771858136806e-01 9.603339159683637050e-01 9.955477366250855553e-01 9.930423239206844777e-01 1.017352227273927046e+00 1.025743880572216771e+00 9.615711092693710604e-01 9.978655754285973289e-01 1.004932973698366983e+00 1.001751570585433626e+00 9.741139057656418299e-01 9.896286013418780225e-01 1.006491596179330372e+00 1.001491597097595943e+00 9.837580049107259583e-01
3.491415328662500484e-01 6.123116891335403933e-01 2.209228624331872615e-01 2.100104350889673566e-01 5.528652341632027678e-01 2.828366201697673499e-01 1.359825474303399673e-01 1.614767918617777132e-01 5.624692871674257244e-01 3.898889049571295784e-01 2.808381486960306317e-01 2.384003219072648172e-01 2.570393079433357375e-01 4.264182205441153228e-01 3.691927509079901970e-01
5.120376943334897790e-01 6.981308291726229243e-01 2.776179681983317327e-01 6.381014448395603278e-01 6.795392938382730508e-01 2.962450217494907445e-01 2.354295185369615906e-01 2.146953286674880002e-01 6.299268417949375198e-01 6.005526180924761759e-01 3.458932788766875821e-01 3.274583335827642716e-01 2.799740054245039023e-01 4.729554197647342084e-01 5.657815536041109761e-01
6.381471315487130536e-01 3.607961336329263413e-01 7.647027094663767510e-01 7.696840834233649176e-01 4.246768215949983105e-01 6.907696083019057021e-01 8.606445956342904102e-01 8.174867736964177567e-01 3.960439134511571369e-01 6.771742600545591628e-01 7.412302193713482534e-01 8.100150867850125502e-01 7.273233098594709123e-01 5.644229407485915617e-01 6.596651059060762989e-01
3.707932001531515365e-01 6.222538686810483721e-01 2.512117969235756476e-01 2.323034406834516841e-01 5.776387353501765132e-01 2.849742345072048821e-01 1.456726041155749218e-01 1.939942610305875892e-01 5.414385687409517534e-01 3.522646016665494928e-01 2.693601505442732025e-01 1.929843104623529537e-01 2.733092473880275874e-01 4.252286466624409234e-01 3.193983796633930727e-01
3.847292934412822607e-01 6.120212105245106393e-01 2.454819200198352369e-01 2.052190693829910317e-01 5.625653113913315906e-01 3.283153507423691719e-01 1.464811054002650992e-01 1.832386647235187127e-01 5.718614967143900163e-01 3.737959664217035960e-01 2.824044542982936945e-01 1.780691088432495017e-01 2.890984944323863326e-01 4.469204918821542138e-01 3.207958685326501858e-01
4.962447515071939375e-01 7.172362603336578379e-01 2.611084760125604864e-01 6.642581510383005483e-01 6.938753859422949199e-01 3.352719290384092998e-01 2.195158367910168273e-01 1.685998582420628611e-01 6.858684676766337862e-01 5.942595446443673657e-01 3.895435751757460596e-01 3.309213032407548050e-01 3.237410621934043164e-01 4.469849965197715269e-01 5.289097858539717478e-01
9.410199251440369561e-02 5.482157638536758887e-02 4.842880550059581318e-02 4.078201100807234414e-01 1.583607575350520769e-01 2.766517163535415352e-02 7.459985822681601542e-02 2.914583018721787766e-02 7.807137876730671500e-02 2.195232750912905484e-01 1.151377184819980526e-01 1.148843756290918172e-01 2.662549866724953432e-02 2.659353998389419466e-02 1.921536226560773830e-01
5.089368112115774112e-01 6.814460281480914094e-01 2.660164202824807922e-01 6.233607433735121051e-01 6.452731129171284108e-01 3.559609594383233433e-01 2.189196591593609298e-01 2.021573052254465597e-01 6.446157451820839768e-01 5.890772277188121020e-01 3.713378564555990247e-01 3.721873984369721833e-01 3.241538511645922216e-01 4.285599959967106853e-01 5.449980685011089898e-01
1.549485951733254596e-01 1.058487334153218884e-01 5.710613180219528684e-02 5.061551043969012564e-01 1.148429055967636753e-01 4.752568596711201354e-02 1.267965527570494300e-01 2.654733631509264419e-02 1.015443289793257903e-01 2.206950068867481185e-01 9.989634005533092054e-02 1.184936017977419181e-01 2.948000515130083307e-02 2.288952229689051807e-02 1.948566927951766725e-01
1.031398782078001508e+00 1.006357033746120067e+00 9.905960646187316199e-01 9.919795474158865645e-01 9.966954219625412392e-01 1.042106479134463859e+00 1.018544705382114612e+00 1.003866691040134151e+00 9.884924431976949144e-01 1.002212131844399057e+00 1.006723741505439085e+00 1.002542657528936676e+00 9.925678004843558888e-01 1.015195324868173765e+00 1.013593473436970260e+00
3.959950221229842082e-01 6.465473929282055110e-01 2.047785347219164553e-01 2.065032540013588824e-01 6.047472424099730182e-01 2.825990314025471628e-01 1.242836697250482292e-01 1.724615200151364269e-01 5.614512304561363187e-01 3.234372703762312118e-01 2.397401388225126051e-01 2.210654451189752179e-01 3.232834163400606364e-01 4.044478738024339104e-01 3.360926305730597141e-01
1.046928840459134369e+00 1.005575379308174755e+00 9.911452539447541676e-01 9.936610318137472087e-01 1.005533080971187987e+00 9.940573047649937655e-01 9.847858980086243719e-01 1.032685700370631565e+00 9.833531218364849336e-01 9.853427315706825285e-01 9.659686702517120693e-01 1.009739801221452016e+00 1.002938745316049429e+00 9.817539184417464204e-01 1.017747741956246399e+00
8.931755338543793110e-01 9.080884120123811076e-01 9.749314541077079843e-01 5.333159877364582746e-01 8.628670717346473840e-01 9.683798747376239913e-01 9.200725097262753005e-01 9.772448489294653928e-01 9.026889700283260431e-01 7.484187339076038281e-01 8.718080680115060099e-01 8.664659470064570712e-01 9.891825749626268482e-01 9.920617525508809154e-01 7.756748963094017846e-01
1.256796326270423481e-01 8.489842313028245213e-02 7.883791388690078450e-02 4.330330717058571421e-01 1.552576116390487482e-01 1.277303950936230226e-02 1.141006658001129104e-01 4.696842174830010569e-02 8.801639794643192904e-02 2.458866528736755042e-01 1.566807586861657942e-01 1.273944974885605486e-01 3.306240974144526029e-02 1.009973981727673581e-02 2.218720590982594665e-01
5.214105486848196191e-01 2.956469790407307285e-01 7.110909224225983039e-01 3.412840541146721640e-01 3.061851813488571383e-01 6.930689759022202745e-01 8.082598329612550314e-01 7.635007911589627438e-01 3.123704096838973432e-01 4.081519378865287040e-01 6.466123430403227790e-01 6.704284703879213048e-01 6.924950418462014756e-01 5.609788866756963976e-01 4.899287796656385807e-01
1.252771224962915819e-01 1.181102949705920280e-01 3.662101805490278889e-02 4.720097194434291210e-01 1.009567727705421580e-01 1.023940115457416811e-02 8.770092179547470113e-02 2.912767733756025518e-02 9.950656432014740038e-02 2.011585295317444844e-01 1.132152132770304354e-01 1.427172208727822134e-01 1.301326596597009860e-02 3.042272120367508006e-02 2.073030321624095562e-01
-7.351993372495308279e-03 9.405002220439179911e-03 3.625087308744007197e-02 -1.516066796887306778e-02 -1.849914048911693518e-02 6.771729511773927693e-03 8.997485432025577150e-04 1.931099031170272883e-03 -2.569595585885410191e-02 -2.631570755293863306e-02 -3.773124760067435735e-03 1.572755726696927966e-02 2.123102915440312072e-03 -7.961872408542704921e-03 1.711942923118875762e-02
3.800012580387449046e-01 6.611045748031258995e-01 2.294146009798648522e-01 1.959235656648661283e-01 5.931386676987797646e-01 3.236948472554072032e-01 1.232071423951936612e-01 1.778485782016893668e-01 5.695588779169332705e-01 3.016451427154708820e-01 2.514852827374862709e-01 2.011703881488569878e-01 3.337657195448882064e-01 4.327632157459745388e-01 3.423908027756261685e-01
-8.307975238005816873e-03 6.251105060684264761e-03 -1.568069952280025381e-02 -4.167292050975373295e-04 7.110613583799806244e-03 -9.169304494277205619e-03 3.676082771306348439e-03 -1.134617808488338694e-02 -2.086053474704680291e-02 -8.111053205114034494e-04 -7.851428140303772429e-04 -1.178382505405215462e-02 -4.686733317306442624e-03 2.445581996650269749e-03 1.055107773139271100e-02
9.342669314690147386e-01 8.896979440613227430e-01 9.537609322497605513e-01 5.362012913986196061e-01 8.558321063234796133e-01 9.596540508025368510e-01 8.854413107303052977e-01 9.816607138086482776e-01 8.932288537771717607e-01 7.568315546299603236e-01 8.783816669157276102e-01 8.778385981935353799e-01 9.637582899682605175e-01 9.849799621932430194e-01 7.808518103613935057e-01
9.256036734943704491e-01 9.265430523510357341e-01 9.831444151553041522e-01 5.778325016452812157e-01 8.716322034414918374e-01 9.660234749259517528e-01 9.052068890713295124e-01 9.562502956019517386e-01 8.987334378398482704e-01 7.431934027396850384e-01 8.926949030316139178e-01 8.406846253824157289e-01 9.635775868510028097e-01 9.663869747037489022e-01 8.086909145028861046e-01
1.004815549660351248e+00 9.939839819707475543e-01 1.000138911324369273e+00 1.002173877330641893e+00 9.902207318881437459e-01 1.027882176139659709e+00 9.642431767178193391e-01 9.740657015796482243e-01 9.492631429671765098e-01 1.002274767616161411e+00 1.011910172717717105e+00 9.644341084627612304e-01 9.923427397698383334e-01 9.946637722393353309e-01 9.926748724732276097e-01
1.001031093787990489e+00 9.567500371381054691e-01 9.781442810546634448e-01 1.053265877685852780e+00 9.692618159029559033e-01 9.852207531411916186e-01 9.714833001781774113e-01 9.954592570136071572e-01 1.002154896332554834e+00 9.903993759910468819e-01 9.935037868503288072e-01 1.017512553457678992e+00 1.002579771987295754e+00 9.780476243280686877e-01 9.581625907294722966e-01
1.731646752319564511e-02 1.034005426893483924e-02 2.248836031026390722e-02 1.459404983259690591e-02 3.638877106549483209e-02 -6.608844485520074669e-03 8.799897771731089724e-03 3.057011201894426281e-02 2.491062412732305067e-02 3.561762084797962490e-03 -3.210111849909913582e-03 2.232769814777331094e-02 -3.067652728081812427e-02 -1.934823716365035445e-02 -2.712173220202332424e-02
6.138682163846361783e-01 3.799411910857375951e-01 7.917258653339466212e-01 7.677697005222964277e-01 4.710402998530236474e-01 6.992848181253410456e-01 8.508407782781843842e-01 7.868695414954247624e-01 4.374680810961136812e-01 6.665332254574514170e-01 7.537964640648389114e-01 7.972601339452317637e-01 7.125918977184938496e-01 5.657631630072108564e-01 6.693819130065045142e-01
3.858666263303739408e-01 6.488177162328983005e-01 2.653041249268268120e-01 2.144159191488326788e-01 5.605477315482475520e-01 2.889443491402411412e-01 1.183293580285539465e-01 2.119110775680458914e-01 5.775557991677275904e-01 3.479402682181338968e-01 2.379098971985331434e-01 2.362619631310648172e-01 2.549427329548240584e-01 4.194453214166183885e-01 3.649802268677052042e-01
1.004016591803639225e+00 1.010846246316183805e+00 1.018518121780696895e+00 1.004473072979518378e+00 9.901932876782074677e-01 9.822674593060389814e-01 9.850766114223711289e-01 1.002513054982156815e+00 1.001432931998465170e+00 1.004292386245356772e+00 1.007712242882097931e+00 9.896354029732301605e-01 9.990482874560986382e-01 9.831776594537572356e-01 9.837672269246134915e-01
3.899289025283714238e-01 6.483007187229349322e-01 2.625881149272424886e-01 2.081307564342283201e-01 5.524812004943910893e-01 2.627825674342870732e-01 1.317809952197849244e-01 2.051525366436152409e-01 5.667891999723454477e-01 3.696027234502777814e-01 2.721655492707081292e-01 2.124593438667298773e-01 2.861947680949439854e-01 4.049547861324827025e-01 3.532859973085067939e-01
4.936811786993525741e-01 2.686933933806054386e-01 6.967436201442989141e-01 3.670852731051629236e-01 2.834945099811608804e-01 6.421183093329561054e-01 8.151769056551745329e-01 7.832510911049580526e-01 3.405585860748335802e-01 4.577982365232617923e-01 6.610877015220110176e-01 6.719136706485100419e-01 7.036907930713841575e-01 5.558261707895989501e-01 4.424524304729499646e-01
9.932708013562533411e-01 1.000647760186686774e+00 9.854001421899658553e-01 9.729268576244300970e-01 1.015960903572569185e+00 9.952964622594873134e-01 9.986022720472090830e-01 9.595204479622452265e-01 1.019905296915349480e+00 1.002072102441101453e+00 9.885841380229403175e-01 1.037701610874935509e+00 1.006098663472642984e+00 9.876075478668439045e-01 9.762904237127181251e-01
9.182960041495030756e-01 9.517633368011657602e-01 9.577227212086512065e-01 5.649271702325274758e-01 8.476456332133798233e-01 9.686678365714292971e-01 9.031809394776885158e-01 9.623613480362767092e-01 8.986171039868742216e-01 7.660363153548896964e-01 8.768373590206389734e-01 8.647332075977166577e-01 9.930196698034248204e-01 9.681906944232955281e-01 8.194459935375438819e-01
3.769825728135717258e-01 6.521629036612635044e-01 2.343722943205889253e-01 2.252227292290120142e-01 6.025649103028755116e-01 2.907344107805401867e-01 1.162675700898450210e-01 1.758079636093874687e-01 5.591582620342978593e-01 3.764207683481544109e-01 2.354573779457460603e-01 2.520838615791636261e-01 2.783087613580078612e-01 4.160593653985243945e-01 3.248978407746289654e-01
1.244075174390103511e-01 8.837965949084454487e-02 6.548393797775306502e-02 4.542984134143714936e-01 1.317199988212058581e-01 2.203833139034656885e-02 9.874585507848809840e-02 1.897588526997099484e-02 8.098157204963016276e-02 2.515679225564338983e-01 9.221581233355924390e-02 1.230106542994551105e-01 -9.796594529652299932e-03 -1.280907115541147015e-02 2.165855050843744356e-01
5.197305819184747655e-01 7.402648237324308544e-01 2.432378932948949801e-01 6.280469127762795534e-01 6.982317604931411736e-01 3.415774978157141706e-01 1.839258608253397376e-01 1.839422089686029715e-01 6.732409581229120699e-01 5.757249279497643757e-01 3.542110710875226443e-01 3.252448722278909465e-01 2.889273554328100624e-01 4.276355127096575504e-01 5.318389689065201598e-01
9.984097662135306417e-02 5.872821898165846849e-02 3.778385682542417801e-02 4.599559966786233578e-01 1.310931571797544770e-01 4.479557009090395781e-02 4.619249302691443015e-02 3.275858775485529506e-04 1.239922919894189401e-01 2.239039358658307111e-01 1.001973786777401454e-01 1.042910394415867276e-01 3.002381558377315018e-02 1.697782004946161646e-02 2.491014799738544283e-01
1.551549915156784365e-01 1.077006424754468478e-01 2.727180582485259908e-02 4.436883817553917142e-01 1.275910407901199584e-01 4.546018984661420737e-02 6.145450092625297234e-02 2.708075961604333726e-02 1.235890600441116455e-01 2.717133903007154516e-01 1.134690402647390434e-01 1.405360409237933483e-01 5.187663789847317408e-02 4.161469561389494198e-02 2.107781944611435143e-01
1.000272018480791392e+00 1.010266019186077724e+00 9.890740996440107180e-01 1.016473179246933256e+00 1.003141064837606677e+00 1.013749235412850558e+00 9.929439119866733110e-01 1.009850933522556282e+00 9.909625249996536489e-01 1.005832444125544178e+00 1.031400791730564093e+00 9.848972948525956950e-01 1.020489422600156182e+00 9.957274896091404814e-01 1.019597427903375930e+00
-7.518964295153093315e-03 1.396940103496187996e-02 3.950465154553387676e-02 7.016517152948446336e-03 -1.387075663413824163e-02 1.011243494555844578e-02 -6.324353869275775933e-03 1.941364070188179511e-02 -3.913400963911201872e-04 -6.836140247083763270e-03 2.542562334287713430e-02 1.552945616747086581e-02 1.698979848582428918e-03 -5.572215499172075356e-03 -2.834548798052434135e-02
9.918651526996852263e-01 1.024879828347976307e+00 9.889646535823635176e-01 1.018157251396433205e+00 9.838541754346730173e-01 1.026853856796090536e+00 1.007025059760819685e+00 9.906348920850130968e-01 9.930945437134782727e-01 9.970366115081279457e-01 9.893541933774372410e-01 9.898754695558057426e-01 1.017473353520123913e+00 9.739012835842163485e-01 1.008153948098245989e+00
1.378463653721834492e-01 6.285505015301283416e-02 4.801337427416831061e-02 4.546476868621083800e-01 1.455043297821986548e-01 6.283778399593538400e-02 9.603169678427352085e-02 3.318973181885001567e-02 9.030899573304398964e-02 2.805769817503075414e-01 1.494385297551928948e-01 1.266595493397537353e-01 2.145100643269772650e-02 -9.058391975198878954e-04 2.107583281177287937e-01
5.952889775629045532e-01 3.600077156604700179e-01 7.972622296565021749e-01 7.681413862537208592e-01 4.327711511910119491e-01 7.000415208020084323e-01 8.716563066239153557e-01 8.101598897607094063e-01 4.562651064605079965e-01 5.738738704192645201e-01 7.844986867811946096e-01 7.930324524796167340e-01 7.274709180304022027e-01 5.913133236225204259e-01 6.707908505031220381e-01
8.645410914095036370e-01 9.326945768641247136e-01 9.835649246754760711e-01 5.398416285173566198e-01 8.677333601745127467e-01 9.666109920016491275e-01 9.018789550327809268e-01 9.785438657867032708e-01 9.263224570521677581e-01 7.656631753891324221e-01 9.261377149591365487e-01 8.879778114214892382e-01 9.582597096849980733e-01 9.997411767325797838e-01 8.084567142856692312e-01
8.614836313984493010e-01 9.330422272661605954e-01 9.695744690366878693e-01 5.337666442861184191e-01 9.156366731979829199e-01 9.363928113033671563e-01 9.309410208259727426e-01 1.013386320164504140e+00 9.009079925066417749e-01 7.620657445370230265e-01 8.791503103461169033e-01 8.649300869423135474e-01 9.352123489647418131e-01 9.909594824919459866e-01 7.997386111714013257e-01
1.004714185153875450e+00 9.679031806796483117e-01 9.793183782835810369e-01 9.818515312258321304e-01 1.044042738976288742e+00 9.624169553435266700e-01 1.024129930723214121e+00 9.672445625922996282e-01 1.010391066122904524e+00 9.964399522287603617e-01 1.025507108317126104e+00 9.690741524268737805e-01 1.000195056359731716e+00 1.021647067612089455e+00 9.996286203011695015e-01
3.541147420370400756e-01 6.239643828093278666e-01 2.493188267237930744e-01 1.767205086887526366e-01 6.069368389017352206e-01 2.909600385044331383e-01 8.089117778929885705e-02 1.754598920370226689e-01 5.590974892754329018e-01 3.474445887691927637e-01 2.524370663879197951e-01 1.957998757333418993e-01 2.820975606664390400e-01 4.341191761554789030e-01 3.499762549127909406e-01
1.001939187604070192e+00 9.803655103563083673e-01 9.647444079535729689e-01 1.013547397810407480e+00 1.000076311090605907e+00 1.002938297829588876e+00 9.950238961009524319e-01 1.006116433937639609e+00 1.030604024963676091e+00 1.002352443611205013e+00 1.027552478720297202e+00 9.894746211611226139e-01 9.911935417124640990e-01 1.004997912686512729e+00 1.000226727437862673e+00
8.680426704157160334e-01 9.315497237128156360e-01 9.784303905044863248e-01 5.579040888066905124e-01 9.119083544844176492e-01 9.717143039385354175e-01 9.259504059013164978e-01 9.798270738469333496e-01 8.914867107488729792e-01 7.634299529411339158e-01 8.785295039581773047e-01 8.311791550618556901e-01 1.009191743239088668e+00 9.924841008573467294e-01 7.794292141908651939e-01
8.702875085709201042e-02 7.762517263239808452e-02 1.453586425947170704e-02 4.684355535382237479e-01 7.874215903713827069e-02 5.337925248260758093e-02 8.852560131851443248e-02 2.878450441473328486e-02 1.017826752662450707e-01 1.947063587547264996e-01 1.051020945230751180e-01 1.318589566508551192e-01 9.605290594490879102e-03 5.712009878531373180e-03 2.020543487917510761e-01
9.157319511616156538e-01 9.113481063976973662e-01 9.237540666884114238e-01 5.296598609780781564e-01 9.030434409812417851e-01 9.677781011483062024e-01 8.970886185552545689e-01 9.812752732200888950e-01 9.254451301898352078e-01 7.354256906962733931e-01 9.187347177520216457e-01 8.952655730520506783e-01 9.878912296140028859e-01 9.884603840702845812e-01 8.064398938273297235e-01
7.663823514980320920e-04 -1.392313933255874764e-03 -3.826347348729332992e-02 -5.053668048505309887e-04 -2.059954067735122324e-02 -3.925170270430032929e-03 1.526854793096579961e-02 2.310720773100717260e-02 3.505230862960124344e-02 1.389612462985223389e-02 1.732781404357218100e-02 -6.272396413123183627e-03 1.860759608472078303e-02 4.777160028864962417e-03 -1.869978790573874339e-02
1.428481588523110579e-01 1.052104788340804398e-01 2.745933167378421247e-02 4.354535879968922663e-01 1.252900431509474666e-01 2.014035358511315904e-02 8.701978049549134731e-02 3.039684446032573858e-02 6.813675292270122974e-02 2.537120732489744901e-01 8.614169959715325953e-02 1.280269115834175020e-01 3.325470937530809051e-02 -5.488766839225642930e-03 1.986956014737577547e-01
-1.676124351041130556e-02 2.150403651506500521e-02 1.165182986684405253e-03 -1.981121047937127108e-03 -1.154561596718807655e-02 2.654494127452550895e-02 -1.337357706577706890e-02 -8.452523252330420428e-03 -1.183607961775850863e-02 1.514740270490752549e-02 1.916638450089742929e-02 1.338968118507159744e-02 2.547859682259292699e-02 3.731059081170904311e-03 4.830552440951357135e-02
6.099355713632557130e-01 3.566645898514161916e-01 7.639311526378573802e-01 7.751978728951289810e-01 4.517573425242765173e-01 7.253473792227352890e-01 8.963792894571375180e-01 8.280637353149225000e-01 4.354415450771432772e-01 6.300742629957272190e-01 7.271985750348691768e-01 7.589382600489928965e-01 7.056107136115802314e-01 5.773914216950234435e-01 6.998048778393547442e-01
5.025104379437511648e-01 2.994181672911666037e-01 7.035165216892532714e-01 3.266493865634043647e-01 3.370350817621196038e-01 6.643088983455720520e-01 7.759999187674270216e-01 7.844803653528780174e-01 3.461026098267421802e-01 4.538136518456203916e-01 6.441140518902001011e-01 6.492257112133548169e-01 6.876055866529963145e-01 5.411185023654369042e-01 4.809456796427240000e-01
1.212492829592042159e-01 5.500973688975292764e-02 3.840828995210012614e-02 4.440780755263034618e-01 1.417132642542490994e-01 1.137043350933155533e-02 1.145192188720572379e-01 3.959833244975263788e-02 1.423155331360534404e-01 2.427504622783312749e-01 1.113229662524331254e-01 1.383350071909806300e-01 6.042245967606934415e-02 3.785780505780548394e-03 2.007777813459276084e-01
1.020821818652639379e-01 9.139141660405850076e-02 2.752182321586117003e-02 4.819450092893445281e-01 1.468179818522844238e-01 6.471685441615131207e-02 8.498253650594757291e-02 4.242355498501601541e-02 1.065674584683203446e-01 2.788334223381836452e-01 1.087477377128781980e-01 1.293926909844965722e-01 -5.673675803801493667e-04 8.712905836079341132e-03 1.910866245641966443e-01
1.219477549196363447e-01 8.767796346926871875e-02 -1.039447712252418443e-02 4.725860748184133597e-01 1.255919786926227577e-01 5.567379180245671244e-02 9.581631287632709493e-02 3.874910531961723442e-02 8.844363004400815353e-02 2.486499834579235513e-01 1.252694162748304862e-01 1.286003907282261549e-01 5.923758354932214670e-02 5.394787799635793191e-04 1.991117590394490267e-01
6.224855427590675339e-01 3.385398409503023731e-01 7.865599020776535832e-01 7.796217609537335891e-01 4.995201573112853510e-01 6.932225905465154714e-01 8.775516845648518860e-01 8.335717402427136324e-01 4.832045775093246065e-01 7.065722851456089915e-01 7.456800728541211898e-01 7.810482925122592679e-01 7.035027797271622418e-01 6.056734376031320810e-01 6.868460470918459349e-01
1.141788666322546830e-01 5.519638518626234641e-02 2.259591696632947538e-02 4.438282016302239619e-01 1.077294398290651323e-01 4.855386981226724602e-02 1.259193781986390204e-01 2.528417607811670256e-02 1.020468614408253927e-01 2.542521329606771685e-01 7.260707782373673758e-02 1.348635100049778435e-01 2.871987206196612713e-02 9.520099630575578481e-03 2.401603554485908232e-01
1.260889387423319297e-01 1.008823447687669794e-01 2.882745264991180834e-03 4.334202359497609791e-01 1.322725794910514507e-01 3.638775099001159002e-02 1.127435466045025869e-01 1.047100723879808293e-02 8.944816006779093831e-02 2.284820917933435835e-01 1.283896829373960546e-01 1.068857783002475220e-01 2.694614627933537496e-02 -1.262511819652226489e-02 2.063704835454179820e-01
8.934489662499025542e-01 9.040858978886003872e-01 9.581916087291693085e-01 5.566432263961168525e-01 8.612150330792939235e-01 9.489680614051265728e-01 9.313671652382445876e-01 9.357841353153674158e-01 8.585310498924185740e-01 7.871407333651977423e-01 9.008388593124279087e-01 8.428739553829713849e-01 9.955365180887884025e-01 9.968783942530575759e-01 7.595222629642434109e-01
9.086031150467112072e-01 8.978274308612486099e-01 9.261725186224479822e-01 5.288139600723643641e-01 8.769453743011864644e-01 9.691927376185136556e-01 9.485958004772793162e-01 9.785847190552224850e-01 9.274398749298953248e-01 7.466180856013058253e-01 8.896672896051749380e-01 8.602179375962857311e-01 9.613472426629191547e-01 9.862237037647484383e-01 8.108170193953293525e-01
6.756166053470791244e-01 3.621080444548512300e-01 7.484973693291177010e-01 7.784594864487626165e-01 4.544546137324359525e-01 6.863673729322254946e-01 8.651085621170739870e-01 8.337935383867743910e-01 4.401075694177254416e-01 6.684735635646499308e-01 7.600667991215196428e-01 7.722413899910857138e-01 6.899454463435574780e-01 5.877353745756153103e-01 6.480232242046921609e-01
1.001783797463138281e+00 1.040923264230979584e+00 9.957993781944962652e-01 9.754437154758190953e-01 1.008005147028792514e+00 1.024747561251267314e+00 1.005866966704791476e+00 9.870578059703155605e-01 1.031175107860620166e+00 9.900282168911092029e-01 1.016721501813238948e+00 9.848220259256205145e-01 1.020760166858315943e+00 9.776905157158009008e-01 9.997014562439371366e-01
3.751064134279984974e-01 6.195838796516467406e-01 2.419252628686089923e-01 2.006782966230335197e-01 5.630371959170750173e-01 2.511016051684021866e-01 1.224171687617623128e-01 1.622177592594366557e-01 5.255045622830771812e-01 3.813921576046040429e-01 2.829889292220572616e-01 1.866633162757322939e-01 2.711416042815310012e-01 4.386109944089116586e-01 3.286032887679426473e-01
5.186303730215920949e-01 7.140730499837233403e-01 2.567838782393916941e-01 6.601482876482943629e-01 6.699842373459077294e-01 3.337629960551294905e-01 1.442095320198696073e-01 2.215872199851479929e-01 6.562975473911918378e-01 5.991442471984759210e-01 3.416419878726664194e-01 3.515552919688995082e-01 3.202709679164542078e-01 4.555239570870373567e-01 5.225402486125571011e-01
9.995263771552700405e-01 1.026251773526795974e+00 1.014386426546624698e+00 9.845742139519830793e-01 9.965291242081331102e-01 9.945679822901758449e-01 1.019026789218074436e+00 9.877471495362249998e-01 1.007275839778644988e+00 1.005890609966777038e+00 9.824991075532840679e-01 9.934780948377325283e-01 1.015783865496653560e+00 1.007033797997976210e+00 9.780236231485096576e-01
2.323873865573431244e-03 -2.012087299450118771e-02 1.129716378978858245e-02 -1.980509227224960464e-02 1.009783416241175416e-02 7.668412039872279408e-03 -1.438670284439021348e-02 6.269376066080575155e-03 -1.426264626535578978e-02 -1.426224061270134520e-02 -1.317736518328118875e-02 6.083716006172066627e-03 5.793853131596107126e-03 2.646151146858670769e-02 -1.444113326416242987e-02
8.674322399662457439e-01 9.509235862858769206e-01 9.469181364975752802e-01 5.380602388283015625e-01 9.220432746452693618e-01 9.596010221077900804e-01 9.458250520618080026e-01 9.903168123833717695e-01 9.209653729799526234e-01 7.209488101200178800e-01 9.091117042377383495e-01 9.020083153244312646e-01 9.708613355347163187e-01 9.764548283553620145e-01 8.058633383302417075e-01
6.154465810452683927e-01 3.693354984618306136e-01 7.834188284621962373e-01 7.729829543727613217e-01 4.803224682441223359e-01 7.161283367020391255e-01 8.683383444801697770e-01 8.025993442031893466e-01 4.486098320095728842e-01 6.641947365973601691e-01 7.206141372704060188e-01 7.946716507912735539e-01 7.530304674404728615e-01 5.783831652806200596e-01 6.925805804807716459e-01
1.971073520560595246e-02 1.398553037442044900e-02 -1.430889980620956084e-02 -3.673362262912324011e-02 -1.656659677943562656e-02 7.109049544627857667e-03 -8.896844622298328426e-03 1.593206080139025413e-02 -9.681964226672981969e-03 -2.041457822733243332e-02 2.601351133930321705e-02 4.606939301264345935e-03 -2.759687030173580205e-02 2.034263516278867270e-02 1.417286763956570337e-03
1.003890218592787820e+00 9.965904482844629708e-01 9.847225009615838687e-01 9.669347681588416066e-01 1.011453659266800198e+00 1.005611649414836384e+00 9.494126418212779361e-01 9.759191889722187430e-01 9.950380305312460649e-01 1.015402162664294172e+00 9.803986847041281649e-01 1.006975590676237431e+00 9.715361644977916766e-01 9.967390231538408862e-01 9.892943949676185067e-01
8.187492823894510982e-03 1.831688517342435624e-02 1.867077674069958851e-02 -1.724900365873313114e-03 2.269999846762755374e-02 1.885794465748977938e-02 -4.033195663040169479e-03 -2.103121968258306329e-02 -2.338754004063592698e-02 2.801719344522332622e-02 5.819442761648485792e-03 -2.660209291757475308e-02 -1.616815722182024170e-02 -9.993382385375327442e-03 1.623232978577221486e-02
5.119217114872331997e-02 3.882821154867521080e-02 8.831197836118033148e-03 -2.081396561348426710e-02 -2.873212023725622150e-03 3.529279263838507735e-02 -2.328204887394300787e-02 -5.967991285069727120e-03 1.605502299816456355e-03 -3.995018193283917871e-03 1.602675547116013538e-02 -1.748320553875738412e-02 -1.093541004152468951e-02 -4.724519404509010430e-03 1.625443428111757529e-02
9.006129924323403868e-01 9.051374113151380296e-01 1.007849523707306849e+00 5.552706058097891528e-01 8.753914457240914437e-01 9.580379405578748342e-01 9.085628633396829468e-01 9.630349803617419546e-01 9.301836684219159102e-01 7.538178523333393111e-01 9.253379433012459687e-01 8.618642293115073016e-01 9.831732622085572748e-01 9.402586935824147618e-01 8.180324035721546760e-01
3.659773907889332101e-01 6.694658401395070513e-01 2.548986351728253497e-01 2.005778208129327389e-01 5.503820682874154269e-01 3.221666323817180544e-01 1.164768527823270006e-01 1.880423889722207531e-01 5.461876331786373884e-01 3.276739635696552244e-01 2.762314905363674189e-01 2.077301432828691508e-01 2.833739435126555462e-01 4.057964585440787531e-01 3.292178983125211844e-01
5.110562581477476884e-01 2.383377978474432168e-01 7.411664029599932535e-01 3.883035558158270395e-01 3.492634577202334278e-01 6.807881978454660699e-01 7.883534031483429017e-01 8.174841710121231175e-01 3.027162484852295998e-01 4.221039059863862519e-01 6.427420387239911603e-01 6.565766740769929388e-01 7.080713649033172352e-01 5.579548893926562503e-01 4.573638258113424393e-01
9.865133829340952398e-02 9.002941944885785308e-02 6.137928045724440340e-02 4.353977715203534160e-01 1.152500270584894265e-01 5.470124704896359852e-02 6.269870885019684925e-02 2.734250901341088447e-02 1.108203020120974852e-01 2.730574698907078379e-01 1.079159509244069642e-01 1.296745570831934757e-01 1.433348820828770666e-02 3.919890103832414374e-02 2.512150078963347744e-01
8.838355709641936009e-02 9.248047654864774425e-02 5.496885774014530213e-02 4.607812909236108090e-01 1.453064256372428864e-01 6.143210463589385273e-02 6.893874561452982552e-02 2.416333759743179502e-02 9.854086455131817746e-02 2.373257282269076174e-01 9.213163445569032273e-02 1.272271525951624294e-01 3.969399599058472811e-02 4.749798489272183052e-03 2.149401389007662699e-01
8.735593271085204670e-01 9.344787004019149412e-01 9.340238339440510851e-01 5.718484502682127379e-01 8.996977928125918789e-01 9.508192144458703643e-01 9.430250379894871138e-01 9.782368400752310400e-01 8.834285132413879360e-01 7.650096831741933778e-01 9.231927442207937817e-01 8.770055590604525220e-01 1.004154513230911316e+00 9.623878095095318441e-01 7.659051283663892429e-01
5.096275445088956912e-01 7.079206664934329929e-01 2.718352531647491577e-01 6.224908389567668232e-01 6.366964760413760249e-01 3.541693278481176099e-01 2.298629083315511523e-01 2.031291205217953533e-01 6.553620795049031056e-01 6.176673914639262408e-01 3.502054068686087374e-01 3.448073984181752594e-01 2.999968305229492316e-01 4.451388911534009951e-01 5.240035320181404277e-01
4.163126591527192555e-01 6.340221051698424759e-01 2.415379956661323768e-01 2.253062221401498921e-01 5.857659528982104291e-01 2.968388458345959657e-01 1.298828749568527452e-01 1.878167855085265958e-01 5.931792814921740264e-01 3.209013462459845978e-01 2.693375028327679166e-01 2.276669549590202846e-01 2.796046951704091454e-01 3.743236927317082352e-01 3.311935156655924084e-01
4.977170422133962435e-01 7.241850644937967152e-01 2.853041123227288423e-01 6.343245608125449575e-01 7.051238661304314315e-01 3.097093889612585471e-01 1.636408333116834979e-01 2.350191736796855557e-01 6.367589625632897876e-01 5.696056487031483373e-01 3.623713722879570720e-01 3.048085621841109538e-01 3.066039141685815150e-01 4.072302757847114374e-01 5.602739694450308283e-01
6.319859316981074615e-01 3.291151617166858112e-01 7.381847917204144016e-01 8.118630647186361182e-01 4.424643041922247666e-01 7.307929441102813950e-01 8.675286994415596364e-01 8.308349553250794495e-01 3.905007470329658337e-01 6.250186635705770044e-01 7.258171903199402974e-01 7.908491671261228539e-01 6.974023931131808629e-01 5.586497725645069856e-01 6.582975228935757928e-01
1.241623308094696038e-01 7.550349076090695499e-02 3.891765237256495508e-02 4.489429584468292989e-01 1.474798776507010023e-01 6.066594214835138721e-02 8.178004579336087265e-02 3.035753380397807413e-02 6.253751550359817890e-02 2.511245593357855910e-01 7.843752467771220038e-02 1.526021385633192784e-01 3.096804874379971428e-02 2.666688263905284823e-02 2.182029116146444736e-01
8.630506842141072443e-01 9.159470923285143451e-01 9.195759402365918378e-01 5.661275440694690797e-01 8.861172193471829051e-01 9.546706806921589905e-01 8.678284265577540513e-01 9.937636774053068001e-01 9.278908327567541026e-01 7.103877960867989172e-01 8.775501589614449482e-01 8.740141335226723207e-01 9.722272834578268297e-01 9.923199340515992395e-01 7.867176099379720178e-01
4.946878197592551873e-01 2.450800884430108240e-01 6.966995176052838135e-01 3.389796602543842519e-01 3.202820844366200959e-01 6.603889677580496720e-01 7.920113668406909557e-01 8.031827146597004807e-01 2.957643515474037699e-01 4.369055985449876722e-01 6.391869515273879143e-01 6.655272425168969885e-01 6.944859006373099719e-01 5.537756575603525189e-01 4.419103054425938537e-01
1.031371864488460632e-01 9.605319837975168085e-02 3.404672078471146501e-02 4.768030101565299272e-01 1.182290478709743797e-01 6.817781920469322132e-02 7.646954141161474428e-02 3.684888370345176106e-02 8.691627005692567631e-02 2.655677268679587644e-01 1.286348642291277877e-01 1.330187812013070570e-01 2.366907997076775350e-02 1.340133398166362157e-02 1.833941197944782275e-01
6.111610561965231669e-01 3.359658608781080913e-01 7.668553995962134051e-01 8.237255135450639587e-01 4.516242146464666263e-01 6.960987147487865956e-01 8.384366709675907803e-01 8.275324282123204256e-01 4.171239947764289746e-01 6.549932122543270507e-01 7.223701839522703727e-01 7.706727445787883157e-01 7.272768867810639470e-01 5.663861873102216116e-01 6.593003079317601989e-01
5.099949316252193610e-01 7.390552588601257966e-01 2.685082387279203453e-01 6.361937583793526585e-01 6.438983217342741927e-01 3.110090113749113261e-01 2.194368632489503423e-01 2.031002611824255510e-01 6.965481726452026345e-01 6.052463025923288109e-01 3.663645817761749801e-01 3.578181980117502992e-01 3.062833103199631424e-01 4.482339192293932073e-01 5.719676334773521331e-01
1.256140213862298738e-01 5.522619527848431076e-02 3.556312941190693105e-02 4.306406477833242818e-01 1.220218357685684818e-01 3.215501020659822240e-02 9.122352822566290320e-02 -9.750426791076811234e-03 8.155370776393396082e-02 2.374298802998665303e-01 1.216068184951326347e-01 8.864111300713495289e-02 3.992813912916583219e-02 -2.439669378815945144e-02 2.093386290553298223e-01
8.715613247253327645e-01 8.996848075101266939e-01 9.651402157353010658e-01 5.462711509462374604e-01 8.441523697327178999e-01 9.630606758351838437e-01 9.311991503054337649e-01 9.708947039219402164e-01 9.165178053214787512e-01 7.779308746008469777e-01 8.895017416253253595e-01 8.714592138573737934e-01 9.805685469193466952e-01 9.962895771242994414e-01 7.969412329154076380e-01
6.297779881727153528e-01 3.403884362590111068e-01 7.458793390490429109e-01 7.587766440337855300e-01 4.588705111093679401e-01 7.085368631582346088e-01 8.582494226604815424e-01 8.522202424817194588e-01 4.411600163624497251e-01 6.463831163944677716e-01 7.333169157052710219e-01 7.821712548152353062e-01 7.154652452961651754e-01 5.623204229864395831e-01 6.626646216334594053e-01
-3.759158456760137296e-02 8.098371159923666365e-04 2.133841919081367819e-02 -4.445162751374352392e-03 2.616252285142340109e-02 5.370250900516344850e-02 1.656534058064021127e-03 1.095852159498244931e-02 9.731603428494746758e-03 -3.946201481731072963e-02 7.912704265868816117e-03 -1.595915965697785807e-02 1.119379511937761661e-02 -1.607411834693105862e-02 8.045291402021727961e-03
2.618119496826665227e-02 2.695246244391985568e-02 4.261974670387341790e-02 2.340862712682802507e-02 7.669707096138895890e-03 -1.668386872248781017e-02 -3.526385654064347064e-02 2.252674582643467496e-02 -5.116746369442822830e-03 3.008276970386908247e-03 -1.116402038640291984e-03 4.660640784247507135e-02 -2.263032195531778160e-03 -1.286825803890193076e-02 2.166143733821326769e-03
9.889652653769880342e-01 9.935201806558286997e-01 9.946637338594073174e-01 9.896988730805912349e-01 1.011795903979981981e+00 1.027310526855918171e+00 1.009176946103222505e+00 9.802863893293728426e-01 9.945555644673502727e-01 1.035441415258926856e+00 1.027656751415776615e+00 1.011692638191147298e+00 1.021584276656477330e+00 9.923078246138290481e-01 1.023652881350608945e+00
3.746976527609611196e-01 6.464079810451276442e-01 2.430347867120190020e-01 1.761994767917111904e-01 5.448340479439433004e-01 3.270371706019944424e-01 1.185258818558060506e-01 1.588146593595828326e-01 5.678584605059073809e-01 3.716653639148581045e-01 2.495753664398232818e-01 2.241038455363537629e-01 2.593238447371670752e-01 4.113043173436852218e-01 3.468039347483742874e-01
1.005177613768505118e+00 1.037823264731164041e+00 1.004786992287288516e+00 9.825489001244348541e-01 1.028217543650357335e+00 1.007219826708181554e+00 1.018055402547438204e+00 9.990884292191388738e-01 9.965801292943187173e-01 9.995874114216737327e-01 1.027692191020941115e+00 9.997898075836538778e-01 9.990802237086333637e-01 1.005014909354447594e+00 9.904185129874395477e-01
6.151538571346416573e-01 3.886704662419128709e-01 7.771777657872509515e-01 8.334341531306628248e-01 4.518913349424152903e-01 6.977292229737249718e-01 8.968840194999241344e-01 8.191995463210693940e-01 4.369152344166342683e-01 6.420433045262496918e-01 7.297615079914808733e-01 7.873227588734619253e-01 7.256138033725191283e-01 5.642951484850000643e-01 6.548219982251390903e-01
3.936536425991032373e-01 6.601722579375736144e-01 2.668857158757854675e-01 2.012665538172456470e-01 5.439734107622421488e-01 2.471473040277479827e-01 1.187036802012037262e-01 1.835805461909155722e-01 5.652639021904297678e-01 3.440063686682047206e-01 2.413096103930003622e-01 2.076801566685135547e-01 2.681697505492741107e-01 4.356891123326311344e-01 3.322951469814725001e-01
9.803968390551968115e-01 9.885400574188568656e-01 1.017228568187010129e+00 1.016270703045448753e+00 9.951303091157405190e-01 9.785047425317427994e-01 1.028669799774166949e+00 1.002369456999707698e+00 1.004634418080523561e+00 1.019406491754234034e+00 1.014506855466839719e+00 9.979004817715283471e-01 1.004231895435011790e+00 9.643393624281287879e-01 9.961955762838836659e-01
6.353918069732754637e-01 3.948756992924059572e-01 7.913991691465084299e-01 7.668730486684808278e-01 4.524982967687404822e-01 7.128745947486103685e-01 8.989132712370377920e-01 8.351650146418528875e-01 4.372667705550935535e-01 6.397687148013899705e-01 7.131723631082622639e-01 7.768536900646703103e-01 7.029875503427903682e-01 5.916864439355250527e-01 6.659646559151327638e-01
1.467548583756422831e-01 8.234318864036309360e-02 4.490930998687073933e-02 4.413359203815369614e-01 1.160735277641456037e-01 3.194981429034367965e-02 9.793171955718367461e-02 4.321830004639985040e-02 1.065113086544245691e-01 2.637858697951593889e-01 1.003871503815649269e-01 8.807610649289605853e-02 1.790827868479038729e-02 2.065371501100686860e-02 2.042542724906566409e-01
1.156596160092198955e-01 1.186428811765182501e-01 5.852707668356484094e-02 4.463486737362549750e-01 1.198746749197201061e-01 4.834914806076694854e-02 7.454635576299559196e-02 -1.876814934173730645e-02 1.072308959470098938e-01 2.448352378782235883e-01 8.890803859033613588e-02 1.048783137966266404e-01 1.458492476539455587e-02 1.426430047648096291e-02 2.055972468972275258e-01
8.936781421541390991e-01 9.576277711419970418e-01 9.197068596447398603e-01 5.437015086411790543e-01 8.748119469616302268e-01 9.548509498048098898e-01 9.058900061175496621e-01 9.819559089216105541e-01 8.919730909992351631e-01 7.445444068271143134e-01 9.417352182821586704e-01 8.994391311522552668e-01 9.632500790320662754e-01 9.979893215530737383e-01 7.767804176801471616e-01
1.284497498761635603e-01 7.002904016468418369e-02 6.574837602017220839e-02 4.690891857860564618e-01 1.238352850081191059e-01 1.683481320296537423e-02 7.131000598671349833e-02 1.643141904474891557e-02 1.161844660945213908e-01 2.317699588288902324e-01 9.528429058252713135e-02 1.322722098338097174e-01 3.040254079333853943e-02 6.144727732842664158e-03 2.224803637814813106e-01
4.576425955520960764e-01 7.578508861441946021e-01 2.632238296761389984e-01 6.628023429387489562e-01 6.799414579519630353e-01 3.248180088331596993e-01 2.397174532349378717e-01 1.933121921856238989e-01 6.866758653011785229e-01 5.448569602324706551e-01 3.790611919640179961e-01 3.395253278835087540e-01 3.129272821682376193e-01 4.105687238340463008e-01 5.278465875206365121e-01
9.914435627072822887e-01 1.006066938298200819e+00 9.643730289665981559e-01 1.037160169951220734e+00 1.002543041410553837e+00 1.015405703971693940e+00 1.011811016838528809e+00 1.011107507608634881e+00 1.015803854924991700e+00 1.051208419922982751e+00 1.004046389565816932e+00 9.792829165584387985e-01 9.894801234319590133e-01 9.737178635344111433e-01 9.878692846557285412e-01
-7.560479571463189427e-03 1.563457190733273661e-02 -9.881392363098992840e-03 -1.412065543522748878e-02 1.318852684135447817e-02 2.287774372695199759e-02 -1.909678900310535915e-02 -1.568601011016448540e-02 5.550799240469963744e-03 -4.429493534420946704e-02 1.258188017768619403e-02 2.973793958936430878e-03 3.343705294227665437e-03 3.806763996576516262e-02 1.854460315093684050e-03
