1.040791226621288063e-01 2.029348500311398684e-01 4.085066228999541527e-01 4.755053330432638670e-01 2.333766108371919945e-01
1.043299487435733530e+00 9.197281223999745903e-01 1.069548043026086415e+00 1.048162445111794572e+00 1.005528519200735049e+00
4.591311529175037820e-02 1.079148818081931416e-01 1.737207920066795308e-01 3.803482912246936021e-02 -4.677241726154328025e-03
6.933805910372251580e-01 3.940528653816787741e-01 1.739301690819037294e-01 2.325721817362810251e-01 5.486607265142884327e-01
7.339931292543576680e-01 5.734590590641533980e-01 4.303926705976095501e-01 7.057782024216258110e-01 7.238826435870168163e-01
9.216224882025697562e-02 2.549486047865958116e-01 5.466301349492131978e-01 4.838967892360592771e-01 3.091525457089004392e-01
8.468513767206753418e-01 7.538721087678769139e-01 5.555360385291704395e-01 5.666661519643307887e-01 7.504144170116574530e-01
9.992292032656892031e-01 1.183607431066560078e+00 9.356442535246589642e-01 9.922888352726215722e-01 1.040702935125371598e+00
9.311500283372261544e-01 9.123935187549052639e-01 8.330200387212591817e-01 9.704555243663764985e-01 9.524355640221110475e-01
2.191836828668368153e-01 2.909421579623238108e-01 5.021456677322611029e-01 4.409768806910182581e-01 2.430631634000043617e-01
8.187136225475413198e-01 7.174286217434666657e-01 5.217768715555939352e-01 4.451469394470991547e-01 7.618241207653372316e-01
9.735543184922298421e-01 9.542616947634720015e-01 1.026154068385045859e+00 9.613285687689575587e-01 1.029776672201639043e+00
2.937276749623711769e-01 4.616449885358266392e-01 6.528601100432975812e-01 7.290465753300288121e-01 4.455759505918153174e-01
8.797836012517959992e-01 6.902383720637672582e-01 4.990861608071228694e-01 6.002245689822229835e-01 8.090969528430789204e-01
2.671130641665200867e-02 1.640703051605969520e-01 2.161867393610804322e-01 2.508976487746550355e-02 3.639323687042647637e-02
3.650346423153577602e-01 5.165553766345918341e-01 8.185876191519451117e-01 6.883778261184168024e-01 4.979034799946790990e-01
7.457516341676492244e-01 6.701298307373161345e-01 6.782699484478023066e-01 7.873058314567918936e-01 7.231014555911289277e-01
2.993926692048057836e-01 4.700146150175887327e-01 6.785443867279001839e-01 6.756270911551393032e-01 5.671907627431732601e-01
5.655497985937980587e-01 6.061569489790270548e-01 3.593973680557085437e-01 3.055472242285081075e-01 4.385362503987325633e-01
-1.760893526215066840e-02 2.184557311592626450e-01 3.219014212073460501e-01 -1.295826958273222501e-02 -2.253097868412305693e-02
2.568692044523958051e-01 2.589485880742886104e-01 3.968179342460784742e-01 3.516955329891346405e-01 3.152415913510403511e-01
9.320395737758080390e-01 9.042191649590776148e-01 8.366214482744226411e-01 9.948894431821718731e-01 9.903932944708911945e-01
3.267588852380804987e-01 5.502757166820688717e-01 9.122883881925566429e-01 6.642818365512150880e-01 4.540614458097506634e-01
4.021232988486461157e-01 5.430273350223382423e-01 8.313880812053373592e-01 7.509811804226498300e-01 5.510541371712299741e-01
4.589825025563154526e-01 4.699067785572363376e-01 4.357911618589999092e-02 2.019104221753793005e-01 5.905391510493469553e-01
5.248450783184324120e-01 4.451816494554058923e-01 5.790141723401121682e-02 2.808156561001464713e-01 5.482156923124366088e-01
5.976308236032928933e-03 1.592665448473098710e-01 2.916490337599201843e-01 3.717920770982532375e-01 2.959412632482201766e-01
2.358575973250245927e-01 2.936805241634385943e-01 5.657922878543951706e-01 3.302029968693928064e-01 2.808436201126099374e-01
6.407450577830415828e-01 5.995822082200329417e-01 3.341793904916524616e-01 2.708730108895033850e-01 5.361989897939081207e-01
6.532192608719803451e-01 6.914271715952247099e-01 3.192193626800443051e-01 2.027407193687697506e-01 5.067195472650930510e-01
9.926589296845163002e-01 8.572658992716235549e-01 7.776787130896384292e-01 1.058168349298548083e+00 1.005869199999182229e+00
4.047790611186103393e-01 4.943855515468320583e-01 9.059750925039297131e-01 6.688011580156669744e-01 5.676589215337831673e-01
7.063326431264606020e-01 4.719522008988138451e-01 3.927963810555460955e-01 6.430551527311720861e-01 6.874288072484449064e-01
8.666983623477858556e-01 7.901191784918029093e-01 4.438352852710742980e-01 5.333920325298180387e-01 8.265419025243861961e-01
6.236843430580399361e-02 1.223990749490454777e-01 2.047387745936996295e-01 -1.560409309972536976e-02 -6.048406131333113056e-02
5.920625856496933848e-01 4.846612866800386610e-01 1.337497435963292125e-01 2.764915605255818254e-01 4.813061918582464127e-01
1.211278537097979086e-01 2.158012887694764625e-01 3.121665948713864824e-01 4.121502323186391759e-01 2.318192665085062609e-01
9.233655115061183416e-01 8.533751840525541921e-01 7.461307823739314893e-01 9.823725577390910457e-01 9.164539986720774412e-01
2.656285680599432819e-01 5.148658384194449988e-01 5.925466867918296465e-01 3.010830906163156073e-01 2.973584278464477260e-01
1.706827404396945580e-01 2.293932280242086397e-01 4.583699113409088755e-01 3.360443270040321395e-01 3.857958610878878813e-01
7.559418389406964423e-01 5.490618766667610950e-01 4.540405188110101520e-01 7.501223250273720833e-01 6.840415100064388687e-01
4.122630307263371874e-01 5.856314169123565394e-01 8.537140188252905215e-01 8.392893253566636735e-01 5.083753067092426914e-01
5.868295197258707740e-02 4.372187392907042613e-02 -4.159047574043241852e-02 5.005653405190543803e-02 3.486254709128654844e-02
1.353692933190920877e-01 1.300707343270270377e-01 2.643510017792680689e-01 4.342751253820021362e-01 3.814924641425994079e-01
8.851106243327997447e-01 9.640379068490025904e-01 1.007640913243608161e+00 1.069937370867307447e+00 1.014572054729824702e+00
3.887504713264249290e-01 5.782846993561261417e-01 7.931590046430371244e-01 7.854496616771663442e-01 4.525006977738208480e-01
9.885880535132149927e-01 6.375381731604274904e-01 4.708332760638973546e-01 5.474397341440760956e-01 6.688566879248768471e-01
9.054113474049114707e-01 8.736324363840815010e-01 6.775372895447298038e-01 5.908926654667340239e-01 6.954091147766472414e-01
6.091446365395317697e-01 6.440599738153329756e-01 3.220363285916295615e-01 3.352342136161914898e-01 4.591734984691157040e-01
3.652377682332806907e-01 5.724933415187259955e-01 8.276235176868144139e-01 7.104283100861168432e-01 5.733835658920738432e-01
2.364745649198341515e-01 4.603740970241474995e-01 5.243517896449028104e-01 3.238428172978220498e-01 2.164188937357260367e-01
7.629603923869926474e-01 7.750170197100876290e-01 4.347976403390739764e-01 5.913338783091975914e-01 8.109800563634165238e-01
4.041984523239224719e-02 1.454938272379048825e-01 2.335003246009067224e-01 4.123577519426911697e-02 3.137469462144854004e-02
9.311341017477015036e-01 9.660184705299257324e-01 9.607021784015558064e-01 1.077335404985485301e+00 9.803752038522772772e-01
8.976920547124431771e-01 7.509139306878124254e-01 4.962594866289282702e-01 5.289393952693765000e-01 8.393809657371710253e-01
2.390673174832573175e-02 1.825456094018619857e-01 2.447279592810151505e-01 -3.718272875749932538e-02 -3.241396809047153438e-02
8.643176678669920454e-01 8.712554777173509013e-01 6.883500198859608954e-01 6.475375535310566866e-01 7.513831193974718214e-01
6.054666679848141886e-01 5.538696622745120646e-01 1.020954523226291766e-01 2.985169921239390067e-01 4.922826553365610147e-01
9.394756163399248239e-01 8.787981189769039636e-01 7.641546855708137853e-01 1.049356721890323918e+00 9.699634511672680093e-01
3.687840706861534867e-01 4.240088501793639608e-01 5.425458962820001174e-01 3.202031671420075276e-01 3.478611614805432461e-01
2.211228253405333466e-01 2.578063610707719833e-01 5.050920798252126476e-01 3.953857410052168952e-01 2.371585522535961110e-01
2.302451660754165630e-01 2.532913892319327287e-01 3.642353836516794563e-01 3.169993320561879657e-01 3.394420135151167695e-01
5.527530002481283178e-02 1.360963900252640524e-01 2.485908352221707085e-01 -5.700409114964225671e-03 -4.426238863104281496e-02
7.690030081131469242e-01 7.437494359911439590e-01 6.942903454960787091e-01 7.610193572931729378e-01 6.683242149689504474e-01
8.882903453063031307e-01 8.294069399485191063e-01 7.583052836661322571e-01 1.001719100416101904e+00 9.200604542042669642e-01
5.600736847557720166e-01 5.799065702404295752e-01 3.376915917234208364e-01 3.859243053873778750e-01 5.366456677396481689e-01
8.441387764538726968e-01 7.576889017548992244e-01 4.466262391473779236e-01 5.696905733991086684e-01 7.615443146816985864e-01
-2.458077218554876112e-02 5.257613099212992552e-02 -5.523851522984302154e-02 2.196624390123759485e-02 -2.599682313005860501e-02
1.167793625986984427e-02 1.734756327357359351e-01 1.949596917746249103e-01 -1.796019104658406682e-02 4.014958488770831863e-05
9.341918148471439753e-01 1.017540451518656797e+00 7.445237101370714150e-01 6.523161343522492217e-01 7.116274836304746776e-01
6.040817383461193346e-01 5.154186333567267742e-01 3.110032483127233571e-01 2.846541008334130818e-01 5.736765160531516194e-01
9.518034380800161065e-01 1.041714735297474270e+00 1.038057118437402560e+00 9.811634254745169592e-01 1.074093270272644007e+00
3.935573650158640246e-01 4.125427119953683497e-01 6.295566269847453489e-01 7.278308961731494442e-01 4.457689140733960276e-01
6.874627999852266358e-01 5.236773779580361499e-01 3.243462630728399798e-01 2.503602775296867033e-01 4.105623219870639384e-01
1.321556353506146420e-01 1.705667386685855991e-01 2.281663113888984240e-01 -7.492678768042427412e-03 -2.196393236400818669e-02
6.194950010542353835e-01 5.995872420808193715e-01 4.165568219058476407e-01 7.186478779599108080e-01 7.147125758600244572e-01
8.480780830349496924e-01 6.287639695222330127e-01 5.112049553900235299e-01 5.521538870985686076e-01 7.529569442540817725e-01
8.961733059392339440e-01 1.005601970561659009e+00 1.039803561201226190e+00 1.011324193887991996e+00 1.016783157627311640e+00
8.769199042272575184e-01 7.397070525988833634e-01 4.367988315102286911e-01 5.691702679286146926e-01 7.817491267957006329e-01
9.813748642965126612e-01 8.961273560006781658e-01 7.372616450986166914e-01 9.812475091356096524e-01 1.028270333005062875e+00
7.165669274884521600e-02 4.947252963438694695e-02 3.293900330155031253e-01 4.014508067969062011e-01 2.614782946623613880e-01
-9.908225143104507082e-04 8.954673115861139232e-02 3.182333547940847107e-01 9.610458206432559436e-02 3.045655614834519298e-02
6.676755873324751178e-01 5.589970416055147773e-01 3.894319540594047835e-01 3.149402805962396856e-01 5.037327225105238115e-01
3.279724874885279196e-01 5.891472033943051523e-01 5.560109349204898077e-01 2.560192043310908216e-01 2.952952201313182035e-01
1.405739350318229164e-01 1.750657989513861312e-01 2.265802117038636654e-01 5.628687319052306792e-01 2.252334150662615442e-01
6.248182397603959659e-01 5.833292660804246799e-01 2.705585426510162539e-01 3.257471976700015981e-01 5.928684743184390316e-01
2.448304069986165787e-01 1.670805410766676991e-01 5.106142116369281059e-01 4.249349269725294365e-01 2.706318327560821579e-01
1.001285704293677359e+00 1.018651234912703263e+00 9.684900823693195493e-01 9.804372721987102413e-01 1.062664672306205871e+00
-1.224565508903033700e-01 1.653709275621595160e-03 3.036377790357659007e-02 8.382366487050280091e-02 -3.067679754442291431e-03
2.387533836269110921e-01 5.293429458708361901e-01 5.208771072742606201e-01 3.158093815618245315e-01 2.758659317352862295e-01
3.449288095599278847e-01 4.456917152901603285e-01 7.262731299917342120e-01 7.863774844083766258e-01 5.272302887959648965e-01
3.807347301932304529e-01 4.444086040389423342e-01 6.099033835493863354e-01 2.780184301746216335e-01 1.750618736626312066e-01
6.849118803687832546e-01 7.425911112393041025e-01 5.304717048769720389e-01 6.995241341667028934e-01 7.191919209214827635e-01
-9.727233714455978814e-03 1.255117927030303393e-01 -4.913715704847218535e-02 1.988866562241010418e-03 9.314037447198664221e-02
1.272401611471147553e-01 1.807677337502236747e-01 1.798331212700486070e-01 6.967265074006769032e-02 -6.542777751496414718e-02
1.367230389934722401e-01 1.994665089006923686e-01 4.257034453941373475e-01 3.766124303735211565e-01 2.324391363792814302e-01
4.916887606842805791e-01 6.134477035686642932e-01 8.583040288854411060e-01 8.231545737639563987e-01 5.459297845135335780e-01
3.860620476136672474e-01 4.895063111985272775e-01 7.996191483104435616e-01 6.755416757144252493e-01 4.975063010099052829e-01
1.942075622645853816e-01 3.035212625993171653e-01 5.015013415934177488e-01 4.146613585318357775e-01 3.412413547374791856e-01
8.597564001787966204e-02 1.596322678522481275e-01 2.795574811395526993e-01 4.503619358186082833e-01 2.796311834367344318e-01
1.215312442337778409e-01 2.151101986417124912e-01 2.786592008066380299e-01 3.319439911810021515e-01 2.320178668949934853e-01
3.116051231039628985e-02 1.409556377801326477e-01 1.700125810642217627e-01 5.970959946375527239e-02 7.684890541355300642e-02
7.815324465968134238e-01 5.651286591091964073e-01 3.350297993018179765e-01 6.464737657813928173e-01 6.434281140840487634e-01
9.944140482043629659e-01 1.042786089191269916e+00 1.042311597340382701e+00 9.889810781573544762e-01 9.150997295632767869e-01
2.841378432782474817e-01 5.049856011246106613e-01 4.792988448296309212e-01 3.369617500064453486e-01 2.794920551867187686e-01
7.906370598956919959e-01 5.785118822708221753e-01 4.245381678686024340e-01 6.188341303404839566e-01 6.725719765182419652e-01
5.337131031258854907e-01 4.262479063200292351e-01 8.440331227628412869e-02 2.667514930053097588e-01 5.606935412610005720e-01
1.014987423149535939e-01 1.390876122242835078e-01 2.735599716964007833e-01 4.863626484828152963e-01 3.034240103309257530e-01
1.577302384612809805e-01 1.997761108088358939e-01 3.883468295032848072e-01 4.109431367103145161e-01 1.381861994701040208e-01
2.585709136377633000e-01 4.559797321247970880e-01 5.918740295766193871e-01 4.136835149911911591e-01 3.201621668624984873e-01
5.852663711823466453e-02 6.655869400319285034e-02 3.644873871652000163e-01 3.766772969220765765e-01 2.555458143062823151e-01
8.724635105871335616e-01 7.771748332362213851e-01 5.410860995347965829e-01 6.145452474064930781e-01 8.473416585997564088e-01
4.132524828712230702e-01 5.558884789021587558e-01 8.683134033439919852e-01 6.681965009949006884e-01 4.788290057782158549e-01
7.271031328588705156e-01 7.804246790662531241e-01 7.052729583190834317e-01 6.899623559893278690e-01 6.903524553408421083e-01
3.836919118722307287e-01 5.589187947500648956e-01 9.020651750308317229e-01 7.992248672478931004e-01 5.414347240516665938e-01
7.756320567137462429e-01 7.226239864432413285e-01 6.613397932212173869e-01 6.867731772109191279e-01 7.659681120459378434e-01
1.022309848360757334e+00 1.059879699251611740e+00 1.055490768660358070e+00 8.995577674373457233e-01 1.058591478587226353e+00
9.368102427996251036e-01 8.408108530489861732e-01 7.598242153293129908e-01 1.004339825240820661e+00 1.022228750007661446e+00
7.927010260543995157e-01 7.750252077392558725e-01 5.309215117533566675e-01 5.882888315481488162e-01 7.911151123820727715e-01
4.086765275030704858e-01 5.796746975840185723e-01 8.201210573310491192e-01 7.030308636643187725e-01 4.509825860642364681e-01
-3.517275438123624448e-02 6.509909870357785677e-02 3.835935998353875304e-02 -1.443840443430531410e-02 2.417541772890977742e-02
3.541844656769170818e-01 4.370243384629958205e-01 5.218241715779665668e-01 3.335563293246478489e-01 3.081850334004540559e-01
5.669361050203342023e-01 3.570874885541477917e-01 8.976308297065417607e-02 2.760778961747600846e-01 5.291227428558666901e-01
5.819181405762630099e-01 4.072393197047171065e-01 8.320851803417929349e-02 2.907923879904729669e-01 5.151213134825984863e-01
8.630703623765934029e-01 6.993815237131842943e-01 4.757725301175891874e-01 5.626445019002471737e-01 8.162893502501201715e-01
6.389897776184300104e-01 3.905430852051363089e-01 1.200485857265371076e-01 1.377196450811575545e-01 4.054656696629808099e-01
8.498386911985613690e-01 8.663985408928271958e-01 7.608959628945126674e-01 5.847364840397425434e-01 7.786247371473473677e-01
2.516618350596331322e-01 4.005153452274909376e-01 3.527602351660532043e-01 2.978715731343302697e-01 2.850530852306293328e-01
2.993369704221695571e-01 4.257726341698704897e-01 5.799203906578975776e-01 3.438799971314016601e-01 3.331985587690603490e-01
-3.755544419866325284e-02 -5.266671280034377484e-02 -1.151732343271501952e-02 -5.949825615291340353e-02 -4.472468497122081277e-02
-1.445864639268712448e-04 1.986977121744256114e-01 1.678788831030647577e-01 -3.164489574150065876e-02 -5.853708841386423556e-02
6.581170910404986474e-01 4.215200168713839624e-01 1.008969220409299677e-01 4.006198951138347786e-01 4.159459583761952461e-01
6.539944003551039220e-01 6.291203565046240564e-01 3.758222755198249443e-01 3.795884708341432101e-01 5.770687626644459556e-01
8.231970350561373939e-01 7.898916077163593563e-01 4.704867445410104154e-01 5.448716597934792905e-01 8.044326205972377464e-01
1.522352399498733411e-01 2.662078397768899984e-01 4.406061529120104403e-01 3.985011759946115451e-01 2.582363117102089989e-01
9.559580882138810631e-01 8.499126664519455199e-01 6.047163424801118570e-01 6.515055125263309321e-01 7.702965461791486668e-01
1.797756726031284405e-02 8.002926925234440936e-02 4.692126523277231898e-02 -2.829961308051731281e-02 -2.381370991385652752e-02
9.528818934716002387e-01 8.154032528830494897e-01 4.110278312845622728e-01 5.282764174021404857e-01 8.143728207237220795e-01
9.728600848428785308e-02 2.382207143721198628e-01 5.554416059226253699e-01 4.461798320483551517e-01 2.758429782029998556e-01
7.988943529487397832e-01 7.419073201541673823e-01 4.035576576534122273e-01 5.161359636820448404e-01 6.658927753232213309e-01
8.331730329665205659e-01 7.105545170558937862e-01 5.957455845548099704e-01 6.713220867806390935e-01 6.844690015415134665e-01
9.682161537900042525e-01 9.190162955664358257e-01 7.025142854043143759e-01 5.928290112613626706e-01 7.564180298972492666e-01
6.747788362374111948e-01 6.098294636813775815e-01 4.045506471712606023e-01 3.209685692744290164e-01 5.376547089879283314e-01
5.458024176977480102e-02 1.704290112436070148e-01 1.371040181437962191e-01 8.249254592649368778e-02 -4.193928790799703044e-02
3.982352983761216492e-01 5.447620246065663085e-01 8.442467224109162505e-01 7.826233738348375990e-01 4.682624218754160017e-01
2.444261039502665933e-01 4.638606908832577647e-01 6.221027004737197386e-01 4.035136929598234223e-01 3.167293088105095356e-01
2.570944743541003219e-01 5.050634486247306265e-01 5.288646263179389573e-01 3.571597351767988315e-01 3.089378055407309698e-01
8.548806396773479532e-01 8.124671538781823577e-01 5.048484052939762323e-01 6.124170058677621542e-01 6.890480942702641443e-01
6.735208960577373505e-01 5.596720028402278890e-01 3.883481385143500719e-01 6.705277135577158987e-01 8.383980385277047809e-01
4.877240788219931455e-01 4.356508980417934107e-01 1.160026153631774914e-01 1.966112090480579555e-01 4.066596194969637201e-01
2.840248987621819543e-01 5.178857359902908630e-01 4.798325349473364088e-01 2.761944396920211209e-01 2.760137812854972506e-01
4.044469668346886149e-01 5.224631798468792887e-01 6.209632980920312129e-01 6.320708459843976668e-01 4.448965727713196650e-01
7.014746369007787141e-01 4.337113410876909381e-01 1.208126070201063634e-01 2.683033801347060598e-01 5.125489730821556345e-01
2.922847535339480607e-01 3.332157534844887303e-01 5.943723489679627603e-01 4.101882601700510556e-01 1.924686031015182264e-01
5.887541042465374019e-01 4.228297411819118556e-01 1.959567069444251852e-01 2.399926311504849419e-01 4.819271506934403870e-01
9.426772563605119171e-01 8.457387249260689410e-01 7.532186958775481944e-01 9.537542112509028724e-01 9.629686808375741425e-01
1.074915030520360748e+00 1.033743711262657738e+00 9.561958042308714711e-01 9.354545119262996922e-01 9.610955375530698674e-01
1.056679613543910712e+00 8.905197889124740751e-01 7.470187827669163561e-01 9.309409649455426816e-01 1.067381495389089441e+00
9.090499927075003095e-01 6.832671654947315432e-01 4.970993991722976180e-01 5.690669280190452373e-01 7.586464979157788724e-01
2.081583741260340306e-02 3.793692531831704962e-02 -9.138016674025384312e-02 5.930424316366820353e-02 -2.447462089961515569e-02
7.345045553807250105e-01 6.439794672218267513e-01 6.768962804632877583e-01 6.992244670567298037e-01 6.939063599089257961e-01
9.676939472269374676e-01 9.805611804393818964e-01 9.398601200336748063e-01 1.012029743003976190e+00 1.026051206086359802e+00
6.475542846126116636e-01 5.378475406507796652e-01 3.523747038376869867e-01 7.150014438363609948e-01 7.523069752910116481e-01
1.025481783369125877e+00 9.734643187605525050e-01 9.857615225606541909e-01 1.015207649127341849e+00 1.113289835584175824e+00
8.695289345786385571e-01 7.196879279287947684e-01 5.181709043125858338e-01 5.991784495260354948e-01 6.930363751763651825e-01
2.864711300570920716e-01 4.534790239477332618e-01 5.353644121600705796e-01 4.559541717040917486e-01 2.863970636976150841e-01
8.771497263309024905e-01 8.656385419847475449e-01 6.246104841192688939e-01 6.439140005134783573e-01 7.024168595756177247e-01
1.460256100198268625e-01 1.881400772132140464e-01 1.943219189719885831e-01 5.324891928853761613e-02 -1.357554316246666753e-02
1.506356915345203884e-01 1.667994526597615379e-01 3.508977157669700420e-01 3.397983713841170039e-01 2.169937355563625325e-01
5.408802040724737525e-02 6.815586310980832618e-02 2.322410218557692252e-01 2.178930057393099404e-02 6.827362657045936423e-02
8.788230887964579852e-01 8.690868461601098938e-01 6.860678229767500635e-01 5.462416998134530521e-01 7.921106833970313899e-01
3.175975845264237818e-01 2.947642289422822692e-01 3.618078490991312735e-01 2.911599134476693940e-01 2.094649409211519486e-01
6.136915304059831211e-01 5.370764755577358551e-01 4.674764163119548011e-01 6.460235681614799885e-01 7.391824791529750804e-01
6.220133991348840707e-01 6.347897608459488472e-01 4.070371632603135836e-01 4.274526320011909908e-01 4.163430942422043923e-01
3.407773975801374755e-01 5.198794541430540317e-01 7.198624853687863867e-01 6.900686983978957523e-01 5.458724907402215942e-01
3.322467818536845585e-01 4.948884002480524735e-01 6.492833687958308175e-01 7.430979373910100438e-01 5.377880744499199395e-01
6.655726638822571095e-01 5.174293988788444265e-01 3.156893862714073573e-01 3.450888077012293498e-01 5.533243625945393207e-01
7.550921565991579321e-02 1.839587434146709721e-01 2.265678986096065217e-01 9.205033687721259766e-03 5.024804007654373739e-02
5.767701040217720898e-02 -2.621486073820671406e-02 1.563524928827905161e-03 -2.439266929761806091e-02 -2.010044581472410913e-02
3.498984965066603281e-01 5.343824736731721536e-01 7.918600122702704747e-01 6.835848883395814202e-01 5.697621936797827580e-01
7.198659261016733257e-01 5.396915365743346626e-01 4.309752112216516107e-01 5.932243306307160013e-01 6.515249698283838153e-01
5.931489297749099610e-01 5.192838835001318820e-01 3.578246068491481302e-01 3.146386244871153259e-01 4.561921690081437997e-01
5.572482446960395075e-01 5.420115046565316952e-01 8.491467367508407360e-01 7.172233171411488417e-01 5.684843381807760387e-01
3.548083350543269066e-01 4.373112250918139710e-01 6.101630305195850923e-01 7.054522875629020140e-01 5.976653337283932554e-01
7.350264063064078091e-01 3.400874424160094112e-01 8.993797373331702261e-02 2.780653940901686161e-01 4.927274713651050853e-01
7.627552847682442794e-01 6.789101976197347010e-01 6.283594629783192387e-01 7.224090188091047970e-01 7.049324980078730540e-01
3.861291081030338579e-01 3.954220577011192672e-01 7.756530482984601571e-01 7.517755072465299726e-01 4.947434868718106338e-01
6.015131509728635084e-01 6.188623950114832128e-01 2.571073929839130523e-01 2.357526130481353843e-01 4.033721644777552573e-01
9.681717743932771736e-01 8.741154734903771040e-01 7.533845586730576471e-01 8.993529751677232786e-01 1.112560577563075803e+00
3.853966228918572212e-01 5.925487694766495839e-01 9.013938130297931561e-01 7.311950899262037451e-01 5.834731552428771284e-01
9.847524171395639625e-01 1.068625572015140301e+00 1.035461302446220255e+00 1.018435147858907763e+00 1.041095782142887005e+00
6.084501858520299233e-01 4.783941161239340656e-01 3.496632100336369287e-01 2.736682858740707158e-01 4.346131572716371849e-01
4.045364619896724134e-01 4.320448834507980007e-01 6.236661561229412953e-01 3.574468936197958135e-01 2.045735649068958217e-01
8.672314121701256706e-01 7.461638239809302853e-01 5.046423958958522471e-01 6.815715401859852030e-01 8.461045352149794141e-01
7.886275381725402767e-01 7.298568782541096089e-01 4.591819043426221825e-01 5.588234471721780228e-01 7.407125830160442570e-01
8.116360284171841855e-01 8.833201085826684062e-01 7.277193921918819752e-01 5.493931688039686012e-01 7.257444609791868784e-01
4.207834705479883142e-01 4.737096380769010850e-01 6.828181369537669188e-01 3.058829922994181771e-01 3.116603949725258449e-01
5.667738500556680492e-01 5.862012071214912634e-01 3.615253613724015436e-01 3.366619845573156078e-01 4.531589205348124372e-01
2.324748141632035081e-01 4.126752776390747446e-01 6.313640708390114709e-01 2.916821144131169774e-01 2.713434047306440555e-01
2.695830026051392742e-02 4.981675504054561276e-02 2.548047486951819374e-01 -2.214457763053103920e-02 -1.134691685035507241e-01
