2.473067556608310458e-02 1.567832367525678061e-01 5.374403235269154672e-02 4.481279427396647752e-02 8.283586684738329653e-02 1.204540876036444413e-01 1.840094294769792360e-02 8.288995993837365572e-02 4.940701352799523743e-02 5.008163356076866801e-02
9.769268278821825469e-01 9.700745043023473180e-01 1.000000000000000000e+00 1.000000000000000000e+00 9.911415515428781964e-01 1.000000000000000000e+00 1.000000000000000000e+00 1.000000000000000000e+00 9.829667291320751676e-01 1.000000000000000000e+00
7.250578317560296346e-03 1.508713437289685433e-01 6.164245477914660765e-02 2.140546995667607158e-02 1.134093549276115470e-01 1.307039270159738586e-01 3.188849678481779637e-02 1.349507837568052204e-01 2.134649663931750124e-02 1.102968885566862900e-02
1.769492803612059129e-01 1.112389720689567624e-01 4.421667244468688307e-01 2.326797567005683409e-01 2.459777189980421330e-01 1.186405357884460776e-01 6.720774233711068746e-02 8.315296003952062087e-02 4.115623265155375632e-02 8.586732469994313999e-02
1.640626507306430781e-02 1.401647585390827233e-01 4.530821577048761706e-02 5.630807793877672107e-02 1.073863497797057781e-01 1.870131161689330968e-01 0.000000000000000000e+00 1.333938509451156884e-01 4.376407971172678602e-02 2.583389563495277347e-02
3.735131988878056530e-01 4.407430449985427212e-01 7.788751079905438246e-01 5.770498578039174875e-01 6.665932714587219365e-01 3.684580892178516143e-01 4.677868227251033573e-01 6.231861492670053293e-01 3.712196263913729033e-01 4.335835972365277846e-01
1.673032874595572692e-02 0.000000000000000000e+00 0.000000000000000000e+00 0.000000000000000000e+00 1.187975082537457046e-02 1.025804819291526934e-03 0.000000000000000000e+00 1.324635353628716809e-03 4.785403334166831064e-03 0.000000000000000000e+00
2.046298667659413872e-01 4.721949268244198805e-01 3.538335538276436987e-01 3.837746710928664484e-01 4.192636425014665824e-01 4.360094333406294709e-01 3.964033449900051798e-01 6.928244638002775124e-01 3.475832284776053105e-01 4.049140831352277536e-01
5.721820444922652849e-01 4.434719869641043921e-01 1.847758769139617452e-01 4.141138570933720064e-01 2.939991152116299133e-01 4.104553645640980908e-01 5.192938477431058297e-01 2.642278128505519130e-01 5.477481759461735322e-01 5.459084651597455595e-01
9.709188022935801854e-01 8.154039408434449188e-01 9.389573042549262949e-01 9.746256104340474957e-01 8.876140863942482140e-01 8.377256325671805781e-01 1.000000000000000000e+00 8.452090824185040097e-01 9.353944918735632719e-01 9.702783191134708440e-01
4.240175138027791890e-01 4.665944551584327860e-01 7.905071111115059557e-01 6.146555615067943457e-01 5.693183374253831808e-01 4.022543703957333627e-01 4.730789687612938499e-01 6.260257954940622316e-01 4.025525683775519337e-01 4.636815908907584438e-01
5.905969663981023299e-01 5.894027188114787652e-01 1.936431128842225347e-01 4.092362150574176405e-01 3.599769725998219205e-01 5.570487302189581769e-01 5.085381937936747088e-01 3.743822639379313366e-01 6.119524704268082260e-01 5.464678047497548707e-01
0.000000000000000000e+00 5.867095773973328432e-02 0.000000000000000000e+00 0.000000000000000000e+00 3.069527110858728727e-03 1.693601809060629390e-02 0.000000000000000000e+00 1.129257870085297391e-02 1.014087147665833702e-02 0.000000000000000000e+00
5.832492946880528661e-01 6.005074181882079642e-01 1.939270290249741902e-01 4.363436221218018884e-01 3.671551014062869323e-01 5.783351337868242181e-01 5.171770833177281590e-01 4.532966675692363112e-01 5.900183479601405212e-01 5.292919345361143391e-01
9.731248824957897670e-01 8.551446745116597636e-01 9.224347100255304577e-01 9.713658723130769168e-01 8.715928018395320276e-01 8.662269044892565439e-01 1.000000000000000000e+00 8.317418690546396487e-01 9.252753036994949554e-01 9.803059441562523846e-01
2.224721671917287424e-01 4.303210093155485638e-01 3.867802633427960823e-01 3.409212246679120262e-01 4.363267138028336656e-01 4.740532828186505565e-01 4.158129432396480141e-01 6.280737524777522118e-01 3.957699327362392827e-01 4.125806089376540808e-01
7.715732243100599241e-01 7.103105854640601180e-01 5.153418289128256502e-01 7.202213466999047853e-01 5.820484306668081143e-01 7.038765041954188062e-01 9.011592297413455466e-01 7.677682858148356937e-01 9.046513274611838185e-01 8.828947790201807644e-01
8.008429612435971068e-01 6.637207639132566284e-01 6.844057259010812855e-01 6.737744160302069352e-01 6.701084248300130941e-01 7.211083936095142866e-01 6.046755802880126041e-01 5.020686320134251091e-01 7.010904143506779818e-01 6.481618649024756262e-01
3.437687956074558099e-02 1.382481254211080368e-01 8.524411550682831074e-02 4.952034125888810090e-02 8.745120453202850919e-02 1.748014050988507262e-01 1.131823554352391799e-02 1.434746662209271939e-01 9.071158737322540522e-02 4.079295857204182779e-02
9.857435444156796844e-01 8.264663249858676952e-01 9.746885372601735709e-01 9.653076732855314646e-01 9.237827141883321325e-01 8.507685167445185881e-01 1.000000000000000000e+00 8.795656247983543174e-01 9.530485487233064656e-01 9.664663074339321369e-01
7.746707890099369109e-01 4.910495200996888299e-01 6.171683343227754026e-01 6.327545768336286791e-01 5.909307289196208401e-01 5.049767690042066270e-01 5.935114899205263805e-01 3.466594556131222249e-01 6.382153029627879448e-01 5.847682546954365845e-01
1.847911857624252585e-01 1.186041717929689487e-01 4.375427919182508507e-01 2.618692286411525849e-01 2.946842124628836213e-01 1.205366839101158771e-01 6.513699669963078642e-02 5.729458158675893031e-02 8.849466739803082960e-02 9.352839988148838046e-02
2.146305710076111262e-01 1.338547222322057917e-01 4.640933946277316369e-01 2.448442450207504173e-01 2.909719466734401738e-01 1.223790683671877461e-01 6.816918123606643953e-02 1.045320076341012261e-01 8.142822382280605342e-02 6.149942419430098894e-02
6.030686312818011041e-01 5.489193287308872238e-01 2.157258972688569088e-01 4.623527214803691554e-01 3.616955812310260199e-01 5.743361413832502871e-01 5.146356391539548270e-01 3.555216608475485485e-01 5.838790380559459869e-01 5.496421799732833513e-01
2.129835744093755423e-01 1.077750691352311330e-01 4.388822091618726495e-01 2.420200128148562169e-01 2.591724043312641501e-01 8.299326225295738935e-02 6.502394698200407441e-02 1.093426668398407853e-01 9.254581813387113831e-02 9.799441491921638547e-02
7.796042687362060297e-01 6.654681592360277564e-01 7.352604537917527550e-01 6.551221149932461296e-01 6.590269447826688776e-01 6.896807697641784696e-01 5.795781047775028227e-01 4.788524833722523355e-01 7.077666333852709046e-01 6.020342212204633503e-01
5.974169170130515516e-01 5.794966443598754680e-01 2.427836407727165247e-01 4.587135895242487882e-01 3.784394342109423381e-01 5.659030461955276703e-01 4.955387437660361272e-01 4.065844212135689695e-01 5.921519981211643691e-01 5.505266794787675444e-01
7.736811044942212279e-01 9.463691058929241118e-01 5.075381829023575264e-01 7.403645667982478029e-01 7.088088791160087609e-01 8.692713389425080761e-01 9.132417173702178648e-01 9.292783768856599513e-01 9.309997325123425815e-01 9.283042760354595080e-01
6.125794967522266710e-01 4.354441615025251844e-01 1.871569845756300421e-01 3.883263818028402370e-01 3.050204423010692278e-01 4.321449211933757750e-01 5.273122698201289094e-01 2.554505623278720550e-01 5.567476477250787870e-01 5.340672612382680873e-01
5.920660324955100418e-01 3.841631241572699973e-01 2.154124587477247443e-01 4.000654394987808171e-01 2.881660643115676601e-01 4.576898361607883436e-01 5.083081298286424854e-01 2.600789791611278767e-01 5.391500736921873704e-01 5.248704452944995547e-01
7.921101361051446910e-01 7.641665103624438737e-01 4.544167775626573036e-01 7.181121992620101979e-01 6.132946550804849739e-01 7.500487077966061511e-01 8.951653156101305742e-01 8.297449793882343272e-01 8.776832454354378532e-01 8.952122287149301139e-01
2.689988298001246697e-02 1.683172807480918798e-01 3.072283337740604886e-02 3.806230276561333586e-02 1.043568562511824338e-01 1.279452643384268729e-01 4.711405435763608464e-03 1.389360584165251766e-01 4.513108460834735353e-02 2.127849764139688737e-02
4.228332283494453114e-01 4.271417041465453424e-01 7.745867408058053627e-01 5.758946506782001151e-01 6.205003285087588027e-01 4.163007658141641421e-01 4.759087706183721123e-01 6.250344599918152833e-01 3.865353603603440824e-01 4.785811147239502628e-01
3.994814131514938804e-01 5.919959458165215960e-01 8.192580006373471058e-01 6.164257004102806636e-01 7.276626999160374920e-01 5.282975676483764316e-01 4.942666335716743853e-01 7.465258745386708084e-01 4.473102137483080387e-01 4.893667136153767583e-01
9.144654403598522982e-03 0.000000000000000000e+00 3.512045380047872783e-02 2.972614601769016027e-02 1.247535907000187419e-02 2.461806611845147180e-02 6.374079350409527292e-03 0.000000000000000000e+00 1.045021621483130034e-02 0.000000000000000000e+00
2.121419768866804889e-01 2.110073028706358489e-01 4.892630370787965921e-01 2.490044481904987173e-01 3.875903775291586473e-01 2.935428141405353464e-01 7.871932023454802918e-02 1.950726342490106680e-01 9.828452963689686406e-02 1.129248597992674186e-01
8.108524997848617355e-01 9.147863973154255479e-01 5.423217117936178777e-01 7.218776618058637684e-01 7.437075013649802058e-01 8.773285818421809878e-01 9.036900571420394268e-01 8.950805466329407878e-01 9.256911040048994010e-01 9.176139579449790196e-01
3.936137567516749813e-01 4.740639241963050532e-01 7.580068858520003783e-01 5.386355536496274521e-01 6.384748445807485462e-01 4.381970301079051722e-01 4.911572657033785871e-01 6.163398523106582427e-01 3.797036852552090891e-01 4.358388824721756150e-01
9.507954606631473515e-01 8.341629988760302927e-01 9.600017181877250616e-01 9.948022279113504229e-01 9.027725503317192146e-01 8.512508598761479028e-01 1.000000000000000000e+00 8.867914085102966970e-01 9.352585341286158149e-01 9.999405390382654080e-01
9.520013498384289896e-01 8.531995989626046661e-01 9.676094378997233125e-01 9.464492845124004017e-01 9.344016581530838472e-01 8.365156391898829202e-01 1.000000000000000000e+00 8.923853488717690130e-01 9.357411017168216771e-01 1.000000000000000000e+00
7.574810767271795697e-01 8.849308924312743185e-01 5.258935756412298490e-01 7.765456851176906206e-01 6.879677982373091361e-01 8.672211648832450770e-01 9.118321498278700865e-01 9.366849924679920836e-01 9.370345574946230549e-01 9.027098578703580678e-01
2.819244142541031395e-01 2.338321031711844966e-01 4.754665705400948905e-01 2.794010716766587299e-01 3.405322633929731002e-01 2.369910685566165021e-01 6.316737242236847294e-02 1.886402653770467008e-01 1.595326492456823342e-01 7.887155528931336090e-02
0.000000000000000000e+00 0.000000000000000000e+00 0.000000000000000000e+00 3.984513536460206409e-03 2.768045342045944920e-02 0.000000000000000000e+00 2.741944844499654560e-02 0.000000000000000000e+00 0.000000000000000000e+00 0.000000000000000000e+00
3.950110923099614535e-01 4.210546783627345802e-01 7.368090716379452898e-01 5.905205636711111650e-01 6.376877282042184847e-01 4.409710094757096077e-01 4.931139170835281416e-01 6.372365221564133542e-01 4.024457112762639954e-01 4.318128204657246116e-01
0.000000000000000000e+00 1.553888190583660178e-01 5.378889762977114020e-02 2.992631685585352141e-02 9.491167756406383715e-02 1.442635013489476370e-01 6.784338761629724567e-03 1.649036947935832997e-01 7.596274728832698442e-02 2.469012402226989852e-02
3.033141517787148189e-02 1.521831738991700489e-01 2.964747962792785643e-02 3.343570083739696996e-02 9.368913474151605025e-02 1.481475220991254893e-01 1.485595344255552681e-02 1.477495009783289515e-01 1.103186282459836798e-01 4.493617510933370363e-03
9.723839350947658389e-01 8.316277658070981849e-01 9.380166215642795624e-01 9.761701018046470280e-01 8.992276608615513700e-01 8.632171589991131100e-01 9.906602118494937104e-01 8.666789739997596831e-01 9.429291379338146095e-01 9.525805429942125757e-01
7.796595067559013437e-01 4.878011295418052673e-01 6.450975682568412806e-01 6.431761747748985236e-01 5.586371053376496532e-01 5.412468820983941109e-01 5.891098787186691554e-01 3.180517390855889248e-01 5.862379480708711510e-01 5.837994571879600025e-01
1.820858556070378831e-01 1.179035892143108222e-01 4.595501736392589853e-01 2.561157841337380892e-01 2.945334379376907674e-01 1.315293963307958558e-01 7.348727193415935388e-02 1.015630946132382029e-01 4.229263992144452478e-02 6.653715412895770676e-02
5.406585620094593592e-02 1.590264692385155443e-01 6.239013946269963279e-02 4.994258017379194642e-02 8.243519131473259209e-02 1.382946291819583395e-01 0.000000000000000000e+00 1.315622019655824926e-01 2.666619586282429136e-02 0.000000000000000000e+00
8.194233156440401400e-01 6.427233330733186367e-01 7.249781322957182805e-01 7.169125441022738965e-01 7.059729678961506050e-01 7.083458485654118286e-01 6.190453670645883477e-01 4.614205172360411056e-01 6.789839825500636472e-01 6.655498684667019438e-01
8.045510798035174771e-01 9.492721661885806794e-01 5.752396988350356732e-01 7.482949640461372676e-01 7.036042052366463517e-01 8.819707879054010657e-01 9.104551240646868715e-01 9.121202983015951338e-01 9.487483641031879689e-01 9.109897788103524796e-01
5.764064098128914848e-01 4.187787312097659420e-01 1.809303529780747488e-01 4.029959308467238044e-01 3.024578895730191119e-01 4.204831410024099658e-01 4.815420140593199005e-01 2.692324219722264655e-01 5.375428145339022912e-01 5.555194042893726314e-01
6.155573161382082992e-01 5.537936117894691757e-01 2.232883685494015946e-01 4.464707439473623030e-01 3.753317083487928696e-01 5.456600488899472357e-01 4.964636346819492618e-01 3.632065094698185836e-01 6.135043655992863387e-01 5.698843901280391533e-01
0.000000000000000000e+00 1.518870871132254607e-01 3.908720907920442550e-02 1.844550263703260973e-02 6.174952589926112345e-02 1.245672161980462406e-01 7.680426331479183258e-03 1.424753161072576380e-01 6.425220332965023151e-02 5.045921416890520456e-02
6.232776611019057444e-01 5.420820300403177416e-01 2.158607699697027427e-01 4.433696196846625415e-01 3.810997546800609093e-01 5.763581541731024327e-01 4.913928145501371136e-01 3.779671800665211356e-01 5.971937429189835278e-01 5.795244217851893698e-01
7.915329299051736545e-01 7.600595543117648623e-01 4.799855797010946223e-01 7.150651630014767113e-01 6.105151609619989816e-01 7.067094123021688823e-01 9.229512088065151554e-01 7.666102012113842346e-01 8.443615074263804976e-01 8.722437030536243086e-01
2.255077189767857315e-01 5.096915663184570233e-01 3.406519100144320689e-01 3.443728673825276476e-01 4.600522913742251530e-01 4.800416227677186676e-01 4.388193547065898925e-01 6.380686452271657760e-01 3.669862853798044888e-01 3.819501858417480578e-01
9.791262231458852661e-01 8.526713669333038093e-01 9.432850082586649032e-01 9.641472937807230581e-01 8.995756649165119745e-01 8.630754912174830595e-01 9.738037054499493195e-01 8.755364621143311155e-01 9.323149479525306704e-01 9.947279082187380217e-01
9.695531740667845400e-01 8.489560579422562592e-01 9.345499337123848171e-01 9.322481051285632647e-01 9.372059322829416894e-01 8.606756643019025654e-01 9.772934776318342731e-01 8.853024792294069689e-01 9.378004128303475406e-01 9.755222523824345071e-01
6.032548224990332830e-01 4.233629171281194647e-01 1.649078326217195967e-01 3.928897691165199602e-01 2.821713810046156956e-01 4.514783867276326856e-01 5.160083486705301370e-01 2.860537544069030602e-01 5.655412620754861619e-01 5.334383280484916723e-01
7.665999051186850322e-01 6.551490574240428355e-01 6.898292176995733938e-01 7.155415387932870797e-01 6.604473574265479208e-01 6.758781968460204626e-01 5.750336520309412558e-01 4.729911596527028861e-01 6.696329023859639573e-01 6.416473510615363640e-01
8.102920998777936035e-01 6.729213526404586032e-01 6.926170497296655348e-01 6.870427147874528240e-01 6.691997438430736800e-01 7.110537735237373314e-01 5.530285585937211312e-01 5.024778972990727732e-01 7.222226572786494270e-01 6.707124674919838769e-01
4.233361132650472758e-01 4.517860251758477053e-01 7.535372884864310894e-01 5.450728575509117269e-01 6.254450391817502064e-01 4.067107480971833833e-01 5.122460919804012747e-01 6.251894209495508781e-01 3.687632576903326354e-01 4.241277976143471573e-01
0.000000000000000000e+00 0.000000000000000000e+00 2.613680958430562515e-02 1.050238077439367632e-03 4.592113157054687755e-02 3.420378589257904584e-02 1.785138359703513158e-02 1.313892542774751024e-02 0.000000000000000000e+00 0.000000000000000000e+00
7.307215900028736222e-01 7.667469558265894714e-01 4.702607484215043931e-01 7.378844413967001747e-01 6.311698526625252326e-01 7.544814771798020736e-01 9.337990654609787944e-01 8.022045850412578005e-01 8.999600795834034050e-01 8.733866792428198744e-01
2.088859490674483885e-02 1.630696925708636754e-03 0.000000000000000000e+00 0.000000000000000000e+00 0.000000000000000000e+00 0.000000000000000000e+00 7.503419848934664640e-03 0.000000000000000000e+00 0.000000000000000000e+00 0.000000000000000000e+00
9.804631910647878534e-01 8.770400377194322861e-01 9.529002244600225380e-01 9.801135686222502974e-01 9.465008507371269753e-01 8.271740958394804277e-01 1.000000000000000000e+00 8.812610818650927769e-01 9.103307110449971873e-01 9.503867469497521148e-01
8.025502006068128136e-01 6.848684534132886137e-01 6.756093018148886520e-01 7.138836309988962903e-01 6.530995466533053850e-01 7.052656554422749302e-01 5.909494827105279402e-01 4.725236738068704367e-01 6.711041719442022435e-01 6.047601403503877204e-01
2.358878152822588559e-01 4.894635260709906399e-01 3.852144984343138789e-01 3.526330209001506955e-01 3.913529845855642231e-01 4.757049027756452553e-01 4.539640908471913039e-01 6.233757997638105230e-01 3.607402430023238793e-01 3.893726912632325954e-01
9.726780004840778204e-01 1.000000000000000000e+00 1.000000000000000000e+00 9.967763133241639428e-01 1.000000000000000000e+00 1.000000000000000000e+00 1.000000000000000000e+00 9.998715078454885052e-01 9.894083516636344999e-01 9.967862871617778620e-01
2.270697216268712654e-02 1.414875164640437832e-01 4.819792701136101087e-02 2.866578967496163574e-02 7.459066945622493117e-02 1.336875982726299650e-01 4.609890678646109963e-03 1.705970095499514949e-01 9.282687947620861524e-02 4.135938148282367749e-02
3.954663182530453458e-01 4.518988269350329712e-01 7.551823351487736424e-01 5.706399346056183486e-01 6.244272809777390298e-01 4.315783355306254676e-01 4.895918736464769383e-01 6.158495670546465517e-01 4.037946152951758516e-01 4.586906430675403712e-01
6.133170245704119283e-01 4.085964307818219510e-01 2.037670915142349992e-01 3.971492289322228197e-01 2.918212537640146320e-01 3.869368691184272291e-01 5.174803134003373994e-01 2.753628032550438087e-01 5.784181189973809367e-01 4.959571906319524270e-01
3.747431372157642993e-01 4.470443298354671025e-01 7.382619127141291093e-01 5.454298867671645290e-01 6.246387584251463787e-01 4.002528053956599940e-01 4.809492934045153656e-01 6.440069455576848956e-01 3.904554770967672006e-01 4.246216639578681562e-01
5.797999544781151648e-01 5.364519968728121979e-01 2.259822932797554418e-01 4.469907213783708699e-01 3.687414741088241299e-01 5.911737630144897615e-01 5.076371499448630864e-01 3.499487458995375055e-01 6.254297605643238667e-01 5.718076542634686898e-01
2.088851075183245365e-01 1.053665414851535365e-01 4.883655157794523638e-01 2.297102630444203542e-01 3.081072392477609001e-01 1.297708739177518000e-01 5.381615082503105052e-02 9.983824004604488489e-02 6.345350467201479883e-02 1.071098246811220955e-01
9.797700734198507844e-01 1.000000000000000000e+00 9.961430850725916386e-01 1.000000000000000000e+00 1.000000000000000000e+00 1.000000000000000000e+00 9.989677541683398276e-01 9.995791800111190062e-01 1.000000000000000000e+00 9.970102180376388956e-01
9.682930362829111903e-01 1.000000000000000000e+00 1.000000000000000000e+00 1.000000000000000000e+00 1.000000000000000000e+00 1.000000000000000000e+00 9.852748589532561718e-01 1.000000000000000000e+00 1.000000000000000000e+00 1.000000000000000000e+00
5.728572411682463228e-01 3.684536658458428260e-01 1.962353057690159330e-01 3.824200494046680610e-01 2.917787327645806617e-01 4.108500469472320393e-01 4.963230495476207982e-01 2.510695434637001955e-01 5.547228344213699369e-01 5.396971237910066499e-01
1.847100709510117178e-01 4.555537187189312998e-01 3.651250711480455435e-01 3.611225957208048509e-01 4.133980582309837448e-01 4.787478461615916059e-01 4.590949078721379140e-01 6.854213681005348890e-01 3.439870206929707130e-01 4.329745223032963608e-01
7.939903151850125074e-01 6.424997105017961063e-01 6.992879858336912280e-01 6.977683842469440956e-01 6.492011904837411418e-01 7.187043627985617578e-01 6.055446160173961756e-01 4.891091103268775386e-01 6.654141118446889047e-01 6.515768907528224352e-01
0.000000000000000000e+00 0.000000000000000000e+00 3.595552412254884866e-02 0.000000000000000000e+00 0.000000000000000000e+00 1.329313967801009407e-03 6.325573762236407372e-04 0.000000000000000000e+00 0.000000000000000000e+00 9.115197752260641162e-03
5.896916004208896389e-01 3.995372992326604034e-01 1.762857657433630210e-01 4.317689031870577399e-01 2.560944664840189566e-01 3.750385911841783160e-01 5.375330380946244935e-01 2.518924896090146692e-01 5.129730770378244653e-01 5.538236394859031853e-01
9.895340952324823691e-01 1.000000000000000000e+00 9.854948885040003548e-01 9.971209109770499124e-01 1.000000000000000000e+00 1.000000000000000000e+00 9.952691036874483643e-01 9.795144986891530792e-01 1.000000000000000000e+00 9.905556009781532056e-01
7.927440871871547223e-01 7.185317849317002237e-01 4.880607744365292877e-01 7.267798332985592191e-01 6.124051910028398549e-01 7.313485699220974023e-01 8.791902137508990078e-01 7.657213537519044211e-01 8.893839219676018537e-01 8.628716361682324809e-01
2.017492407677904664e-01 9.485121117641330535e-02 4.902006891612544770e-01 2.707391661692006291e-01 2.539648420785259875e-01 7.095218913347819956e-02 6.278277619853031566e-02 6.445694137315764738e-02 7.476615050855521527e-02 5.471320270496346505e-02
6.084122713493621548e-01 3.943601681441253892e-01 1.780396126825412595e-01 4.227018190432522138e-01 2.944510817401226888e-01 4.774046630616277653e-01 5.490225849931964497e-01 2.412745359479154805e-01 5.592880148093630766e-01 5.244368686061251505e-01
1.741611231086056047e-02 1.202038582346382119e-02 0.000000000000000000e+00 3.886684244058859899e-02 0.000000000000000000e+00 1.143157539334724825e-02 0.000000000000000000e+00 0.000000000000000000e+00 0.000000000000000000e+00 1.206527092912117703e-02
1.922005839868129728e-01 7.391346853601638012e-02 4.775875340290982041e-01 2.389457991614634957e-01 2.566538523704554597e-01 7.610752966505412997e-02 8.447340280188359030e-02 1.243489094185567800e-01 7.216011283148697497e-02 1.180618028510637962e-01
1.939807436374346716e-01 3.308128226058991150e-01 2.742951409588345046e-01 3.288946251210461691e-01 3.464888354733212106e-01 2.931151595224705808e-01 4.257332576273569757e-01 5.329637489624011737e-01 3.102826263770475657e-01 3.864098447175354778e-01
4.117853851718656921e-01 5.965525352116632929e-01 8.831585869971241287e-01 5.567664883510538010e-01 7.030077638020363340e-01 5.609570235691646589e-01 5.025937085261251713e-01 7.516579025244473078e-01 4.434942436947209576e-01 4.937756957969260951e-01
8.054914490564644147e-01 8.893312769565873133e-01 5.178668545007354407e-01 7.410661865434535756e-01 7.259257554031869342e-01 8.879940593996519249e-01 9.354816915769111896e-01 9.301245898049146366e-01 9.362449295838065622e-01 9.169628502119895330e-01
4.054602319920782016e-01 6.197613439137594771e-01 8.124570138151760990e-01 6.153549916127337704e-01 6.934129601779297492e-01 5.520811005121852855e-01 4.724786310707161374e-01 7.320302373116154282e-01 4.403152652551229895e-01 4.939108961465590308e-01
9.868831252224532502e-01 1.000000000000000000e+00 9.695175252262926424e-01 9.888305470310778666e-01 1.000000000000000000e+00 9.908832326120062817e-01 9.845225048993734296e-01 9.696242885237715825e-01 1.000000000000000000e+00 1.000000000000000000e+00
7.976599619774167316e-01 6.834763323744560415e-01 6.798849562018940418e-01 6.679492795704371488e-01 6.937501574356239598e-01 6.880651823817095503e-01 5.454517593584179425e-01 4.711859447766227338e-01 6.740379947437337149e-01 6.402043887391404287e-01
3.982676420431758950e-03 2.310419231345227017e-02 1.714336865168777924e-02 4.473832675671423828e-03 0.000000000000000000e+00 5.125938497480779900e-04 3.380949418628315800e-02 0.000000000000000000e+00 3.325018816160412588e-03 0.000000000000000000e+00
8.173406822358626478e-01 7.047678088533572138e-01 4.854265452254597490e-01 7.120364367455187526e-01 6.290265601896802838e-01 7.462360563791942125e-01 9.342195259935186513e-01 7.593055521409154407e-01 8.995320250146546792e-01 8.593829385444419211e-01
9.846597578633775605e-01 1.000000000000000000e+00 9.983133142502922386e-01 1.000000000000000000e+00 9.995572286188016964e-01 9.950401363944438859e-01 1.000000000000000000e+00 9.629091511681255877e-01 9.880603842732846864e-01 9.924707150420551960e-01
2.398953115445501272e-01 4.905342746118636077e-01 3.853062242411649518e-01 3.270654935090175908e-01 4.252929606960686448e-01 4.784843564147623907e-01 4.219300449134346098e-01 6.585365634452463590e-01 3.696122606756525042e-01 3.976023605438122055e-01
