8.252760302390441671e-01 6.108678030838430306e-01 9.169991423658812035e-01 6.993476710183387235e-01 7.841560239386371478e-01 6.889167796400318400e-01 7.531993283195514977e-01 6.382951708135503610e-01 5.770667672939268078e-01 7.589369213667619407e-01 7.075024746988959334e-01 6.890395317688339238e-01 6.952186572153481459e-01 8.642400761790458574e-01 5.304263576489524068e-01
9.787735815885255652e-01 1.018445903749033210e+00 9.979802352354939510e-01 9.877349776636809020e-01 9.787679786158679507e-01 1.054708044167192993e+00 9.519527130889224864e-01 1.038429795424403723e+00 1.053604136434236560e+00 1.016993638149724433e+00 1.056460258400424346e+00 9.651616034121828225e-01 9.481687064931101361e-01 1.098158171594886490e+00 1.063431206791710215e+00
6.442513705756331976e-01 4.775815021628755375e-01 2.544361491547906251e-01 5.459134254423809729e-01 7.005463842375138084e-01 4.899259357506760559e-01 5.179197246757458739e-01 5.585209480430209927e-01 4.131282763587594831e-01 7.576608288011245085e-01 7.046525190975436725e-01 4.662056729905093566e-01 3.783209013703521806e-01 2.973745429352841474e-01 5.631224893969757339e-01
5.931160941786352003e-01 8.647644339494480192e-01 8.464390293472918714e-01 7.240347985546017329e-01 6.307194642797578910e-01 9.154466088599906293e-01 7.004837730396555884e-01 8.295985735423061502e-01 9.037184152204633669e-01 6.544180860385367948e-01 6.953379198838103292e-01 7.931989235058518606e-01 9.550742340380922180e-01 9.261549163806852558e-01 9.784916539097512356e-01
-4.914325132899571326e-03 4.514537905986768657e-02 -5.605834702728478697e-02 1.023450806404320040e-01 5.678980589900237824e-02 7.131447013498834475e-02 -3.878322332151714485e-02 -5.255820516408289678e-02 3.171713859228482424e-02 2.635487036028904759e-02 -4.249898278565905803e-03 4.417227147425663303e-02 -4.152833350514495425e-02 1.032337448631297228e-02 5.788442654655732530e-06
4.028412650146093732e-01 5.825953166351315049e-02 4.760026813166241544e-01 2.357499665164961011e-01 4.792467219726245231e-01 2.291085298432220529e-01 3.046382946414133985e-01 2.256263691296405416e-01 3.670213644704158895e-01 5.013938739597163519e-01 3.433503814472155802e-01 1.931271559194180920e-01 7.411399631291520906e-02 2.096811932896447683e-01 4.427009852178371424e-02
3.740632205223938245e-01 1.383143043681762663e-01 1.594178919725839916e-01 1.840173969390601627e-01 4.162203844730653080e-01 1.578599977140269783e-01 3.428955569911915080e-01 2.310485888569655255e-01 9.052349008976681710e-02 4.392158717626492015e-01 3.092125054467053102e-01 8.200356196141228571e-02 6.646620847381440322e-02 1.014255226831718704e-01 8.161143037028571745e-02
6.787419189805327102e-01 5.512664960932419644e-01 6.599807452368300353e-01 5.267289115693527535e-01 6.786734132439725675e-01 5.005831048757198865e-01 6.403858220650314736e-01 6.769937909806081899e-01 7.107414523138171347e-01 7.718824753243624937e-01 6.819726635353581257e-01 5.349781484801323650e-01 3.904116970143208798e-01 3.337158985731613625e-01 5.701287269854719009e-01
3.419108124424995454e-01 4.054753699090580810e-01 5.635041218501655180e-01 3.959963913274073821e-01 4.774790401727538880e-01 6.126102988552856177e-01 2.597316542988470367e-01 4.526604345107489435e-01 6.019129458927910958e-01 2.237811712865175884e-01 2.005292589563494321e-01 5.735824449134231395e-01 6.039316376756107552e-01 6.959597186954589176e-01 4.701606726373810941e-01
-1.159058280969901995e-02 7.021710577778744744e-02 2.360955743981293375e-01 4.630852236755383933e-02 4.399811729792563186e-03 3.726764364405103780e-02 -4.679243697104790156e-03 7.419708506903191503e-02 3.389533120114075482e-01 1.116747896945816387e-01 -2.220537344682767950e-02 1.057843243248649256e-01 3.410593087260735401e-02 1.309261144827594814e-01 1.034349758428160238e-01
3.308686709242412149e-01 3.720167176808472087e-01 6.870007141574828724e-01 4.036742582412080060e-01 3.793737909921416351e-01 6.430502671945176330e-01 3.154437479143319956e-01 4.317632463415592148e-01 5.142116169017962868e-01 2.355116915914589604e-01 3.100551679455286203e-01 5.158103549903613194e-01 5.951885624582985423e-01 7.323091796399182618e-01 4.864707549461003699e-01
6.122939723413589608e-01 8.746321793463855965e-01 6.361146927729464107e-01 7.690337103581232903e-01 4.727194546053875013e-01 7.547793584468301953e-01 6.681477013294839784e-01 7.283978045262146095e-01 6.943647244134115715e-01 5.327911722608141831e-01 6.968782730889732102e-01 8.783320540236696505e-01 9.722362625640383893e-01 8.343621329222284944e-01 9.796372756433893159e-01
5.121895182171350147e-02 -1.889146651006030908e-02 2.189232874128936301e-01 8.405513544256147662e-02 1.513827973714889918e-01 2.916847520136742200e-02 -3.527299265317428850e-03 1.128143974185212561e-01 2.441025251389132011e-01 -1.612532216072526392e-02 -1.329111048159677677e-01 4.829435208492223464e-03 -2.626906840578487751e-02 4.470072276606267686e-02 4.014201100240559483e-02
2.681480468873006506e-01 3.806712977313705393e-01 3.403538360281239128e-01 3.170385296682647902e-01 3.472557872811585788e-01 2.897821436998349043e-01 2.843174247107067565e-01 4.693306272308505611e-01 5.851781968065717932e-01 2.792201842132781553e-01 3.507558980943434324e-01 3.896392680449591861e-01 4.240420520821515660e-01 2.831042972445962369e-01 5.657311487885792189e-01
3.206121653575563779e-01 5.271057111656128891e-01 1.997382866808103397e-01 2.706693983286923011e-01 1.487316501511458666e-01 2.015007867388587393e-01 3.553630401564693564e-01 3.289581912618238513e-01 3.844880380666875763e-01 3.061178243793004627e-01 3.488830328856728502e-01 3.595719459022397868e-01 3.417108884477648711e-01 2.488298403889884214e-01 5.140424018507184778e-01
4.286442426351696477e-01 1.777375167980435045e-01 3.624572672848916932e-01 2.336850155042340671e-01 3.450163636800254174e-01 1.338797923546112822e-01 3.468371999042191289e-01 1.420146641960420009e-01 2.592835585408030663e-02 4.532561058490603978e-01 2.693583340662011882e-01 2.021793876766071196e-01 1.121623397283051798e-01 8.168382278412497643e-02 -4.650805255352544187e-02
3.648837624752714892e-01 1.628017947370825613e-01 2.240410709804823708e-01 3.297149110484111634e-01 3.595559986474355929e-01 1.033766533327935416e-01 3.155700781615289330e-01 1.730841672157445166e-01 1.603729122132073193e-01 4.135918110555129590e-01 3.577840567820939066e-01 8.182098325798657645e-02 1.204046575236142197e-01 9.186181770734212770e-02 -2.521290962259769425e-02
6.094500158329426709e-01 6.608978163172788411e-01 4.914971831950459835e-01 6.044245890178355785e-01 6.994594861478896641e-01 3.973747614347617474e-01 6.163066944993979002e-01 6.434320928781327442e-01 7.418050139741049209e-01 8.060253779455481826e-01 6.387299204049129431e-01 4.487322903842075883e-01 5.409730000642822834e-01 3.364665088332918774e-01 4.501396327739030090e-01
7.037132128753733618e-01 5.979000603845515682e-01 5.597803489213141193e-01 5.714399523494335664e-01 6.806115681651279115e-01 4.347046500103722844e-01 6.229155085894632071e-01 6.561398721061098005e-01 6.883764958401487055e-01 7.280096268928040182e-01 6.999947082183780589e-01 5.361038283617876044e-01 3.778107401219539807e-01 2.446731529144333395e-01 4.775303681428820779e-01
3.236765338365707456e-01 4.562371917367848972e-01 6.304557927505428649e-01 4.745860027497370570e-01 3.596766486290581821e-01 5.583988616793554849e-01 3.261682770713180690e-01 4.992179930242232055e-01 6.105688841221289520e-01 2.681704370163475737e-01 3.761653853554401961e-01 5.161445495279768370e-01 5.593692180501392830e-01 7.268835866324777628e-01 4.990460643564881837e-01
9.220682168309397575e-01 1.031897218612361389e+00 8.162973865511737870e-01 9.748808967038258277e-01 9.364145016940002009e-01 1.013262619808348530e+00 1.004858564821458522e+00 9.427980922454193280e-01 7.808375058987196971e-01 9.708852200708553148e-01 1.004681297491479830e+00 8.657561919664377159e-01 9.753134386458127691e-01 9.507878388827879501e-01 9.237822466208185368e-01
7.057045582069457756e-01 5.729696742898113815e-01 9.058209862576218629e-01 7.034899518340236302e-01 7.416052381361784018e-01 5.885396260223347831e-01 7.352784195397806810e-01 5.633198769676801554e-01 7.014222963620585505e-01 7.778696854552135109e-01 6.322453770165050724e-01 6.472971716043313117e-01 5.967233146915238429e-01 8.691539981109066559e-01 5.432905979126785301e-01
3.205824271952528726e-01 4.614262792777679145e-01 1.888113545211930200e-01 2.752582894511663714e-01 2.273959026253568882e-01 3.110076595218919659e-01 2.671700871995967286e-01 3.704987521431855058e-01 3.608460076734696931e-01 2.008135108615468623e-01 4.156323041834664722e-01 2.818345593396878734e-01 3.159791275554808543e-01 2.326199930601529076e-01 4.488275452632951024e-01
6.353520203256979304e-01 8.431238889011228865e-01 5.738370575358331394e-01 7.175042192091108939e-01 5.702599510309053210e-01 8.599957928961011744e-01 6.729132025797159855e-01 7.450878610966863436e-01 6.560121425096472336e-01 5.208517483915395818e-01 6.911758969512009632e-01 7.635302794487216493e-01 8.246547687577487906e-01 8.261478560167619944e-01 9.377124907301269685e-01
4.525887956672785539e-01 1.028863474965988623e-01 3.217265821710957319e-01 2.526117983687017898e-01 4.299267780852021881e-01 1.531489649015720933e-01 3.885826580058310276e-01 1.830829282588338769e-01 9.444477037473998637e-02 4.130076614793505851e-01 3.471655755927704479e-01 2.081038620789552873e-01 7.099153818867803833e-02 4.998773995576743373e-02 -1.003452728352114687e-01
2.122871998896900744e-02 2.721316740143368482e-02 1.984584523498216235e-01 1.226172342868600135e-01 6.437231966353776369e-02 -9.572338514081388250e-03 -4.309552632279801260e-02 1.162341509966038078e-01 2.546813933818948827e-01 1.694368836269785628e-01 -7.461632742010530783e-02 3.512897567621155182e-02 -1.503769892949577414e-02 2.555377719727426611e-02 1.056273084544775281e-02
5.893845356291038673e-01 9.515217324674729582e-01 7.734525427907106288e-01 7.827781612569993941e-01 6.046386470498833487e-01 8.699745330172278246e-01 7.911948395672546708e-01 9.607937204197051217e-01 8.823644328722300978e-01 6.334795787558553659e-01 6.117187594772874881e-01 8.103120759684604435e-01 9.652082850302776684e-01 9.442818887270403305e-01 9.198899682713451709e-01
7.171302345707457615e-01 6.239261726893846616e-01 6.670730662837555114e-01 7.314936724996297102e-01 6.463234963627348950e-01 6.052300174146116873e-01 6.505546130378391245e-01 5.683356496936232682e-01 3.932769455172800965e-01 7.231462431828192816e-01 5.813597904300881192e-01 6.748884246902359108e-01 6.831870798819446033e-01 7.694932405431891276e-01 5.517322422218260414e-01
3.368188979367991998e-02 -4.242356502459512790e-02 -8.571187153571850625e-03 -7.307681386640178800e-02 -8.271147320089551613e-02 -3.561327081425690738e-02 -7.277273970372992451e-02 6.719750171171615105e-02 2.528817795895843198e-02 -2.627789155372844531e-03 8.083207275596969096e-03 -6.417236397588468866e-02 -1.676058711409353363e-02 -2.386100223923214025e-02 -1.862683593098835716e-02
5.333849658403317928e-01 5.171448302389360929e-01 5.900657265584373645e-01 5.291512524072650159e-01 6.481442092260536469e-01 5.039602869575408040e-01 5.880036535369832507e-01 6.864731783177616675e-01 7.931721119261836428e-01 8.160643702527160537e-01 6.925526854499649554e-01 5.140167974073540647e-01 4.494905892957115623e-01 3.360371388888612199e-01 5.396509750467813893e-01
7.060095066600586833e-01 4.647484656616254206e-01 6.999955739965609824e-01 6.549544539053144820e-01 5.936798331894137526e-01 6.474170443425595334e-01 6.571561792334340568e-01 5.844887512205466651e-01 4.015105993743363078e-01 6.361733902249567807e-01 7.062362506486143943e-01 6.493381227207267736e-01 5.932286461780750253e-01 7.721044785567937607e-01 4.442913329228310171e-01
3.724457617809502907e-01 4.046715466850928644e-01 7.023507902337879916e-01 4.692893774480083602e-01 2.682697048814852714e-01 6.108763133749874896e-01 4.569623760191776629e-01 5.410312077899428473e-01 5.422859419666578029e-01 2.566476922539179251e-01 3.329281585950096822e-01 5.475297683609350319e-01 4.303229684956439982e-01 7.545824891839456594e-01 5.522805677946966973e-01
4.559119362762613648e-01 5.803043375192663833e-02 3.964411389009305786e-01 3.418643616518481365e-01 4.222632573904527287e-01 1.658836142781147105e-01 3.703112282101952979e-01 3.040453932353153199e-01 3.228442981662462130e-01 5.660573084256309562e-01 4.419949465175278536e-01 1.682707501665941519e-01 8.327753954490316191e-02 1.846121505934646689e-01 -1.666737791188276779e-02
6.277704363597085280e-01 5.220925876210783523e-01 3.730351554289020877e-01 6.521366350543440493e-01 5.994161889354038264e-01 4.285267154753532037e-01 6.018144380663771331e-01 5.526715284111398674e-01 4.826976504319813732e-01 7.622219213694945150e-01 7.569760057315298996e-01 3.418893397128740519e-01 4.466109197601885183e-01 2.757230310956204633e-01 4.931735933003947858e-01
1.036159590097148531e+00 9.668376241865022092e-01 7.673591052401983470e-01 9.066077353284698326e-01 8.699373152183705882e-01 9.201364618679274132e-01 9.584207388444175857e-01 9.279253927127182333e-01 7.992642374189601329e-01 9.360705518095351341e-01 9.193165953078420438e-01 8.694695692410659982e-01 1.110430309000235427e+00 8.668128976457613044e-01 1.024490788396464458e+00
2.296247516718563919e-01 4.379366682813247702e-01 1.608276991026825198e-01 3.266341348143828038e-01 1.919160125400965478e-01 2.940079006743423484e-01 3.360670783474300483e-01 4.091499114409125060e-01 3.895737661533957841e-01 2.802547314570981163e-01 3.099736322001369060e-01 3.673112206348057018e-01 2.595688067077174255e-01 1.492060233156657367e-01 4.783483032019167358e-01
2.847210995814434265e-01 4.092886049131664317e-01 4.365732412374093707e-01 4.228288444506905219e-01 2.945296168796518455e-01 5.440240481941215345e-01 3.821714410836698494e-01 3.105301207675252861e-01 3.028796676124602127e-01 2.783302918617871491e-01 3.633537122332280989e-01 5.816360657576649107e-01 5.311618825961422763e-01 7.032192081120973715e-01 4.996836634371168429e-01
2.785630476396497301e-01 5.337824185082749029e-01 4.579907880173112456e-01 3.869339342416722172e-01 2.492612365390428353e-01 4.760944643622881389e-01 2.924836416573503017e-01 3.853436256379740299e-01 2.633480483112872750e-01 3.389508493917356979e-01 3.136958037303738123e-01 4.735842458038866387e-01 5.695631762308748236e-01 6.750830320910818916e-01 4.839336964527311546e-01
6.476564023737656495e-01 5.136776326470274823e-01 5.638030691907015557e-01 5.345029370042773120e-01 7.633685384171504662e-01 4.935970966830710571e-01 6.364234752876232193e-01 5.369015087669246622e-01 6.176212342129097088e-01 7.821939617552771118e-01 6.369342684813517064e-01 4.607841432674328885e-01 4.942072663938395505e-01 3.296545169440074918e-01 5.345209136605119093e-01
5.073807840634880773e-01 1.201574661420798107e-01 2.753178852727914960e-01 2.411422753694591747e-01 2.823779757730935369e-01 1.422881412571725679e-01 2.141772602839967510e-01 2.733278360549388220e-01 1.488911863484392029e-02 4.185400080029163528e-01 4.197108811373614357e-01 1.381632017047268179e-01 1.086406439090700921e-01 1.377571176124117169e-01 2.352356525078937860e-02
1.000390962386943361e+00 9.930994652696057967e-01 7.042073974437285111e-01 9.503686941992953718e-01 8.455326448569735476e-01 9.098140761349912120e-01 1.002733998613353217e+00 9.713738273454769478e-01 7.097264017440849670e-01 8.742216597803307288e-01 1.029139038739710355e+00 8.403463670332677049e-01 9.665177405530286370e-01 7.748691511694474343e-01 9.726764782167584000e-01
1.067992432075058673e+00 9.947503193291102885e-01 8.125481733788207928e-01 9.282680414763648802e-01 9.516132620635204820e-01 9.137671389572225022e-01 1.014238896359248132e+00 9.316621443385705303e-01 7.417263620055565276e-01 1.017853868190432554e+00 1.022927951142520664e+00 9.631088364358967313e-01 1.027664166681694136e+00 9.414388561003024236e-01 9.673531441194260783e-01
-3.600744446584813740e-02 6.402769773550689991e-02 1.863966864396446599e-01 1.309981601451119526e-01 8.319480935119927256e-02 1.015128103820616690e-01 2.656425995166999260e-02 5.113601726657486524e-02 2.118635081259788167e-01 8.583585530446843914e-02 -1.237580052198396056e-02 7.261182777139867095e-02 1.248862415334214826e-02 1.102378436970528203e-01 7.991825407372213363e-05
4.124402022831950565e-01 1.313364756388964161e-01 3.556056817108669832e-01 2.909623959134188809e-01 4.746230831423522978e-01 2.320855185892365113e-01 4.024573360516164877e-01 2.120207954814544715e-01 3.200253573536074314e-01 5.003877162842442772e-01 3.601771221406045997e-01 1.831391781886481107e-01 8.222529212247332853e-02 1.937698596925570005e-01 5.178315815664406851e-02
5.805609605075854329e-01 8.845639103628595290e-01 5.903445358549501698e-01 6.598465774770674308e-01 4.475702712422117147e-01 8.175014911534298490e-01 6.475383421119887961e-01 6.891693368768828654e-01 7.251384613230246190e-01 5.162227061387657523e-01 6.257925390188119330e-01 8.416250988989807391e-01 9.253412499179496375e-01 8.137792779242098984e-01 9.558357545884386131e-01
3.886135853447055810e-01 1.296378441789216296e-01 5.073190501589557311e-01 2.354105374046598365e-01 5.466782961408525043e-01 1.133141509587810014e-01 4.151002697797178120e-01 2.092660855396914765e-01 2.815532702587011382e-01 4.665208597904871302e-01 3.560542165960397520e-01 2.671145862626413403e-01 6.570988066044133880e-02 1.977979340766882477e-01 1.009229798600913830e-01
-5.249526902158413964e-03 -6.127925957990731226e-02 5.539403305134223132e-02 -7.869020377747587558e-02 -4.256716560811916322e-02 3.349250471912845837e-03 -7.863854306505672909e-02 2.601104161205193901e-02 -2.277472475975273261e-02 7.692554637130870517e-03 -7.646242451603299517e-02 2.678680138321395954e-02 4.728859683891415561e-02 2.719276974264537433e-02 5.299872522497599964e-02
5.495813718707978079e-01 8.455735754466753296e-01 5.486342515102389239e-01 8.017782541103914973e-01 4.446936283397976974e-01 8.381370215965577852e-01 6.119909507339793553e-01 7.136778988693864845e-01 6.930518115491602904e-01 4.659911259636794756e-01 5.747887535807656434e-01 8.363580445566551891e-01 9.728883000947147197e-01 8.637109433685130622e-01 9.631669136278582233e-01
4.627773102735070476e-01 9.474519081711217650e-02 2.363083686832079811e-01 1.722957604006032928e-01 4.856345527356805136e-01 1.464561225187708815e-01 3.375164793624330084e-01 2.208767544960581475e-01 1.100837710885850806e-01 4.416519091874621106e-01 3.560869476874585771e-01 8.674400784418803689e-02 1.174390392835039654e-02 1.129356744567866777e-01 -5.973620602781481298e-02
9.794781999506978476e-01 1.032542761466858305e+00 7.721659068724083808e-01 9.530413724361410654e-01 8.989861653274843212e-01 8.883934500485805019e-01 1.026017513166047168e+00 8.755179427387312918e-01 8.646433097003252133e-01 9.459702252719766058e-01 1.030548702347073409e+00 8.816838629132321969e-01 1.037194404851565999e+00 9.028180653508710574e-01 9.130103417573895985e-01
7.967243583436143251e-01 6.016571563671392342e-01 8.440880434357931339e-01 6.906592984190826900e-01 7.492522419402110057e-01 7.559257379791757270e-01 7.400832946317683625e-01 6.986808181643932025e-01 6.296994574809219314e-01 7.391832407164009577e-01 7.062090026114935526e-01 7.083692394112223178e-01 6.112238835520537039e-01 9.265540471051650906e-01 4.245284246915918547e-01
9.812474427453539150e-01 9.312838638076775810e-01 9.033254808834453309e-01 1.011716837139497560e+00 9.882236493862125437e-01 1.147965407772519431e+00 1.056545576981671175e+00 9.993919091485243822e-01 9.586003801039185701e-01 8.736602129521061633e-01 1.030864991206402292e+00 9.862168649428358913e-01 9.559672191999749602e-01 9.293795532734117071e-01 9.914385792596315250e-01
-3.027296743102887711e-02 -4.575806450480604526e-02 2.741800237308416807e-02 3.462327226704317931e-03 7.187402962724337430e-02 5.391947191389667021e-02 -2.214667766898700124e-02 5.829013699361906137e-03 3.784915383931628657e-02 -7.648012015143751396e-02 -3.156066414695040540e-02 3.155525491646652553e-02 -4.078931788475283898e-02 -7.504238422960825966e-03 -9.298637334704975763e-03
6.522799041878409865e-01 5.466902425101037855e-01 2.903322725313547403e-01 5.066560576821790285e-01 5.640645983846965805e-01 3.983041526099770357e-01 6.362997064935465019e-01 6.040679838491178621e-01 4.621867845634382022e-01 7.080696265025655523e-01 7.300191214569345943e-01 4.707806155726398378e-01 5.106798399279585121e-01 2.278821290563492474e-01 5.590413784748903270e-01
1.752608555338203145e-02 -1.966563864021319760e-02 2.198155541637578647e-01 3.764498031780721954e-02 1.482102555406419886e-01 8.422972970808800808e-02 2.189773030560993733e-02 1.480898266385601292e-01 2.398831051309170681e-01 1.999118250996014257e-01 -3.964591515174522782e-03 1.139917176129902066e-01 -6.059794038234832952e-02 8.893125639841549523e-02 4.785804421228539302e-02
6.520167523562016010e-01 9.566635103931812045e-01 6.360541281148870407e-01 7.009474031134392824e-01 5.084761999526603571e-01 7.839172058251177022e-01 6.067299506366800044e-01 7.420120916955396106e-01 6.466260004773128900e-01 4.483995574238122117e-01 6.012368173278035410e-01 8.113185136944121023e-01 9.193253859301604436e-01 7.542348561695922937e-01 9.557208770389253871e-01
4.310054404951516038e-01 1.331167060480196729e-01 2.145277070240594608e-01 2.284123832658642439e-01 2.926730767187393223e-01 1.780855995697465666e-01 3.433984999603325039e-01 1.782529504159753309e-01 6.200145994778483161e-02 3.956006561871383553e-01 3.232463422671029152e-01 1.651995854557801180e-01 1.008054285030581670e-01 1.152965983327869370e-01 7.688422885908464954e-02
2.733875271612198898e-01 3.710781648023700474e-01 4.722335974607716480e-01 4.851987160310389791e-01 2.415864596767504646e-01 4.888980912038383142e-01 3.840445717118706748e-01 3.468810908869356946e-01 3.088921451982775124e-01 2.809900194613084157e-01 2.662178233921866366e-01 4.920615132248867818e-01 5.942565123427137053e-01 6.299845054136361533e-01 5.690058433094820067e-01
5.404510202785592909e-01 8.989166401107201443e-01 7.825249631422726004e-01 7.793678910148724714e-01 5.505374097710278303e-01 8.158653119389784880e-01 6.931121785914171607e-01 8.880982068175546917e-01 1.019456703725986291e+00 5.536693413492755900e-01 6.837481665464295588e-01 7.784187178734042201e-01 9.055427324431409852e-01 8.217889945188782130e-01 9.250982352895377181e-01
1.013882293954853520e+00 9.584539079240619319e-01 1.021718367786491166e+00 1.055038840058781791e+00 1.049934826639571606e+00 9.944845794615397860e-01 9.829697336686560316e-01 1.022569350896197271e+00 9.781435321475275835e-01 9.969261100422371902e-01 1.039560616186466113e+00 1.025273997536109816e+00 9.743287719328861396e-01 9.644551231403083458e-01 9.866483097460029272e-01
5.084798210533691964e-01 9.025740483520413582e-01 6.597428404860929962e-01 6.855690073459235201e-01 5.143245913718753615e-01 8.493243998316082344e-01 6.872372982231871319e-01 7.201852790947520511e-01 6.152163050549079859e-01 5.086428400493817614e-01 6.934709975676947025e-01 8.146694649578646308e-01 9.021862243578833152e-01 8.486559178822824512e-01 1.016100286316703682e+00
3.778565156051062468e-01 1.549823911993953862e-01 1.933569195469866386e-01 2.341209613992453198e-01 3.712275356846940766e-01 1.777484922077374740e-01 3.927138101786458724e-01 2.167362233834838892e-01 1.320748303544376778e-01 4.979171275991594037e-01 3.142170365936448606e-01 8.285125419593886154e-02 1.535766845460854180e-01 1.686872070399337842e-01 2.596551309618932296e-02
1.033063753703218568e+00 9.753485569401836308e-01 9.546521701375928481e-01 1.039884088219271918e+00 1.058141921598142243e+00 1.062040007651479323e+00 9.489705770806877716e-01 1.022564030348000585e+00 9.456966152007246773e-01 9.252455695412408199e-01 1.025231460426913488e+00 1.000409473784072301e+00 1.014062107807620405e+00 1.023597410728588120e+00 1.024164381056306139e+00
1.029309876349272734e+00 9.769486246698995124e-01 9.951408983689359333e-01 9.529068932094780786e-01 1.030018205231121975e+00 9.336182722372510234e-01 1.005965351502540406e+00 1.049532871840636483e+00 1.026806818357625772e+00 9.908828956583147773e-01 1.039071446393587950e+00 9.553496384857952384e-01 9.388350061142755054e-01 1.031189424653902620e+00 1.004558214069565247e+00
7.084649693929127023e-01 5.478953783454657556e-01 6.374296039203716235e-01 6.330305794472526060e-01 7.324427016110984789e-01 5.288887715680525847e-01 6.614401665568018229e-01 4.996036199166334901e-01 6.930150873305424009e-01 8.327649360268085665e-01 6.044452785219097679e-01 4.730342387607048282e-01 4.535931796951179207e-01 3.810245073151733441e-01 5.024421663424236684e-01
1.027173906021622507e+00 1.060551404105944506e+00 7.844550917155672654e-01 9.957830420322449916e-01 9.202584525366123147e-01 9.162985182516730776e-01 1.078902771454399501e+00 1.038377878355882356e+00 6.998868450847133271e-01 8.657033620636498394e-01 9.644313262908329465e-01 9.031686956580883274e-01 1.109596448852414152e+00 9.784170885432554865e-01 9.439952743512968203e-01
1.046062564016522867e+00 1.056581416030068166e+00 9.816097171897824047e-01 9.971031152827134481e-01 1.054190914475030771e+00 1.062899410028656844e+00 1.041571031398027758e+00 9.826412668107735726e-01 1.021371742400044136e+00 9.382511644270170592e-01 1.011148880569740616e+00 1.032824851064645832e+00 9.991608769109128207e-01 9.776084750114950594e-01 9.766401733104554950e-01
5.042447547531804242e-01 2.885173200076328326e-02 4.312797528275667536e-01 3.002968136452717207e-01 5.672118821912344178e-01 2.206253683313339764e-01 4.442309323604303750e-01 2.514911525505084122e-01 3.736640659593006286e-01 5.230119939128574647e-01 2.494269258390602040e-01 2.367579782839195901e-01 6.260921594364075859e-02 1.215826989415995235e-01 9.131550066114998976e-02
1.005986850506031205e+00 9.271453862746809049e-01 1.086335846081362799e+00 9.831923714166802553e-01 1.041476743682566930e+00 1.049387546899529067e+00 9.237599836589490687e-01 1.107244436070339066e+00 1.007823837940152734e+00 1.008303682252764011e+00 9.840628393170648414e-01 9.628786633361680058e-01 9.373206449498533432e-01 9.795326062174460890e-01 1.135287080851946628e+00
5.543458911521613741e-01 9.242810560322313185e-01 5.768706951171074238e-01 6.804333937102725605e-01 5.776972153726415149e-01 7.956877679695163463e-01 6.574468479951596223e-01 7.890131459566843697e-01 6.816388817040156534e-01 4.363450721390317866e-01 6.196523649940920420e-01 7.892967704832588582e-01 9.457485807891573559e-01 8.455365037962817576e-01 8.989275252482673562e-01
6.502750956247593805e-01 5.992125435592502436e-01 3.726243157411123774e-01 4.856112491497669992e-01 6.789935188855492632e-01 3.304235573452001806e-01 6.047646030562711106e-01 5.543302248963035694e-01 4.618280696779348271e-01 7.308984705730433573e-01 6.835047404138688831e-01 4.428031963504228674e-01 3.185072052347710514e-01 2.731789132190393654e-01 5.846564343739661940e-01
4.836197006086009886e-01 4.860277957174818919e-02 2.637674126760140014e-01 2.237386102684197631e-01 3.520328260111605378e-01 7.895519144013272983e-02 4.467828314260517963e-01 2.406107680795074311e-01 9.264775433634780955e-02 5.063283034259932203e-01 3.045724313476024792e-01 9.150959194322159929e-02 1.293811657960252104e-01 1.554680924043863044e-01 -3.717707616034692658e-02
1.255777019897078017e-02 -8.141252218332135221e-03 2.126946471484424950e-01 9.765836626466559145e-03 1.551878636933863298e-01 1.719715866593988784e-01 -1.527822474291520155e-02 8.004778703444821730e-02 2.421768267117981877e-01 4.363017049778999956e-02 3.015227856296227166e-02 1.011463135985735118e-01 7.738785956205429528e-02 1.115967826716421779e-01 -6.486014252610766695e-02
2.358623416221289903e-01 4.965263244791887076e-01 3.136104008881073213e-01 3.241628759191633180e-01 3.346361633519157608e-01 3.281369632980140616e-01 3.008288525103593458e-01 4.185900390922815961e-01 7.100379943120587178e-01 3.807866890184951059e-01 3.663234679318249087e-01 3.477199399814749903e-01 3.613438701494189331e-01 2.085666630971988733e-01 5.577176280084016335e-01
1.698472794491002746e-01 3.395487287620597705e-01 1.647552629485479481e-01 2.570129355094644685e-01 2.906574807687007933e-01 3.771282493744541053e-01 2.848251842663427902e-01 2.707886744638289822e-01 3.109621999800971093e-01 3.963611350632014196e-01 4.186338214956812909e-01 3.381856234986511667e-01 3.071425126974826614e-01 1.128321159384661626e-01 4.868864622066609860e-01
7.812782621670792960e-01 5.609044245234560133e-01 3.605392352282530410e-01 4.584130577940445650e-01 6.253826250069398629e-01 3.467235876750031642e-01 5.760003124446620992e-01 5.535575472701931288e-01 4.237453303127941551e-01 7.094170776959406455e-01 6.540925377286638254e-01 5.104043457463587341e-01 3.770599347271295643e-01 1.883987023090832880e-01 5.022252587087413511e-01
2.445390457472937651e-01 3.761656585717467749e-01 3.142278599715467857e-01 3.139470653435400549e-01 3.601710238060605862e-01 4.235464280919721269e-01 2.849811636208776644e-01 4.280094144318754013e-01 6.667389269134943452e-01 3.540389384954403251e-01 4.099541866453500494e-01 3.717223072380231863e-01 4.010975266046611920e-01 2.736633350317639879e-01 5.224078911556758742e-01
7.488372214859454479e-01 5.032957805930922124e-01 8.641211581383456686e-01 7.612067704902397702e-01 7.127267328935067425e-01 6.768986106585300755e-01 6.609822752550806868e-01 6.386210063782230550e-01 6.080627532436460037e-01 7.171153983648220764e-01 6.387032960567039508e-01 7.849480335894303273e-01 5.716269277809835625e-01 7.918101916379367555e-01 4.721406875485998911e-01
3.263425509721988860e-01 4.616636874221543563e-01 4.786999129072992964e-01 4.759425887310337888e-01 3.397031038533427361e-01 4.979091248016937477e-01 3.929292484743487357e-01 4.262842288287330694e-01 2.900776546473570749e-01 1.923004382595457917e-01 3.128775531209880834e-01 4.678328204600756823e-01 5.630660758652707987e-01 6.377057369409911969e-01 4.277311982635378373e-01
4.624778839559753330e-01 1.391363838629561256e-01 2.774383562032328721e-01 1.957771701475515824e-01 3.630927903772440679e-01 6.462048211134015230e-02 2.682793819380537292e-01 2.639759063398354755e-01 6.298405131752141117e-02 4.696964751784302172e-01 3.792447776222108713e-01 6.115662805613503172e-02 1.126799895579401328e-01 9.794552953839263942e-02 2.342004267198400519e-02
1.632425847892919335e-01 4.781731255783556178e-01 1.309423972959214422e-01 2.457278009344186498e-01 2.013087863642191444e-01 1.993909005314357386e-01 1.753447172683325339e-01 3.356211917528911237e-01 2.867043137660146845e-01 2.669319254560661991e-01 3.304952799272549147e-01 2.930011339300940265e-01 3.145243759544422701e-01 6.448446119941927956e-02 5.208231236544194065e-01
3.505998668297095611e-01 1.658152838328537382e-01 4.008683226417959489e-01 3.258645177535918203e-01 4.848399550472202169e-01 2.134540520053636037e-01 2.792488328837030576e-01 2.714923227856364529e-01 3.589346401530091879e-01 5.207218779232347661e-01 2.963511799711555095e-01 1.445740126948632520e-01 6.138104928111852432e-02 1.182483968876997249e-01 1.028110725779217971e-01
5.663904293512133092e-01 9.885055440020631412e-01 7.933842189628873554e-01 7.915989439090336255e-01 6.120383642873876706e-01 8.947987828499082141e-01 5.951980160458426594e-01 7.919057551714128174e-01 1.003593801145562736e+00 5.079993734308020370e-01 5.669001162043629805e-01 8.554972942098422184e-01 9.488845393323039890e-01 8.965379988616460905e-01 9.854485136146404756e-01
9.220599558053260703e-02 -3.174253117160706628e-02 1.961998583053534695e-01 3.665161767536862653e-02 1.899888273380489767e-01 5.174147169460091567e-02 1.327945022796565011e-01 9.821581264520931609e-02 3.486607966844971762e-01 -2.916995845765324447e-04 1.095814045058276925e-01 7.198480389398820289e-02 1.611129023039051256e-02 1.278440992530808229e-01 -2.365859864656811445e-02
1.061717394651422008e+00 9.351709798895578851e-01 7.252734386927131016e-01 9.796357613197885783e-01 9.014850938907387201e-01 9.952104409602041679e-01 9.905870218368532099e-01 1.044160370463502741e+00 7.932584481026769829e-01 9.296198317619631668e-01 9.348774810537514579e-01 9.042823546992180272e-01 1.041296594417893573e+00 8.942324669407952786e-01 1.002879309169732558e+00
6.713730658006684671e-01 6.279068609286585501e-01 5.664617843594924596e-01 4.732201673280678755e-01 7.620099202557711893e-01 5.147147207976028316e-01 5.707806578810008524e-01 6.187384284698718151e-01 7.740139145783923036e-01 7.544242135974353891e-01 7.768550404377141394e-01 5.666641107735032046e-01 4.938899582576462000e-01 3.338080794881096991e-01 5.869798237600278856e-01
2.604325089075235633e-01 4.528673835311304297e-01 3.634772921543974467e-01 3.136658443725783840e-01 2.890699099283837170e-01 3.802930266299907047e-01 3.867150758731478510e-01 4.876013513904118302e-01 6.379205631024572609e-01 3.846678272482844108e-01 4.546879446223804910e-01 4.088907551812140939e-01 3.848222152754541270e-01 2.731381640631339036e-01 5.322165351476122463e-01
9.605761707642670455e-01 1.027306956748371691e+00 1.032720120015937271e+00 1.139779428889456492e+00 1.117914611160097271e+00 1.033637078032598078e+00 9.706861787337209835e-01 1.130642273305743073e+00 1.030469170785839550e+00 9.995590552242616944e-01 8.987054719024417659e-01 1.014820858739617027e+00 1.079131635416194168e+00 8.810987720045875271e-01 9.272575304903898363e-01
5.143276637302179877e-02 -4.548375161844237999e-03 2.544924895707557644e-01 -3.686816853700562724e-02 8.807558711996317513e-02 2.462613763591009475e-02 7.953185273095370045e-02 3.796745421640715379e-02 3.334939576678488948e-01 8.401794738555251607e-02 -6.138399013675557847e-02 1.173280264943011020e-01 -2.679474371202911903e-02 1.608466305008252051e-02 2.529515168912541481e-02
-7.805222379627690943e-02 4.849676750450720997e-02 1.808314903677611316e-02 -1.642899487667440032e-03 8.780469840850128882e-02 3.911797179726142493e-02 -2.843679468133602020e-02 -2.003307350915521992e-02 -5.907259328610728333e-02 -2.649154132725348859e-02 -3.138042211606236614e-02 -3.950956922605534938e-02 -6.756018358831816784e-02 -1.231848844829170897e-01 3.907794425812202710e-02
3.026187268272609865e-01 4.143469256529153100e-01 3.997926091744422039e-01 4.222050963216242847e-01 3.564634761149348408e-01 4.899168220421812325e-01 4.037267630729619583e-01 3.537486629878188737e-01 2.668088257125721952e-01 1.808212193199902063e-01 2.979184341507951084e-01 4.958372490535672417e-01 5.290917582092116156e-01 6.016909889904692443e-01 4.675089839341883824e-01
3.953497159984873943e-01 1.208730321301357408e-01 4.424116671077261698e-01 2.353690624935474152e-01 5.076592238398539569e-01 2.536526125684445132e-01 3.525722463859586320e-01 3.222846492469734203e-01 3.881561988911035321e-01 4.731973785228259510e-01 3.213648989285673441e-01 2.425341891957170926e-01 2.085760545084487383e-01 1.963616302142158210e-01 1.032330743604466250e-01
6.515393057794718334e-01 5.983429110021877273e-01 6.097028764836505133e-01 6.863732087070882892e-01 7.731571004283481763e-01 5.305852931508152626e-01 6.221308155495297587e-01 6.363052687316212985e-01 7.473714420620835019e-01 7.064284397269917637e-01 7.004862206120195944e-01 6.522838153489907143e-01 4.592667915969441683e-01 3.675560634299156471e-01 6.108149828683820948e-01
4.070689635682958052e-01 8.007397850812084106e-02 4.088064252701618106e-01 3.088151770735789725e-01 4.838990897961603643e-01 1.455096211540480577e-01 2.974291287137004747e-01 2.735622690535692847e-01 3.255601129703688534e-01 4.610700305407306465e-01 3.310570959393138724e-01 2.652676039850681011e-01 1.032274858595647882e-01 1.299296529330818406e-01 1.034752799261801776e-02
-4.088251875402110908e-02 -6.115869895031947334e-02 7.033953931875122981e-03 6.077745654566283490e-02 6.430758637061942395e-02 2.900455940555569240e-02 -4.866437768777524819e-02 3.777123788953454242e-02 -1.245874846938980172e-02 3.541473033848995672e-02 -7.934043636326751706e-03 -7.012729844901670340e-02 -4.752053676833330881e-02 -3.922002067222433302e-02 -5.691397187557645232e-02
2.300163305548824644e-01 4.980107045669851518e-01 1.379999286474253017e-01 2.704205466373051925e-01 3.062506637466057002e-01 3.574290543930553898e-01 3.363739220466348545e-01 3.160469818029283395e-01 2.983057642525609454e-01 2.611760497946182813e-01 3.466631467249497445e-01 1.901491698458571689e-01 3.745254211633278763e-01 1.599640786565041939e-01 5.286630389310299494e-01
5.779003027251087277e-01 9.051334361607440426e-01 7.846856239039855518e-01 7.231375169719587159e-01 7.202757640947585749e-01 7.782866065348583717e-01 6.374971468628820581e-01 8.176358849428075892e-01 9.721353646437598250e-01 6.308608232632538781e-01 6.054122592687803950e-01 8.713672155763871885e-01 9.013212350837436215e-01 8.538799430005661328e-01 9.451724586469859579e-01
1.362449906271578047e-02 8.017606051049133709e-02 2.896910359644288557e-01 -4.479076565772439900e-02 4.281233422944549782e-02 2.772555274555039279e-02 -4.053596848005498743e-03 6.426055236170027940e-02 2.087709325018808626e-01 7.900482757217959506e-02 -3.243854272340698786e-02 8.418486847332713741e-02 4.191457129497384859e-02 1.059097315859422600e-01 1.013206058816055743e-01
8.038750494516874179e-01 6.552359377641119309e-01 8.511362308298312529e-01 7.686777205633296139e-01 7.803872823826158989e-01 7.352663956563217917e-01 7.543084427585730056e-01 6.365929843772745178e-01 6.188468493420582472e-01 6.982082155742428409e-01 5.015048657068453819e-01 7.001403785660252899e-01 5.562200665403361777e-01 8.614248315761082742e-01 5.640468764206967300e-01
4.488138131798137809e-01 4.596200362685320950e-01 6.939975835068378229e-01 4.735096118508146379e-01 4.085276053531105012e-01 5.558399739687344132e-01 3.126713605503451676e-01 3.991807066974873974e-01 5.570439910718613108e-01 1.785362350546189636e-01 2.738696337829580330e-01 5.533976820218086123e-01 5.992370090346328393e-01 7.011147851702889122e-01 3.807284507952058417e-01
