1.027381983010593247e+00 9.823851638148990428e-01 9.730597595201508909e-01 9.949832303081729279e-01 1.002581071545916469e+00 9.809219223735243798e-01 9.764919314869527911e-01 1.036862007309330647e+00 1.013678686285238939e+00 1.030793513819326712e+00 9.474505289448993395e-01 1.015625512209238579e+00 1.010190419030487563e+00 9.697748139199445783e-01 1.016842284387643680e+00
7.722659110530002979e-02 9.856017141176783014e-02 -2.241402446298483564e-02 2.492605996585632588e-02 1.525216728542034238e-02 9.455345463571646070e-02 4.995055536970396948e-02 1.155029089062885456e-01 1.666983327225228795e-01 1.571285746934710653e-02 4.597105727389873275e-02 5.499358338659822432e-02 1.618078290607639913e-01 1.026795068061706340e-01 1.929907151464767823e-01
9.836364881266951299e-01 9.711395936892003311e-01 1.015917503689017565e+00 1.017050767303196102e+00 9.853261109561188835e-01 9.668638960547526473e-01 1.005541779197599128e+00 9.898688336255185849e-01 9.826030595735331108e-01 9.960782792202605984e-01 9.955470209468382237e-01 9.787956153676919957e-01 1.013335128598559232e+00 9.886470980927537511e-01 1.007898793507027602e+00
6.901148720338399212e-01 9.520938728817447405e-01 3.186570940692116105e-01 7.567318371386843046e-01 3.297444201802253172e-01 7.326614436706623268e-01 5.789676056938947157e-01 5.960108236408048210e-01 6.381948375467308976e-01 8.459937934405977744e-01 6.332210235463342496e-01 8.202983430339844118e-01 8.435796840347742354e-01 4.579247809946386250e-01 7.777630770626233758e-01
1.003359833886866559e-01 7.594379053425026616e-02 2.054538292393728177e-02 1.609759683306675321e-02 2.232549249743644854e-02 1.103851915358933511e-01 5.713683304280443853e-02 9.094179150778902709e-02 2.023548277627673919e-01 4.128124202810283527e-02 5.122229148417203198e-02 4.183598251102197546e-02 1.550790182315602006e-01 1.169640283333344827e-01 1.864541321272131513e-01
3.339918356614176576e-01 6.776135155733954696e-02 6.654967574563034338e-01 2.259482643069109231e-01 6.823547641064749980e-01 2.361917639415151704e-01 4.343548235479555153e-01 4.000276141588938184e-01 4.086675179874353359e-01 1.960445131433806165e-01 3.692117655071201487e-01 2.033182785984458119e-01 2.266103650486722132e-01 5.690791866898613494e-01 2.151748279189650004e-01
9.968293426209337005e-01 9.795865525407050356e-01 1.005894097199682147e+00 1.018530981384607292e+00 9.636482158385062391e-01 9.866191636109499230e-01 9.886296520953883338e-01 9.914525605692005028e-01 1.023776890093271108e+00 1.024662699839781421e+00 9.776790848931989908e-01 1.012146389278995917e+00 9.678248306117018807e-01 9.834270101016575616e-01 9.913838168060757905e-01
6.668147513204463195e-01 9.723538446086413822e-01 3.154535295401701966e-01 7.943815170939840797e-01 2.900041583784934707e-01 7.664367705589298918e-01 5.970490020991570113e-01 5.364687920755498718e-01 5.963583626591377751e-01 7.674057676417342932e-01 6.234155199331742336e-01 8.236130693912947498e-01 7.876735589506995705e-01 4.760258440237536415e-01 7.597608861703464278e-01
-2.416274550065971444e-03 -2.851839039340912235e-02 -4.836434291280026707e-03 5.140281185424989269e-02 2.290578883717318132e-02 -9.240656771220514404e-03 -8.957573710683772172e-03 -6.225755735243964153e-03 -1.203495207787580717e-03 7.399859724470079798e-04 1.899573488947109770e-02 5.053052252853290974e-03 -7.177535781268852208e-03 -3.172419304038098103e-02 9.897816557928200421e-03
-2.195571665470570991e-02 -3.601341382040221164e-03 -3.463000108845813718e-02 -2.430158594828162044e-02 -2.315853695090699937e-02 -9.578514321967976364e-03 -1.755623148428667873e-02 1.533787381922394923e-02 -1.166072604632388890e-02 1.549480244542860222e-02 1.259363403115827153e-02 2.592967399703453857e-02 9.618816719008835628e-03 2.258663782539369058e-02 -8.595879244484275553e-03
-2.577034313519353456e-02 -3.740309758268832419e-04 1.499886638178997943e-02 2.400619765988305093e-02 2.974347098702597586e-02 -6.086812643365730954e-03 -2.848964291518306727e-03 1.844873955352844923e-03 -1.069050916541168170e-02 1.054650444682149468e-02 -1.006332560472344810e-02 -4.407377399702411269e-02 -1.743863657460179017e-02 -5.239161050726095191e-03 -5.345416816437297686e-02
-2.506734089709861460e-02 4.660108219886923385e-03 2.687076519356980386e-02 -1.786395887278626610e-02 -1.635605225860856451e-02 -2.252115494525505635e-02 -2.316399006821520321e-02 -1.240165581428474308e-02 2.883152560610111222e-03 -3.181327303378992527e-02 1.555414686034424857e-02 -1.905033997108603397e-02 -1.408431565913875055e-02 2.898660000743149071e-02 -1.434345351385579379e-02
2.724385317925774597e-02 -1.960208736735419288e-02 4.134329219275838935e-02 -2.487198071183271617e-02 -7.824893297319997915e-03 2.426138752561214293e-02 -1.296700215010909533e-02 3.963808456995863982e-03 -2.474585273131661711e-02 -4.534579028429915927e-03 8.061452500495346757e-03 -3.660747241663796225e-02 -2.307479090365376073e-02 3.203700204489896147e-02 1.695096850465972402e-02
5.739880213447559054e-01 8.699584107035414071e-01 3.557520651815241353e-01 6.869618226074444278e-01 2.997706356928172555e-01 6.475275256272465807e-01 5.288568242100231132e-01 4.116451225235644440e-01 4.414249326503436044e-01 7.737390818863008057e-01 5.663986849257059975e-01 7.585476468624994251e-01 6.369553675675774240e-01 3.631114998570421082e-01 6.339059487365834578e-01
6.302574512389251815e-01 8.632479297718255173e-01 3.400875963568271154e-01 7.383227416084958694e-01 2.820387865457234522e-01 6.458334521454995869e-01 5.234777844026317073e-01 4.692396964492727141e-01 4.359512696683754407e-01 7.421735496816181943e-01 5.626322057888176742e-01 7.433213159500704492e-01 6.415528596178675658e-01 3.712136556007675781e-01 5.890301589632114254e-01
9.847792332055985698e-01 9.778637437462324167e-01 9.637882078938879715e-01 1.031865110638852778e+00 9.885000411291612332e-01 9.731565761372649170e-01 9.843030454754692071e-01 1.002751399873391902e+00 9.913516837805694815e-01 1.002899957452958901e+00 9.995466090939620907e-01 1.017991595670296290e+00 9.786173821111128213e-01 1.012038339608354320e+00 9.684558958092244207e-01
7.067225320348254902e-01 9.685884748021278412e-01 3.227346363686600106e-01 7.847186264780334763e-01 2.959800000523274410e-01 7.747859946491834071e-01 6.001751894270640486e-01 5.532388731655560887e-01 6.169136161324995093e-01 8.489359446826988398e-01 6.438246190764578269e-01 8.440856387751589640e-01 7.986315817702075437e-01 4.263274119870641976e-01 7.617198887261709128e-01
9.901268542526747707e-01 1.002905697074546243e+00 1.012249233836879148e+00 1.007614568107941366e+00 9.772658252137970125e-01 9.944280733838761765e-01 1.033631921826910549e+00 9.885314908861598804e-01 9.896580576593839718e-01 1.010164333730456221e+00 9.791316067618349717e-01 9.923808021521844935e-01 1.028748795152518047e+00 1.000887610685471385e+00 9.950650110214648292e-01
4.110640258630568478e-01 1.323895243513423248e-01 7.058376022516822390e-01 2.894277433381155507e-01 6.896528806701661685e-01 3.226571141869238879e-01 4.411692806169105752e-01 5.448279986461862512e-01 5.877746210173400154e-01 2.543103998652135322e-01 4.286539093691070779e-01 2.151209490743129782e-01 3.744959126637670277e-01 6.652319651765961073e-01 4.098519703729842645e-01
3.432385111444456460e-01 3.583559605233229556e-02 7.056731031700737011e-01 2.386762579344733626e-01 6.615641650062483725e-01 2.639955324749160281e-01 4.005596472735198921e-01 4.277438094235269106e-01 4.012659575037984538e-01 1.875228797208088882e-01 3.673060975414771945e-01 1.548519367721991891e-01 2.091845404181343904e-01 5.428827673938132481e-01 2.194289766424054877e-01
3.151301061099626155e-02 -1.226396807307110091e-03 -5.647159281313467172e-02 -1.189339391853926065e-02 -1.458207041967383814e-02 -1.701952623917100125e-03 -1.482516514064870054e-02 -1.053955395991182202e-02 3.135844058454859921e-03 -3.510060986984935363e-03 -3.572156554675203280e-03 1.606531066376748126e-02 -1.043153088444521807e-02 9.076921192921741030e-03 1.876254346235330106e-02
7.412878394956631256e-01 9.656769793966865079e-01 2.979795023799320375e-01 7.385995215333435171e-01 2.956058185706023078e-01 7.562409180723698165e-01 6.095251019400740322e-01 6.181756832144748026e-01 6.168423489247510938e-01 8.138220446056040336e-01 5.987715888923075269e-01 8.006025091221051770e-01 8.035892418374236401e-01 4.300761719125325011e-01 7.512072056091270156e-01
9.052612003227792359e-01 9.346435191250194174e-01 1.014417970175722106e+00 9.517312526451383592e-01 9.806732673909508424e-01 8.915779549727501641e-01 9.657513192867330787e-01 8.564369254560700861e-01 8.202451963481171004e-01 9.334314641606104024e-01 9.296330550085148969e-01 9.239244626190672438e-01 8.587057387946872566e-01 9.152248117444082842e-01 8.301424085019711852e-01
1.343595280007409132e-01 6.965498759682968444e-02 9.363558894449010642e-03 4.827837465662694616e-02 -1.321325812690112012e-02 1.144634118937989387e-01 6.726359737786197224e-02 1.019887263164649532e-01 1.755500456979706414e-01 7.312805911088261779e-02 4.017761611225884044e-02 4.803410791574513894e-02 1.891499333083709322e-01 1.009006583624783571e-01 1.785856111116267686e-01
5.868676932869572038e-01 8.304495196457909456e-01 3.021865234384252252e-01 7.433646655731351860e-01 3.070718365153204399e-01 6.502900179400796787e-01 5.308854766850193974e-01 5.141253342904544832e-01 4.456204586582971361e-01 7.608389247157287816e-01 5.253020624410607020e-01 7.664617882425374118e-01 6.072468142302606120e-01 3.730007088198399878e-01 5.990723102055844906e-01
9.272578355540210815e-01 9.300590154444345892e-01 1.019743127502977131e+00 9.839973054613816439e-01 9.647421150524218003e-01 8.709462746453635607e-01 9.322580910169327995e-01 9.124799669861637375e-01 8.301359923007354258e-01 9.636624697060701683e-01 8.887125370411607106e-01 9.839251630408104576e-01 8.165817993443154066e-01 8.956725693742926264e-01 8.753098890452339909e-01
3.024182545407217426e-01 5.559795907805373943e-02 6.836845799339034135e-01 2.607898866888813116e-01 7.118321880350946262e-01 2.378667781837322526e-01 4.093969856605340629e-01 4.405767038452931272e-01 3.713914647341342579e-01 1.678647675093665470e-01 3.446386752758170968e-01 1.555099008654669546e-01 1.945879686484711657e-01 5.362047476105273880e-01 2.080614693625046641e-01
2.962038804919534529e-01 1.203006947544212057e-02 7.051690274609834219e-01 2.700305792786037440e-01 7.039728724431878470e-01 2.439610683315289186e-01 4.004928204255178148e-01 4.040486516330062949e-01 4.156844291055315499e-01 2.288822190686895519e-01 3.814625067393058178e-01 1.730679919950353640e-01 2.243869277449636879e-01 5.274975184446309973e-01 2.641030389356936459e-01
5.916784571780684399e-01 8.680395798235268634e-01 3.206254460655375560e-01 7.210862850451319472e-01 2.528564564304472406e-01 6.814336679590243806e-01 5.517833785727950247e-01 4.659319326003249495e-01 3.849114770037559419e-01 7.291654026669330824e-01 5.775370848735965623e-01 7.807978535530341047e-01 6.142111837905716021e-01 3.579252819567725341e-01 6.308916407465691156e-01
3.536012805401281267e-01 4.708664459659295948e-02 6.622779222076409233e-01 2.818841867711806004e-01 6.801999144431665201e-01 2.901011210460510692e-01 3.958016511313711683e-01 4.243235692129471714e-01 4.289778635506885651e-01 2.094437151068150871e-01 3.627003201382447140e-01 1.332081436453062540e-01 2.053069300741074132e-01 5.430411435518668339e-01 2.138626331598279251e-01
3.055527639771182247e-01 2.665393625823268831e-02 6.194967559723928430e-01 2.348699262754016248e-01 6.780433992697313395e-01 2.221625008770204968e-01 4.062713977490955419e-01 4.683815294738040702e-01 4.084660080122843873e-01 1.553377957591783043e-01 3.619852881366544262e-01 1.739541675455118230e-01 1.987186751687345376e-01 5.611035798987737966e-01 2.095049126461392408e-01
3.869015333617028540e-01 1.403520493799488567e-01 6.734791849234706973e-01 2.542184865222765211e-01 7.170584517550669945e-01 3.416318996592885293e-01 4.682574676618019294e-01 5.121800727030089151e-01 5.931091046625022178e-01 2.469043804090241268e-01 3.846293049175625867e-01 2.281789801511228399e-01 3.825609772794982821e-01 6.310872106593875541e-01 3.532676249650757994e-01
4.037735966992485603e-01 1.510723975762679194e-01 6.570459498159254563e-01 2.871038519576274428e-01 6.687210379508218283e-01 3.503173082833875296e-01 4.254910183960604053e-01 5.394888736947353047e-01 6.124880254609951225e-01 2.381707004646001768e-01 4.284850761011469444e-01 2.169588753675145698e-01 3.525863691094029417e-01 6.632591822239832791e-01 3.950789150485058965e-01
6.858449296453845712e-01 9.663087190865456977e-01 3.114204590552239194e-01 7.297470220312373135e-01 3.408334608599910553e-01 7.711761005701943672e-01 5.804376270808911942e-01 5.673061443118360136e-01 6.007936187573245101e-01 8.075814460766430614e-01 6.205702727810773478e-01 8.241665279875783900e-01 7.876788572711382885e-01 4.705544922326122537e-01 7.584319954921812101e-01
8.989804771291912688e-01 9.033593729471323108e-01 1.009536890872109183e+00 1.004444535414082074e+00 9.756097206132033905e-01 9.169179013407545709e-01 9.403061999497469570e-01 8.534411686563166954e-01 7.945491733481950813e-01 9.343974919421439429e-01 9.401548451985045629e-01 9.724737027560079738e-01 8.591305271530167431e-01 9.063411856737274563e-01 8.435199631843340873e-01
2.336625689285254381e-02 6.885225478730284607e-03 7.752034847041915436e-03 -1.910683298105822492e-02 -1.630841958416531096e-02 -4.068282589436911928e-03 -1.020062179862253442e-02 -3.515763887854984199e-02 -2.445901823291797474e-03 -1.601575260634355291e-02 -9.695438718074054010e-03 -5.925996161569350301e-02 1.643273777765571347e-02 3.792084339756463668e-02 -5.982667959919736904e-04
-1.229325174573239407e-02 -1.852348476580113062e-02 -7.483136530010254910e-03 -1.679791905670448976e-02 -2.145334937447625906e-02 1.411750985648755306e-02 1.827763108465668349e-02 3.147033227920190569e-03 3.754017483400470118e-02 -2.010883690637699228e-02 -2.174232871963017316e-03 -4.896129945592607620e-03 3.693872678886165554e-04 -2.177784945428733188e-02 -6.883535733765221848e-03
4.238993033022814272e-01 1.345186489900457583e-01 6.904796918712663434e-01 2.651447660315329191e-01 7.008834950925060259e-01 3.538732839508237915e-01 4.641838279295361080e-01 5.529854508694849180e-01 6.001363668419803510e-01 2.517760766028244723e-01 4.346569633782719766e-01 2.077324369222577349e-01 3.580283656670072978e-01 6.557470412195244291e-01 3.803886035721223968e-01
4.302698919724121107e-01 1.274740989930153168e-01 7.004728528164245738e-01 2.775176194432486532e-01 7.154975783447111715e-01 3.128633693474833222e-01 4.217278156201565986e-01 5.369185520681177826e-01 6.116291101865580782e-01 2.679916984268282953e-01 4.137369340424699726e-01 2.351531991893522910e-01 3.716300037559413516e-01 6.213766366612186731e-01 3.641947884802443358e-01
1.579252572963096152e-02 -3.479527628062402400e-02 5.877501656080227725e-03 2.523064893858980098e-02 -4.292329229467838764e-02 -1.336246229799212606e-02 1.632481670881806221e-02 2.206568929693297830e-04 1.728975851680753656e-02 2.617658206902627113e-02 2.989953919196661897e-02 1.338344353625635363e-02 8.141170658484202585e-03 1.744366646081189649e-03 4.430626513387546025e-03
6.999833468967817662e-01 9.609506694093703505e-01 3.663634966844365182e-01 7.461643248804270545e-01 3.105295441949991186e-01 7.669005786071464437e-01 6.271586741906987061e-01 5.815231122925423879e-01 5.958655726304079581e-01 8.186685852269196539e-01 6.088025388223592405e-01 8.551449948564300296e-01 7.821210938947931179e-01 4.265215046094304463e-01 8.128125192143567102e-01
-2.258694559995075291e-02 9.969641613991350390e-03 -2.272132682110127033e-02 -1.159768487156752261e-03 3.859698260346966590e-03 1.210078571893723198e-02 4.477734279651522133e-03 -1.436775180389937524e-03 1.114652601154260576e-02 -2.929645063305367017e-02 5.867089514506560431e-03 -1.241470419698719602e-02 2.003560849788037918e-02 6.389660457578286157e-03 -6.091637369681783890e-03
1.034339352496826292e+00 1.003017202834014077e+00 1.012198113808468358e+00 1.011421837804915569e+00 1.008738176038005863e+00 1.032468832505379686e+00 1.030642037757636853e+00 9.970772775110540165e-01 1.004228021578264185e+00 9.935011770660300279e-01 9.749491739933699996e-01 9.721282874695200693e-01 9.723808170775546378e-01 9.870057663595362962e-01 9.918933257420043947e-01
9.023347801214552932e-01 9.017295488987886465e-01 1.018287946699915514e+00 9.900348413445417828e-01 9.829669686329252087e-01 9.236289897682870009e-01 9.566607713596043672e-01 8.892746987811561699e-01 8.681771926517992677e-01 9.278153146018944808e-01 9.389208796319012951e-01 9.451650522212364791e-01 8.452908327403573230e-01 8.971681780041247389e-01 8.250942428553593722e-01
7.030701978144036079e-01 9.312565212881959154e-01 3.303333798564382917e-01 7.520178454280449509e-01 2.927690635879363068e-01 7.895637896886006368e-01 5.865614937727858802e-01 5.538362483688331617e-01 5.769103123383774179e-01 7.857986825273476361e-01 6.296114569637694114e-01 8.300170856059176927e-01 7.943522640733107210e-01 4.502119160902970374e-01 7.846660447556225160e-01
4.129867674352286633e-01 1.581681163331707107e-01 6.971102478396120627e-01 2.627219888957375016e-01 7.335003039824520288e-01 3.125697070355099028e-01 4.742402136778864907e-01 5.731829452477569253e-01 5.972178633821407789e-01 2.631369812998053948e-01 4.636617029428951042e-01 2.541023605294884802e-01 3.610769356073579850e-01 6.312937344008991980e-01 3.892756566603820523e-01
6.832432005047834878e-01 9.451992480378367256e-01 3.224632396973093895e-01 7.364735024614780245e-01 3.310264904832307398e-01 7.801939313108917640e-01 5.912539462719818006e-01 6.010642116062806517e-01 5.992918381178398146e-01 8.217283052289781065e-01 5.952669913986206041e-01 8.045521804673321231e-01 7.929039717001140630e-01 4.484174685536655991e-01 7.589097527796793141e-01
1.023631813386392198e+00 9.970651477961678388e-01 9.988964859999568402e-01 9.895981897238471658e-01 9.884029355670621575e-01 1.016435063825239737e+00 1.007615619211014168e+00 9.730469754279641448e-01 1.023424177410565239e+00 1.009324857544515064e+00 9.962452062924689322e-01 9.743201747767651355e-01 1.002708743851749906e+00 1.002633988010445787e+00 1.003064228735325969e+00
-9.720682427669134068e-03 -2.079197091127406305e-02 -2.189469885537145832e-02 -4.331106325681353952e-02 1.382929287001186981e-02 -2.917457570814700057e-02 1.225554344244920123e-02 -1.169649145453327717e-02 4.367502512128912384e-02 -6.291447661846601321e-03 3.606397233157060400e-02 6.560525096218432738e-03 -2.253730991781741078e-02 -4.924686122930737459e-02 1.942385617179559487e-02
6.929729757021849679e-01 9.385088917443600298e-01 3.284167031477415732e-01 7.098225501161442574e-01 3.302795405063786438e-01 7.459547825126708887e-01 6.059370918295918784e-01 5.575034289598342907e-01 6.492924084732706325e-01 8.064698974338327941e-01 6.203301087385992840e-01 8.505147568541171488e-01 7.844712431733128488e-01 4.310759979527264418e-01 7.586686793645168736e-01
8.881995933346126249e-02 6.982454505703698799e-02 3.087322764671410376e-03 -1.351205850896372226e-02 2.583567114643905635e-02 8.308892490900623984e-02 1.717751884329755951e-02 9.951260012332066585e-02 1.914333813963186581e-01 4.461920084171339118e-02 3.492592386483329980e-02 2.471336248120812457e-02 1.821127423290108682e-01 1.078195155478098299e-01 1.646199208453704155e-01
4.293689125692052300e-01 1.215564692304166722e-01 6.970770255288817330e-01 2.655189860621041675e-01 7.535950801740799454e-01 3.177593287055389681e-01 4.400165204458166279e-01 5.321116550374431764e-01 5.364166742016941436e-01 2.705318358167891901e-01 4.034119807391447488e-01 2.171491785393606933e-01 3.873913733806937931e-01 6.026616151405025379e-01 3.548744645164623734e-01
1.045198123417841352e+00 9.788258583411123537e-01 1.009600748055895281e+00 1.013613603083382220e+00 9.815853486818628681e-01 1.020847764544928316e+00 1.020854154131321856e+00 1.014498916982530030e+00 9.867160977696275426e-01 9.904117953813206254e-01 9.991829690450526602e-01 9.995797250939919554e-01 9.898852915026283839e-01 1.044211214080291272e+00 9.837992530929362545e-01
9.922426413561231673e-01 1.022436493195169716e+00 1.001090328863744050e+00 1.007576950328768151e+00 9.878965490825317719e-01 9.974681169833363725e-01 1.034339632349940308e+00 9.992178305382255488e-01 9.689202936107675912e-01 1.002425970361412677e+00 1.028841469678570819e+00 9.892134469319453505e-01 1.020119508952272547e+00 9.863126828659968259e-01 9.742413408303379763e-01
7.150477633607081884e-01 9.569364111713600796e-01 3.340035059926488858e-01 7.882073977267454179e-01 3.532678731511887382e-01 7.503597164309888656e-01 5.569515732609072733e-01 5.714471229503031990e-01 6.056193936908695896e-01 7.625259855410554399e-01 6.151557672653163999e-01 8.388340415144723838e-01 7.900388497197605719e-01 4.432323536356638782e-01 7.636460697890639082e-01
8.722946982034449070e-02 1.232553693137951600e-01 4.352854941067001160e-02 4.238310438845982464e-02 2.163687114542269668e-02 7.074171253305781837e-02 4.879503140774847647e-02 9.384601955669326367e-02 1.665930292694341730e-01 4.523842489865412958e-02 8.471643432326941836e-02 7.063524102871651666e-02 1.602370727878238976e-01 7.766979704032732357e-02 1.366104937448734957e-01
3.323863657793489357e-01 5.436292248179675629e-02 6.767496568063161577e-01 2.331441345264113618e-01 6.873107278595973479e-01 2.326108032223189459e-01 3.941579692810071034e-01 3.747787597240599955e-01 4.041409958928254831e-01 1.739734814434068522e-01 3.839015064061037097e-01 1.528644364491778818e-01 1.995692871211750818e-01 5.308167279117484982e-01 2.104993474587343316e-01
6.967456455004913396e-01 9.640416015331219057e-01 2.990596652733460425e-01 7.497332986619468231e-01 3.174805724310077459e-01 7.349841602224620463e-01 5.930080891379398977e-01 5.529742102350699851e-01 5.748956410512234827e-01 8.235057974776337497e-01 6.185745764978091144e-01 8.425793264583212316e-01 7.778393708297832720e-01 4.705523645962207957e-01 7.802946828513651623e-01
6.333933869312905474e-01 9.482270690610270503e-01 3.744192585760386383e-01 7.754909648831910252e-01 2.667562506144737777e-01 7.742375192743706780e-01 6.257602039300532715e-01 5.555648952305828336e-01 5.881903578787641695e-01 7.963287032374289920e-01 6.059542943361045930e-01 8.364364484296102908e-01 8.158021080693321769e-01 4.741698110586802795e-01 7.837880715887493022e-01
5.870395577613581051e-02 1.088039197638109579e-01 1.946462501479532745e-02 4.486645781088673818e-02 5.436237838026588415e-02 1.104493327278089909e-01 6.774452708213458962e-02 6.817555562578435369e-02 1.917880089793672915e-01 3.251974097107500350e-02 9.814322441119535667e-02 8.190318432411700100e-02 1.525587499509427347e-01 9.539249676580620341e-02 1.837796400718415546e-01
3.837909512286980518e-01 1.600534745230987876e-01 6.804917882303985754e-01 2.793951405311645986e-01 7.248869538124004253e-01 3.479289390967128526e-01 4.679352698670827815e-01 5.565384558739677745e-01 5.862125631149777139e-01 2.346661670202893624e-01 4.301470938628774721e-01 2.674593315291111661e-01 3.990741745499406523e-01 6.311054052453800578e-01 3.689592330871143688e-01
6.630410478673800512e-01 9.509764139065377542e-01 3.318625629018956968e-01 7.443796508773452558e-01 3.235092326852779254e-01 7.430795316914821091e-01 5.819623513128668879e-01 6.239641431992233311e-01 6.144626097762629913e-01 7.950658494769921036e-01 6.490157898702673123e-01 8.257646748092185573e-01 8.189675664357278784e-01 4.401529307754918352e-01 7.934633030849087554e-01
3.967813020113404310e-01 1.601405320942335397e-01 6.728422111844447606e-01 2.859131379851739818e-01 7.377794314718413293e-01 3.465258522570392463e-01 4.850795639082813304e-01 5.400621083496545127e-01 5.885519444915757736e-01 2.356685336518837270e-01 4.101559452860085719e-01 2.153430865495329083e-01 3.810473522948770175e-01 6.363943493636221582e-01 3.711657467888997974e-01
9.375670193181875334e-01 8.873797013600973616e-01 9.659196190244229152e-01 9.695525006112596378e-01 9.819718701952618867e-01 9.018187082528683618e-01 9.740390242985925706e-01 9.040756961384923684e-01 8.289638406508117452e-01 9.496464558413768575e-01 9.596216115589919493e-01 9.373394808680503010e-01 8.667979469184863284e-01 9.158421564989948083e-01 8.729938861064157063e-01
6.173819103900228811e-01 8.735209714487846000e-01 3.035875861008242027e-01 6.912411440039463173e-01 3.040519385449319545e-01 6.698522730348673848e-01 5.558118512979302039e-01 4.390308472476588952e-01 4.281855599345922858e-01 7.427717827370373671e-01 5.751172550975224285e-01 7.613111082762319404e-01 6.413195016448636210e-01 3.856201574016822065e-01 6.197167104356572365e-01
1.764886249541046392e-02 8.632353676230070799e-04 4.233403334319477823e-02 -4.540452773740792300e-03 3.094209683961119620e-03 -2.396086534296867562e-03 -1.469699116836518417e-02 3.007042633095495868e-03 4.178891318965011203e-02 4.790276624225801166e-02 1.768319747499213015e-02 -1.953901733860576376e-02 -9.815361570991543855e-03 -2.874201612493317709e-02 -5.635996446558358972e-04
4.140709084991031630e-01 1.574020583504555371e-01 6.878772260575296560e-01 2.544949002222295364e-01 7.089502955394594297e-01 3.398066568091681061e-01 4.620042967542018486e-01 5.457211016233656231e-01 5.627499922514955788e-01 2.900779152350546619e-01 4.508282572559841883e-01 2.335015520918877763e-01 3.622203539063261202e-01 6.052838059202260146e-01 4.460961265431885869e-01
9.807875032398508108e-02 1.086369276604172568e-01 2.645272703811962431e-02 2.322639925543529618e-02 3.828625481474549203e-02 1.205176208707195024e-01 6.328223866862248137e-02 1.144122185662097835e-01 2.251153135012144979e-01 4.338551163883717920e-02 3.500704558155181417e-02 7.332011783574243768e-02 1.739669691143694019e-01 5.847143661491700783e-02 1.708336333004693564e-01
3.912503061270780069e-01 1.160089363508866600e-01 6.673898369082428284e-01 2.831174187205055537e-01 7.356000318056730158e-01 3.328554815619140794e-01 4.488853344504560305e-01 5.372073333371926163e-01 5.925636582423944310e-01 2.648741040757152110e-01 4.334874821741773188e-01 2.402058117356971889e-01 4.169204417923330075e-01 6.616459002371170017e-01 3.604470616746477951e-01
7.229873129036582524e-01 9.247840637696227439e-01 3.050200840982366657e-01 7.382222540600675842e-01 3.112949178549685447e-01 7.612644702081300396e-01 6.175294018072907676e-01 5.846510780755986847e-01 6.223409406628331864e-01 8.307557084744838782e-01 6.433198157237555170e-01 8.328727467814596164e-01 7.894619646143974379e-01 4.435724151979338337e-01 8.072342134644847622e-01
9.053764492863202173e-01 8.870351913604697103e-01 9.565509219665643270e-01 9.871671092551258520e-01 9.616058846283424000e-01 8.850298628562491832e-01 9.394209202304595330e-01 8.679755068874042134e-01 7.907551653813014170e-01 9.124225614388526973e-01 9.316226315277602588e-01 9.767565249495184787e-01 8.219979406023459889e-01 9.118971338453725206e-01 8.311245709635743939e-01
3.152329001177760492e-01 4.593672833329543598e-02 6.609910888757231096e-01 2.378519775640882128e-01 7.114209005994147628e-01 2.425785037991184112e-01 3.885233676213792897e-01 4.241446502970783738e-01 4.542497477291089769e-01 1.464389760162218002e-01 3.596648865675188822e-01 1.769362199631640542e-01 2.240047928454944881e-01 5.489169145427632568e-01 2.254347098231160029e-01
1.000401499328332333e+00 9.849472133345874569e-01 9.877007871663840977e-01 9.463739412978775523e-01 9.926646412436587186e-01 9.798108426259418691e-01 9.743527371631587330e-01 9.840912540945055964e-01 1.024520555023572754e+00 1.010672132092832465e+00 1.018494299749415744e+00 1.026955227853177055e+00 1.001815405224938837e+00 9.972746764664531804e-01 1.016289323516645471e+00
6.746837805885471662e-01 9.535743140171614174e-01 3.555232056566338672e-01 7.181347163304476755e-01 2.907978136057708940e-01 7.446175820209741669e-01 5.833478857126265238e-01 5.956459623278776983e-01 5.752132343840965500e-01 8.462608219909617535e-01 6.524326205454551442e-01 8.549199516127249376e-01 7.832126502585835537e-01 4.299173381225518953e-01 7.773244458433505866e-01
-2.843370818295701177e-03 9.213918802821383786e-03 -1.664144274278371582e-02 -7.319031426570935840e-03 7.794160466045846510e-03 2.097657627119231885e-02 7.646249242960159731e-03 9.808743620457813575e-03 2.721829199963178916e-02 7.789065848310496032e-03 -4.213170778245288114e-03 -2.197023647365097324e-02 -1.264741681384146804e-02 -2.119882972158081830e-02 3.389338507380461329e-02
1.008396775183991512e+00 9.913264441864585441e-01 9.933321792761712343e-01 9.876912516408440368e-01 9.832878900774897346e-01 9.856346355024409034e-01 9.749325249874796206e-01 1.015557524014968571e+00 9.881884013901712782e-01 9.908533895133336822e-01 1.007380157332805615e+00 1.001114556691190094e+00 9.848433487490475535e-01 1.003980732406056564e+00 1.022478820323923010e+00
3.337640610794500029e-01 5.803741489087489019e-02 6.927426369478540957e-01 2.136960102461814281e-01 6.808544818268439380e-01 2.443264660286976198e-01 3.951974692299499159e-01 4.164480255778050255e-01 4.111165459306649339e-01 2.059414153668197578e-01 3.529326563177833664e-01 1.756146449680946464e-01 1.867269870781772811e-01 5.846898039038894712e-01 2.169178254736507105e-01
8.700808865708462569e-01 9.018019032325547135e-01 9.774316773998966701e-01 9.437979956389673797e-01 9.663928981094513926e-01 9.078156452350679695e-01 9.411016843853419189e-01 8.916454364562034218e-01 8.354901263960569091e-01 9.704172026044669552e-01 9.382604826388138974e-01 9.714989154497906121e-01 8.428207801034341973e-01 9.024410748446068942e-01 8.160849539414986031e-01
5.831554387676921580e-01 8.577594725406870735e-01 2.970066437860102715e-01 7.328139918403860920e-01 2.701539596455714842e-01 6.490392319781931318e-01 5.322651907611019029e-01 4.595649280948226334e-01 3.923305102100937969e-01 7.245773304017766314e-01 5.644731072517196191e-01 7.753691556213493374e-01 5.890573071044096221e-01 3.582284534911195362e-01 5.998168724764891824e-01
4.019163721325195171e-01 6.929614249118688785e-02 6.561193066509031224e-01 2.945333644459323108e-01 7.063331717864248516e-01 3.678680966707811861e-01 4.268881815795452228e-01 5.351084631004725534e-01 5.695717328210507802e-01 2.579449351713981597e-01 4.598755364390627598e-01 2.119737602878887239e-01 3.531096726971935662e-01 6.496028089969188013e-01 3.792529258349665033e-01
-3.142059465439033666e-02 1.997922576654549351e-02 8.007815356722552264e-03 -1.775855998093774785e-02 -2.886024634645239194e-03 -7.150830712498189301e-03 -1.089990114960642451e-02 2.818848940743232806e-02 -3.570210148200443634e-02 3.069216138655025440e-03 -4.402056270438605215e-03 -3.678176687447852478e-02 -2.407255854700425871e-02 -1.229763710845684435e-02 1.129623673612791847e-02
9.806637979227860180e-01 9.915058293548552060e-01 1.037144840935173118e+00 9.921337676493492408e-01 1.024301802438852382e+00 1.001591716570084944e+00 1.016998309048040117e+00 9.995832363178739355e-01 1.014218532486578672e+00 9.936686165579328156e-01 1.010905946400402877e+00 9.924159842501417694e-01 9.880936165787406189e-01 9.897044944168693625e-01 1.002816045581662374e+00
1.004883834199992165e+00 1.024558050666081188e+00 1.009182707744649576e+00 1.008340999255327164e+00 9.611952715698104388e-01 9.809908207799135083e-01 1.019912505380150547e+00 9.987465766404668432e-01 1.035667500344267244e+00 1.019617809311188950e+00 9.731632210534256755e-01 9.940086701851046369e-01 9.552446986592478817e-01 9.867740939045495097e-01 1.003935861722708323e+00
3.796702324729070432e-01 1.452484482222394790e-01 6.898532364799250249e-01 2.645200153171922697e-01 7.141527820988574637e-01 3.000676793972970602e-01 4.380076495444257811e-01 5.196838141470092598e-01 5.790140729512782691e-01 2.604193324776553631e-01 4.175673439200481840e-01 2.266281978169714661e-01 3.557972638997074499e-01 6.092938737403319482e-01 3.880619561010126839e-01
6.464927136080859116e-01 9.540146284847039748e-01 3.209417674558791567e-01 7.562589415539135995e-01 3.161723195030683997e-01 7.208817592944259944e-01 6.284045520737784329e-01 5.495341857009596875e-01 5.671338176986031598e-01 8.169781352126680440e-01 6.304413726250625016e-01 8.172880220188525335e-01 8.010942437407686523e-01 4.312096832362643517e-01 7.767295424765972012e-01
1.024818122433685419e+00 9.995045857426699820e-01 9.728410930758715214e-01 9.802144565150496813e-01 9.953357985224353666e-01 9.934259475013351715e-01 9.585710206614749262e-01 1.016571172552695135e+00 1.001702857886090703e+00 9.943796728406033569e-01 9.854074964310692852e-01 9.851073577383494539e-01 9.870170786596916823e-01 9.709307020453240566e-01 1.012957268855606774e+00
6.650743976731549045e-01 9.968425539042552463e-01 3.453244072483417360e-01 7.275455536690222935e-01 2.943803579202991516e-01 7.827306395526341110e-01 6.056397919570083443e-01 5.718525117528390211e-01 6.123952865554521674e-01 7.926890078447388355e-01 6.188678572751984408e-01 8.267378221389007908e-01 8.142509955665712118e-01 4.894767149512713744e-01 7.903532183920842780e-01
3.352690095475236443e-01 4.942852221453196415e-02 6.464091416349453390e-01 2.322583199084817529e-01 6.916212647512439693e-01 2.296303432400294275e-01 4.113398913783119504e-01 4.268619747051934921e-01 3.922746325714341897e-01 1.723623966013789754e-01 3.452703752408449178e-01 1.851396464228101391e-01 2.077572040969675460e-01 5.570621488217882833e-01 2.468804275622200617e-01
2.852008223462169645e-01 2.670500732612125436e-02 6.709034429006746070e-01 2.463335714279667188e-01 6.548684978613075192e-01 2.807807543752339208e-01 4.179265795725033983e-01 4.388482486362387802e-01 3.774547083691958682e-01 1.770168662747031441e-01 3.728532321169039654e-01 1.616746618767445631e-01 2.307097883713922493e-01 5.392767131201626762e-01 1.995450965450159542e-01
-3.425520809100380398e-02 1.216125609959919397e-02 2.381625452139288918e-02 -1.344083949523765644e-03 -2.570955884148573914e-02 -3.734124818229786480e-02 -1.275394542869991155e-02 -2.696684549411968584e-02 -2.366334544852824115e-02 1.750661620735994434e-02 -1.036182144340229948e-02 2.709251237068632454e-02 -3.095671298867991913e-03 1.674307392586322010e-02 2.080211250643425325e-02
9.871935319864734437e-02 1.005070315932638930e-01 -1.675252698865984519e-02 2.131786078894445241e-02 4.985796310226897621e-02 8.538980132893887742e-02 8.981600621586410815e-02 1.249163966289142946e-01 1.839069730919211665e-01 7.575919603114690537e-02 6.349560278771852750e-02 4.366100096915071643e-02 1.854234522274122998e-01 9.993851667139591610e-02 1.590491077622078198e-01
9.147909489943045758e-01 9.301638923226224209e-01 9.457116483413502417e-01 1.005749877831724204e+00 9.361405065359410527e-01 9.347265011330188056e-01 9.515778058693999952e-01 9.075411029443877231e-01 7.916515981862449758e-01 9.320910715486014908e-01 9.336880961040568971e-01 9.532454108201634524e-01 8.566830507641580716e-01 9.247734803931668690e-01 8.265015832523767703e-01
1.003152463467485850e-01 8.582699620686135011e-02 -5.249804730909650788e-03 4.820740961111115441e-02 4.036407379815081659e-02 1.053882664325090368e-01 7.138114294658023939e-02 1.298550619045456544e-01 1.689554418262522728e-01 5.702194469746181549e-02 3.040302664369415320e-02 5.474204081907436958e-02 1.655429893240489836e-01 1.116913349461927385e-01 1.399510237953607850e-01
6.776759932385852947e-01 9.436109818632291146e-01 3.383237619944959862e-01 7.222255267539805512e-01 2.757831814184105723e-01 7.490402677322163250e-01 5.815557932717264622e-01 5.753132766129045450e-01 5.991839436998616097e-01 7.986388105859775211e-01 5.923161934012254326e-01 8.513987399748254026e-01 8.376357767315011360e-01 4.779978835941695037e-01 7.649150628518956996e-01
2.903943599225674577e-01 4.895011703039919837e-02 6.277265871597694780e-01 2.752081231612093504e-01 6.447667650006759787e-01 2.536789039403277157e-01 4.566623842043757153e-01 4.130555450871124523e-01 4.027087161713565622e-01 1.569069767380930069e-01 3.800079039671606651e-01 2.012615356409894474e-01 2.228039851214505540e-01 5.368461018034057508e-01 2.180856228238810812e-01
1.024894335703335990e+00 9.772102236339361703e-01 9.789567979194875313e-01 9.823558163578661739e-01 9.795595238880425715e-01 9.679244551234633676e-01 1.016256767976750019e+00 9.661525807635459318e-01 9.786298097526605622e-01 9.883440596294348346e-01 1.055992033739816982e+00 1.004685996745814824e+00 9.513438937101771353e-01 1.012732174391896445e+00 9.904258019229793542e-01
6.683215071453280087e-01 9.663062647364503155e-01 3.609261121401357020e-01 7.780236396926453191e-01 3.350231774536337470e-01 7.386855079342278252e-01 6.282556133598643511e-01 5.688767225772849434e-01 5.801570915979894494e-01 8.155509818626944796e-01 5.957379066730656980e-01 8.048692455362290721e-01 7.707870284714072318e-01 4.279782986842736725e-01 7.865641172535629000e-01
7.082905159050236765e-01 9.499187238795321342e-01 3.184803734030133837e-01 7.679270022225269665e-01 3.096429342820273267e-01 7.533876611898133735e-01 6.023208034039220227e-01 5.707653395526705031e-01 5.970265933852298978e-01 8.496910095543651620e-01 6.260977820577808828e-01 8.077957290202899543e-01 8.147946907782201986e-01 4.444255625021326095e-01 7.930550276554257927e-01
7.188028349495544367e-01 9.366791135345267083e-01 3.493354501740852935e-01 7.389726660171613837e-01 3.108601967078798434e-01 7.554153417617825994e-01 6.122073913681810309e-01 5.806941368274398663e-01 6.413795143530089948e-01 7.956960076727574993e-01 6.374540809991332546e-01 8.291353920822706058e-01 7.773722581798649944e-01 4.448306250204073775e-01 8.088476012079709454e-01
3.938500153568096351e-01 1.143756810459150564e-01 6.710276002151777108e-01 2.600102027581714936e-01 7.001231041903971386e-01 3.682072766172694855e-01 4.819043620267143835e-01 5.933016591045936483e-01 5.787564808934200222e-01 2.642814665114457950e-01 4.065531050982758576e-01 1.990907421032628577e-01 3.849937922935917078e-01 6.025929007496452217e-01 3.989425818339584207e-01
