8.405368591001695366e-02 8.582007392517061739e-02 7.574437393575648991e-02 1.541022462225839079e-02 1.362097792112477723e-01 1.689596792464639341e-01 5.872513962805678278e-04 9.842191884580542283e-02 1.292894686827784079e-01 -1.652773524693283008e-02 1.638597814774722383e-01 6.401516450405385361e-02 2.518525503912038416e-02 9.644695009176990075e-02 1.503253330718695158e-01
5.301587153687266074e-01 3.549042246515145549e-01 2.201950314779548279e-01 5.059978878537101377e-01 4.721441980192983001e-01 4.072046230658346033e-01 1.191079049572491139e-01 3.118005860942153484e-01 2.700677008041226790e-01 2.470361094329028284e-01 3.515228138369333455e-01 3.358902599181634030e-01 2.504799359003096471e-01 3.036658157739409170e-01 6.959452980114532172e-01
7.342508558950664455e-01 7.492372486135667753e-01 7.592947093360932209e-01 5.738252249391049276e-01 6.466777256832489940e-01 7.705543018521867626e-01 7.241985189652766497e-01 6.984765431459862839e-01 8.457595922857993331e-01 7.516941628723339264e-01 7.535863897696692959e-01 6.423243528826207971e-01 7.037952378475360593e-01 8.076416053538298945e-01 5.171854663094265225e-01
8.328258093031246645e-01 7.493107842881495673e-01 4.287341544832372620e-01 5.895084080846093588e-01 7.268371668233858385e-01 6.615266558164801802e-01 5.507483608302047307e-01 6.436945478651170394e-01 5.218443025609047492e-01 6.513490618287071099e-01 7.723490977902499610e-01 5.722066748829754967e-01 5.843952614269289914e-01 7.302676606170436235e-01 7.610119879028185430e-01
3.304818805552729999e-01 2.508718208071433198e-01 8.371644281225477935e-02 2.427173224623957459e-01 3.200530544779803810e-01 1.666391242948815909e-01 1.892897582456263272e-01 2.963714754820938047e-01 2.381893149904850682e-01 1.671865452160369858e-01 2.458640866393227709e-01 2.348857092720995077e-01 2.085304395178287362e-01 2.838550754246401686e-01 3.190837308604276279e-01
2.118742025539518403e-01 2.275822552380341868e-01 2.285989535074763601e-01 1.274286473813975307e-01 3.610962231466361416e-01 1.771619416266650704e-01 3.653236410908926590e-01 2.140094013947929086e-01 1.156831688047925411e-01 4.214081342419666587e-01 4.887245190325835154e-01 2.625042736424740841e-01 3.123176327958460674e-01 4.117024187753219877e-01 1.485419729645265086e-01
6.849991192236463133e-01 6.122016912640508846e-01 7.949509444425775229e-01 8.353397292342736868e-01 6.740821416920910192e-01 7.518003084811005765e-01 7.306476360627109923e-01 9.017036446003999783e-01 8.497861927431281659e-01 5.938288859270800524e-01 6.372888926781520302e-01 7.968043317563914263e-01 6.777698473537855373e-01 5.035672322803048662e-01 8.173431078290815943e-01
1.414759762616886463e-01 9.987120260887259737e-02 5.358774533319485972e-02 5.749475472350940725e-02 1.001230820228312390e-01 5.998244542040237492e-02 2.757125695815765623e-02 -3.519718502154704776e-03 5.925306621030714677e-02 2.529896688054410203e-02 1.219984775612919375e-01 2.707678693744306267e-02 5.676645195132758170e-02 1.034174755443711402e-01 2.544521414946276372e-01
9.771584594655926548e-01 1.007674224546815545e+00 9.872072077299287596e-01 9.563961417574926571e-01 9.616145604167718464e-01 1.031687700572123445e+00 9.301629677309518618e-01 1.011990309360161877e+00 1.006243821504686720e+00 9.703312288709626809e-01 1.075725855044995072e+00 1.078349108417019364e+00 1.038862590657277485e+00 1.040447643211218631e+00 1.052479195111836408e+00
3.194682169795076132e-01 3.874935561747772095e-01 5.481225406536974765e-01 3.300640459641263624e-01 1.237790814219232316e-01 3.219586135179008934e-01 4.863154352975563310e-01 4.408764388330407291e-01 4.599969460016538059e-01 3.387170416280290697e-01 1.651437759639283742e-01 5.171601093547254502e-01 3.547331633311067156e-01 3.707209230239575937e-01 1.489100906731532226e-01
7.183550892415579980e-01 7.189903448603527369e-01 5.278528093395367105e-01 5.919307342465763844e-01 7.721009543014735188e-01 5.680584477599357474e-01 4.607121429859952211e-01 5.127696475533056741e-01 4.781644855199941313e-01 7.106183227806983638e-01 7.993834513779546347e-01 6.193013635166320086e-01 6.175599141551998406e-01 6.930551155961371945e-01 8.144795341978099401e-01
3.495330886499077860e-01 5.197773900223691124e-01 1.580997636639082105e-01 5.133976811755616709e-02 4.219385211240349598e-01 3.377527826869326510e-01 3.308068669559545150e-01 2.214290747335361242e-01 2.297883483925622916e-01 3.912379170382991322e-01 4.646148397854276135e-01 2.420809874375102755e-01 4.014226919368135138e-01 4.806041607434603513e-01 3.414851683234031987e-01
3.070895741836170423e-01 2.942315860557422891e-01 1.681532845681473209e-01 1.372032278584257303e-01 3.490257052000029780e-01 2.153412174121297207e-01 3.085831792111915495e-01 1.942679471072895347e-01 2.254443941678090368e-01 3.662134270160391503e-01 4.668428983894175599e-01 1.443588162632264138e-01 3.818951633717386218e-01 4.016595839638523735e-01 1.875634069204910881e-01
6.377536810991085714e-01 7.890651360426941263e-01 8.531623506075675101e-01 7.670686863651369203e-01 7.472982184289623797e-01 6.892560343650053767e-01 8.910726810326362601e-01 9.467660285021383126e-01 7.312910539371600960e-01 8.756422235749297123e-01 7.991313971567409746e-01 8.115602864781356063e-01 9.853230043458973686e-01 9.535242480061437709e-01 4.778969942854190411e-01
3.377821276681691187e-01 5.304681443955391318e-01 3.429854907441788336e-01 4.481946839238444835e-01 4.000180537658018509e-01 4.633905200137042879e-01 3.414838379402455049e-01 2.265281464541104850e-01 2.170519529763260680e-01 6.496730172645924783e-01 5.278059369077489071e-01 2.386825530442775456e-01 4.465490672126592453e-01 4.977707419166627067e-01 5.905692301638686414e-01
6.627717904782912672e-01 6.572733044722524065e-01 3.472268992342670280e-01 3.999904247323601836e-01 4.673155280063130967e-01 5.914927649205149462e-01 3.676708233345498122e-01 1.734734055779894590e-01 3.680871165143176360e-01 6.333956819474847455e-01 5.549533871592658985e-01 3.583030752555044218e-01 4.502174787693245528e-01 5.013297135174449304e-01 7.614129635567316035e-01
8.515518537815400801e-01 8.775188062217824658e-01 8.599320951918858480e-01 8.219003431003912841e-01 7.443288426167248284e-01 9.619975935745687101e-01 9.029038640194001486e-01 7.907168132069930522e-01 9.104304248485530771e-01 8.360290397283542951e-01 7.282721783780558011e-01 7.473090899737087067e-01 7.791316051239163265e-01 8.382228502326752873e-01 9.123912413575147040e-01
6.133696241435023788e-01 6.507259795913081790e-01 7.679600789246611159e-01 8.106087888890254334e-01 6.169751201077432468e-01 6.386228762361455535e-01 6.716710808529852139e-01 8.295434639187204695e-01 8.208837550887836398e-01 6.188152779717731589e-01 5.401583962016165419e-01 7.406604769456853754e-01 5.949443609744380357e-01 4.865542464222741836e-01 7.298259089046170711e-01
3.851057879904787318e-01 1.030666164444997701e-01 1.674456143664276586e-01 3.150799647269387216e-01 4.081839699215913386e-01 1.975053881221364716e-01 1.851608489173738326e-01 2.279207121873305930e-01 2.364426073872336886e-01 1.046957507283072519e-01 3.050417075851549753e-01 2.462742861338489131e-01 2.666154453235167199e-01 3.144071592146597816e-01 1.967773406597263519e-01
6.884705533345401030e-01 7.635045003394352880e-01 7.607060834800107862e-01 5.524936888981861749e-01 6.671884193045553024e-01 6.666233770456342356e-01 7.376199542455118552e-01 7.673472827206153646e-01 7.628369755874692126e-01 6.423941987839799639e-01 6.793523781527288641e-01 6.240429508554484750e-01 7.948743632608845644e-01 7.874964170531146834e-01 5.240323084889767502e-01
6.806915350221653949e-01 7.011393039151895268e-01 7.163315100698505189e-01 5.213737451671700551e-01 6.914952273364273205e-01 7.558282394421238504e-01 8.904907598653996059e-01 7.059327823419496717e-01 8.233672620006873277e-01 7.465224226014357534e-01 7.191988697304612099e-01 7.946200794663951239e-01 6.442800518602281867e-01 7.260548266371377180e-01 4.501548982307532754e-01
6.406110654848513608e-01 5.524907036263950744e-01 7.170869655602566395e-01 7.517557967848116363e-01 5.327789208362573303e-01 7.422687418540904192e-01 5.791020321651608738e-01 5.792832272570609398e-01 7.219854699268146714e-01 5.095134919998144385e-01 3.725050248856738855e-01 5.700093292843896320e-01 4.560985926806235269e-01 3.591977243667147102e-01 7.097930668139873500e-01
3.233988241962760801e-01 3.915716681556701828e-01 1.530640104634773124e-01 1.217623490999230895e-01 4.481237133267840234e-01 3.150889867685374712e-01 3.814368621878346799e-01 1.863341192435054305e-01 2.279184506822775069e-01 3.334827734081441952e-01 4.631728926020984294e-01 2.754208399700832088e-01 4.023908357441778882e-01 4.415525360645036201e-01 3.511339321505020927e-01
4.357887600553386059e-02 2.690556860004602799e-02 1.954359768197117334e-02 3.437082517644602514e-02 2.763893211272393236e-02 2.642195435111071265e-03 1.691832123503454396e-02 7.311584581674894501e-02 2.408903410416985552e-02 -3.791629785688981243e-03 3.153329457606716957e-02 -7.887237591586410135e-02 -7.128605398099339963e-02 -1.168867200338739518e-02 1.626650880113781131e-02
4.171505451519090246e-01 4.738136001453442936e-01 3.488759907662271620e-01 4.311818910403745209e-01 3.537246959909016164e-01 3.775966520919444847e-01 3.926267387399702269e-01 2.701141052939454723e-01 2.894839307048445720e-01 4.991248290646864150e-01 5.713572374069542104e-01 2.875731800475068156e-01 4.462621635029571099e-01 3.773233499438600758e-01 5.609537453782915684e-01
5.205910141535116109e-01 5.020130860003498841e-01 7.601646085306046352e-01 6.213847413160363820e-01 2.745612261629614137e-01 6.367451039439283589e-01 5.134358294354118835e-01 5.805111285434908508e-01 6.707757893871345578e-01 4.671208155533527751e-01 3.356839237393587916e-01 5.425488115019643232e-01 4.545771885136477009e-01 3.273951577257970813e-01 5.201879326537579562e-01
7.100571592545126265e-01 5.424692890520308453e-01 7.069734465979718996e-01 6.392076486219346876e-01 4.930827211968827339e-01 7.088150672285395970e-01 5.412361312491039689e-01 5.086727563504126470e-01 7.233394721335236754e-01 4.755552525555604149e-01 3.560415666778966592e-01 6.728011980854753382e-01 3.369094348986740872e-01 4.283576554058003416e-01 7.510696935609423308e-01
2.639743680560999173e-02 1.370720243279571759e-01 2.079746192170545682e-01 2.075781215040031213e-01 1.742147793528530386e-01 -4.504682546932176068e-03 9.973629417141527398e-02 1.416596141035688372e-01 1.808733168697067573e-01 9.785121763823249885e-02 1.891241898382314823e-01 2.046374867121527885e-01 2.245695329640836069e-01 1.847523452762892537e-01 7.506460354203607632e-02
4.663167301897075401e-01 4.511709270223678847e-01 5.952945540368836941e-01 6.824350014321709512e-01 3.859197021350697088e-01 6.306350230119345257e-01 5.214608893804498768e-01 4.942128044518826480e-01 6.450412315072939773e-01 3.842963226070731375e-01 3.164602791495589318e-01 5.915646810039336678e-01 5.212515403010435922e-01 3.855696523707347056e-01 6.299118671840862049e-01
6.553937614681143442e-01 8.390851804800407709e-01 8.438276381844384000e-01 7.279703406912785280e-01 7.917589517225602780e-01 5.569592278678402453e-01 1.044335114076634596e+00 9.260922604779742162e-01 8.541087803592097849e-01 8.963255102297653654e-01 8.461513049572644274e-01 9.082112090614231636e-01 8.900679552916437309e-01 9.171764842105614157e-01 4.452742910853171865e-01
2.196078953445839421e-01 1.655016807937255419e-01 1.711183641663260868e-01 3.356820842218476431e-01 2.872910073737426628e-02 2.189386894246706794e-01 3.059216408714766910e-03 1.030168336936869711e-01 1.648266308975965544e-01 1.513673744180238923e-01 1.229195119671397246e-01 1.997755407569186403e-02 8.366118058233122656e-02 1.065332365535268111e-01 4.871020589100292786e-01
3.179936232849522315e-01 3.370509637506646228e-01 2.186956866800483790e-01 1.476585813806818304e-01 4.432676386084051234e-01 2.705946144796518849e-01 4.175693387204362228e-01 1.420413237913811244e-01 2.059976646042963044e-01 4.322415182859658533e-01 5.169719516285851135e-01 1.372044547170416240e-01 4.342640676938697708e-01 5.611408211433657200e-01 3.669337208965519626e-01
7.289070441180113269e-01 5.491465410445187656e-01 6.596464436973057399e-01 6.644784222830164566e-01 4.215801357350049683e-01 7.103641249478632735e-01 5.526688360396292410e-01 6.051024399864114445e-01 7.345760829707358441e-01 5.011466153721884087e-01 4.685740009925764560e-01 5.272438522774695047e-01 4.196408611704517955e-01 4.250885076567461618e-01 7.532692382755848959e-01
3.628768462715483700e-01 4.215919175383263662e-01 1.104000582603864855e-01 1.740986920625885448e-01 4.650777018587538003e-01 3.110582279018687668e-01 3.624061437386306150e-01 2.089231756087416847e-01 2.650725603368424554e-01 4.192835723606924692e-01 4.914680873169356423e-01 3.232814317943473736e-01 4.304934797160253068e-01 5.311820999012676348e-01 3.471358349180480030e-01
8.731606744992932434e-01 9.811103100049540782e-01 8.755764891824902030e-01 8.269625039277260781e-01 8.729966673851258241e-01 9.809003968584053545e-01 8.575589245944985617e-01 7.391926942645504761e-01 8.812010012344733134e-01 9.215838595535853495e-01 7.936031127169697053e-01 8.272840086109246593e-01 8.091131886224462999e-01 9.202045981213707870e-01 8.941790778579029597e-01
3.466747772628822610e-01 1.616606169930288606e-01 8.580976153475716739e-02 1.767065705866995295e-01 2.708695587124259063e-01 2.274500973371839374e-01 3.267308779730844770e-01 2.965671508613437202e-01 2.184790219115751719e-01 2.187593579917974651e-01 3.438616053329263678e-01 2.917838428440576726e-01 2.590432890182890469e-01 2.370009140605594533e-01 2.834784563065459451e-01
1.897502544068728203e-01 -1.726346178880960869e-02 1.161738636091515578e-02 -4.958632906802859508e-02 1.475514119105931221e-01 2.059744684176441076e-01 -3.665726081793709706e-02 -1.990624416659751705e-03 3.446226474802453754e-02 -2.470324593133335633e-02 2.518478742846528284e-01 5.448247073727163770e-02 5.874283287505317405e-03 1.352849769292763238e-02 1.066048990457399426e-01
8.560339850314078181e-01 9.170522726646386236e-01 9.582232476872314386e-01 9.932963169759357891e-01 8.114249542104969848e-01 8.798026616398577637e-01 9.113770180375941887e-01 1.012136094898902661e+00 9.918272682286544129e-01 9.649482644480215088e-01 8.773786902655726916e-01 9.604123579471602890e-01 9.819732613816121169e-01 9.999827999438460902e-01 8.964040068171943432e-01
6.629386939598611583e-01 7.264370313125116940e-01 4.869854398850089749e-01 6.965273156913334152e-01 7.738160218564581472e-01 7.262364599343491545e-01 5.991914839870410292e-01 6.191040839987189681e-01 4.653166062181350315e-01 6.191922644054830283e-01 7.937441973410134244e-01 5.879104274416149245e-01 6.590046854282286537e-01 7.052249403780167514e-01 8.270342530975293149e-01
5.352865729466262934e-01 6.121372832376766882e-01 3.299640366328249197e-01 4.247874762683006011e-01 5.697562151670706454e-01 6.780694493056543815e-01 4.561802998767456874e-01 3.674610122273819779e-01 3.604326742071541356e-01 5.028505572007702096e-01 5.753421904025078915e-01 3.920040050076629146e-01 4.286065861604689275e-01 5.747320333126382241e-01 7.034039689910303039e-01
4.727809517025170494e-01 5.239367305963289478e-01 3.688421278390330849e-01 3.548828916143287882e-01 6.111429923939062370e-01 4.241527295368057726e-01 4.035754218644212465e-01 5.356260905295812114e-01 4.393848588626036444e-01 5.965448614591951637e-01 6.986246002328518889e-01 5.217322958565758784e-01 6.111273823690605012e-01 6.488706091355905814e-01 3.644733769702391268e-01
7.222496212159854601e-01 7.292515790742818416e-01 3.727674250312824067e-01 6.443800818651814755e-01 6.949101776001226360e-01 6.263416432417663327e-01 5.203427263013076232e-01 5.034563661160345038e-01 4.813656093295796690e-01 6.405846356886815141e-01 7.853909721224840990e-01 5.742578324736715700e-01 6.499998995379514533e-01 6.406982463515704662e-01 8.220625268534659247e-01
8.892085997613912163e-01 9.295291572274411163e-01 9.292970472624308975e-01 8.062484719390728971e-01 7.751231859121683332e-01 1.017567971460641818e+00 8.676356040656637569e-01 7.944110846163517925e-01 9.379610453257521963e-01 8.878358691119423440e-01 7.398512082486294883e-01 8.139909109075036397e-01 7.077476279135124226e-01 8.114984706117905899e-01 9.215891891257058655e-01
2.192654297845193778e-01 6.392386423035759102e-02 1.506957181069793761e-01 3.480159650007341732e-01 1.079154536488843713e-01 2.439487032026680380e-01 -1.692771586011790341e-02 -3.279859673744725534e-02 1.366552024542916077e-01 1.425160988428011977e-01 2.839807113505732339e-02 1.800374845999363205e-01 -5.500554451258976574e-02 3.421026417832082750e-02 4.079894222751462296e-01
3.412815041936154148e-01 1.176908501823705766e-01 1.428733501875217582e-01 8.416937854953175646e-02 2.522369817722015517e-01 1.720999965705838353e-01 1.873657492373365374e-01 2.827656156292177592e-01 1.340743779280800796e-01 1.178357096960387651e-01 3.182638602493095825e-01 2.628206491636728148e-01 2.119023157832924942e-01 2.810106522073457791e-01 2.916690266786804986e-01
2.203274474111718562e-01 3.325570204715393996e-01 1.378637657634781410e-01 1.449364843728603025e-01 3.620789868855064375e-01 2.307623103104341489e-01 3.719386408989973081e-01 2.763943527240076969e-01 1.649373289700737932e-01 4.030071460591101995e-01 3.833273621714968771e-01 2.259445814221002768e-01 3.837605165768535609e-01 5.077072708970219450e-01 1.212147807716473513e-01
2.797403610403232377e-01 2.597365185816901123e-01 5.904681259825514950e-01 3.485170501044106417e-01 3.069241793744709734e-01 3.722005837593199140e-01 4.920153447172956329e-01 4.547472961384766976e-01 5.368648874716024366e-01 4.303420015049045921e-01 2.090873402881944232e-01 4.169790332897166940e-01 4.347409273528284324e-01 2.997615491731128734e-01 1.818825972436176053e-01
5.143540974910318919e-01 5.909773684779048297e-01 3.693504785763656595e-01 4.082654562122277064e-01 5.347421145593317382e-01 4.355423366282464848e-01 4.085008838478186299e-01 5.091073649712688498e-01 4.276760671588505369e-01 5.251784596231849900e-01 7.331709361983445028e-01 4.287703049094603314e-01 5.931808341153148589e-01 6.130115577618371336e-01 4.023990648204182063e-01
1.343559178729963888e-01 6.458243855781603537e-02 1.216586554222707089e-01 2.832329422423914278e-01 1.648028561798903224e-01 -7.913510525327871470e-02 1.475743310209871317e-01 2.225884056847321768e-01 1.120851755876136752e-01 1.444966822227710113e-01 3.096409542342859478e-01 1.628400893575027153e-01 2.332574150493933463e-01 2.329882061733278831e-01 9.869336056685218406e-02
6.029703566158617356e-01 6.808042056569487688e-01 8.106220743224086256e-01 4.822578195182142813e-01 7.400009381228876970e-01 7.093705941117228742e-01 8.794186667446007855e-01 6.762411215315995427e-01 8.214429046900472153e-01 7.232375275793476721e-01 7.440264333163328914e-01 7.291953613456179095e-01 7.203894095726683933e-01 8.043223848262295306e-01 5.857976351591930309e-01
2.715462538487940503e-01 2.945556684608702236e-01 2.876252136912453294e-01 3.648865620755192829e-01 3.474099369440616925e-01 2.296114447237697642e-01 2.048100618519282101e-01 2.905438310874848273e-01 1.752502014216731907e-01 2.564051595542612971e-01 3.070010480694131960e-01 3.513667190990374389e-01 2.850266943011526832e-01 2.013096785465211536e-01 5.436473037815784393e-01
5.330155361257145064e-01 6.682237629819962610e-01 7.443290818306365075e-01 4.845184442539512415e-01 5.994287900776223976e-01 5.360025272079987912e-01 8.358667946869163812e-01 6.423401800076846691e-01 6.462346578475310910e-01 8.102067080742525462e-01 5.484668576243423299e-01 5.807994051895886134e-01 6.980360832682336314e-01 6.905083909553295651e-01 3.325526609997757621e-01
5.533454511586890501e-01 6.365843690171286706e-01 3.028770179389813078e-01 4.905394805218047383e-01 5.474171441654621661e-01 5.906378371191354226e-01 5.010157922667726194e-01 2.159575460532895674e-01 4.005703170293976045e-01 5.678931205023668438e-01 6.273593578064819987e-01 3.714370464905913383e-01 4.637438368527788124e-01 5.429230138844065578e-01 8.507323436129624605e-01
1.069333339715769771e-01 1.567300783039348444e-01 1.018466547344516887e-01 6.395290945133882965e-02 1.670728595064315813e-01 1.477089719480524088e-01 2.349373508481731321e-01 2.765237196533622543e-01 1.553273401104745821e-01 1.252888630905533707e-01 2.781068772916588383e-01 2.048214590053586970e-01 1.708294813357438546e-01 1.885204147510053385e-01 2.730199243423933608e-02
4.588463118659131812e-01 3.629287858881368178e-01 6.175746493800668979e-01 2.933404613043990583e-01 4.232878739929522016e-01 4.879441530732653853e-01 5.626445955690589917e-01 4.587083729251117958e-01 6.743660426123109231e-01 3.696068479888929836e-01 2.953248864241433402e-01 4.864459255081605704e-01 4.373029072631904879e-01 4.053119967084559128e-01 2.753122393134270762e-01
1.013022764216132243e+00 1.130324411929672701e+00 9.513214701314751665e-01 9.323278298754862359e-01 1.040771581351657815e+00 1.052811019068434994e+00 1.072042684377418897e+00 1.088081220077982803e+00 1.092493107897575699e+00 9.951047579711289615e-01 9.899786722364616320e-01 9.055603841849971802e-01 9.492116888739345892e-01 9.672814089506156510e-01 9.872914496738262047e-01
4.477593387081931220e-01 4.687114804382579991e-01 3.727175853586582877e-01 4.087941965840458103e-01 6.757559290102054250e-01 3.310830259091190331e-01 4.604577151549129610e-01 4.301924482203017819e-01 4.226854790388527849e-01 5.562442892061661981e-01 6.598238651839937186e-01 5.086700162593608132e-01 6.191901631907690273e-01 6.167168720534684789e-01 3.802949837105498720e-01
8.902614999974408638e-01 8.053673840769050019e-01 8.528084475928068287e-01 8.778823027278015445e-01 7.399855735092732978e-01 1.002602350494004924e+00 9.547026083547782704e-01 7.876524794601120760e-01 9.301340531190406269e-01 9.073535035610025279e-01 8.397994782432143257e-01 8.131836725417225242e-01 8.338204649895459841e-01 8.420222391086471525e-01 8.857597052465862042e-01
1.062379141372076674e+00 1.093684939892057395e+00 1.055234282029265280e+00 9.374547618088044931e-01 9.214218051155991240e-01 1.000844286892524471e+00 9.816424661511146121e-01 9.927560440875246028e-01 9.514665187825516179e-01 8.962697881429561031e-01 8.721554526906732940e-01 9.674178220180398302e-01 1.017414765324240911e+00 1.031295862199769431e+00 9.434895089722148409e-01
5.654297174777889179e-01 5.552493301374600287e-01 6.247124047987572260e-01 5.727466106048139105e-01 5.452590784694503201e-01 7.454241636095728651e-01 5.965592257465017756e-01 5.442239086591567077e-01 6.910731517386810019e-01 4.682143445270127713e-01 4.036707569419721309e-01 5.624097545264460374e-01 5.114787000067938516e-01 4.185834167890829516e-01 7.091967128857652458e-01
7.120695611348724086e-01 7.753315890408314370e-01 8.432255063411185914e-01 6.876988026405793653e-01 7.926530102385519472e-01 6.273526989879322224e-01 1.008536258492262583e+00 9.226588009788194711e-01 8.057882003179837049e-01 9.292855868221041593e-01 6.937181499415246977e-01 7.849071191766651134e-01 9.533511748420062659e-01 8.475491681999350879e-01 4.275814981611706922e-01
7.696876725875820835e-01 8.934369427214547965e-01 8.580117634614093935e-01 7.137461324003473440e-01 9.699638696801673454e-01 6.510547307095779779e-01 1.013500656791362031e+00 9.898096631941636359e-01 8.196613115077759915e-01 9.755692409374003837e-01 9.506291497480272579e-01 8.818025706262803132e-01 9.315464743451162821e-01 8.827686163937953356e-01 6.077642365847462091e-01
2.496594198083752769e-01 5.114476560917369241e-01 4.051639085848031674e-01 3.073156780464511018e-01 5.741311733830158914e-01 1.276947009639051722e-01 4.575869317319329888e-01 3.833352157626703782e-01 2.989083616915785835e-01 5.084623104419786488e-01 5.559675068016206589e-01 3.289891919266580422e-01 6.054276730897323322e-01 5.474379993910427622e-01 2.316294830862963283e-01
3.059017837201152279e-01 2.554372820442582515e-01 1.418137452428173684e-01 1.776438943594115527e-01 4.054218952843497981e-01 1.405055394222632648e-01 1.885084910850675366e-01 2.103426249971928064e-01 2.079226478083141538e-01 9.273338259542793227e-02 2.902187848037838247e-01 3.369300925237705968e-01 2.289266422362555009e-01 1.927327670060019760e-01 3.028152375241776051e-01
7.360288153529142008e-01 4.945020165712294413e-01 6.847488739740357211e-01 5.532299336084800512e-01 4.890223121671841144e-01 7.774091203149677831e-01 5.501972818135062449e-01 6.148834478237302781e-01 7.081553913839222503e-01 4.697338816533189743e-01 5.362921766638771848e-01 4.971593345749737436e-01 4.338970539645548574e-01 3.927982030563565430e-01 6.739531876429660784e-01
7.055787039169862940e-01 4.554756345680087692e-01 7.107629312032752722e-01 6.953506970720059188e-01 5.138278024597677796e-01 8.133903096117165443e-01 6.471825781437686720e-01 4.720343664332711242e-01 7.338284323596994119e-01 5.584871264313697736e-01 3.946618054853249791e-01 5.768029562131103960e-01 4.199914778396409143e-01 4.526561845620696301e-01 7.149516016933040730e-01
6.099422594993920699e-01 5.538367955451900526e-01 7.181371573380356255e-01 6.327162080069808070e-01 5.587027052387575354e-01 7.466075245186315490e-01 7.116907992995561427e-01 5.595045999933937475e-01 7.481462807095524692e-01 4.464435398589978177e-01 3.158240088579435390e-01 6.658864542230382710e-01 4.675388461003921470e-01 4.602540065733166097e-01 7.260855029216919387e-01
3.377357213443423767e-01 2.722967128554094618e-01 1.656332604714041423e-01 4.421670540005774863e-01 2.911302469467455523e-01 3.448157177184293376e-01 2.026555050770513233e-01 3.002768972946172066e-01 2.794467488852482306e-01 2.554243315106798917e-01 2.881277228753759689e-01 3.378378603689784487e-01 2.182529438052807080e-01 1.414616285382276351e-01 5.573228646790076013e-01
6.120952024902932553e-01 5.882706492453819713e-01 8.702130816507267497e-01 8.580354358130943826e-01 5.660064146090558745e-01 6.970940980794927411e-01 5.857756526215575077e-01 6.590025471714840988e-01 6.698004195495297353e-01 6.568547683419129202e-01 4.672001843416069278e-01 8.029859124997971165e-01 6.759114061859646805e-01 5.659086942282327559e-01 7.405699750474149523e-01
5.935571478409330526e-01 7.458302620113854697e-01 7.572159765350159333e-01 5.822993712305136738e-01 6.736317700885223747e-01 7.258714346062271616e-01 8.155546051467446045e-01 6.784836164185363838e-01 7.544965617807851688e-01 8.258104182605107146e-01 7.428442878198556754e-01 7.600434525173727085e-01 7.166401322034309240e-01 7.874703371018019205e-01 4.877120713771052607e-01
3.001256594825107427e-01 1.519564831134591343e-01 2.256396460774931501e-01 3.052064296011813282e-01 2.042934128356763690e-01 4.433622635370141341e-01 5.573051941800946651e-02 1.227690471724897092e-01 1.844048346977338049e-01 1.078275892610490172e-01 1.833921146363511057e-01 1.553687901182388698e-01 5.852345923058471788e-04 4.758887125090213027e-02 5.725011620572862947e-01
2.393627914264062351e-01 2.679373966586635625e-01 7.763283015594650560e-02 3.103782593212154883e-01 3.030301062712212334e-01 3.758124459880428092e-01 1.701485966976799824e-02 5.587361933183624535e-02 1.623415059270909011e-01 1.106917347104408311e-01 2.235830408124747648e-01 2.761076415741327561e-01 1.374289559675267725e-01 1.214647991508176206e-01 5.260015892107768876e-01
5.992714325600431158e-01 6.113227437623530713e-01 4.423551559830190549e-01 7.202913299969738725e-01 6.402084524587474679e-01 5.122949181182856471e-01 5.196449014168568192e-01 3.828545295783529756e-01 3.905592680717887011e-01 6.714840885719112196e-01 6.487248079785158383e-01 4.689002743825495534e-01 6.700676568969052838e-01 6.211841591611688695e-01 7.392073898237844221e-01
9.964979495332547677e-01 9.632075638432318065e-01 1.002045591541902869e+00 1.017426164225030183e+00 1.061871494207727196e+00 9.886421379290988298e-01 1.015384899342316238e+00 1.021001333166497327e+00 9.364255494924726975e-01 9.462965775041736194e-01 1.021829110385450878e+00 1.033866385282589784e+00 1.099912255878020773e+00 9.674857952391214821e-01 1.008838955214184097e+00
7.194334835630453728e-01 8.078852007136848590e-01 8.302479245868005231e-01 4.953747894328148771e-01 6.755244215451297052e-01 8.092106722386155360e-01 7.756149790845783265e-01 7.046210072935380486e-01 7.299908565306953978e-01 7.202617445297034848e-01 7.697609939660411404e-01 6.301858950593969277e-01 7.856718932735834438e-01 7.715751935560792862e-01 4.219797108052500412e-01
3.176239166760454480e-01 4.135894637660385564e-01 3.102616052414772785e-01 3.584453789573974203e-01 4.694631096960303895e-01 2.688148134560817137e-01 4.001877937668023577e-01 4.604117232508641022e-01 2.622540702468464935e-01 4.430433822341022232e-01 6.034427929730681317e-01 4.383733550736305107e-01 4.209529409736582073e-01 5.766178791461898934e-01 2.363870674064423028e-01
-1.257842802131319687e-02 6.225889117987810917e-02 1.009610590378911960e-01 3.412114632551015853e-02 -6.925259048810565587e-02 -9.477658002370764612e-02 -4.835792003760022890e-03 2.434155876562522913e-02 -1.276256037239986707e-02 1.777175878874521706e-02 1.876507929300696986e-02 3.568073136682810287e-02 2.669193568118791854e-02 1.042019617944185961e-01 -4.289771739453977772e-02
2.772271622140757286e-01 3.878799757670781112e-01 6.272007926636079533e-01 3.900217882290150095e-01 3.139097560875407367e-01 3.388618161767213977e-01 5.746126263745435780e-01 4.580464086852078509e-01 5.939910890223503159e-01 2.564231368441901582e-01 2.074465833496423606e-01 4.795250027836036044e-01 2.609706505266283783e-01 3.616155345712414038e-01 1.208421635102423786e-01
4.740775837778268276e-01 5.589019742787830758e-01 3.287821505579666681e-01 4.512749511333404850e-01 3.670251144985133829e-01 3.623411768254700682e-01 3.414485523103279463e-01 2.760665427326547405e-01 1.972854871276348565e-01 5.227174256935688268e-01 5.120031221578528191e-01 2.650746876167620059e-01 4.955661944827641219e-01 3.996238529849178711e-01 6.015788395238226283e-01
5.722616570821982274e-01 5.226144131941703463e-01 4.241360205923426219e-01 5.604261007666552219e-01 5.466876485712284239e-01 5.141556932254608414e-01 4.556949610589789423e-01 4.830518010201299006e-01 3.445006033264351175e-01 6.629987236669350192e-01 6.082118615633197445e-01 5.083690507565252759e-01 7.270897182670567060e-01 6.165835953309590778e-01 6.168335973484063706e-01
4.087103770525895574e-01 2.383545275666587582e-01 1.461557190770608194e-01 3.002291542213867959e-01 2.448520807190786852e-01 4.699935304978318795e-01 1.670096680516399423e-01 3.465228027563950486e-02 2.347135784068427045e-01 -8.929926127703824434e-03 2.476854393560646850e-01 1.257389684243985783e-01 1.101005234143154210e-01 6.990337387833306382e-02 6.275254400294610901e-01
7.707463766669260252e-01 7.793975995208709540e-01 7.983590566205462924e-01 6.896487011035781212e-01 9.312763385167204255e-01 7.240652106871136029e-01 1.050660226082659854e+00 1.021128554170469993e+00 9.000207344504016493e-01 8.211664422995770263e-01 8.337134122944510617e-01 9.083188405611340999e-01 8.139877545078193499e-01 9.660429107280181782e-01 5.433594071641379974e-01
7.915634701175410654e-03 -2.615169216869078772e-02 -5.355661552169357909e-02 -7.508491021035615907e-03 -1.180553959710845327e-02 -1.885197636052574456e-03 -5.851976452055134698e-02 -1.335762595802991205e-02 1.666563181251886142e-02 2.665939222036781131e-02 8.455842117186490592e-02 1.026990058887336521e-02 8.786567467970926235e-03 1.659709204220781095e-02 -8.711162308146429972e-03
3.725403794673696201e-01 1.515236440361720505e-01 1.917664495794754176e-01 3.335787536341882076e-01 2.571467641060809495e-01 4.265834010426562961e-01 4.498389676762894890e-02 7.809625919159796092e-02 3.018956411728576095e-01 1.412973425643132275e-01 2.579023291935410578e-01 1.450866534091920235e-01 1.135684800193469124e-01 7.214404091433417043e-02 5.790955050838845208e-01
2.073831939842740446e-01 -1.322182943861743842e-03 6.134791752826149192e-02 1.586938507015751496e-02 1.070870758335639300e-01 2.284512179135486654e-01 9.396576268916617680e-02 7.789655274669332607e-02 1.117059344019465522e-01 -6.800451023993685229e-02 5.466661502588050781e-02 3.972246259113974831e-02 8.186977624323302921e-03 1.343986856950046271e-01 2.102180690689188225e-01
3.818007266389340515e-01 2.526806960490936005e-01 1.813304651914249555e-01 3.135512849337536156e-01 3.730810890150543235e-01 3.912888820481423835e-01 8.777781382183692804e-02 6.566117727327155928e-02 1.903863214329021836e-01 1.942133225876184199e-01 1.262929206671749016e-01 1.917192701712099878e-01 7.959425689265471615e-02 1.679552459350488469e-01 6.600011770650670018e-01
5.646989633013007603e-01 3.018242739944061448e-01 2.667920297535452123e-01 5.913917962234550574e-01 4.575655904694777010e-01 4.248331867844274967e-01 2.000114325335908272e-01 2.353513519913986995e-01 3.317375320943527495e-01 2.572598393956262997e-01 4.061990145877637515e-01 4.013819817337102025e-01 3.326446779403242626e-01 1.820037290611624670e-01 6.117054924893611245e-01
2.964240464375000328e-01 2.840597711238310175e-01 1.072984516333751470e-01 2.644470094138997585e-01 3.652860234940037421e-01 1.017216506162024331e-01 2.242752771944193646e-01 3.101116013367370972e-01 2.276593154434324584e-01 6.019906080051730390e-02 3.347279676528943093e-01 2.555722502686001985e-01 2.496674429963748332e-01 1.545125773508577716e-01 3.010383126331207526e-01
9.459220846171344510e-01 1.032706221747193842e+00 8.611786964529939414e-01 8.323718754354312299e-01 8.317452169162760089e-01 9.687452938230260990e-01 8.488684090204049459e-01 7.724123066226649126e-01 8.660956149418528316e-01 8.456321193614971810e-01 7.917344748075626493e-01 7.914489260850486874e-01 8.242012699416654264e-01 8.350145637308286073e-01 9.534319130762567429e-01
2.025491683981360258e-01 3.377358516578370939e-01 1.825577431403651585e-01 2.218847951448461031e-01 2.634478711528760453e-01 2.050793484536106992e-01 3.150988213037643204e-01 1.222309523877216503e-01 2.271936047551722238e-01 3.001527695288231934e-01 4.592231896088154741e-01 1.179690555917936728e-01 2.963121852638830878e-01 4.949870586625865210e-01 1.270875454872487653e-01
2.708961945616332745e-01 7.155506621473171902e-02 -2.130196111796731073e-02 5.506908743918384475e-02 1.913962168809707487e-01 2.066414139931905813e-01 1.173680815841939007e-01 8.513721662129557222e-02 1.102818059792820687e-01 -1.159729681809666853e-02 1.413562767206197612e-01 -4.705446230460712947e-02 -1.885979389202668138e-02 1.323567529980145679e-02 1.055831703083845996e-01
5.641660146841960266e-01 4.556725788523398046e-01 6.587131863777231366e-01 5.882602623127991537e-01 6.001893586005211390e-01 5.329833136909114533e-01 6.033778492676963312e-01 6.785162565790732181e-01 7.620765431245817290e-01 4.768092339997908047e-01 4.405893932827563697e-01 7.306190464539104035e-01 5.893077033239962903e-01 5.222154231753124431e-01 4.012935893630126816e-01
4.521929426057025303e-01 4.908069649147361879e-01 7.231673177362855087e-01 4.944112834908842014e-01 5.075056321466522302e-01 4.015710844490751885e-01 5.354046724204298835e-01 7.232511467223278201e-01 6.799418987496856914e-01 4.599558628891711187e-01 4.508762332925701499e-01 6.422823136163910984e-01 5.828238371735809942e-01 4.181236037714300968e-01 2.129697966013962551e-01
5.521322944476465544e-01 6.675145210040551724e-01 6.517059082145584270e-01 5.172093943573435881e-01 5.184242163884211774e-01 5.440915343944200400e-01 8.103843693988322938e-01 6.947015715014902559e-01 7.040076030973488885e-01 6.533987049930545243e-01 5.783721212478087903e-01 6.535138306470030800e-01 7.416604109474533857e-01 7.380983190104537517e-01 3.941702042124750616e-01
3.312664936123128068e-01 2.719784837012637069e-01 1.973628807156060094e-01 2.500928133766013861e-01 3.250764397295403119e-01 4.857962642782542861e-01 5.329914814552486751e-02 1.739021408674627234e-01 2.941310489180713472e-01 1.635895130211345305e-01 1.109302498609620741e-01 6.885363858061242792e-02 8.837771932099044991e-02 8.688434676852957450e-02 5.415705742631863329e-01
5.287329672835833216e-01 6.104813870130980646e-01 2.862094075269026039e-01 4.398212094385169912e-01 5.815500632501051648e-01 5.541077262542102311e-01 3.541437072174089540e-01 3.359235277103559958e-01 3.099138625937076230e-01 5.578148323345585302e-01 5.188627361512322400e-01 3.744315463823522649e-01 3.488214592728596242e-01 5.473809748843933010e-01 7.227692635285379863e-01
1.191983489918835293e-01 3.447822441390018811e-01 2.197634804107093109e-01 1.922064001794029087e-01 3.205073201617075762e-01 2.041041419194969120e-01 3.458809224964093376e-01 1.220618106075177511e-01 1.630454504138871274e-01 3.679754586683254280e-01 3.162071202916279522e-01 2.243685487417204083e-01 4.857539331454369114e-01 3.807015194634779665e-01 1.193526000923140484e-01
3.570365950868267246e-01 3.134634382482933690e-01 5.352387620512294442e-02 2.544395531455343473e-01 3.247266505404417525e-01 4.371613075838021167e-01 3.697047705137691126e-02 1.381065514135061123e-01 2.188604791495947499e-01 9.689564681932627543e-02 2.153666308178175948e-01 1.342747426166574776e-01 6.310993585096541514e-02 1.127193741024185430e-01 6.138987586180689737e-01
8.036415792133230207e-01 6.736010887175705175e-01 8.671751096086640631e-01 8.901196901946478723e-01 6.558267023285416775e-01 7.531640394632103108e-01 7.010438036000753437e-01 8.209735750008512190e-01 8.042316550881803972e-01 5.779714916326360585e-01 5.795056701970241475e-01 7.147729555296973292e-01 6.398859503625374812e-01 6.606848647455849655e-01 8.087747078551636992e-01
4.028022147575859857e-01 4.460087174562679668e-01 6.231651275814443780e-01 3.729269246636310320e-01 4.593800545229742571e-01 4.963868498505741855e-01 4.987332563585963885e-01 4.400556075230036002e-01 6.638158426962508241e-01 3.834519945842825850e-01 2.947648548006721603e-01 4.899529592859697691e-01 3.365008906102461284e-01 3.498954309924948713e-01 3.168461619261407347e-01
6.608367350250449190e-01 6.147230027150017984e-01 7.952125563347774984e-01 8.621265528163581937e-01 6.260153401680123020e-01 6.722251249132709106e-01 6.912753787583731935e-01 8.209701236656741230e-01 7.149395825934138360e-01 5.673649322525399219e-01 4.769224668375119935e-01 7.351304425869520376e-01 5.290504808974846318e-01 4.828823901518459749e-01 6.429050034994623353e-01
2.782162745055435371e-01 5.394905400977794141e-01 2.695322003676989819e-01 4.511690390307662168e-01 4.339312845582523614e-01 3.530921556633549452e-01 4.203916258082682766e-01 4.721322395783884573e-01 3.132773677850732574e-01 5.121328579264852188e-01 5.646176983279489470e-01 4.275055672429179943e-01 5.949346671769107919e-01 5.821864805036146562e-01 3.099444627173473243e-01
3.787971421075354006e-01 3.939289331965209473e-01 2.283486983616672683e-01 9.588805822418311475e-02 4.390851685883195854e-01 2.830942767146422123e-01 2.719280940776537259e-01 2.473463540815055428e-01 2.917091093187738071e-01 4.512249653231840130e-01 4.937611769721756971e-01 2.652444097840723769e-01 3.302943259813412302e-01 4.044422946690944265e-01 2.568238259814311641e-01
5.425118600086976661e-01 7.568881074578225343e-01 5.942825086263434642e-01 4.309049515685223763e-01 7.499567626945158327e-01 6.960166197468059535e-01 8.445111278331630666e-01 6.276889088009302009e-01 7.989529989378302277e-01 7.967902748125239576e-01 7.404716327713769530e-01 6.705046677410065881e-01 6.721431396355552756e-01 8.400052834014383185e-01 4.165919674294631947e-01
4.803356847274117269e-01 4.398884888014416572e-01 6.108865973987033238e-01 6.241895447408292164e-01 4.395793202983516723e-01 6.708610790955150671e-01 4.377925098062442899e-01 5.156035980923380224e-01 6.032229085547210490e-01 5.071061148997576540e-01 3.596632810510230760e-01 5.443145702652903983e-01 4.411245311310255657e-01 3.999161298315972446e-01 5.547538859197451711e-01
2.955614857529132444e-01 1.501833765720632929e-01 1.361623076253376530e-01 1.725240001563808634e-01 9.483784977963841123e-02 2.457524618373367886e-01 9.380735349532492995e-02 7.354846041233240039e-02 1.028998052485746023e-01 1.428650999926931175e-01 6.519276025614040293e-02 6.617056937598055077e-02 4.617608132099420420e-02 1.462122777446276112e-01 3.890158614984490781e-01
4.523539431027418511e-01 4.103831736118504492e-01 6.211598146664910614e-01 3.270670444368761198e-01 3.903222199096083034e-01 5.809566483570521855e-01 5.331307079412282990e-01 4.338819507154725863e-01 5.339679810348945121e-01 3.233637387502276139e-01 3.018884096472279621e-01 4.649662187413803882e-01 4.073539735935938766e-01 4.848954891718519344e-01 2.864745134771090607e-01
2.065026588311394407e-01 2.255922969659850119e-02 6.119556346880194314e-02 -6.114282796009200271e-02 3.221291519106882217e-02 9.657623146462107622e-02 9.807649692142511588e-02 4.578589711451061528e-02 1.130012407585839762e-03 5.192432901682692004e-02 1.156659210913265207e-01 4.598629244849153364e-02 5.985516777893208629e-02 8.314000550921932242e-02 1.670223382160802572e-01
8.482645013012103385e-01 8.654307744418855419e-01 8.452480921289896587e-01 7.430505623735638165e-01 9.071560486757700437e-01 7.143519258259516391e-01 9.853072636590586297e-01 9.732798239780290350e-01 8.682116495843432702e-01 8.044196825840659315e-01 9.495084330535847883e-01 9.748154565501231383e-01 8.415139132717658343e-01 9.516163351824434846e-01 5.323801406959026705e-01
3.211050676824217520e-01 1.957871888432436425e-01 2.214087867171741775e-01 2.249573761736238242e-01 3.702794550118936323e-01 2.102476633269731721e-01 1.811341332981268870e-01 3.048694627968840942e-01 1.913697134769944963e-01 1.987209991642765461e-01 2.496258014414290405e-01 3.124177150469324427e-01 2.035331027781208946e-01 2.902831320098470114e-01 2.105035846155525192e-01
6.674848500483884228e-01 5.098789463847637204e-01 7.890219415605249642e-01 6.406693302499233411e-01 5.554726611140748949e-01 7.449623906125650841e-01 6.266230296368803243e-01 6.125197657698290277e-01 6.960871550344928105e-01 5.284002010871758914e-01 4.677125635854770813e-01 6.178666624407145314e-01 5.159276512959167782e-01 3.791600558173692792e-01 7.090665579446505662e-01
3.274840254273741480e-01 5.119697538519103475e-01 2.523760172523321077e-01 4.753285811489531554e-01 4.733061269258985737e-01 5.490881411070022144e-01 3.469920684487965978e-01 2.613878784562810309e-01 3.690824182034286305e-01 4.958840410725910974e-01 4.344579776196942356e-01 2.378582754259070398e-01 4.378724493989322730e-01 4.014446159248866164e-01 4.989028363130733057e-01
5.348852851945388176e-01 5.973677909500486605e-01 3.105817846949827654e-01 3.253330458272359893e-01 6.081873632122974938e-01 3.579973316744031742e-01 3.993852423843468058e-01 4.749760459986486771e-01 3.906545829715667439e-01 4.324713109053962001e-01 5.782858838053444028e-01 4.328450242492002387e-01 5.486568168816396973e-01 6.757635017132542776e-01 4.362005330155370175e-01
5.530887169865442710e-01 4.569000581333846345e-01 6.257075340976713251e-01 5.688242937931219378e-01 3.406766261002597274e-01 6.341214576401836833e-01 4.169627187706108074e-01 4.860047205903706424e-01 5.829078673205942973e-01 3.937330592029745779e-01 2.601118792743298269e-01 5.397389231387658137e-01 4.269717232608835067e-01 4.282169157822539041e-01 5.892963175903223050e-01
1.340224611993544312e-01 6.008323141428838221e-02 -1.393185597011445398e-03 1.866571364176140835e-02 1.417009791100128924e-01 1.731689846493766616e-01 7.611390312642164757e-03 4.553923029795542421e-03 1.903547035214337990e-01 -6.071882222482322816e-02 1.375127406388688966e-01 1.380974534125148367e-01 1.526115375150037881e-02 8.501685839624613383e-02 1.309681231686780079e-01
7.677640699914998201e-01 7.041188966791164239e-01 8.003990998474909135e-01 5.242168081900261400e-01 7.850869585372151072e-01 7.008181999530340711e-01 8.109460772215685287e-01 6.367125956203416592e-01 7.312304270816796237e-01 6.783479868485681186e-01 6.759185112408703233e-01 7.911662695427500447e-01 7.712427326581273723e-01 7.862786603527895934e-01 3.891944450005975775e-01
7.105955222038209396e-01 7.003986990024185788e-01 4.582837692685034492e-01 7.030849007812078888e-01 6.160101628611575064e-01 5.458921087511481307e-01 5.312992058908071469e-01 6.090413439904075465e-01 5.277955430748078047e-01 6.915221957820657517e-01 8.410350914152602275e-01 5.490836526254321281e-01 6.828555256434843956e-01 6.165300105029859479e-01 8.584380915131789580e-01
3.937776936944308859e-01 5.593832409644696746e-01 2.985262278298936311e-01 4.449388616624307957e-01 2.916863044812059158e-01 4.609587087830382401e-01 3.595755735945592724e-01 1.865884817750559921e-01 3.101109359073396243e-01 5.809879273456699522e-01 5.221216873472028785e-01 2.682775013476096371e-01 4.367997029769396522e-01 4.612639376782844414e-01 6.316637607833106571e-01
5.000777053372342795e-01 6.164780883516914889e-01 4.382293242944348965e-01 6.335295247261439888e-01 6.112912092476088244e-01 5.640079799127675209e-01 4.111907101961750910e-01 5.098865418118952997e-01 3.837835323320464287e-01 7.109529227582858102e-01 6.933294456843054343e-01 3.978366097545819602e-01 6.376545249508759339e-01 5.724776203585076884e-01 7.032720963439430539e-01
8.689144714096118660e-01 9.188333594586001185e-01 8.444362837630408070e-01 8.916239821091970219e-01 8.676511314238550820e-01 9.368580689650536364e-01 9.942019337421045266e-01 9.798271913986243975e-01 8.767218150494235918e-01 9.620686008520277221e-01 8.969282826997846403e-01 9.925991435970819010e-01 9.818630737453223345e-01 9.549227469632566301e-01 8.021187010100436776e-01
1.028553209613654706e+00 1.067740847367943502e+00 9.599088973762307520e-01 1.070532892645120970e+00 9.883513825155293420e-01 1.118219872989936636e+00 1.039990355494210927e+00 1.078492684990257411e+00 9.941620691824381018e-01 1.023485044812493028e+00 9.935589514868105043e-01 9.702453694943775631e-01 1.047320475358119118e+00 1.053844532276380974e+00 1.043744378217830393e+00
6.974656534242820172e-01 5.592069900970305651e-01 6.508714387330291062e-01 6.419598347095465396e-01 4.069435500749724044e-01 7.762936010959785582e-01 5.675052035570435915e-01 5.476490815315875338e-01 7.312526459790155142e-01 5.670610344728088670e-01 3.568408004536869349e-01 6.764426891065062897e-01 4.233602573424641857e-01 3.537113142818046896e-01 7.018967536641177452e-01
2.849308278168661834e-01 3.744939351278253614e-01 1.437428740923810400e-01 1.107500722909494362e-01 2.696654472876682807e-01 2.018093338398036229e-01 2.305674062582739603e-01 1.969199532262950469e-01 1.699883342215326720e-01 3.199022115764977858e-01 4.553992810228699728e-01 9.178397784380093460e-02 3.771703929022306445e-01 4.174344114437235631e-01 2.322543193080640056e-01
2.268579017293630984e-01 3.374663925627693906e-01 6.331379059144908172e-01 3.123263290308640472e-01 2.672611462925923442e-01 3.859765534591755309e-01 4.729624082806368479e-01 5.001083875078808916e-01 5.952402593842609502e-01 3.107079581869285345e-01 1.365689363323701611e-01 3.587884433475146406e-01 4.868772206623779297e-01 3.434284061968586599e-01 6.557940517043944761e-02
2.072361788814853500e-01 4.115241889817136678e-01 1.419251281774994988e-01 9.174121178243543895e-02 3.093114316751501836e-01 1.259621432310873701e-01 2.365891341448654039e-01 1.562142888326886192e-01 1.890583865321701640e-01 3.690556529952440101e-01 3.645728026296882196e-01 1.702989070626198809e-01 3.316320741188721888e-01 4.119106933739052345e-01 8.747634966704677384e-02
4.472088771966528098e-01 3.973621114782261987e-01 3.130318439896339067e-01 4.022365625901496156e-01 3.805045572608660720e-01 4.422483055733928969e-01 2.780220747100035084e-01 2.583233411733400486e-01 2.314370659844276479e-01 5.691391534178941169e-01 4.808712980062292974e-01 3.603574750621216793e-01 4.115311065842328087e-01 4.242877991965680051e-01 5.563791389605602378e-01
7.516961583398344970e-01 7.286705396297699089e-01 8.918181882828054574e-01 8.187422635541704574e-01 6.903734469104119142e-01 8.761130354336363890e-01 7.588317875797701006e-01 7.934907138858310338e-01 7.911615163056414657e-01 6.545500843045776174e-01 6.367752700972081348e-01 8.210630920177961478e-01 7.145119695936874571e-01 6.442605845024547140e-01 9.092854991463531489e-01
3.057854170153467832e-01 5.067260204809287405e-01 4.116369432270720052e-01 3.583283447004305122e-01 4.746072172539524958e-01 2.454110617718289755e-01 4.155122687749598365e-01 5.488646629531778176e-01 3.789888117404894841e-01 5.546442224273954169e-01 5.388017530425787127e-01 4.401762812949955861e-01 6.361349088499610449e-01 5.611057782024561069e-01 1.789772743370369179e-01
5.149883350124876413e-01 7.673565071787321612e-01 9.120645216862159899e-01 6.619828450975137057e-01 6.467739930065325993e-01 6.406423519446637904e-01 8.788036654973276907e-01 9.557832946181097356e-01 9.098215436324442740e-01 9.108345900011722840e-01 8.651636916152484202e-01 8.485398673036294026e-01 9.484525550285747286e-01 9.407905903890793065e-01 3.671138614290138658e-01
2.352131193299966672e-02 4.600194323452539563e-02 -6.818590725819248521e-02 -5.382453479445754169e-02 1.401189183032682528e-01 2.077930602986492459e-01 7.241632724483915151e-02 -2.304067073075128855e-02 7.539086327448915603e-02 -1.550567760971000887e-02 7.998537760234117333e-02 1.513217999069907671e-01 1.923841889282936618e-02 1.426731565289591219e-01 1.023450359637730761e-01
4.766411534246924875e-01 6.468719641275765264e-01 7.881729919300577425e-01 4.907421111754383669e-01 5.303098342347086769e-01 5.487740150118014526e-01 7.331344792061226245e-01 6.426000195651844216e-01 6.794269172394632461e-01 6.911789439075507469e-01 4.756119065974359628e-01 6.250337721448692152e-01 7.027229835701644944e-01 7.145605926393127083e-01 3.334618322831024995e-01
4.843167079820269727e-01 6.399599423422767108e-01 4.207668984783192734e-01 3.430407260407047354e-01 5.637862740230420444e-01 3.723697484374931532e-01 4.909104177801024704e-01 4.453407951344690030e-01 4.282072588268861502e-01 5.658657523851190474e-01 6.554895939512039860e-01 4.536876033930416496e-01 5.381575146079585759e-01 6.530490420533405782e-01 3.500576854112799063e-01
4.682343489548851934e-01 1.435326139429214387e-01 1.688944708287614671e-01 2.756874276232829657e-01 3.110762371462438836e-01 3.768026618550180951e-01 6.054153779530613982e-02 4.495250714200062225e-02 2.154109996122236803e-01 1.951150346864734542e-01 1.707188866480206790e-01 1.964186350977384088e-01 3.100384423704549697e-02 1.209859169328056927e-01 5.796095243937243735e-01
8.150816301107512984e-01 9.755026633544587877e-01 9.803393625301315417e-01 9.520668022351340687e-01 8.699040867848450986e-01 7.842125610781812695e-01 9.952448455894924439e-01 9.676998081022927245e-01 9.161002056740933375e-01 9.201729884285311245e-01 8.956512392198761052e-01 9.211110518382944479e-01 1.021564920587397785e+00 9.246033657458024857e-01 8.470014149812751247e-01
3.229976454128509755e-01 3.183984899270125846e-01 2.960399275276940911e-01 4.654086571320319443e-01 3.017798961152431403e-01 2.509877581049901885e-01 1.060642955485415900e-01 1.671248047209308030e-01 2.219509297831139538e-01 2.814909172731249187e-01 2.522913291901948685e-01 2.688730787872431471e-01 2.613228534616782173e-01 1.442221170004649167e-01 5.093008550430503378e-01
1.808316980315611833e-01 4.770038306505366976e-02 5.346657483272550943e-02 9.831418169989638439e-03 1.682318659615193723e-01 2.286898826189136535e-01 1.193353160504117272e-01 2.255054079092554467e-02 7.948713264800139067e-02 -2.991189443076087973e-05 7.323615795152821351e-02 7.337924998695227741e-02 2.299946096889151845e-02 7.206892953463128748e-02 1.881840183996860705e-01
6.174418375060685138e-01 8.345952845040627288e-01 6.787314404711540794e-01 4.858364933849805278e-01 7.466128755028683672e-01 7.291745475264969079e-01 8.057991197210528922e-01 6.597247156460662731e-01 8.303100902699853680e-01 7.495977676704661530e-01 7.470581906727388199e-01 6.459569125079857033e-01 8.343174139986572202e-01 6.625681065097539513e-01 5.461870726224319350e-01
1.969095360068680300e-01 3.228579253002952787e-01 2.331313064739660157e-01 2.245985410525588588e-01 2.657681152179930395e-01 1.499478600071895151e-01 3.797811956902347741e-01 2.445726415221912697e-01 1.847262273047232395e-01 5.366879339563350726e-01 4.483937841427569904e-01 2.071882273273539798e-01 3.839776553398936421e-01 3.448477636750021391e-01 1.552454646969834429e-01
4.203610072070340098e-01 1.476594819671869785e-01 1.268900962392136289e-01 3.199209103082182870e-01 2.725135757687964788e-01 3.695430270175575349e-01 5.659342921240293617e-02 1.034084322863741134e-01 2.364734664227768346e-01 1.813479143193669763e-01 2.446576699330495208e-01 1.917844159058815223e-01 1.234592727843215471e-01 7.639799275284957225e-02 5.579609766101107926e-01
1.020840988483496137e+00 1.012671476252418268e+00 1.041878490887743869e+00 9.903354661322414376e-01 1.049590925207757985e+00 1.036618085561040292e+00 1.079034933338402613e+00 9.447048932230894813e-01 9.582201742975794412e-01 1.078540864389258891e+00 1.014486085646456592e+00 9.845707112815442752e-01 1.078286575267723535e+00 1.097541914538139318e+00 9.896399597529568215e-01
4.775821252303331654e-01 3.912218553323179027e-01 6.817518510186323377e-01 5.576774355687951212e-01 5.439921042193749390e-01 5.237450171671960142e-01 8.290699390016309511e-01 6.904301819903603255e-01 7.778060301349201122e-01 4.293758972333041601e-01 4.326821062032877863e-01 6.472197464762217134e-01 4.371758047849434448e-01 5.023270953128616823e-01 3.098363815272905941e-01
7.911646139742970485e-01 5.988977731758273748e-01 7.488448377115329846e-01 8.174035539250881222e-01 8.024016913079863311e-01 8.022605575914507625e-01 7.455220449457302667e-01 8.183614887008018313e-01 7.286235366713131878e-01 5.886241047142672933e-01 5.416623217164966420e-01 7.966710903141394073e-01 6.359100591757325116e-01 5.757821998495751270e-01 9.639455605974953656e-01
6.593428912791506891e-01 4.543400457424400796e-01 7.679134057023776494e-01 6.600865423646746777e-01 4.470361376969593792e-01 7.216979914815015995e-01 6.471515651847341566e-01 6.323491821284802361e-01 7.848955873984070353e-01 3.922707403233149925e-01 4.350191638841263142e-01 6.404569477331589766e-01 4.416537421046408118e-01 5.196285694701914259e-01 7.177387097485197209e-01
8.036597247439905001e-01 7.865267033025060694e-01 5.420777500149641659e-01 6.847067076137522967e-01 7.862858112891274454e-01 6.853933085983737739e-01 4.873579722060875641e-01 5.516017437079513419e-01 4.531947836638902105e-01 6.499866256368999062e-01 8.239575208138377738e-01 6.149525037485358281e-01 7.230200453260687832e-01 6.486843255998817614e-01 7.700220693873254252e-01
1.427778181062132612e-01 3.702149323486826904e-01 2.493050818120337575e-01 2.333651287216657877e-01 3.689388718965485037e-01 1.603950246196089169e-01 3.561024320277307309e-01 1.516659049766005407e-01 1.705749209176818382e-01 5.146586251159266379e-01 3.009876536547942405e-01 2.124940907208941465e-01 4.145778788799475700e-01 4.566021882995354164e-01 2.382866396045911772e-01
9.730664362360034181e-01 1.038434686791723349e+00 9.706455592157340329e-01 1.072411712642618475e+00 1.091006551973556338e+00 1.056399871702987658e+00 1.038787533419445852e+00 9.953595936239334474e-01 1.038418785068455197e+00 9.664589427486429685e-01 9.090839559263108605e-01 9.115726578482405973e-01 9.509599544015590045e-01 9.305912858955334155e-01 9.688780299862876921e-01
9.290320491795805991e-02 7.976211929303320125e-02 1.075288361224582684e-01 2.525676717365676338e-01 2.736462951096697016e-01 1.012224473822552484e-02 7.459151410595581122e-02 2.878343966264974019e-01 1.077909311767959594e-01 1.369290722368116664e-01 2.841317327771003542e-01 1.551856493832467210e-01 1.881336303594597914e-01 8.843348545155274576e-02 9.191412067405982378e-02
1.094316942966539752e-01 1.093897322338754641e-01 1.299976835248408957e-01 3.357294953734223930e-01 1.281585036643350939e-01 1.900860294831210329e-01 1.007930395326832040e-01 1.586777288981890965e-01 6.311606967976435278e-02 6.655332464257482372e-02 1.522422831693380774e-01 9.803976173597048205e-02 8.828804378757341975e-02 6.193892765962104308e-02 3.141072361413724812e-01
7.642792358451939716e-01 8.399664344571091679e-01 8.212198191604378472e-01 6.893196882450101093e-01 9.659494160075083879e-01 7.731174518387210481e-01 9.621828481717438208e-01 8.984373888995189628e-01 8.944386705812114036e-01 8.314711864243091721e-01 9.122381573685915956e-01 9.406717435683346062e-01 8.292090398387037542e-01 9.325884219114977114e-01 4.855279049468876340e-01
5.767969643825833215e-01 7.792909109529926326e-01 8.111102074738445467e-01 7.024354501050309452e-01 7.947359542306862146e-01 5.685708799685235126e-01 9.537934351837036306e-01 9.554081896097474935e-01 7.718206051797882328e-01 8.453538007511841590e-01 7.096335067837512556e-01 8.711824116101861692e-01 9.931221991620653444e-01 9.195656844213579983e-01 4.359009243080916307e-01
7.742749395450697625e-01 9.948706589985484294e-01 9.565296119396167196e-01 9.447349132587546938e-01 8.720121775333882219e-01 8.819785115649175777e-01 8.533054848017861405e-01 9.796227076513727150e-01 9.179661882517550220e-01 9.763005882068375163e-01 8.129592188782222006e-01 9.204823463446628606e-01 9.741260589233338152e-01 1.030546501809005644e+00 8.083487991879093615e-01
4.400698143953396535e-01 7.477586660736988966e-01 6.424370998695578816e-01 4.379514921450003984e-01 5.375904385822791731e-01 5.436121992832219085e-01 6.533631696026902524e-01 6.671881864834037223e-01 6.477866420016274995e-01 7.627721753530215532e-01 5.972615489509418563e-01 6.573386397244074253e-01 7.748903131648281484e-01 7.235253055705668235e-01 3.043744464525689475e-01
5.574637537603431836e-01 5.673538353461302641e-01 5.681338671809839092e-01 6.072301834519511221e-01 4.985493551957945746e-01 5.059863504783848054e-01 6.214724996693530290e-01 7.473788324762871138e-01 7.047170812352206992e-01 5.089085417934716693e-01 5.488584647920528026e-01 7.086544213025658401e-01 5.375911565158721928e-01 5.610905910981950351e-01 2.920769626501749094e-01
5.516658500902641427e-01 4.660327779879407384e-01 7.567136423248647104e-01 6.288773445803446105e-01 6.125293620680970497e-01 6.239712402256087920e-01 6.619947980497420392e-01 8.353382875138491981e-01 7.444230782308950412e-01 5.201777308701509561e-01 4.425404701475634806e-01 6.326730823178919882e-01 5.250057811726369650e-01 4.762991898326939255e-01 4.260674313703448624e-01
4.734129561218095028e-01 3.742918511983280849e-01 2.676489397719581387e-01 5.028346791409741279e-01 4.452015938931765948e-01 5.478997195865384917e-01 2.440526630671452091e-01 2.900384237318419101e-01 2.981245898776317960e-01 2.908607613326354979e-01 4.539036702389747102e-01 2.844220180601507164e-01 2.538011090529849745e-01 2.648241869607592114e-01 6.741698994001247280e-01
2.621682606975016538e-01 4.499056104090332631e-01 3.762370328854146573e-01 3.390088450500601813e-01 4.506301017004722409e-01 2.077881046827069755e-01 4.898808385569470847e-01 4.088650940181954296e-01 1.420903890946212667e-01 5.709916976061064631e-01 5.597820852623570653e-01 4.594042066892363163e-01 5.943959004271516244e-01 6.212875475643266920e-01 3.176890624027159382e-01
2.250070413066665442e-01 1.456218595950912187e-01 1.038583606511725710e-01 2.206690473802608854e-01 1.040838383261206840e-01 2.761022102995672745e-01 1.315527493225395611e-02 -8.040313526533034161e-02 1.249287185854958127e-01 1.482758516087309686e-01 5.227026527923781668e-02 3.240277775693050505e-02 9.239859396529745417e-02 3.745409553562022847e-02 4.024457644872042050e-01
6.233695032353914200e-01 4.763771997709992934e-01 8.783422284541058112e-01 7.698107117283050638e-01 5.826760423454092619e-01 7.189317126101053557e-01 6.342174125863017098e-01 9.041720884180610707e-01 6.619223327684673475e-01 5.548456663804680611e-01 5.081341227333588950e-01 7.602481457749846738e-01 5.702791602538870297e-01 5.237701183320611076e-01 6.424681519770387705e-01
4.137684320694521856e-01 4.357258724902441371e-01 6.296452499919418244e-01 6.713525542159728410e-01 3.715968945748870933e-01 5.397052189301853042e-01 5.346639506332587777e-01 5.803981198875233227e-01 5.948171145254651515e-01 4.399331640352640016e-01 3.565524903807353874e-01 5.454677272275190170e-01 4.000979610809720088e-01 3.980687632700912748e-01 6.642289096778322133e-01
2.218311178705708042e-01 1.314187569750851770e-01 1.490683062980710516e-01 3.820179114696334866e-01 1.956812040248208651e-01 2.344078049186781587e-01 1.661886158615168835e-02 1.179765252985358892e-01 1.378971599194669939e-02 1.232401065751966979e-01 1.532487064824545053e-01 1.084402070032768339e-01 9.825472676895985469e-02 -3.893720664380010549e-02 4.613561668586688702e-01
4.324123000343482737e-01 3.529091032656231919e-01 2.758897580003141226e-01 4.127051642195032066e-01 3.876236103438370217e-01 4.847201252245859626e-01 1.915514250124613072e-01 3.445211558909485050e-01 4.495877814244254589e-01 2.111816162500869676e-01 4.686092148279996650e-01 3.827398647722866643e-01 3.238397220662505016e-01 1.721337997506978412e-01 6.263098939962649103e-01
4.393916383658897917e-01 3.614636884486855384e-01 5.466448489791367882e-01 3.038404820516453775e-01 3.877610844025947134e-01 5.135243572084046138e-01 5.028206595573421200e-01 5.312410905767505076e-01 5.571318402270996062e-01 4.051912676742518982e-01 2.964895395485581675e-01 4.468947623423024096e-01 3.958887728064705014e-01 3.639677179570868781e-01 3.620960603848919490e-01
7.319178624359377050e-01 8.076767414748625695e-01 4.552871705693519733e-01 5.694984427186596809e-01 8.087305838008346237e-01 6.420927575391456310e-01 5.388505326692822894e-01 4.548225392216633800e-01 4.269704194479919668e-01 6.306870657723259166e-01 7.883617651910697077e-01 4.984058547127317995e-01 7.590846211100554797e-01 6.096208972496538481e-01 7.635179362478141663e-01
1.767231938004917291e-01 1.355665685868202297e-01 1.413171835673334154e-01 2.592409465516192779e-01 1.852554034806157268e-01 4.007930755285470104e-02 1.436866711412979614e-01 1.446177850213405947e-01 8.775052015910095315e-02 1.617691909992350907e-01 2.375052306368799215e-01 1.530129688906002317e-01 2.555977646089862554e-01 1.882316896263992456e-01 6.870033557547236547e-02
5.632296327731896035e-01 3.321926802242023968e-01 2.621725931807816767e-01 5.177539659482734979e-01 4.789154282235921212e-01 3.576799374692403166e-01 2.549036206299706842e-01 3.218425346174756951e-01 4.079199223009407071e-01 3.533629104204497051e-01 4.405284024695162448e-01 4.224663998818209976e-01 2.074374909554578261e-01 2.536931940282153852e-01 7.067888259218632063e-01
6.250374176975661555e-01 7.084586676979579556e-01 9.593183033900394285e-01 7.184766229671132320e-01 7.158608175542282570e-01 5.701953631678401413e-01 9.333243904001928826e-01 8.531802577299190116e-01 8.169507252979358869e-01 8.131298540285762932e-01 7.611899183338525221e-01 9.457313466219761100e-01 8.773332925323531484e-01 9.207088319092037176e-01 3.843063002192224631e-01
6.634942475690680519e-01 7.895614304698465036e-01 9.007157125274019016e-01 8.370922604447983417e-01 6.961623758343304935e-01 9.156530773568656301e-01 7.163479447146078316e-01 6.559098194624856104e-01 8.103086492572711963e-01 7.793643829552951985e-01 7.605508798478319843e-01 7.872508754014136967e-01 7.521430903201441476e-01 7.726935689579124134e-01 7.792918157586463668e-01
3.387073923509120177e-01 1.604443640383497460e-01 7.940039875380391909e-02 2.080701599636378962e-01 4.178712081736174477e-01 1.972017643663560860e-01 1.342302601978919707e-01 2.129316501310403731e-01 1.777874100208562680e-01 1.023186706635902249e-01 2.409903284320573935e-01 2.870800656203388868e-01 1.666909944936703358e-01 2.681886123674029898e-01 1.913812232809321279e-01
8.359163067932878777e-01 8.485374004620074295e-01 8.815803232209030726e-01 7.161363562302254238e-01 8.685929725752219444e-01 8.336231321364288016e-01 9.359797230285982206e-01 9.306123844986200488e-01 9.675743546531283545e-01 7.663648119047801188e-01 9.170842851688761899e-01 8.784643071288675831e-01 9.066323248577843330e-01 9.521110234667412575e-01 5.908954153386495323e-01
8.402042885909029035e-01 6.061428092168048565e-01 8.003965779780439771e-01 9.295983446362472424e-01 6.804742653648463424e-01 8.238621830417108827e-01 7.042082925515734670e-01 8.647564172898867252e-01 9.181551761117481281e-01 5.824799648703713473e-01 5.569862151072317857e-01 8.809219594773335382e-01 6.164361839224492545e-01 5.392527246293931098e-01 8.351385495720061725e-01
3.146285889719935835e-01 1.146815904260116287e-01 1.373563549982064758e-01 1.581718089935495453e-01 2.880265970547195575e-01 1.600532854893292056e-01 2.833062118711638933e-01 2.965413359575035934e-01 1.578316309571282106e-01 5.762835458522136411e-02 3.306100347313094545e-01 3.208141757605425526e-01 2.388373331570819436e-01 2.558377993967145270e-01 2.151956095348039333e-01
4.725400827147152594e-01 3.653332134038810297e-01 3.261375248481529487e-01 5.430863308218649710e-01 4.298896317416824875e-01 4.553911386778099479e-01 1.644546862311778435e-01 3.245905519958014462e-01 3.526292105269472343e-01 2.481198869269789220e-01 3.887626045151002518e-01 4.084050687725135909e-01 3.566346093300215014e-01 2.255790497185778398e-01 6.757520162849911527e-01
7.062625495092471617e-01 6.661638285643156632e-01 8.421820809052118495e-01 5.809748858144582195e-01 6.835718162799737652e-01 6.812674502822837486e-01 8.526842404675682996e-01 5.554479370041250919e-01 7.856244805596158676e-01 7.344686074366367778e-01 7.176623518608066243e-01 7.431935697591487422e-01 7.056320559296368478e-01 8.820609840831781234e-01 4.722095389287032097e-01
1.034519278377596940e-01 -4.528647949698649811e-03 5.640515421141722996e-02 3.954082881573440372e-02 1.671266082415872878e-01 1.098230912946730475e-01 4.476144639093087435e-02 2.733733136205699146e-02 1.071767783900838406e-01 4.965045021024917793e-02 1.641849207023162727e-01 1.466130270353163956e-01 2.553641413635520524e-02 5.777649125466894492e-02 7.034986821112856892e-02
5.089748506394587979e-01 6.679741021361784714e-01 7.535755803411469111e-01 4.797461936474254895e-01 5.739027643616512186e-01 6.506091999887293476e-01 7.232648923942572861e-01 7.096963117182113479e-01 6.699507255239901538e-01 7.254848811698912936e-01 6.302061992652604472e-01 6.400227432378955417e-01 8.381825224386137974e-01 7.112130416893918117e-01 3.055444504751360091e-01
2.634112965515639782e-01 3.484384203391751589e-01 6.973694563653627387e-01 3.540090103128836208e-01 1.915682356167361378e-01 3.969094184175184781e-01 4.954361931200622626e-01 5.190980476145723443e-01 4.682611604439000375e-01 2.972874981053767462e-01 1.789727031132104795e-01 3.905438189817224681e-01 2.957301365244635605e-01 3.382107787299146184e-01 1.551752207505721348e-01
7.135404240299881851e-01 8.767748845163816362e-01 9.176655817717356278e-01 8.159208043054964055e-01 6.637575477031264493e-01 7.493197902551618217e-01 8.402951763806231211e-01 6.499735498860761407e-01 8.426830797555059371e-01 8.930686579138769066e-01 6.420882099494573669e-01 6.653537052401720109e-01 7.228249737981390366e-01 7.863449434592126863e-01 7.479094572004419961e-01
6.808658400843632386e-01 6.467958006946750160e-01 6.602133722484699874e-01 7.355202212429701181e-01 4.898129469861263185e-01 8.307998813010191164e-01 7.329567507349075139e-01 5.506860738368040131e-01 6.921570839106070405e-01 4.428657692819947256e-01 3.721295253017011251e-01 5.807617512266803894e-01 4.849443807779396654e-01 4.402966739478924030e-01 7.281016080745265073e-01
3.485466995911480348e-01 2.382071488134554771e-01 1.121988233156205605e-01 3.066647037691814792e-01 1.641566983247745304e-01 3.722282681704185414e-01 1.392910127005339560e-01 1.201596479615041069e-01 2.869995565577155849e-01 1.697073028515072302e-01 1.659127353827823670e-01 1.243197919242328420e-01 1.965160972395049166e-01 8.542315388303625689e-02 6.011021383256571760e-01
7.876598361816267158e-01 4.550978506574138716e-01 7.222378256972222799e-01 5.155505315427415525e-01 5.690370475827857266e-01 5.605329994223560153e-01 6.877388088287986756e-01 8.088432387617505714e-01 6.508944134311946961e-01 4.707143168239381059e-01 5.238424832156575173e-01 7.235520952506985237e-01 5.572134346067133537e-01 5.203187925331160812e-01 3.972044763810378964e-01
8.650569260692931861e-01 9.466193885775229244e-01 9.230868913640223328e-01 1.033719813923566599e+00 8.388038130786934499e-01 8.819854898667824905e-01 1.029892680887872336e+00 1.046028668820421670e+00 8.711417887265965332e-01 9.696808784682249271e-01 9.926389348854317562e-01 9.521820707416850382e-01 1.039579093118516706e+00 8.403252820355059383e-01 8.764009181867865594e-01
7.852407236023735138e-01 6.674100393685139521e-01 4.729542623689106384e-01 6.007701544546688588e-01 8.499671415204592684e-01 6.929169456150355844e-01 4.697940618755367392e-01 5.686194708533564013e-01 4.151903446642588591e-01 6.142255365663351618e-01 8.110975070603825277e-01 5.527551691583253435e-01 6.169448455755605076e-01 7.500222106295511004e-01 9.090435268052056150e-01
3.021827790699661564e-01 4.691113197859406725e-01 3.138140827796724874e-01 5.426055198173418415e-01 3.249287343415584450e-01 5.136908609319258412e-01 4.571428053009589654e-01 2.562556118986457077e-01 3.237834128198579520e-01 4.679770983219386782e-01 4.856593784926293567e-01 3.196588722699360563e-01 3.910163110321118740e-01 4.858029496672696679e-01 6.496778867903756360e-01
5.098812692287129078e-01 3.369193910371982570e-01 3.246617583482575564e-01 4.586924089867495113e-01 4.215295511150403684e-01 4.194141161127984962e-01 1.618213328773220605e-01 3.852829845646459361e-01 3.161756241737001538e-01 3.269640292236472567e-01 4.178129821193969917e-01 3.791527230681122629e-01 2.747074892841264160e-01 3.032994145169501943e-01 6.406024181437826037e-01
3.025494580819151347e-01 5.425958205549703539e-01 4.117086015960896295e-01 3.868112590342520085e-01 6.044430335904427132e-01 2.271401707971706929e-01 3.752371544429422556e-01 4.332374267084614372e-01 2.867259886542041225e-01 5.009647208580121358e-01 5.546095140860771711e-01 4.437670813554236426e-01 6.199880158518218387e-01 6.681341127974365079e-01 2.397904079119363430e-01
2.907980432462823894e-01 3.526847349103144347e-01 5.314588070586798718e-01 3.843922284041770832e-01 3.416987351970763864e-01 4.323529401913231984e-01 4.659363433164350754e-01 4.427082998379031631e-01 5.804472990618555484e-01 2.924166896927922199e-01 1.941138707334620073e-01 4.664802548424987760e-01 3.964290837236835729e-01 2.582281582745727944e-01 1.275443286420384903e-01
7.244192523591643784e-01 7.099143160480395620e-01 4.776940355631195123e-01 6.956429497884843993e-01 7.417326948708244938e-01 6.587027953446876749e-01 3.957419261646447639e-01 5.390130977578314608e-01 4.361574544383338692e-01 6.457773705907315920e-01 8.303870838234836960e-01 6.332132740351626987e-01 5.851444265490417518e-01 6.570562881713236658e-01 8.537957173701395952e-01
5.333428222074080294e-01 6.117635278071653637e-01 6.549877385416954523e-01 3.943401022368454023e-01 6.513697414047283640e-01 5.632285967196228871e-01 7.861820250825266587e-01 6.886495723552932269e-01 6.742379051728432104e-01 7.096684470403555878e-01 5.682540772009593288e-01 6.710458309051283710e-01 7.682551806348978385e-01 8.372185468910611217e-01 3.657967787572165563e-01
3.108326255359339374e-03 6.086566783559028970e-02 8.279646375488930454e-02 -3.310757618211765396e-02 5.592549778131921528e-02 5.361947107336154442e-03 -5.794338421817878809e-02 2.854789433197737689e-02 -1.955403312312248634e-02 2.067900353604913352e-02 -3.773914212055331369e-02 1.053164336688088842e-01 4.858500999236898404e-02 -1.639155991882019700e-02 4.084103748667995692e-02
1.026304754801958596e+00 1.055088317243385143e+00 9.782372571575336240e-01 9.835818036106837026e-01 1.072602789939264722e+00 9.909252922141860154e-01 9.294309368607792665e-01 9.774068262147364017e-01 9.434417436337431129e-01 1.048970703786707759e+00 1.043336820224608497e+00 1.066798968967855421e+00 1.106280790962997251e+00 9.770896527191202940e-01 9.315065204893584472e-01
5.382226170716358782e-01 5.394187287322380620e-01 3.290508442946681322e-01 3.552988007649799940e-01 6.553087098283028045e-01 4.104783331745520125e-01 4.010836957126819313e-01 4.977560491820336441e-01 3.492944814572461198e-01 4.804649473290770745e-01 6.981791191987836154e-01 4.882300891327732706e-01 6.833042970323653931e-01 6.747453338355371422e-01 4.484723326772847574e-01
1.833421672051751758e-02 2.321444906029352523e-02 1.607976578800938972e-02 7.380248164512822479e-03 -4.416648402593006950e-02 -9.225048534329879923e-02 -5.570525144252427840e-02 6.620307597011204637e-02 3.535755543430247477e-02 5.074990152086616274e-02 1.684268014171302549e-02 5.037226786310586985e-02 -3.155870024924008893e-02 4.805759145893663195e-03 -4.552660154049803509e-02
3.656764781363425199e-01 4.999753690016280894e-01 2.073280913374514478e-01 3.303615164790302816e-01 5.132469810853077519e-01 2.403096241646284492e-01 4.577895979031479379e-01 4.481756253682156466e-01 2.463243752197911973e-01 4.839856979659457048e-01 5.731649738211820333e-01 4.203169934046315781e-01 6.028150450565697982e-01 6.167028140604016162e-01 2.819606341351095780e-01
5.746150621811887405e-01 5.946290533391985766e-01 3.286047887766339604e-01 5.296737407221008276e-01 5.813738320796669745e-01 5.841381846693403102e-01 3.388068553776423797e-01 3.308556086464752855e-01 4.381806108058446392e-01 5.139440085028857963e-01 5.893446050753529120e-01 3.251002174643208842e-01 3.581717271070921638e-01 5.485755565879010254e-01 7.447974172416327310e-01
5.371047043161358836e-01 4.273820210316627288e-01 2.325685596261216903e-01 4.942647194656935028e-01 4.314439507369310367e-01 4.179131202377999177e-01 2.022796914526928114e-01 3.528768940701970114e-01 3.463227604053418784e-01 3.412130289600086575e-01 4.556600056783642327e-01 4.196035725264299909e-01 2.034881802769292203e-01 1.534111306997880120e-01 6.400983279081520205e-01
3.064745912276115036e-01 3.689369212929489161e-01 2.644905969702693316e-01 4.876157121932330751e-01 3.347902174966859712e-01 3.264762833778612205e-01 1.874490175996915975e-01 3.220634196594054366e-01 1.921863045621406973e-01 3.224332171051984552e-01 3.849102303688657911e-01 2.585936782538590384e-01 1.723287170995192463e-01 1.921375674021438551e-01 3.956556411048016697e-01
6.849211482743570167e-01 7.212249655236090407e-01 4.915803428066712888e-01 6.750487652989526355e-01 8.124939239631974175e-01 6.647907277174530671e-01 5.333316798301448447e-01 5.996454142556154610e-01 5.195691002536803049e-01 6.597129068406025754e-01 7.871624359174288488e-01 6.000182945965936154e-01 6.440903565247714235e-01 7.229557026058616165e-01 8.887054903343255541e-01
4.399938723591328427e-01 4.135172528666264946e-01 2.358393773817716588e-01 2.410906581257025727e-01 4.360725557031474020e-01 3.698198279073723338e-01 4.351255747661013085e-01 2.399099876756700389e-01 3.019627338922302728e-01 3.863727037999959979e-01 6.017659035996699712e-01 1.913452109297619497e-01 4.934274656884330423e-01 5.235740966252787620e-01 3.078354611764103632e-01
8.462003096061825325e-01 8.359057977037891440e-01 8.615852995397237368e-01 8.270355941438471969e-01 8.481090347419272257e-01 9.862022572011440724e-01 9.158454169255411115e-01 7.391514559300911280e-01 8.826223810856813623e-01 8.581389937138098611e-01 7.499565416637701265e-01 7.999046806793053133e-01 8.192087445254802036e-01 8.111171531357644904e-01 8.485622998669037909e-01
9.042281188584018192e-01 9.717070053916136985e-01 9.485553966665062342e-01 9.451205187402295094e-01 8.236943930576654527e-01 7.739662549606427522e-01 9.864299831881698788e-01 9.912461662238682969e-01 8.362724201328651796e-01 1.027085981351756994e+00 9.392392069668682453e-01 1.005218689423223566e+00 9.194281904821800522e-01 9.275924872752330241e-01 9.012592389344624699e-01
