2.344799722997669422e-01 1.819416082043842364e-01 1.952485679442688693e-01 4.098111525684866030e-01 4.041421799123682823e-01
9.724596781353427311e-01 8.276578871186306419e-01 8.125013932586013787e-01 6.958452855967816042e-01 7.350979970196133140e-01
9.785091713077375131e-01 1.010364023839354086e+00 9.856701280143803645e-01 1.024614905171555401e+00 1.013762640471398635e+00
7.689544325714890993e-01 8.071823296982588714e-01 7.876522668547077943e-01 6.387641571503966942e-01 6.152933318340836344e-01
2.033572937567779682e-01 1.199450424021574271e-02 2.821660714961138003e-02 4.536477658611062780e-02 1.299289572313327978e-01
4.747503689530565563e-01 4.409808978139847513e-01 6.902719274276651884e-01 6.097492558879182845e-01 4.445879894986702330e-01
2.081215038001001105e-01 2.009594623044706485e-01 1.862111630656750616e-01 3.295466117368887615e-01 3.830472962770143375e-01
9.344112501992912767e-01 8.576046170710694971e-01 8.413618211107268818e-01 6.765959257390257164e-01 7.149437236036434440e-01
3.698716717127839559e-02 1.659507536367033909e-01 1.633948852715624844e-01 3.475271080917379241e-01 2.670265237522689850e-01
6.368574120592924714e-01 3.163858492613351170e-01 5.619160530856488478e-01 3.405296324194457824e-01 2.901047332655394828e-01
9.777469213306713147e-01 9.927453657937630460e-01 1.009210249182186159e+00 9.676175865834769629e-01 9.714323338858537049e-01
1.979220959324718421e-01 1.435385609259315909e-01 2.083145445840923482e-01 3.705474928679812763e-01 3.829473981522528714e-01
4.720608044763008326e-01 2.740793841161949240e-01 5.482276663912678538e-01 3.582802806651699812e-01 1.851046541528496570e-01
6.880527580702402446e-01 4.617305677967669109e-01 7.390006755393462301e-01 6.817960625718130219e-01 5.858336826044805434e-01
7.547646003585543051e-01 7.891180213730860649e-01 8.048905578619328649e-01 6.064974317372040513e-01 5.806267209535093121e-01
3.045377978143490871e-01 5.624096618619851551e-01 2.736228488222846589e-01 3.519153578966249252e-01 4.076252786046528076e-01
4.445650899324728456e-01 2.957011946486491905e-01 5.145400643625933634e-01 3.135895263301866631e-01 1.690842810677603281e-01
4.499105057874738800e-01 2.776582233075863271e-01 5.397837082627453542e-01 3.213936451005978134e-01 1.775411681496638083e-01
4.948858191157395892e-01 2.680685638525372450e-01 5.332184849301696561e-01 3.046326379845675225e-01 1.666006236337949920e-01
9.539397910110980483e-01 8.404613265221224649e-01 8.096008112192393247e-01 6.531791660334451688e-01 7.275409755382925558e-01
6.598316810908755325e-01 2.499335543442398333e-01 5.545699689908031305e-01 4.148620246854625160e-01 3.126348565799704216e-01
7.538076341559115656e-01 7.838156965302237600e-01 8.257564846571467942e-01 6.498110821851862395e-01 6.063812588834099904e-01
6.686404333561916102e-01 2.265242529659975412e-01 5.427014337514393105e-01 3.619267063295338871e-01 3.276576972403386079e-01
7.605285484807138285e-01 8.169117301951157595e-01 8.028710321796826976e-01 6.490406785654135868e-01 5.942825922574316300e-01
9.630863308440693604e-01 8.574844061468334111e-01 8.382489522388700820e-01 6.837550497146547279e-01 7.396134707180528345e-01
7.820646577066719951e-01 9.905468364933078806e-01 9.585259205474471189e-01 9.908358011093421069e-01 8.303508596124642427e-01
4.918395513711617539e-01 7.189008352325870765e-01 4.588907920625253656e-01 6.630412721248395425e-01 8.499001043042662129e-01
2.972849735166125940e-01 5.454911418975899595e-01 2.710974045080538630e-01 3.042389013330362157e-01 3.742269335096797267e-01
6.560522227626993663e-01 2.927511504148152532e-01 5.441146061546117130e-01 3.603639768094772378e-01 2.822975714616435261e-01
2.834549297517780508e-01 5.259616963014487334e-01 2.310398950147078134e-01 3.048806886336025146e-01 4.345084826740662765e-01
3.074246939895811659e-01 5.515206177967252321e-01 2.358227115658780848e-01 3.029390253696910840e-01 4.077153600908228204e-01
1.406325140018928332e-02 1.508871845373795928e-01 1.603945009041407022e-01 3.587846658282352608e-01 2.595922612032360854e-01
9.836999429701248632e-01 1.012182144970588338e+00 9.990610232990296824e-01 9.815298360529597366e-01 9.857907168325407143e-01
-9.283040853553990723e-03 -7.119891621651744124e-04 5.517119234972722719e-03 3.153207671097506271e-02 1.918595221671268863e-02
3.097503355736696551e-01 5.328058802955790707e-01 2.689261060044586538e-01 3.444857020233947908e-01 4.136904647730317852e-01
7.689768460119551508e-01 8.213094138092352781e-01 8.029308360428666358e-01 6.373830029694091959e-01 5.682907366270463223e-01
7.910985266796800586e-01 9.930563210837177746e-01 9.779831887644023780e-01 9.955185476888125384e-01 8.755623618122689855e-01
6.885097764245907970e-02 1.711162762542201288e-01 1.476462915487636862e-01 3.181841267261332762e-01 2.503769662952534669e-01
7.560017488810680808e-01 8.194123734982411422e-01 7.801374810185077724e-01 6.683236304463272548e-01 6.274728770869004713e-01
9.108631975851632853e-03 -3.360630445533031169e-02 -2.362183526134909416e-03 6.696391094727364296e-03 -7.617100073093749715e-03
6.376643027514443673e-01 3.025399616574165340e-01 5.778618005197496688e-01 3.678832657140292950e-01 2.788270873664322469e-01
4.089611233052847100e-02 1.414722524353432265e-01 1.365879053504137075e-01 2.885762322992015405e-01 2.728066225257809729e-01
3.486822658082691651e-01 7.060214486411481305e-01 4.106897766940929562e-01 6.159255944476043076e-01 7.063864999631233044e-01
5.226408349464929382e-01 7.347365829567611417e-01 4.760992015406082523e-01 7.028073095627405120e-01 8.074221936184642345e-01
2.943944434891930806e-01 5.393259631068377802e-01 2.806240083231176241e-01 3.316574024736899662e-01 4.323349289288990760e-01
4.812720416935590828e-01 5.473370606236402924e-01 3.034254063479524532e-01 3.671432650521739283e-01 5.704327215761412218e-01
-1.933318859503114703e-02 2.222758723131034245e-03 -2.587226215300943068e-03 4.126336483881547224e-03 -3.208859567507072602e-02
-1.188866706352392083e-02 -7.881640121347012820e-03 -2.009117585193432101e-02 1.506561932822903134e-02 -5.450634051223924616e-03
7.513465153370263439e-01 8.256303176394435006e-01 8.004687128070070434e-01 6.483799212417493685e-01 5.921306474451392132e-01
2.061792394119258964e-01 1.980364908329254048e-01 1.662924017673397536e-01 3.570123643514298561e-01 4.340822926612434296e-01
5.015990115323685217e-01 4.046171026276655924e-01 7.194358861524899895e-01 6.271461768203516751e-01 4.317447327185648942e-01
3.033432574004452653e-01 5.363544900150819528e-01 2.544484201799745438e-01 3.519499192630192175e-01 4.301415688033149998e-01
5.088647573139837288e-01 3.949920122961609881e-01 6.755710389360796153e-01 6.448570228216308209e-01 4.539462375126478433e-01
3.365837486177200577e-01 7.440742355996463608e-01 4.115626429344392823e-01 6.598139784667135244e-01 6.916395121504762544e-01
2.094123919750209492e-02 1.905858020909375131e-02 -6.194813827291917666e-03 8.228213627865233609e-03 -2.482471981053915519e-02
1.006506039334601477e+00 1.015630277621125677e+00 1.007032276924872072e+00 9.635181494603231034e-01 9.819259825763432259e-01
4.735413530912322422e-01 2.644009158376307567e-01 5.724399497277818938e-01 3.350450857347064826e-01 1.386024846276070199e-01
4.163412416629867080e-02 -1.315681903498200529e-02 1.303720652401365102e-02 1.934602932031988243e-02 2.620491674715765343e-02
9.322135967641019816e-01 8.389381884080343577e-01 8.448827494959573192e-01 7.048172327612926003e-01 7.601645677790425104e-01
3.350572029216107306e-01 7.355806227899498451e-01 4.601845405292799840e-01 6.330350834240279223e-01 6.826038420096121051e-01
5.338925367398855704e-01 7.424584757486641928e-01 4.405552818930766890e-01 6.672629651938091211e-01 8.217978520069244563e-01
6.685100833497387152e-02 1.597124715922973448e-01 1.920266849872195314e-01 3.250819614166271521e-01 2.014909213720829650e-01
5.236957707627589720e-01 4.221753964241450885e-01 7.486850096945101285e-01 6.379844842159879681e-01 4.433888092864241015e-01
4.610766605143086783e-01 2.478140305473528204e-01 5.437341532356726459e-01 3.381810754746878422e-01 1.860146001289836315e-01
-1.089795027284871758e-02 -4.068110940914266421e-03 3.456199914924194816e-02 -4.184114280297925557e-03 1.026836229363815856e-02
3.045160499893055372e-01 5.651625789316889747e-01 2.753236900509896112e-01 3.521817968444347358e-01 4.092022682719460569e-01
4.991188830999268022e-01 5.544209474082315570e-01 2.628744940769379146e-01 3.531246575504109475e-01 5.462023305811322116e-01
2.133945245642629163e-01 2.026705928186734937e-02 5.777458022510416347e-03 1.208099747964234277e-02 1.263257255989082006e-01
6.962817339875626566e-01 4.099397308928659500e-01 7.690417588845658292e-01 7.117196119341098193e-01 6.428304301293734646e-01
3.139777741672355460e-01 6.996116675550806407e-01 4.294997424017010790e-01 6.857341406437160725e-01 6.766306905402427185e-01
5.114123623668309637e-02 1.861083248397021328e-01 1.715557462066356342e-01 2.845285146418049527e-01 2.618188722369912402e-01
3.087150822966289870e-02 1.827001089130140532e-01 1.781841734448815495e-01 3.580931708057629170e-01 2.579693598955762890e-01
4.846604396673201420e-02 1.776712709851559213e-01 1.826875435767482680e-01 3.513518405148097212e-01 2.658693986404704890e-01
3.263305675695196140e-01 7.061099437961322334e-01 4.413463850076987938e-01 6.321356900328004569e-01 6.567203026595834769e-01
3.534694830137330521e-03 -2.405465460361450036e-02 2.458053929264120054e-03 -4.165792823771027886e-02 -8.226556328375253524e-03
3.042265235404242874e-01 5.439888867779351100e-01 2.710583645601742364e-01 3.318552264372699456e-01 4.175426052049664993e-01
-1.975316287457411571e-02 1.504199759755102048e-02 6.250499584893939344e-03 -8.561661160989417901e-03 2.391898409961894581e-02
9.710737619751463878e-01 8.303750969183102404e-01 8.171325777024714965e-01 6.979726306362412647e-01 7.484561332852096571e-01
2.487743460715577115e-01 1.575840496258809065e-01 1.989927034481385471e-01 3.632636914717746190e-01 4.374381762686544994e-01
6.636068254053714144e-01 2.719312555736365100e-01 5.335093100607111172e-01 3.653697570667058248e-01 2.836572236620525378e-01
9.743357370653971117e-01 9.963443500232177508e-01 1.005453016769449537e+00 1.004688515290457662e+00 1.016325576767852290e+00
5.285550430980610059e-01 7.395613549073211113e-01 4.552466768066050773e-01 7.081556161801982885e-01 8.205519441337075781e-01
2.212756075887921947e-01 1.675446215659626148e-01 1.745777002362875474e-01 3.366706991186566578e-01 3.659955836074140767e-01
4.950366477350520156e-01 4.410826180592301582e-01 7.017934808196286678e-01 6.020565710018366268e-01 4.297805542207818186e-01
6.648213851574212852e-01 2.249690946114559775e-01 5.779477131139020285e-01 3.607618681197283239e-01 2.978435059350580394e-01
5.073992826420251623e-01 5.704502415910609470e-01 3.039927280715982172e-01 3.841004280114564406e-01 5.752050266718072846e-01
1.890851262738082461e-01 2.752062528576084202e-02 1.016514240845940720e-02 1.181355110209030349e-02 1.067459795775643761e-01
7.288223247637833913e-01 8.286372383616332771e-01 8.369746351635323212e-01 6.471473253196081687e-01 6.238279085444093930e-01
5.181008941818597835e-01 4.790005069804310622e-01 7.091364694027483262e-01 5.972471244753000397e-01 4.637042704037663277e-01
2.045574191046319046e-01 1.641928214174552814e-01 1.942602256329793720e-01 4.127967065172938876e-01 4.146530716617726764e-01
1.000925825357117160e+00 9.793339876703368585e-01 1.035628422528316994e+00 1.031063122091060880e+00 9.866944668338853974e-01
2.446062770682544060e-02 -3.249496908805162357e-03 -7.554440810411285328e-04 1.516023361363325571e-02 9.691795518405744991e-03
2.827513641017094237e-01 5.556396965731084103e-01 2.544916252294350811e-01 3.265048403688403655e-01 4.511348496278355102e-01
7.499182518667211195e-01 8.415418924862307914e-01 8.060230526875895585e-01 6.368658160204900831e-01 5.844967474044061584e-01
6.966328860697056369e-01 2.305700765696982457e-01 5.395921945114258156e-01 3.579036816310147140e-01 3.477952919592089964e-01
9.633374829626918379e-01 8.473465894346603466e-01 8.518775485488455645e-01 6.825219872578293101e-01 7.281492399973109597e-01
4.377804003994716781e-02 1.790956969832689927e-01 1.630610150903585853e-01 3.065203675464341360e-01 2.417777618823564456e-01
2.588592519653354906e-01 1.673324356415819281e-01 2.062517166797838142e-01 3.471089194384184839e-01 4.126611952924011395e-01
3.288686855091133010e-01 6.860321339803115981e-01 4.480722570060504673e-01 6.481533336235230092e-01 7.105992585848439624e-01
4.849018316268202677e-01 5.821029071952059653e-01 2.478717140282574172e-01 3.589703386928550510e-01 5.614917257967663167e-01
9.519423324510263296e-01 1.010637503447044505e+00 1.001480167030895263e+00 9.969396963997634309e-01 1.025606384770408663e+00
2.215494319368070952e-01 9.996022025002142958e-03 1.489773279654927132e-02 2.148553326183303552e-02 1.333670009466871864e-01
2.583756614706768096e-01 1.663951733422036339e-01 2.063175110670527057e-01 3.529893463616905480e-01 3.812847277286140479e-01
1.866737310374149139e-01 2.382030261232975180e-03 -1.462393967290056412e-03 5.029936752193953087e-02 1.280772648260642133e-01
1.853094529931105516e-01 -1.564822784554827442e-02 2.057536781234334256e-02 2.710030665920265536e-02 1.595882844885459784e-01
8.064764910852427748e-01 1.018178811046746457e+00 9.980826019740994814e-01 9.762088785776925626e-01 8.474343593853397305e-01
7.508854700846334662e-01 8.141975845335529538e-01 7.993608080694918350e-01 6.349166935909872356e-01 6.073145009797998872e-01
9.508570195379565382e-01 8.244486756256260707e-01 7.701200395290073164e-01 6.784016448972743918e-01 7.760270235303733388e-01
5.506581977699177566e-01 7.166457342936283226e-01 4.514454449066377384e-01 6.733702150528954045e-01 7.863149029402198842e-01
1.039330012701784378e+00 9.476363483902510154e-01 9.967977130653121742e-01 9.970572417502556739e-01 1.021588617057625159e+00
4.447908604227034796e-02 1.891357153323137696e-01 1.738588465333312238e-01 3.023427585471048507e-01 2.759285955044480376e-01
4.474400522250259193e-01 2.852779530047878098e-01 5.361573530514182062e-01 3.231473574295616880e-01 1.892615469089180824e-01
5.310099608375620228e-01 7.431125993861985579e-01 4.566959043662720541e-01 6.727714891001810305e-01 8.507089955286680771e-01
4.601087334908207094e-01 2.665403806203627823e-01 5.539132349995566917e-01 3.399760631046310211e-01 1.923823437441415096e-01
1.599548497876674413e-01 -1.397772124184221143e-02 7.278565594277978945e-02 2.010272535486995124e-02 1.250680065782471539e-01
1.014233336243180350e+00 1.026702315070570082e+00 9.817982804176790257e-01 1.001671365663824087e+00 9.807667484958434434e-01
1.923925292696071487e-01 1.720536353629032733e-01 1.665279182701535077e-01 3.813247689979792909e-01 4.099134638924283869e-01
4.717102001462760152e-01 5.757785082058868298e-01 2.921809174005383092e-01 3.652626162628881956e-01 5.484274493106418014e-01
1.003155652231863426e+00 1.001980615108563510e+00 1.014963666350597427e+00 1.016055045134934831e+00 9.958445028233035012e-01
3.057326729545820632e-01 5.272612137563156276e-01 2.318956829159561916e-01 3.516329741047967139e-01 4.185220680554125328e-01
7.835385587178811395e-01 8.478220445761354140e-01 7.904695500777487727e-01 6.320621185909162110e-01 6.186461174634450000e-01
5.122303773020439044e-01 4.484999221112449530e-01 7.058005136106809685e-01 6.122767455359762190e-01 4.496837179832841591e-01
4.789271968605798846e-01 2.943388830057835359e-01 5.470726677848830599e-01 3.127118118302103511e-01 1.987259960576868434e-01
4.682342081773288589e-01 2.608500950463095713e-01 5.573467326064085459e-01 3.088290877686159508e-01 1.602223355975616048e-01
3.159784143152370994e-01 5.250708783122846057e-01 2.856152851224528777e-01 3.282776825697049650e-01 4.162854878707908379e-01
5.082205155371892769e-01 5.618013105761489046e-01 2.759902091311161598e-01 3.856340178588281153e-01 5.196000715212591992e-01
2.307246977307531310e-01 1.724090423757757007e-01 1.803929475856784759e-01 3.553225869879218513e-01 4.417320619977441187e-01
6.581923282250414786e-01 3.121840776975234322e-01 5.508294655705172627e-01 3.648702293597301805e-01 3.364378657887638346e-01
8.029082397274289740e-01 8.285961767487132201e-01 7.957654718641760105e-01 6.498167260229713582e-01 6.361634897251787768e-01
6.984694312183425957e-01 4.220528462219890753e-01 7.634908971284526391e-01 6.776295155961850059e-01 5.435804574145329804e-01
7.388807620418653688e-01 8.409793311928602799e-01 8.368368126550460584e-01 6.174705248612228914e-01 5.665395337858416536e-01
6.520832757335686125e-01 2.837937615329556573e-01 6.252474411279503874e-01 3.357540960639916472e-01 2.976602305478950328e-01
1.830995691708474093e-01 1.623774372406603869e-02 6.322557733466961649e-02 4.098567418931722134e-02 1.287914774809684748e-01
5.067702981652475458e-01 7.468933961696587742e-01 4.680079067272700510e-01 6.705916110265077723e-01 7.909903259754885729e-01
2.749484438013885534e-02 1.358405862462177260e-01 1.465629793823012283e-01 3.235397746345294312e-01 2.628972381040698969e-01
6.374481278659575000e-03 -3.026445225481887939e-03 2.028328406418262314e-02 -1.248506910270758864e-02 -2.926822509214897783e-02
5.403791030686229124e-01 7.302589135122800057e-01 4.681468978747125864e-01 6.684659103220369492e-01 7.908003118170447987e-01
4.821875598855144829e-01 2.676067947038740513e-01 5.454999864850100799e-01 3.221616077926451882e-01 1.662498130807399388e-01
4.422455454242214534e-01 2.617647585941396127e-01 5.454751511096652683e-01 2.824481325670745724e-01 2.094094621332279194e-01
8.388972167284494130e-01 9.794330284063476055e-01 9.710900658635174265e-01 9.634314090093046845e-01 8.577877726467532105e-01
1.899118951346643047e-01 1.488592530516891395e-02 9.331328170124036231e-03 8.494939046752709999e-02 1.272489425033229149e-01
4.587715698135388237e-02 9.898353810976583123e-03 -4.113257461927984082e-03 -1.604489311354295386e-02 3.610820331152477664e-03
2.438597389126667958e-01 1.924301975043089530e-01 2.034234252168331814e-01 3.995687137588950222e-01 3.801159295070899447e-01
7.836647149268133328e-01 8.341227018450209085e-01 8.068407104416794873e-01 6.704236547925300771e-01 6.162097939482896747e-01
5.388549994464405524e-01 7.602270081737304563e-01 4.468161218403857715e-01 6.970041867060146057e-01 8.855418845918354709e-01
-8.561636206875280000e-03 2.414285146274149486e-04 -2.700975149136798648e-02 -1.845920974987443021e-03 -5.550326849932611661e-03
6.702231243528801174e-01 2.471289454675233699e-01 5.569410062527266891e-01 3.332393977112833028e-01 2.999035680429463779e-01
6.963200734417384075e-01 4.645970325116127175e-01 7.418237574415047497e-01 7.070487529815139283e-01 5.847637731925935389e-01
3.397114746164457411e-01 7.331817594128637872e-01 4.422533786831198688e-01 6.629752994347177797e-01 6.887546840629803491e-01
-3.432490328986902844e-02 1.953628336377608715e-02 1.975091294310881915e-02 -2.006094474765097654e-02 7.878736750322766491e-03
2.675360182239521212e-01 2.029777337288697914e-01 1.940698779513418126e-01 3.905689185109285644e-01 4.034561025859944583e-01
1.894757140106081150e-01 1.793029755083384857e-01 2.071565872926381391e-01 3.645831721418197890e-01 3.997575456809988603e-01
5.229195482549214846e-01 4.554320523335937398e-01 7.110972631080578754e-01 6.045986591338414762e-01 4.271766928115867668e-01
3.355083370634264206e-01 6.943167874048905563e-01 4.347203531325789516e-01 6.300073475273112455e-01 6.973436913970847417e-01
3.353152353776410188e-01 7.632887421035046138e-01 4.194864172972305738e-01 6.066494610499317819e-01 6.915143161351747780e-01
6.739055139257159599e-01 2.858082008987715694e-01 5.694143073729158733e-01 3.428075830436528304e-01 3.194034633713373483e-01
7.530300503309433902e-01 8.297861714136360867e-01 8.304041941372237723e-01 6.581568531798006605e-01 6.369966541309054486e-01
2.593482310050933548e-01 1.750074155632506123e-01 2.060668616518919749e-01 3.533947522387981266e-01 3.883506039693699341e-01
6.838552955797569943e-01 2.696931010869257905e-01 5.638588765968582939e-01 3.765900378099091284e-01 2.948387282594114867e-01
6.249473862025666238e-01 2.918524247328918575e-01 5.576411958736429142e-01 3.818467243971710445e-01 3.052330775278735975e-01
2.261637657112408606e-01 1.759416319118836669e-01 1.761436834611658786e-01 3.651091521306156773e-01 4.070425801851338954e-01
6.903987313041920482e-01 3.055723705839756832e-01 5.274964518679635672e-01 3.486407117932616151e-01 2.988275750920209584e-01
5.746476744910435780e-02 1.512422810039045495e-01 1.873596472553351044e-01 2.931202579133954655e-01 2.560571385153632140e-01
1.950855008077858332e-01 7.690122637972508779e-03 2.939246380832316596e-03 3.016134439308263207e-02 1.057060526778166032e-01
4.516034948769058754e-01 2.587808080565069391e-01 5.589724986831000608e-01 3.152598783805167226e-01 2.142846524301203481e-01
4.867299605548084940e-01 4.272443290534820304e-01 7.215203113284254233e-01 6.458284698292913184e-01 4.478107636115079560e-01
8.042658520520132859e-01 1.012549691201760416e+00 9.438998238364701976e-01 9.548581364769880286e-01 8.551149651490617121e-01
2.984963737817480922e-01 5.481007035590598209e-01 2.739270413261456483e-01 3.133596054325022418e-01 4.323147460528353192e-01
-9.066332494940217146e-03 -1.694293423337037488e-02 -6.075983520530364550e-03 -1.162655061853053173e-02 3.231703781804469433e-02
9.776650194630742696e-01 9.900026121240286248e-01 1.040725117855872517e+00 9.930381695295050770e-01 9.860984752032336820e-01
3.511340841700931192e-01 7.190266368827532562e-01 4.289694967737400777e-01 6.188496391850624168e-01 6.798743274019006799e-01
9.722124679532009317e-01 1.002166348736321932e+00 9.641397799643365296e-01 1.000351864719741579e+00 9.952352785094498167e-01
8.259190586372310294e-01 1.046344717919506007e+00 9.601254090811099928e-01 9.464358294189303411e-01 8.806820736620948331e-01
2.923318224782646690e-01 5.464532903594035984e-01 2.435035472319710959e-01 3.343251523129599501e-01 4.398562472683214541e-01
4.760411419786771958e-01 4.441581040287788107e-01 7.403449596358168128e-01 6.880221278720497491e-01 4.872735455827300610e-01
9.528231604184866921e-01 8.245539221001297880e-01 8.227168981384282986e-01 6.974624175401363813e-01 7.138720968764660224e-01
9.784555123711506930e-01 1.010276954970042329e+00 9.788762165195179499e-01 1.011576895899166662e+00 1.024227179563465429e+00
4.347836251952025277e-01 2.966038744717401920e-01 5.418372043312494890e-01 2.986954061463285015e-01 1.548046871538300562e-01
7.391942255884704771e-01 8.243932353617229314e-01 7.912949063580496656e-01 6.646402057084720427e-01 6.093816535089434661e-01
1.026201696015280884e+00 9.830393534477768203e-01 1.012255693954563718e+00 1.000180014613960777e+00 1.002005327761785303e+00
8.005164573495340274e-01 9.951696403857892559e-01 9.689366184665867410e-01 9.360947076504898545e-01 8.451238492277732828e-01
7.257035536026477107e-01 4.540109725305754851e-01 7.166141588479396640e-01 6.712046811222754927e-01 5.795818774037967414e-01
3.892307651290762439e-03 -1.311749869613361430e-02 -3.679746144341018103e-03 -2.570444866512280879e-02 -1.580127651892250171e-02
2.179242788748104176e-01 5.087725753196597513e-04 4.178537829605319387e-02 5.629847560371066539e-02 1.570714800846844117e-01
5.259053640638522431e-01 5.408504415771432372e-01 2.653819873228654980e-01 3.840051587100286046e-01 5.284944846894190640e-01
7.874505466850800772e-01 9.972138822053419061e-01 9.794268908976333510e-01 9.964303209744863610e-01 8.477913816519879742e-01
1.375105446120450034e-02 1.442909613526834889e-01 1.568581191197915281e-01 3.191039090899430719e-01 2.328266164203417754e-01
9.981934879187625009e-01 1.013446365046893893e+00 9.925649042470107153e-01 9.775726833932650850e-01 9.879332266569745835e-01
7.807492081074811630e-01 1.001106965207408273e+00 9.571203600851897475e-01 9.611393389725900738e-01 8.710521870047124304e-01
6.593117643419556251e-02 1.596154569910090415e-01 1.437423566484163084e-01 3.608997416550824289e-01 2.487892824274615389e-01
3.425375986326361644e-01 7.086002902610621934e-01 4.236268634932500721e-01 5.822977448520102461e-01 6.703062002084555493e-01
6.651885317539153464e-01 2.764186212413465293e-01 5.508007796702215630e-01 3.201773177138237947e-01 2.931743604402795578e-01
2.542084393545377963e-01 1.558761839908894831e-01 1.977674625224244420e-01 3.814823495824470889e-01 4.241805482036274388e-01
7.640681242375697568e-01 8.264177236125103132e-01 7.543975688755354403e-01 6.147170139436427538e-01 6.035815254634702143e-01
4.731814519706355471e-01 2.870792195427314675e-01 5.427753064593436871e-01 3.076076395497746030e-01 1.904460741214368813e-01
2.767700910652986512e-01 5.402649015408729216e-01 2.865979886389671827e-01 3.432869932372046851e-01 4.240869124725740735e-01
5.131083532476424791e-01 5.901164446220990012e-01 2.661894027081476155e-01 3.846971187177827822e-01 5.675913624393870149e-01
7.922275617913016044e-01 9.580488519754013499e-01 9.929039316614896027e-01 9.728967299194971607e-01 8.600528768759226894e-01
3.184318587151050428e-01 7.213497761453417922e-01 4.449653597505541791e-01 6.298224820259111789e-01 6.641365743062481730e-01
2.272732692668340548e-01 1.959811216117558486e-01 1.944502573324654315e-01 3.451977610720599610e-01 4.204806572193857672e-01
