6.136235935433775879e-01 8.438576754830461324e-01 8.973329346712344279e-01 8.121742574345526267e-01 7.116007785174465194e-01 6.123587184785473925e-01 6.712609019498113616e-01 6.984928511227292969e-01 7.992458533181862057e-01 6.280834003650515029e-01 7.468548886304897660e-01 5.382361413373065728e-01 6.885051913972796145e-01 5.098954612829316169e-01 7.580180948067012370e-01
4.903720564970487916e-01 2.180484251802139728e-01 1.406644066618362721e-01 2.850599902571780975e-01 2.888303529004422332e-01 4.133684529279248454e-01 3.589600111518795322e-01 3.103323982918755886e-01 2.033801690299468501e-01 4.364788803162282238e-01 4.552985675537646881e-01 5.587338630890261726e-01 3.112115239421500701e-01 6.306857869334365763e-01 2.916676059842271962e-01
2.363628510628586477e-01 1.236797591395032564e-01 1.784075502735389396e-01 2.954325546419872550e-01 2.986886891927669208e-01 9.524649165770041059e-02 5.550568156401462089e-02 9.183753111881676201e-02 2.279895552378168877e-01 1.374739715788879935e-01 1.158084822874493047e-01 1.467103332434492313e-01 1.801134714937550063e-01 3.342036578719973644e-02 1.471756163699730335e-01
2.371553081320044998e-01 4.567315201715078654e-01 5.018643375838768295e-01 3.817368957866225099e-01 1.794610113490110737e-01 3.256223852508099426e-01 4.259892080214752741e-01 4.064778684426014754e-01 3.119439623961930419e-01 4.066550833558360001e-01 4.402938584921155529e-01 2.972514159521879029e-01 3.207368515633058914e-01 3.623026756598636822e-01 4.786618369634086378e-01
8.294492445693883373e-03 4.197803629100898930e-03 -1.574592837269623517e-03 2.932980310335350088e-02 5.425869309746748047e-03 -3.838817387380286713e-03 3.439832174915814778e-03 1.620067269714832794e-02 -1.012554191475508597e-02 -1.756587368151629400e-02 -4.821098482432574148e-03 -5.213142645828136579e-02 3.102291468843396821e-02 2.129633512308904894e-02 -3.248539313267970186e-02
8.799698097057854218e-01 7.255897648130514854e-01 8.365835167209235701e-01 8.026752550112322693e-01 7.174153021696957344e-01 8.433314770235356139e-01 8.227211865620149833e-01 7.645448164708967820e-01 7.824130525381367551e-01 9.235182049635193291e-01 7.695425072474457728e-01 8.815543724824648208e-01 7.076787194542348836e-01 9.140104978782158662e-01 8.590705597209002953e-01
7.091006875019888189e-02 1.324778770763242186e-02 8.950492080413707807e-02 6.928650897749111248e-02 2.924502181012435600e-02 4.880748441194385223e-02 3.858312861772072999e-02 9.392139889122709528e-02 2.842263426830064776e-02 3.867313790824221387e-02 1.436277022424141681e-01 6.200069511933641725e-02 1.502219227017389039e-02 1.156832728966280949e-01 9.657373490062895471e-02
5.516740660321490797e-01 5.576027343170941730e-01 5.928991536087773184e-01 5.140431856187929194e-01 3.857807964335813744e-01 7.131698796042688082e-01 7.289115372975526475e-01 6.327931248608797965e-01 4.983160714836936123e-01 7.067138628531496325e-01 4.861965633429060074e-01 6.630514412452664930e-01 5.729530116805727769e-01 7.447815545864642228e-01 6.999924748602354141e-01
-8.052852730229310280e-03 -3.294819415247871724e-02 -2.137160614693971433e-03 -6.701033052696152466e-03 5.830144430782772079e-03 -9.058214179917922770e-03 -1.248970628375750680e-02 -6.176110465914621400e-03 -1.515485801668206220e-02 -2.731551471192947972e-03 1.166350772502053670e-02 8.059590690847419359e-03 1.123799067166254308e-02 2.342661795502402888e-02 -9.527457119457644757e-03
6.092673959941526940e-01 2.804555076726725216e-01 3.044401047604982091e-01 4.748737492580342168e-01 6.062012073308361559e-01 5.460875630549029136e-01 4.111679801201575390e-01 3.457259189039527669e-01 4.525612687177492655e-01 5.017193610398963388e-01 3.342657533994430330e-01 5.867017115548076589e-01 4.637465557341241551e-01 5.315592911790659736e-01 4.261783850329075030e-01
2.370690892617623169e-01 4.518500137250612281e-01 4.667411482378226451e-01 3.598323225616729681e-01 1.555623957395888546e-01 3.426046420032878292e-01 4.139662169938489455e-01 4.018034427728984226e-01 3.403281296335111117e-01 3.775760626050796986e-01 4.060606243802610815e-01 2.421358385496981680e-01 2.954238685559515964e-01 3.919051844025787101e-01 4.526503221449636460e-01
4.312098639433880054e-01 4.198012001308478736e-01 4.011549818271865075e-01 4.944818899515364685e-01 5.348100707963334699e-01 2.684052200581050762e-01 2.629500202332844538e-01 4.202957343776966836e-01 4.928541105452931559e-01 2.564728661400835774e-01 5.141802570630434888e-01 3.636122507346433164e-01 4.413625457124898954e-01 2.731474203707668913e-01 3.378050319099252796e-01
1.002076968991879813e+00 1.015540405140038294e+00 9.850837497339293147e-01 1.012988703611493291e+00 9.904973011002072836e-01 1.020906575764008783e+00 9.982622664821511060e-01 9.997940028943931301e-01 9.774952257009903445e-01 1.022396966758727821e+00 1.008214145742758250e+00 9.923022599558608547e-01 1.014586891986853256e+00 9.863833202161556013e-01 1.005900425882173321e+00
5.672943681273308059e-01 4.458616071471040998e-01 2.717663406502930368e-01 3.308152096763119498e-01 5.872104030600093783e-01 5.504746131947807486e-01 5.108256617444595360e-01 5.178578776831839203e-01 3.759641863087948566e-01 4.409074119414323478e-01 4.708393461915962863e-01 5.622620190941005625e-01 5.283793027636400907e-01 6.015091989251692972e-01 3.888839567258038921e-01
6.816657162924089075e-01 8.573553628008198091e-01 7.225727425402889148e-01 6.983769073993087995e-01 6.600383093735721074e-01 8.461173146617585461e-01 9.071304716065643481e-01 8.679623110373704264e-01 7.305418577322646545e-01 8.277141576912340204e-01 7.411548450350398110e-01 7.661787980094474371e-01 8.092915479390848654e-01 8.165325366828468656e-01 8.049781798244604047e-01
3.676913798516207588e-01 3.896771616183579701e-01 3.610836710148643269e-01 4.464190728864901314e-01 5.254473331902194122e-01 2.471840125931888121e-01 2.210633239862962729e-01 3.720667648493406476e-01 5.133181879748460741e-01 1.946499617848068964e-01 3.617437999179367036e-01 3.112216167382710341e-01 4.145115306653743836e-01 1.181461617368815137e-01 2.607525048857916028e-01
4.958591211452402225e-01 2.198721751470506802e-01 1.759141304309063403e-01 2.526177457863656439e-01 2.853809928107280403e-01 4.139317232497640164e-01 3.960695901267285990e-01 2.934779377978461445e-01 2.444694080171557760e-01 4.045100372999190785e-01 4.006876007188823197e-01 5.540595075073977416e-01 3.094866482787805850e-01 6.084852082273584095e-01 3.157434448473689925e-01
8.889471993220749990e-01 5.834207521194102464e-01 5.459625043223350627e-01 6.563010336268074729e-01 8.932512400177869960e-01 6.886716862730135613e-01 5.682588775904273692e-01 6.525613087163337767e-01 7.003502827164427291e-01 6.452494558013045500e-01 7.615060036775315178e-01 8.069555061269870766e-01 7.029565429624040629e-01 7.620810066678445072e-01 5.615456450831401991e-01
8.447569658972554629e-01 7.465638279715010039e-01 8.432465581791621645e-01 8.220925609990237248e-01 7.341728255241533052e-01 8.519647439627221486e-01 7.739066365414482007e-01 7.691903916264615226e-01 7.717135527223422109e-01 8.876642182310416906e-01 7.730332698240975908e-01 8.797834003802716962e-01 7.958687635656006565e-01 9.130518552134530008e-01 8.874721455636362943e-01
7.321109717962402952e-01 8.538070555785226556e-01 7.787952371756339254e-01 6.779986281960220795e-01 6.838808878499323951e-01 8.796849648866664761e-01 9.660972645875490761e-01 8.660855345460697352e-01 7.345567480334003196e-01 8.071866812081845977e-01 7.129271350488810555e-01 7.809313575994899503e-01 7.988772025053878512e-01 8.218947648799820316e-01 8.023193759849770457e-01
8.481822223203694389e-01 7.244848601882621919e-01 8.430715059948772350e-01 7.952087601141316631e-01 7.357500017902864897e-01 8.512276302717559640e-01 8.125149786062054735e-01 7.777955678102350667e-01 7.533171069921369423e-01 9.490408020282191659e-01 7.728383939915627332e-01 8.923388301837957837e-01 7.465208893285639746e-01 9.626283264437779374e-01 8.788411558443207650e-01
2.461876566844400094e-01 3.395035925746386352e-01 2.341303279576398833e-01 2.659033217176172137e-01 2.752822174949730027e-01 1.554541537107440863e-01 2.185506619097170311e-01 2.909497568547084190e-01 2.780848167859127917e-01 1.285172323188755183e-01 4.425704874773720432e-01 2.143389685326422822e-01 2.570704096755626611e-01 1.690621485423141335e-01 1.883927009894711124e-01
6.583078259813550659e-01 8.166736286480361651e-01 7.662334576152782795e-01 7.014227035592041082e-01 6.168164398691062811e-01 9.033047111611406388e-01 9.704149632788086066e-01 8.229813311288425304e-01 7.026032250974534321e-01 7.879688826255766276e-01 7.010575249699029232e-01 7.764532782184625503e-01 8.405581077761152820e-01 8.163974250730574589e-01 8.389212171343989333e-01
6.391461000795398695e-01 4.451518276454233258e-01 3.340264976311960732e-01 3.911732286648403889e-01 5.865894591146041392e-01 5.573018352330407765e-01 5.721503580584894610e-01 5.646200698707573018e-01 4.419871429482051806e-01 4.897981462882892156e-01 6.821374512288369552e-01 6.832357157121683455e-01 5.335036185072463688e-01 7.564157621239775420e-01 4.239132772845795039e-01
2.382861701643650409e-01 4.742134411084794055e-01 4.797162502891302305e-01 3.867810332620919556e-01 1.765733249730730425e-01 3.574822560442892372e-01 4.072338667118579614e-01 4.049189073783325821e-01 3.656745595932168746e-01 4.025569068553216945e-01 4.357250645923584353e-01 2.674039828281287168e-01 3.060504092727381886e-01 3.698075383268701333e-01 4.409009992794953314e-01
1.470733249711330404e-01 2.727776492106490647e-01 1.741761108778358547e-01 1.733836821201305278e-01 2.767212846841388130e-01 1.463708197002277500e-01 1.446355838656130932e-01 2.348741947481188252e-01 2.338850065527783850e-01 8.763352847490275821e-02 2.461677517491353273e-01 1.464157356973496138e-01 2.579934558510009746e-01 8.605198891060020228e-02 1.099843394354954873e-01
3.710714877821659208e-01 7.107737510111802326e-01 6.717488667414941439e-01 6.084700558958729966e-01 3.693081769749718135e-01 4.769509175572099746e-01 5.802561564476262923e-01 6.318757976391906617e-01 5.795293289672722725e-01 4.872627631404476412e-01 6.471192597946128222e-01 3.710332958642323931e-01 5.473786284616389830e-01 4.390657833639913243e-01 5.804344498703233324e-01
7.130849656411279991e-01 8.178294156509645640e-01 7.468545638096653061e-01 7.061806905770582343e-01 6.659519493590621009e-01 8.539528199710575418e-01 9.115595878967058807e-01 8.577494567788268576e-01 7.170714962072293197e-01 8.165635245843257950e-01 7.316499965675246075e-01 7.381619700613127888e-01 7.946159248487449922e-01 8.151754150489674000e-01 8.684024272291468449e-01
6.516625257217557587e-01 6.070407088312069765e-01 5.995334257409177248e-01 5.756895102052855817e-01 4.309559876548542112e-01 7.450524802044796724e-01 7.844940468675415390e-01 6.861030168401410778e-01 5.620032236527374714e-01 7.649301607323941710e-01 6.532187877435156054e-01 7.297310021948008041e-01 5.958781749844120901e-01 8.457655973509503600e-01 7.422965474914057227e-01
9.806766836460182324e-01 9.964355102384521157e-01 9.987629749573434523e-01 1.017829247755196231e+00 9.813339135822390924e-01 1.025776815592465585e+00 9.991047340062251259e-01 9.775694348998293925e-01 1.002981864869868733e+00 9.829931933218389872e-01 1.009583463225304900e+00 9.548969603361152636e-01 9.855831052047737684e-01 1.015709283265169738e+00 1.010815295887296461e+00
1.567746828459548880e-01 2.860907667724750802e-01 1.475985787359078705e-01 1.860366665161427013e-01 2.650783343918321489e-01 1.705252598289573873e-01 1.769914922799870061e-01 1.986858046036007741e-01 2.344942005158933418e-01 7.743594391829189405e-02 2.317417561129834769e-01 1.170421661993334972e-01 2.282490453940783093e-01 9.785913449133512576e-02 1.413602970089564703e-01
7.818520314405785765e-01 8.860783846439549416e-01 7.831539144679674491e-01 7.229628996985798528e-01 6.686280035320290027e-01 8.521484854100553896e-01 9.546571450036406281e-01 9.019497792320850804e-01 7.439781041379986970e-01 8.162601238663834691e-01 9.054511079003282337e-01 8.790994323804779409e-01 8.613987343607412139e-01 9.512653073988929231e-01 8.472040563208990127e-01
1.997070810366914917e-01 4.618600986972968281e-01 5.148640218040967387e-01 3.477271076453725129e-01 1.674336825882399293e-01 3.299450290191053847e-01 4.062015060651999465e-01 4.127068012027197419e-01 3.527200448085361928e-01 4.082990052462387998e-01 4.113260940852593306e-01 2.416984781327750076e-01 3.060331969547400721e-01 4.260164732376306995e-01 4.572277431434510486e-01
2.057746572724244438e-01 4.645721612454593585e-01 5.282629234522194794e-01 3.537594929872442950e-01 1.580561517270184235e-01 3.357579610351562049e-01 4.400525972192033120e-01 4.084060625259056110e-01 3.615512764171200932e-01 4.196119252660716059e-01 4.375190735087531868e-01 2.529987854435046257e-01 2.711342283867896885e-01 4.050149927180324294e-01 4.694191412250994233e-01
7.744538728231539770e-02 3.410165775187405657e-02 8.055674433546246294e-03 4.014021450038000177e-02 3.809944207442139685e-02 -2.917924864688490119e-02 3.012365114465442167e-02 7.287591708793894618e-02 3.096857232808780669e-02 4.514025848339718594e-02 2.016947111298272588e-01 6.089677847286700807e-02 3.148573648155104238e-02 1.028057725918343074e-01 5.727862845610576931e-02
7.034616368666750663e-01 3.547552254065874933e-01 3.491370158388772960e-01 5.270155826400380050e-01 5.947446514239657089e-01 5.242585104585948397e-01 4.379231175757584693e-01 4.697810782098727489e-01 4.421779515059843235e-01 5.493038479084475512e-01 5.019437061808210698e-01 7.064561558594424362e-01 4.752275784567049355e-01 7.401097907016740418e-01 4.785350505790170184e-01
9.028550418894077945e-01 9.616989007422871438e-01 9.639957802843337475e-01 9.677772195996663385e-01 9.680189160106006385e-01 9.791227926097088030e-01 9.881787942690181126e-01 9.467368716669898321e-01 9.758172314244980550e-01 9.419875598743456813e-01 8.252029609895650264e-01 9.213002609327192172e-01 9.503654463815981446e-01 8.833329333512945913e-01 9.842422752553877663e-01
2.722751161214480298e-02 -1.778358094828106500e-02 1.586209860941672004e-02 -7.026947088388388156e-03 -1.567738121405120449e-02 -1.403168041211324754e-02 -1.586325793987341387e-02 -5.867411936561792857e-03 -7.084466521858246921e-03 -5.706537537066235476e-03 2.406536373425394171e-02 -2.228520580474109645e-03 -1.548512178725991190e-03 1.842837194635524008e-03 1.930418660804603809e-02
6.193157733314325064e-01 5.753808447153796468e-01 6.376052536463606701e-01 5.452896467559549265e-01 4.799300318919313968e-01 7.725929738074799324e-01 7.812962321803200716e-01 6.903654042709852501e-01 5.523979920781617592e-01 7.578736552961065076e-01 6.819403656426664684e-01 7.374751270014855420e-01 5.806435702187076053e-01 9.100543895756202373e-01 7.322905100564864878e-01
8.924351700226919037e-01 5.998917563178478574e-01 5.480703170693433934e-01 6.873214768285982323e-01 8.904262952938234443e-01 6.734398270232566652e-01 6.297601936895932395e-01 6.755743114532479776e-01 6.591529483251740151e-01 6.850384986099382623e-01 7.708654572978546060e-01 8.381206403039666020e-01 7.404257808425579457e-01 7.413242012583992624e-01 5.851195053225738407e-01
6.130965479569646659e-01 8.478103636093402562e-01 9.077149884240611755e-01 8.235286535953669773e-01 6.644378012732568006e-01 6.358210741557365209e-01 6.360106729327761332e-01 7.120135196753624163e-01 8.345495528392748996e-01 6.434160758357941878e-01 7.265532256011393297e-01 5.187996709797784156e-01 6.955823633951540019e-01 4.964944141404210587e-01 7.462970705148199713e-01
7.603171357256508500e-01 8.822570811263484858e-01 8.029467199975551805e-01 6.972019927533802397e-01 6.766572590196199277e-01 8.950596761356807152e-01 9.760038875349629217e-01 8.737634066022942347e-01 7.792512100185710056e-01 8.637324672519303137e-01 8.717075113971303191e-01 8.287510956649639660e-01 8.602001385728346161e-01 9.619374672214657807e-01 8.736452970279807717e-01
2.102321038080588733e-01 1.331992345274694012e-01 2.159106184296454845e-01 2.778798893256912983e-01 2.776197806774606258e-01 1.352736782481694378e-01 7.040296363903192356e-02 6.297700977135864409e-02 2.603701232957171263e-01 1.622137678069597855e-01 9.821703649975849215e-02 1.451664792238439583e-01 1.696540242013662436e-01 6.829436688866588612e-02 1.550012169223621838e-01
6.614564150199969683e-01 6.152375491435692068e-01 6.106172813771649777e-01 5.440360445489473840e-01 4.501252215897925679e-01 7.138327102083138476e-01 7.471844877908090377e-01 6.987099568085524126e-01 5.181980397297052399e-01 7.803812747548657391e-01 6.153702942361276573e-01 7.141928776050298078e-01 5.886760281123264438e-01 8.944425211877152782e-01 7.282172163211635407e-01
4.560940439783641165e-01 5.498365844501451605e-01 7.272138067657454297e-01 6.205701005664314707e-01 4.256725345091293966e-01 4.666382173580003179e-01 4.770807780673178566e-01 4.946684138682891918e-01 5.949188574658056394e-01 5.674758226277164530e-01 5.109426993387733429e-01 3.821098811243668902e-01 4.712575657657815387e-01 4.237153866152198467e-01 6.279810850046179116e-01
3.142177396408332157e-01 1.574197641686603255e-01 2.347432548780656325e-01 3.091963054380029718e-01 3.153706779332043353e-01 1.067875276920060013e-01 6.481492417491285796e-02 1.855371489921322226e-01 2.802729214727610052e-01 1.873974501489735489e-01 3.010014710122088655e-01 2.255119703622606164e-01 2.144698685033679941e-01 2.042750349795247888e-01 2.114170164141664920e-01
1.500024778590177132e-01 4.181402017729954901e-01 4.724084703526273965e-01 3.248601613555501810e-01 1.152592647667672054e-01 2.971091059149313929e-01 3.919951093894628591e-01 3.377654516220969239e-01 3.089255372613660122e-01 3.299133554541846536e-01 2.261540524028371191e-01 1.819985234991031431e-01 2.465388605105053033e-01 2.613780608961485674e-01 3.954541869339938120e-01
8.259378281355853613e-01 5.656246841915468782e-01 5.187988326187626953e-01 6.849536547720995738e-01 8.861976369811828125e-01 6.950092713325635163e-01 6.292530726509848460e-01 6.584421685273331715e-01 6.739975778357373271e-01 6.498833641063311850e-01 7.270245809352364752e-01 8.307390261529211672e-01 7.554226259112903907e-01 7.706311840419235448e-01 5.770346372000918489e-01
3.541806734771340559e-01 7.532612885836975636e-01 7.136835376089767369e-01 5.360204429565011974e-01 3.813620574453671641e-01 5.109761483361631162e-01 5.991396223788404418e-01 6.444000360352288848e-01 5.877287060825360232e-01 4.677705075670553492e-01 6.622514362679532418e-01 4.004347259397801895e-01 5.702082767164028398e-01 4.690968228703852327e-01 5.790469769268843381e-01
8.533470929364737056e-01 5.663966717501640602e-01 5.518093331353232101e-01 7.039519412151776789e-01 8.637304132999763517e-01 6.824477216236434218e-01 6.068276641696812579e-01 6.753788730745505786e-01 7.035045469592605683e-01 6.395124075218509008e-01 7.424472462746561918e-01 8.067680402262354944e-01 7.386453535422794481e-01 7.759988520295376668e-01 5.750000275439826058e-01
6.177606413256249152e-01 4.956040461442879907e-01 3.226337861606628499e-01 3.846710617828840162e-01 5.932265161114440577e-01 5.754672010088033307e-01 5.877226218860505114e-01 5.418797329541028551e-01 4.368248371564868449e-01 4.869687596121803908e-01 6.782189902564761397e-01 6.811447596921770264e-01 5.281283293435229398e-01 6.717078334480006685e-01 4.626463243720105867e-01
7.093721220977377007e-01 8.399306225430572814e-01 7.592038292709675229e-01 7.028448933712418967e-01 6.664819190162275531e-01 8.520979276689093496e-01 9.302952420045296211e-01 8.500367699336996985e-01 7.431412714516917317e-01 7.788121043877378469e-01 7.367921587331760502e-01 7.861527024814772835e-01 8.390914529169830605e-01 8.159620333040862317e-01 8.339104101895256083e-01
6.183037461031531956e-01 5.913126213174965118e-01 6.141142808013865251e-01 5.804539896635009244e-01 4.497744359902722810e-01 7.388031756286382867e-01 7.798952183273535343e-01 6.736779331657204439e-01 5.567379985325205949e-01 7.776304882735990409e-01 6.490535791531664156e-01 7.169826160134109561e-01 5.616660110501879855e-01 8.901077690286902655e-01 7.277812575456158450e-01
5.440141836777694362e-01 4.126498378960626323e-01 2.866902480405389975e-01 3.693333573546160320e-01 5.588816907983693572e-01 5.201089245190354537e-01 5.439179504527725806e-01 4.838769254676956733e-01 3.904779532612824289e-01 4.529153386759143252e-01 4.692225813461202155e-01 6.211046231738686085e-01 5.345931447377082479e-01 5.633543150384838771e-01 3.761420935617647565e-01
4.445663399888475920e-01 5.970394060590654695e-01 7.145352415684738112e-01 6.443542634035170913e-01 5.042709770204564235e-01 4.403883741086132564e-01 4.796096664810770016e-01 4.678593449044146091e-01 5.638113850856268927e-01 5.550713702988003817e-01 5.151033628376641138e-01 3.589373299020705010e-01 4.083185619232104768e-01 4.346225729301719243e-01 5.853428057001965890e-01
3.479423258159759502e-01 4.040107231484168504e-01 3.699729963936004284e-01 4.098548593121035810e-01 5.575928388750295284e-01 2.523109987259239406e-01 2.128612381467154813e-01 3.216449657898706183e-01 4.758977115973272443e-01 2.016024154578507643e-01 3.593666765494607507e-01 2.354039144539310513e-01 4.065089074887814902e-01 8.735710301210812545e-02 2.364483103028811040e-01
3.348025381560775782e-01 5.489861119731738182e-01 6.753529718313996399e-01 5.739060896065248940e-01 3.870610858338240923e-01 4.245409717994141352e-01 4.421513585859710438e-01 4.103483816044112831e-01 5.540521926627453020e-01 5.306152309251970234e-01 3.085704067200938927e-01 3.626936025912888550e-01 4.389424305715863284e-01 3.250316023432075485e-01 5.430660547995775911e-01
5.468828198819154496e-01 3.966861823132640241e-01 2.510355353366536812e-01 3.765352722174467592e-01 5.481990166614697513e-01 5.415441202737284465e-01 5.024819027066240729e-01 5.162209228670806560e-01 3.903182060195070080e-01 4.534521399110790219e-01 4.999689566273744501e-01 5.848119901553954225e-01 5.301615060235156385e-01 5.727521382116984583e-01 4.222846618650378803e-01
3.227710284817362774e-01 6.840158812296061042e-01 6.131672113841843963e-01 4.521777657020144003e-01 3.890467600417036320e-01 4.186230850647931767e-01 5.888112048538927112e-01 5.791395229603610861e-01 5.464869458908628852e-01 4.361791931031674396e-01 4.442487809619286576e-01 3.085513132313315032e-01 5.560337829323329650e-01 3.315227235507149373e-01 5.312080167956161336e-01
2.207050034069149014e-01 7.645886547967507829e-02 1.891806015970622645e-01 2.229217844672845561e-01 3.127823150158421384e-01 9.134323924153393837e-02 7.396661585519657967e-02 1.293091189134323860e-01 2.245280878214586662e-01 1.154871306664736891e-01 9.359138025268257111e-02 1.529711311762478043e-01 1.412251350552560791e-01 1.132471154587103013e-02 1.622805625836055976e-01
8.495470687155021183e-01 5.574635774889713513e-01 5.539484788919807334e-01 7.034560167471903824e-01 8.608683865243635935e-01 6.641606804946906806e-01 6.567876173785189842e-01 6.417110216337483797e-01 6.834317887385022994e-01 6.508984662086392259e-01 7.468827472577697080e-01 8.003109305414016772e-01 7.541072390797237679e-01 7.689375875600218402e-01 5.834996642747551920e-01
7.325115292240421683e-01 6.448837359325536589e-01 7.648963088934418453e-01 7.705362932330260817e-01 6.885757136960840574e-01 8.252957504544425893e-01 7.994271942630261085e-01 6.866354666883623947e-01 7.570241590422459588e-01 8.988905523360841698e-01 6.084537486066751155e-01 8.118282508373469986e-01 7.148506778344961843e-01 7.942035512521101737e-01 8.399447393131408424e-01
6.148742823286986736e-01 6.401799635112102038e-01 6.413055114409684787e-01 5.653720839350578897e-01 4.514525220159910646e-01 7.275842592093467731e-01 7.820036436388292378e-01 6.604021475492352078e-01 5.378926630824649724e-01 8.210323174591299678e-01 6.403309059049391294e-01 7.014957330000676228e-01 5.720408562139461806e-01 8.956435494066539160e-01 7.517088518748040737e-01
2.408706249848397984e-01 3.136886237209670636e-01 2.017219868150854356e-01 1.975448888387231761e-01 2.918959001057944147e-01 1.599763306383670258e-01 2.112487653639555651e-01 2.864528805838441605e-01 2.489039421157517029e-01 1.786079994355401768e-01 4.555800373983242002e-01 2.225272458940429909e-01 2.333060230154098136e-01 2.081291659926356452e-01 1.810958880767020163e-01
7.472131837738839044e-01 5.216406041468200083e-01 5.143187274207211557e-01 6.527449797792047592e-01 8.484003625840688123e-01 6.679322378988179487e-01 5.781376057380399613e-01 6.109797750304936104e-01 6.330117705531567163e-01 5.798362251956392655e-01 5.634416615970730957e-01 7.219734552210903544e-01 6.785629342220934612e-01 6.356806421261467221e-01 5.204537955207915179e-01
5.336094269962390335e-01 5.985625048996273678e-01 5.536704846511047995e-01 5.293944653607252082e-01 4.449116301090141334e-01 7.389858517769771762e-01 7.614364038962802006e-01 6.109931907239118942e-01 4.999590471377897138e-01 7.568151633461843719e-01 4.617767632424984448e-01 6.503018497721233526e-01 5.564113845686348148e-01 7.771324254555109778e-01 6.773715884450965952e-01
3.029966001736307257e-01 6.688961312410538484e-01 6.547986261703370170e-01 4.940789374173472082e-01 3.837520067319857286e-01 4.756400343602893432e-01 5.771432424460632982e-01 5.471502132547144681e-01 5.387390598635624084e-01 4.165135548696105028e-01 4.645702745722687377e-01 3.468106330605009724e-01 5.513831376918251204e-01 3.551763482706541408e-01 5.723259288352118279e-01
9.494685945144828998e-02 5.422094689420081659e-02 9.801457123130588589e-03 5.045882707704350129e-02 4.718231515375982676e-02 3.365995505237988350e-02 -1.004922281636840692e-03 6.926406921321098809e-02 3.177310737511102740e-02 7.252716722785931824e-02 1.675046236727316395e-01 7.217472514204782696e-02 3.433948785973264112e-02 1.229722126604981536e-01 6.878173925427223667e-02
3.542493826650023325e-01 3.777683109003714956e-01 4.035301834505061191e-01 4.215229831238027636e-01 5.736608226631800811e-01 2.527906245836958332e-01 2.401898094913680060e-01 3.225955850697753147e-01 4.254521765648459075e-01 2.229217574237333521e-01 3.260900536326512555e-01 2.805605415333348729e-01 3.978015329490643404e-01 1.424284200527543565e-01 2.552966761168178889e-01
1.765218825570999128e-01 2.471756148045109180e-01 1.739780828758823727e-01 1.696375738179730364e-01 2.532222967617770437e-01 1.571577122256201109e-01 1.795716212584947680e-01 2.347748956548573185e-01 2.263306781181194383e-01 6.037437813282509058e-02 2.279468888922192571e-01 9.963135628147760936e-02 2.487354510879783154e-01 5.229409895689720450e-02 1.212606777854397661e-01
6.240004243768283443e-01 2.551498674652806220e-01 2.931395632806096385e-01 4.372199717498543303e-01 5.705915224369890737e-01 5.324152722903279233e-01 4.192062247720037549e-01 3.656139947925549638e-01 4.336807506979937221e-01 5.353121890380261316e-01 3.611230571555563706e-01 5.858483574186799103e-01 4.943141924637281526e-01 5.475895921406220834e-01 4.074373551369256941e-01
4.595913893082072543e-01 6.025557436767311481e-01 7.273716742436007188e-01 6.696831482187964868e-01 4.587639162070767940e-01 4.444387454839038298e-01 4.550430825940472990e-01 4.938665218661653089e-01 6.122542377501383193e-01 5.394910509391438458e-01 5.459393105391828760e-01 4.110267876712845880e-01 4.635570683021869587e-01 4.368664813570227734e-01 5.827156533864192856e-01
7.565793445281551177e-01 8.760722450652425053e-01 8.274785046042674175e-01 7.320220428578965155e-01 7.112317964143288762e-01 8.637868900953894480e-01 9.410450562962496823e-01 9.135289866159325145e-01 7.438187482319565946e-01 9.033889105446368806e-01 9.137897367340929167e-01 8.472880581908353026e-01 8.452343252405983831e-01 9.617882470768073233e-01 8.392153451803643360e-01
5.224171817107503557e-01 7.821451537628238970e-01 8.415293136834157695e-01 8.042411448066062452e-01 7.219784212209094942e-01 5.396349536202135200e-01 6.462646417328942183e-01 6.613940044934936147e-01 7.927782448155495931e-01 5.205310482473808342e-01 5.747012672374621767e-01 4.507993820320367329e-01 6.920137006769970789e-01 3.757629605719868260e-01 6.898433457275547909e-01
2.043190235933123045e-01 2.994932806695593253e-01 2.234108605108028889e-01 2.318935550272371859e-01 2.857629499132519624e-01 1.514306789976642420e-01 2.082730510008679869e-01 2.975676834127599646e-01 2.471046217567063608e-01 1.190693321816556349e-01 3.884411064245255618e-01 2.226669793587221224e-01 2.687443687135104842e-01 1.490545762776048777e-01 1.748993189044865393e-01
8.205528205683798593e-01 9.196787071867229546e-01 8.337941624941800356e-01 7.753655883538619342e-01 7.276701510966270270e-01 9.294409332371768029e-01 9.825373127593086675e-01 8.936185576075399428e-01 7.726760927848502769e-01 8.107167731490934059e-01 8.866357316801031230e-01 8.610351325941958400e-01 8.342659484520535962e-01 9.590405782810579316e-01 8.726068507540293284e-01
3.871067785745000989e-01 5.343478638244250067e-01 6.745774059001165002e-01 6.009412854984558239e-01 4.253019679334681946e-01 4.700801148423472409e-01 4.478124800966903352e-01 4.683416099934735732e-01 5.580369552132482536e-01 4.946460892837304391e-01 3.454999341364373699e-01 3.364474945556004681e-01 4.379683583575052497e-01 3.322425254251378246e-01 6.014492384795800950e-01
6.637865823915254371e-01 2.689188186005226910e-01 3.288058093891863543e-01 4.518374712495388801e-01 6.122212807636294718e-01 5.228668299446765921e-01 4.071311332728678734e-01 3.779826878626541542e-01 4.083859592762870139e-01 4.892530446594330895e-01 3.215194378778780671e-01 6.312867468254034220e-01 4.503383909372365435e-01 5.472302490105492856e-01 3.965162548456191427e-01
8.595672823533410944e-02 5.541570912180752984e-02 1.366201754572477292e-02 7.094855201230190755e-02 4.511450981183895426e-02 1.979634620500841588e-02 5.364979810882279654e-02 4.988340781230969634e-02 6.893268819643866285e-02 2.408866101719150249e-02 1.705752097215710861e-01 4.243757485783189454e-02 1.845078915421367871e-02 1.453328486267503050e-01 4.110889692585624478e-02
4.468894903783206529e-01 4.667814707462536461e-01 4.044495174163318940e-01 5.076729832415367571e-01 6.024795856076108347e-01 2.682244315569441984e-01 2.484307614243092821e-01 3.761120297439145554e-01 5.147715202837639392e-01 2.804973278813348569e-01 5.041561835060013319e-01 3.497670588064623054e-01 4.158081039568690129e-01 2.483467396216886836e-01 3.185757612584050880e-01
2.744181311867370798e-01 6.922152314624253622e-01 6.398960248306048149e-01 4.759927356401020826e-01 3.666484879497655114e-01 4.885926435109286814e-01 5.500106032258774702e-01 6.121148753848854041e-01 5.357054773668042946e-01 4.229012857331621578e-01 4.602379371482118176e-01 2.869758851523045995e-01 5.088279016513853614e-01 3.314499424207622003e-01 5.857694775074832050e-01
4.392841438816421085e-01 4.647981618978910268e-01 4.032075053787113061e-01 4.686340365972959665e-01 6.089967340826435427e-01 2.673308083008207325e-01 2.689738304358972876e-01 3.961742333010652151e-01 5.125471442888140938e-01 3.047126411274762026e-01 4.915303163678040321e-01 3.685957194969128881e-01 4.141053903817156767e-01 2.261329488350740935e-01 3.624117255346618882e-01
4.322753427721609532e-01 4.478377963448297860e-01 4.339115978662059225e-01 5.052416069119487485e-01 5.875972156910752586e-01 2.810167003659559404e-01 2.510022302432565189e-01 4.040011338283570064e-01 4.646177431217990428e-01 2.751750397879458854e-01 5.235388398979334834e-01 3.217299301983704285e-01 4.304840882633226284e-01 2.418917114032544113e-01 2.937779149757147046e-01
7.115709069565641087e-01 3.233461766864249021e-01 3.472460095763766907e-01 4.598761458769469734e-01 6.534733030409184407e-01 5.690870411743309543e-01 4.246284602795468155e-01 4.427202003570388511e-01 4.683341337224215528e-01 5.547078267110323591e-01 5.426843494060490380e-01 6.226143862872858259e-01 4.778114315804517509e-01 7.059826231520570650e-01 4.803298723371554613e-01
-2.881585010993436766e-02 -2.003085868133161473e-02 -9.752238342531993967e-03 3.346048929847856429e-02 -4.145277461326656726e-03 -1.841900107230814293e-02 -3.057008964021471625e-02 -2.865642845636405360e-03 1.818245222301324501e-02 1.908507691663253666e-02 -2.832812081314113259e-02 -1.713763981448362256e-02 -2.782932849183194710e-02 2.455573754446336784e-02 1.532965858952916455e-02
2.530156496098538987e-01 6.983528506114616841e-01 6.371605001690301417e-01 5.186973501812478515e-01 3.721459209996849093e-01 4.997425572830639928e-01 5.480644881911443944e-01 5.835888100029756886e-01 5.175141833261116542e-01 4.202589044775578153e-01 4.654871186976468067e-01 3.173445461297689230e-01 5.160116970009578363e-01 2.984491431021829566e-01 5.290864117426961055e-01
2.084666668782496068e-01 7.597549517283835874e-02 1.996299056508734626e-01 2.665538044067750079e-01 2.902114483310710424e-01 8.582189437826830136e-02 5.060505826628408643e-02 1.387800618524677454e-01 2.458320969815153134e-01 1.319005475795496374e-01 1.230102089039427637e-01 1.252080970689675998e-01 1.243728175097125466e-01 2.927724897661639764e-02 1.481829668442969927e-01
4.038972424287632923e-01 1.650175810859420833e-01 1.132058390882682286e-01 1.922090164278372759e-01 2.691918155725658846e-01 4.199320416054777572e-01 3.432130375879449136e-01 2.872596209016397562e-01 1.686718582180590786e-01 3.703356324078480033e-01 2.383416775784727992e-01 4.332955088267089749e-01 2.677807043246995811e-01 5.276287665411477645e-01 2.926004015914048240e-01
6.509423341752280656e-01 6.377609392869009186e-01 6.183174458926391504e-01 5.546219385929939127e-01 4.314634186760336609e-01 7.751156893020485494e-01 7.871319379383949766e-01 6.466124741748279225e-01 5.030285051317293643e-01 7.798198780534550956e-01 6.290635348092281642e-01 7.385862936075754392e-01 6.115229599476240674e-01 8.779056287623288046e-01 7.293531474883219179e-01
2.231404849342988328e-01 2.902859125110714977e-01 2.417888914626478702e-01 1.986398182248548527e-01 2.865329154951047341e-01 1.818194078749639786e-01 2.099584420943719221e-01 2.953846807278461828e-01 2.895804691716918899e-01 1.401729242671015119e-01 4.013764609023127705e-01 2.149930298618980273e-01 2.453713972686472067e-01 2.065250041345609855e-01 1.404103549961317476e-01
4.417280935188053204e-01 4.495138956413140541e-01 4.383853587183479950e-01 5.076838713059668162e-01 5.774409195073315626e-01 2.601085647524766231e-01 2.892497769404426822e-01 3.999245169657119070e-01 4.677619794224198713e-01 3.226418887604730057e-01 5.110150978916516706e-01 3.483507537531457809e-01 4.371658991203847267e-01 2.399823340939384597e-01 3.023252755777088296e-01
6.577777466585190691e-01 4.890926920297418157e-01 3.267399757914143388e-01 3.992530163378570363e-01 6.013997141889964038e-01 5.416310676211824049e-01 5.311032301730089777e-01 5.301418755983319242e-01 4.196904318402735479e-01 5.368535790462997115e-01 6.773217004845976108e-01 6.655926439963580910e-01 5.772449630238483120e-01 6.784521729119362687e-01 4.114701690393626210e-01
4.480247643060417118e-01 5.575377890200343689e-01 6.988220194669132468e-01 6.860765391944113611e-01 4.447649343978733461e-01 4.445240217006592998e-01 4.477594980604423514e-01 5.117668665653242188e-01 5.787316500867526470e-01 5.501694755548797167e-01 5.286316147371492580e-01 4.021419565432959309e-01 4.593274112195257497e-01 4.468417215324708147e-01 5.946934954008319396e-01
1.249303513962462253e-01 2.780799622596146214e-01 1.621660066843866599e-01 1.445238002309230108e-01 2.460450829645288995e-01 1.392194051254483644e-01 1.830055751009665443e-01 2.288713299323175965e-01 2.375973206514488956e-01 6.066576089306992964e-02 2.270861029957949861e-01 1.131600907164715675e-01 2.857548201875127480e-01 9.084650704397687071e-02 1.701072847895737372e-01
8.753918656297797751e-01 5.982534072203654629e-01 5.068784605336261739e-01 6.777612806237592880e-01 8.994611547888609060e-01 6.575550570152762786e-01 6.061719736589400442e-01 6.608803678638182078e-01 6.536352941787449966e-01 6.832485716727318970e-01 7.560624312967891836e-01 8.171965286798065220e-01 7.027248582513109243e-01 7.868451642488341058e-01 5.954558938787117839e-01
3.819314607833358410e-01 7.462475725047904573e-01 6.794167297771150915e-01 5.446115626670803289e-01 4.386481673123653335e-01 4.768800986689338273e-01 6.093276323220516710e-01 6.740960671222562262e-01 5.687435832323678442e-01 4.512070799789129061e-01 6.893504378591143178e-01 3.688752643637771556e-01 5.370384345966786599e-01 4.407962314940598869e-01 5.964071629408449482e-01
3.778695855735842990e-01 3.744191177561189132e-01 4.058622881604079247e-01 3.975615659436289029e-01 5.315999279649924469e-01 2.370268610523849073e-01 2.217082838741996909e-01 3.365745220320390807e-01 4.684481007557873000e-01 2.215362441080531986e-01 3.310853364623485562e-01 2.761610990329390614e-01 4.664998256608705041e-01 9.748949185800862005e-02 2.814866832353016823e-01
1.265050259041876901e-01 4.065296687759319960e-01 4.911350176963142355e-01 3.387947384597984612e-01 9.568249859013241987e-02 3.140060352696934509e-01 3.689040131729697247e-01 3.588635565993087417e-01 3.349882683289290286e-01 3.467216264632931866e-01 2.515839613101409356e-01 2.000112440251595458e-01 2.445412778807215803e-01 2.438104293613235773e-01 4.415326651294114169e-01
6.969609371265987896e-01 2.902004831163609855e-01 3.224169454692096259e-01 5.122009656377584097e-01 6.124125127232477039e-01 5.500673008754167759e-01 4.363121123760510534e-01 4.060528212538491166e-01 4.366186212856693061e-01 5.541272506269503406e-01 5.285167944845701182e-01 6.929722797811783686e-01 4.533898430301889215e-01 7.147599774477444434e-01 4.551783068667336618e-01
6.234857394814901088e-01 6.486034226679228132e-01 6.002700005956076446e-01 5.624494539638181800e-01 4.594683962411379441e-01 7.718030435648097765e-01 7.614076787804622271e-01 6.619681504342763700e-01 5.229622398782721726e-01 7.484783712054294824e-01 6.841737530856709659e-01 7.226852910402692398e-01 5.980728102556075454e-01 8.704743161778412119e-01 6.945191765963029118e-01
7.865109668866598902e-01 5.534550136595690617e-01 4.822247015076823740e-01 6.176196656865965418e-01 8.637220595268298995e-01 6.855559818125228633e-01 5.486833638162361693e-01 6.135124380831931123e-01 6.590071394035252883e-01 5.646664701766146433e-01 5.656099139670076603e-01 7.299332665992116498e-01 7.118747227127651955e-01 6.110267627074463803e-01 5.453637612441935012e-01
7.682925934824335057e-01 5.391770444309931243e-01 4.974759724496393698e-01 6.123511103140464318e-01 8.531903704399136368e-01 6.684473227245881777e-01 5.759475578170737409e-01 6.233037834344813399e-01 6.450370393266269264e-01 6.058289568802340819e-01 5.419853648132529900e-01 7.639682428805718573e-01 7.193331841801015036e-01 6.029086207171860945e-01 5.314421877946351458e-01
8.091577018376940877e-01 9.221192428400706298e-01 7.586347573221500218e-01 7.442882308389613399e-01 7.094115706856934933e-01 8.892726928260035191e-01 9.300686445548349557e-01 9.112793314350491336e-01 7.790326947828870585e-01 8.184680228955663051e-01 8.946341601264007348e-01 8.064837857420834588e-01 8.260247072818203140e-01 9.790184600542531923e-01 8.395334063908518329e-01
3.407555547913863614e-01 6.422195861832447061e-01 6.383694976124376641e-01 5.066201801017268247e-01 3.855206076535849236e-01 4.909699166034393603e-01 5.394498278533775837e-01 5.767883336408403672e-01 5.642173334494966497e-01 4.269962004213401774e-01 4.577695065118877471e-01 3.192112061954540669e-01 5.283629433243959284e-01 3.300591382049982148e-01 5.614520987870372792e-01
4.906897651422305051e-01 4.274750139619274969e-01 4.034703900867492310e-01 4.736919951181840505e-01 6.074817911038604690e-01 2.709012154375484704e-01 2.417601229516075922e-01 4.186082909140557140e-01 5.234291137855588971e-01 2.934841775859019508e-01 5.306261755708129302e-01 3.268896594167035041e-01 4.061067374157809051e-01 2.629557892942224750e-01 2.983443930011148715e-01
7.722420490258335990e-01 8.699690454148951702e-01 7.799318685855261002e-01 7.385905481054834132e-01 7.008315058566496614e-01 9.211476893824924739e-01 9.505281547713394508e-01 8.874594556955226476e-01 7.340634332837683296e-01 8.473466507789962909e-01 9.062648544472179379e-01 8.254283571380593987e-01 8.442510172859986062e-01 9.321177336202788322e-01 8.535440064108661407e-01
6.399816008382124277e-01 4.773473303940076184e-01 3.029995451955012076e-01 4.062965865308892921e-01 5.904280347151715791e-01 5.741551600701703117e-01 6.068696964171483854e-01 5.594608029424974482e-01 4.621395791487273308e-01 4.955365343238328224e-01 6.501701405203688111e-01 6.645523572755126507e-01 5.364861336658858226e-01 7.219419381584836204e-01 4.364826758712465615e-01
2.921495675316848062e-01 1.940233983459743183e-01 2.663649056389982839e-01 2.677915925852112355e-01 3.710357447751506665e-01 1.041477839896794433e-01 8.878401777325946320e-02 1.460829348805699479e-01 2.824080715749995862e-01 1.719569940398225638e-01 2.970216501400768649e-01 1.852102910137521097e-01 1.657940706481346171e-01 2.008181705613717172e-01 1.944274106607987440e-01
2.878387135193264945e-01 6.582971708993432536e-01 6.172586083948705671e-01 4.854243570783435269e-01 3.965384180829809591e-01 4.606324099207166900e-01 5.644649620241983801e-01 5.963427188146073199e-01 5.279241477420516526e-01 4.133618839484523577e-01 4.499953088126084633e-01 3.086734943345037507e-01 5.399851562370515667e-01 2.997871641665050269e-01 5.279552139343914874e-01
9.147096021660723608e-02 4.179393061156945477e-02 1.750575043888120616e-02 3.823191879934590559e-02 5.292760025332085561e-02 3.777194478885576023e-02 -2.012346740558247984e-02 8.086262424113625780e-02 2.381733938602081935e-02 3.387284779537132889e-02 1.819402410848898477e-01 3.169785067863398892e-02 -1.910807783165134610e-02 1.321791803351766159e-01 4.547608069673862718e-02
3.539132416011016580e-01 3.789934825602936375e-01 3.909641653086807778e-01 4.282031280143458463e-01 5.576725666386681546e-01 2.549765784647154421e-01 2.378210746491009331e-01 3.469089122128480307e-01 4.958970691660641306e-01 2.309336048708441336e-01 3.127044421718189193e-01 2.790740015100072191e-01 3.985476888670250739e-01 8.458020102257560180e-02 2.541753537257800954e-01
8.899553953705243714e-01 9.276306747367679684e-01 9.854562419540682239e-01 9.414562668573930315e-01 9.988044141911411877e-01 1.014301903448614262e+00 9.844190996050092846e-01 9.400638168613278944e-01 9.506757170054528361e-01 9.326861416723057907e-01 8.071825187816016323e-01 9.341465854812833758e-01 9.963957203050995970e-01 8.605179890920796604e-01 9.825933296099365055e-01
8.698032877968596699e-01 5.773993760991193991e-01 5.158264515556675311e-01 6.524216021007992472e-01 8.787839643864907568e-01 6.688813571078136011e-01 6.345396955638792358e-01 6.838330792284381676e-01 6.670237244936068066e-01 6.719703607848399596e-01 7.557994724309734513e-01 7.845480830921987003e-01 7.122767161890936061e-01 7.489219024584496953e-01 5.684139526076180671e-01
8.752783973244285809e-01 5.646348018032089078e-01 5.243506245945911415e-01 6.742464755726643721e-01 8.976832697104502046e-01 6.963048329005737669e-01 6.069743381983681019e-01 6.615551882809068696e-01 6.913700406950328281e-01 6.686898121216829916e-01 7.707667930846368032e-01 8.087814490306981519e-01 7.492001544904559607e-01 7.069057338106224941e-01 5.834273753069016966e-01
4.786483705669591915e-01 1.707772776138491433e-01 1.344588775185636409e-01 2.470631803655194414e-01 3.701402268869876666e-01 4.136315586084458595e-01 3.579907064314524767e-01 3.450045604015559708e-01 2.195275882665930212e-01 4.495443053241927611e-01 4.126017254815863011e-01 5.360574217376763428e-01 2.970705813924413019e-01 6.134583663620974958e-01 3.133818187974860558e-01
8.353756303951173634e-02 2.195392822183090537e-02 4.857823789970025508e-02 6.659734073139603194e-02 5.542905464712977182e-02 1.353332456396541539e-02 2.848045165586168131e-02 8.492893510958476888e-02 6.134171988763399697e-02 9.784062989340366889e-02 1.517252518215273516e-01 7.998286170398861972e-02 -4.348257157548525778e-03 1.182288119708548857e-01 3.233097847355521220e-02
4.406119120687414514e-01 4.167256981857393461e-01 4.004493228364506274e-01 4.644013135217279764e-01 5.703461053224933019e-01 3.008340090853742210e-01 2.404329442273748507e-01 4.043745634912715436e-01 4.944602274380022755e-01 3.053591307902356888e-01 5.054755455046234802e-01 3.599915234758304106e-01 4.391184575684860536e-01 2.073683431836350344e-01 2.926594434538748457e-01
-1.072800448076788489e-02 -3.945792321194272617e-03 -7.572747595042994594e-04 7.754828591660775997e-03 2.019437777032078579e-02 1.073087328451625445e-02 -4.029810941459149171e-02 -2.481304171096853847e-02 -3.789944884414150894e-02 1.324862368492834251e-02 2.343373088725108841e-02 -2.952683096014115799e-02 -1.975690238750440683e-02 -1.375672725050521017e-02 -2.112881141155462106e-02
2.398008177865182944e-01 3.313454334957925962e-01 2.441754056278438723e-01 2.180681266758112691e-01 2.909626855571870729e-01 1.874564918394900082e-01 2.063714723969629350e-01 3.335895407073956043e-01 2.723330809770891925e-01 1.576893964295075501e-01 4.201031107208079707e-01 1.956655429450457617e-01 2.992131360724921141e-01 1.791977926566889756e-01 1.714307583130071921e-01
9.211115028600007637e-01 9.358636154722418388e-01 9.300256805294651041e-01 9.516520747804457780e-01 9.609944662979670316e-01 9.721122599467103553e-01 9.862899175212779257e-01 9.284408552747178689e-01 9.961749810143104567e-01 9.255715502368212499e-01 7.951715231923242033e-01 9.050705496989718268e-01 1.001730669352218328e+00 9.133063442637083806e-01 9.827743460637247130e-01
9.417542171542009344e-01 9.120069081154243973e-01 9.536251998664132534e-01 9.560395586729228956e-01 9.652599941176953635e-01 1.008148964812582760e+00 9.818298006018215673e-01 9.626407652903710144e-01 9.371992261582010597e-01 9.182590595530315536e-01 8.177038283886302050e-01 9.152769627571296640e-01 1.001777007171412714e+00 8.751401993483879371e-01 9.661147475699510823e-01
3.114729300126087841e-01 1.625901416256183563e-01 2.482097777031488650e-01 3.052080488072416720e-01 3.465424200246132180e-01 1.187179395673786941e-01 7.305550768295507313e-02 1.619063406024029150e-01 2.708969392930312692e-01 1.926272741899036078e-01 2.855532395495242737e-01 2.383900624937891344e-01 2.006090774954663869e-01 1.722127089005646428e-01 1.813872558520339129e-01
6.811187823944996333e-01 3.009841712524867208e-01 3.559385505829797403e-01 5.158884757692383527e-01 6.194257024681810719e-01 5.890306569610186394e-01 3.673664730615867069e-01 4.225090020541222846e-01 4.699743391388109259e-01 5.997475959977476290e-01 5.225566985808198783e-01 6.816810194091033059e-01 4.290611697502942357e-01 7.092353428437883078e-01 4.060140028928672096e-01
4.147763051519611222e-01 1.468599990786271792e-01 8.989544757228555560e-02 2.053712344192751837e-01 3.060883687463700764e-01 3.688450241696091814e-01 3.349856037198611358e-01 2.741100638101511278e-01 1.940452894745738344e-01 3.645740480259280214e-01 2.255575929846214134e-01 4.949281645850933664e-01 3.156749485051643100e-01 4.840992367734476831e-01 3.162379666346562535e-01
5.321893191736637441e-01 5.765069808886209568e-01 5.782946207113069947e-01 4.924612500153021100e-01 4.119182080492850284e-01 7.247357608612264857e-01 7.541225750083844215e-01 6.090050492118819214e-01 5.053448174320470665e-01 7.267334001523078069e-01 4.495339778417046794e-01 6.285453271901798589e-01 5.515852524447252270e-01 7.699595047299582218e-01 7.038336712046049382e-01
2.436956371753045969e-01 4.787089127158287716e-01 5.371623791680221194e-01 4.127940352955261627e-01 1.421144922981040781e-01 3.253097499284292593e-01 4.349539667504382923e-01 4.255139938394216226e-01 3.130022267942408343e-01 4.025836250559121643e-01 4.206546213975527748e-01 2.654242053549619174e-01 2.864801464660390873e-01 3.574408061556202942e-01 4.627534716699909789e-01
3.580584511417896354e-01 5.399986948987558488e-01 6.840728996085607694e-01 5.729449582245067507e-01 4.157794931395210059e-01 4.161775107903556425e-01 4.626493896367877556e-01 4.140673270948243556e-01 5.714990520051405065e-01 5.004187483577008377e-01 3.656046257344325867e-01 3.048894789390926841e-01 4.264569439925401939e-01 2.936044029715494941e-01 5.829657579963162251e-01
6.197010933832222124e-01 3.605828736397632128e-01 2.675417772460592647e-01 3.929916861466954403e-01 5.615418521913572159e-01 5.610004271962911737e-01 5.451703449893894327e-01 4.997221783355383362e-01 4.071351595922746425e-01 4.341550132287320674e-01 4.963809998636347642e-01 5.953629679414489395e-01 5.483248813894798790e-01 5.942451885779250764e-01 3.912473937377928812e-01
4.301540849994198168e-01 1.575334791526781519e-01 1.025520422090098471e-01 1.843142510637042486e-01 2.890084902850739157e-01 4.450888696784409126e-01 3.423556343648089806e-01 2.689529022079825693e-01 1.828849183009757517e-01 3.639707860443772702e-01 2.111732617599952622e-01 4.958938861093111772e-01 3.025182147766871665e-01 5.081407222471009399e-01 2.476335659322304039e-01
2.538460172874899001e-01 3.477247785701323424e-01 2.503280125302198011e-01 2.525936024649100275e-01 3.381713969472044945e-01 1.503675508943982386e-01 2.229002359683284196e-01 3.090431323216485948e-01 2.431295124905898941e-01 1.493838250917831068e-01 3.996670137745708118e-01 1.858675113271311130e-01 2.811212303181169769e-01 2.187121344464057759e-01 1.863423779347920528e-01
4.683160428227194361e-01 5.644050734441661277e-01 7.392505542745084757e-01 6.474179291206477727e-01 4.331021414983406981e-01 4.529768391543457229e-01 4.777514015938325032e-01 5.137202652097659916e-01 5.753910220560310984e-01 5.594269340189773621e-01 5.339945795484398738e-01 4.146411153851733422e-01 4.848424698184824466e-01 4.466170581154504382e-01 6.293519094730803953e-01
2.099891520785422128e-01 9.607456380794580919e-02 2.084444811355081195e-01 2.394904860518932421e-01 3.133203283445655241e-01 9.562269329772313253e-02 6.656826060594019101e-02 8.756089577984033090e-02 2.294698134777323484e-01 1.661309749950080628e-01 1.129689837777635292e-01 1.667383896328133719e-01 1.955484939568033487e-01 4.837823652067582691e-02 1.421703948417455399e-01
7.104777111557589730e-01 3.388971745348334230e-01 3.746248991777562654e-01 5.332826390644267445e-01 6.072359848764393719e-01 5.280967300894865435e-01 4.370708490817379333e-01 4.411976643540480580e-01 4.444665437191843149e-01 6.218369328117580030e-01 5.084491175743827140e-01 6.887059936058654852e-01 4.702010506717164140e-01 6.714172953027086610e-01 4.410008909137257960e-01
7.777182095714085808e-01 8.890862805333039631e-01 7.647457972009081839e-01 7.276196706437029205e-01 6.860399179152730786e-01 9.328417619128916982e-01 9.439154539393220800e-01 8.815231745936500385e-01 7.781939998539021408e-01 8.635586803169015280e-01 8.713021648178611578e-01 8.309189191958350484e-01 8.246279800572066110e-01 9.721235525517668563e-01 8.718023178628437897e-01
9.000814751985756201e-01 9.789224686067414805e-01 9.754933109840308036e-01 9.647063777296303044e-01 9.545983065580087024e-01 9.705431499177288313e-01 9.919222438709643930e-01 9.997023391796538982e-01 9.628933915022974688e-01 9.278452058591479812e-01 8.599516265268032367e-01 9.391339802826558225e-01 9.942774220273576935e-01 8.323708151999607008e-01 9.721939368634253675e-01
6.618482210941288857e-01 4.751073344214243321e-01 3.015430555929569101e-01 4.270504559526518973e-01 6.155293229429588120e-01 5.594061572780841818e-01 5.872013255536435716e-01 5.666350199323220149e-01 3.892106799484321145e-01 4.486297219538435410e-01 6.167785677241930387e-01 6.634704119049712467e-01 5.743375326228551403e-01 6.450221357938731304e-01 4.206592583664164886e-01
5.741592188035083977e-01 4.255898420679425920e-01 2.851165698880473998e-01 3.562033928533999694e-01 5.406945560449192278e-01 5.323915708095487975e-01 5.420383525217722376e-01 5.045029413539922070e-01 4.134372201165128491e-01 4.227471604352636692e-01 5.070462451772388413e-01 5.917617197120589312e-01 5.287154102359030716e-01 5.850129462520112789e-01 3.900555292179767042e-01
3.737068201390792987e-01 5.106505780048390397e-01 6.521067571130518825e-01 5.669299969025726194e-01 4.159317585740582301e-01 3.795465720698656398e-01 4.551326664947438760e-01 4.113033235922208264e-01 5.682263164988929915e-01 4.685178724972575703e-01 3.479178783781573525e-01 3.477373416051869892e-01 4.359415678510036307e-01 3.186397327025405901e-01 5.698188183600451096e-01
7.098348296669992896e-01 3.227239193590624722e-01 3.638624869827757902e-01 4.990868227562138548e-01 6.878280167296033643e-01 5.254027482662732007e-01 3.899171488748822689e-01 4.251905731503884400e-01 4.590834833237742996e-01 5.686464752357952568e-01 4.869768646660511680e-01 6.873110946680199840e-01 4.861695456813159844e-01 6.640678362988787775e-01 4.733935186371446835e-01
1.565558230212045487e-01 4.186860664295686263e-01 4.679039817149752700e-01 3.515714025912317076e-01 8.724416183392119661e-02 3.025036026782018106e-01 3.996741677637700718e-01 3.201372116506518428e-01 3.213328842844798139e-01 3.355145991111984083e-01 2.017068230068673196e-01 1.442167318923069652e-01 2.442075394954462686e-01 2.490997401134383837e-01 4.315377808125280823e-01
4.249434733244344953e-01 1.617446763665805753e-01 1.307997037495098325e-01 1.652027787609658405e-01 2.858759833613237489e-01 4.142873601161832231e-01 3.459847681045804535e-01 2.615609473779519356e-01 1.686276538687860871e-01 3.591211957206312255e-01 2.442936688695975522e-01 4.724086734739434967e-01 3.275152924257414000e-01 5.270123536261679398e-01 2.659077652465723918e-01
4.909379235210040160e-01 2.376673857100330411e-01 1.468984177503882549e-01 2.362192802559692495e-01 3.080446403228709884e-01 4.282806108715055959e-01 3.765850797673221395e-01 3.015166103465715675e-01 1.978791694896745723e-01 4.633313940239311424e-01 4.167978922191317714e-01 5.874408013437695253e-01 2.730341469673288057e-01 6.436460518683163601e-01 3.174813127629897980e-01
1.011976649092533709e+00 9.497154294834555532e-01 1.023544550526018337e+00 1.008834462707627111e+00 1.019621456870296150e+00 1.007238345624230202e+00 1.014469565551893382e+00 9.955274917325944717e-01 9.793140699255632464e-01 9.995915659596662506e-01 1.016927506685739724e+00 1.015270655716294712e+00 9.941398306412128072e-01 9.893978354186934165e-01 1.013640604654518995e+00
6.257439261823376508e-01 4.580047355616929661e-01 3.271308061191933736e-01 4.111445291036334715e-01 5.699786774663246902e-01 5.635747067890930495e-01 5.728476806635456331e-01 5.959859456396832122e-01 4.152975437589914720e-01 4.982970461146608576e-01 6.310042609250996470e-01 6.915887882436423384e-01 5.238072954638840484e-01 6.948589451979572118e-01 4.600933799186536222e-01
6.895207922492333497e-01 8.407846352015440061e-01 7.504448304247174351e-01 6.604354283350736265e-01 6.800911986927073993e-01 8.305982388769033165e-01 9.463250097355105916e-01 8.496146098310612960e-01 7.433699448957074019e-01 7.738039280906604533e-01 7.505698184606235390e-01 8.009668944826698889e-01 8.220935158388362751e-01 7.867615035828847692e-01 7.969079264588092570e-01
6.909567788503285790e-01 8.048946986090700362e-01 8.105010936513037390e-01 6.859785128534483523e-01 6.698523382730597886e-01 8.509991281949320641e-01 8.834319458037515060e-01 8.582259563029174254e-01 7.275274079677190864e-01 7.935881862959819344e-01 7.067394446840540301e-01 7.822084912363934661e-01 8.028969096278060213e-01 8.155191396564586137e-01 7.640607024689273219e-01
2.122386516892164343e-01 1.304709281187533820e-01 2.099937567948894912e-01 2.534536000289728253e-01 3.045560321005977289e-01 1.412671183471944647e-01 2.838312463050839465e-02 9.043254322043692284e-02 2.723177476901590399e-01 1.228628013588449752e-01 1.356711223381521225e-01 1.438893825870767307e-01 1.485874622997467032e-01 1.123584042469035621e-02 1.565288496645035332e-01
5.629172742230872384e-01 4.133390297885903841e-01 3.079964647489428220e-01 3.907621618660623297e-01 5.603360623010322783e-01 5.680791160018312524e-01 5.503758047380937768e-01 5.030481698803607182e-01 3.660369895125233919e-01 4.682906929134827978e-01 4.492086633541429452e-01 6.012729027700205453e-01 5.437362910558051210e-01 5.633621394838386198e-01 3.763600350743089296e-01
5.134383679342221507e-01 5.371186683991302502e-01 6.878894734226356222e-01 6.357365295973316233e-01 4.368959893506498826e-01 4.638773580856064283e-01 4.748504317239108929e-01 5.114947120990207541e-01 6.065009297850640912e-01 5.812227739640873914e-01 4.945088443569799486e-01 3.936744814151756922e-01 4.506000700753610699e-01 4.477347694585369631e-01 6.345929320165312193e-01
4.797377871646252984e-02 3.842384152366877526e-02 5.340626430709952133e-02 6.676900982235806081e-03 1.497521698519897401e-02 7.846845554163336608e-03 2.120175164159514986e-02 6.726215789865289119e-02 4.326425843965062829e-02 3.188760836664975007e-02 1.619780636656767414e-01 5.754307451866861461e-02 -7.451793293907783486e-03 1.255756889221621431e-01 4.619946415778328208e-02
1.921518438014125363e-01 4.561681797974538322e-01 4.991820310889581447e-01 4.044783970413171614e-01 1.769672316675584278e-01 3.457460046964224709e-01 4.687166495325200688e-01 4.364197345193275290e-01 3.451944984240599146e-01 4.240903251463241652e-01 4.138688448466619763e-01 2.584712243430620782e-01 2.899630098882293172e-01 3.963189036243900953e-01 5.177631808832829918e-01
5.640837447716945396e-01 4.390818920666496039e-01 3.005185777131816338e-01 3.811444559417953015e-01 5.106018674180323735e-01 5.425379708527606759e-01 5.374310078927594381e-01 5.083450895614487486e-01 3.809324885373606140e-01 4.222142427284974464e-01 4.862846408709390333e-01 5.641052594808144693e-01 5.466876778192583108e-01 5.581558116470290987e-01 3.642755564462756279e-01
4.538613968502705487e-01 5.893349414378924456e-01 7.616905841184077319e-01 6.461667363688785581e-01 4.323778640871797085e-01 4.805729498229761587e-01 4.699857938064454510e-01 4.915739543592518301e-01 6.238485383070724311e-01 5.682067482460785302e-01 5.228968713637326404e-01 4.031106081204652858e-01 4.474457097410943218e-01 4.302367743367074837e-01 5.808721191406716056e-01
8.488992621317271725e-01 7.434190890845925326e-01 8.675116363429615784e-01 8.446607975924560474e-01 7.530192523350832667e-01 8.424336656276749657e-01 8.089996330611809450e-01 7.747365191507634696e-01 7.598043611393746621e-01 9.142393285924499402e-01 8.026719098741625924e-01 8.277552729055245306e-01 7.511243824670046365e-01 9.719457159372022481e-01 8.774279517505537695e-01
5.815921642703558714e-01 8.435477157978785723e-01 8.922438674373138756e-01 7.909891710116567776e-01 6.764605036373075864e-01 5.940535477414520260e-01 6.723437775603998690e-01 7.492839783632360140e-01 8.154365340015143904e-01 6.293667914994985901e-01 7.457378242268614121e-01 5.450777640146131642e-01 7.085207381203926236e-01 5.212115793739655611e-01 6.841794230116269304e-01
3.619347590220486355e-01 4.101940773304195709e-01 3.431336746333411569e-01 4.028988927574964629e-01 5.234182541287100143e-01 2.483234044334125812e-01 2.157153996237545779e-01 3.325314932122335754e-01 4.963775586597249379e-01 2.178251877837242001e-01 3.726788066081133111e-01 2.942040844515950160e-01 4.084757007065650813e-01 1.114477210702955468e-01 2.876165256744942500e-01
1.925110487674166759e-01 4.749024238076470783e-01 5.001289238533154213e-01 3.927390448054646210e-01 1.560441544003982328e-01 3.095830367514379455e-01 4.037168436271851846e-01 4.009123302185248483e-01 3.387097049744133836e-01 3.613834302667143228e-01 4.112739668241665036e-01 2.610653748236150262e-01 2.815325141863227465e-01 3.923088025889958641e-01 4.637658936184793079e-01
3.018637704172217329e-01 1.893372457964905553e-01 2.258266301394880049e-01 3.117938804662252483e-01 3.122051108607235559e-01 1.488984313243549018e-01 4.953138196955539363e-02 1.567003862607493359e-01 2.763434349868503781e-01 1.700059916217729339e-01 2.724970219569268770e-01 2.157145457676484523e-01 1.845003645730280695e-01 2.061078906951324952e-01 2.009407548266085586e-01
6.351958427536439356e-01 4.848219101792903829e-01 3.524321531088234760e-01 4.142201652309565607e-01 6.243672786832573651e-01 5.759137959828083408e-01 5.822124920576052798e-01 5.868060468618770953e-01 4.607162896837591060e-01 5.071835781992680703e-01 6.348891906680527164e-01 6.646946506887300155e-01 5.615572455562950482e-01 6.852097290922746220e-01 4.404079145380822014e-01
5.766701292315324912e-01 8.534445105903947226e-01 8.994270610402894661e-01 7.991836206984702651e-01 7.024452371112813731e-01 6.513023094735241880e-01 6.439703851999718509e-01 7.381247606355268998e-01 8.420397624620817867e-01 6.019955068244461360e-01 7.394521919065921711e-01 5.399069995119706311e-01 7.021625001361305740e-01 4.809179567385544751e-01 7.332268850488425915e-01
-1.359266411302868099e-02 -4.038228789684607939e-02 -7.523223563256721319e-04 2.455555964712600320e-02 -2.613586912014955951e-02 -6.471580935346094195e-03 -4.583701776114462723e-02 -4.321972283202733106e-02 6.208123977031307708e-03 2.422715820677742715e-02 -1.050105137190395985e-02 6.428232635799566511e-03 1.309948751148570963e-02 -1.505241978410076092e-02 1.278899918023013171e-02
1.007977000737537043e+00 9.863490846406846035e-01 9.629116151541461388e-01 9.668539025917083363e-01 9.889610792120353544e-01 9.863947872688956231e-01 9.932646838327006122e-01 1.015926688929378319e+00 1.007853650850619287e+00 9.988116108250195690e-01 9.838499464896526270e-01 1.006364758485569944e+00 9.951596880957757074e-01 1.027854161443694903e+00 1.029150652556136247e+00
5.714376008090403802e-01 4.128924277718745151e-01 2.575624093191278274e-01 3.998295972390096820e-01 5.461668387888484189e-01 5.695898811202916301e-01 5.192453498020166425e-01 4.655654139030723226e-01 4.111660580267058052e-01 4.580770540562396631e-01 4.404082297231092236e-01 6.085258134377639072e-01 5.824274095113908256e-01 5.738353930805980552e-01 4.108208200128955490e-01
2.187512986618272148e-01 3.163704711292139038e-01 2.100958119872349539e-01 2.282851018267355037e-01 2.739313741204091879e-01 1.519755836875557875e-01 2.032672932657592635e-01 2.732154023816452115e-01 2.931154409102755820e-01 1.297185319987189944e-01 4.377865030758610887e-01 2.555299880744253405e-01 2.670048759116630532e-01 1.882707871460868043e-01 1.733153810541105955e-01
3.907361285907058890e-01 5.120405921832408280e-01 6.417740386124921592e-01 5.668607748566449889e-01 4.094103526548442673e-01 4.605101578446938460e-01 4.531016114855201948e-01 4.312343604307259382e-01 5.966021132128866977e-01 4.840515642734986579e-01 3.329733686546307858e-01 2.927835873447676707e-01 4.377943543401231485e-01 3.154528484092358753e-01 5.791100776547937201e-01
3.660298691290413409e-01 1.671042918817769174e-01 2.853708049436914918e-01 3.182749980120348487e-01 3.273515706394301561e-01 1.146283644299207621e-01 1.629258557882028863e-02 1.569230683391697745e-01 2.685995278012830445e-01 1.855835510964068957e-01 2.960564363262560561e-01 2.336330274456982214e-01 1.747563079741815961e-01 2.116466142486675694e-01 2.182622651713291007e-01
5.182171739365168950e-01 8.155050705571738057e-01 8.408178173335053573e-01 7.831629791768894844e-01 6.827357883755121870e-01 6.170678200416742643e-01 6.054279097891487327e-01 6.532069222983474255e-01 7.917524517466141276e-01 5.759407326317547149e-01 5.584012497630859162e-01 4.416886580260848127e-01 7.018061837160786132e-01 3.654333427596347939e-01 6.888909709154852345e-01
1.302904554385398705e-01 4.165717902570599263e-01 4.626937045278812222e-01 3.328818910842263334e-01 9.969324159209683178e-02 3.109632782704140341e-01 4.005162733689517363e-01 3.680714333396358229e-01 2.976138781567126967e-01 3.485511246523282924e-01 2.458205611909606014e-01 1.861970046178750005e-01 3.004082964689517854e-01 2.712176431271520749e-01 3.990866679857511534e-01
7.720555484706866922e-01 9.133493693676181246e-01 8.028411077576576016e-01 7.648660745114155279e-01 7.396094923742594363e-01 8.881384182304407071e-01 9.799025501624379908e-01 9.021268623080285209e-01 7.557061094961422532e-01 8.706014555233116958e-01 8.793207105257144773e-01 8.758490426113878513e-01 8.419279456038702980e-01 9.631157561356521457e-01 8.425074032810868641e-01
3.965415595319387587e-01 7.059127448270104965e-01 6.762251691022419520e-01 5.598588583615720093e-01 3.909178270170556302e-01 5.052636118430012813e-01 5.845530080556905483e-01 6.314666995895109602e-01 5.546729740346384441e-01 4.601490069677619532e-01 6.549748154167300829e-01 3.509672489430142317e-01 5.781579082373530243e-01 4.345386268245790551e-01 6.064151654232265987e-01
2.094596522073204903e-01 3.215660365493402950e-01 2.214767128861856726e-01 2.386808088108411108e-01 2.776891833004557775e-01 1.835574044180058040e-01 2.076948032253061460e-01 2.407623520417967733e-01 2.637790369421975090e-01 1.370792663526735899e-01 4.240606855496580341e-01 2.074366814241356827e-01 2.610227834475076225e-01 1.918165194696260512e-01 1.686291290855477798e-01
7.866467835524416641e-01 8.886701799927011480e-01 7.488027230992883032e-01 7.295526021123501792e-01 6.694451464448610833e-01 8.820668179649933105e-01 9.320808013435393224e-01 8.878615913521963332e-01 7.781228157204251872e-01 8.620995535810423993e-01 9.209275929934810367e-01 8.453477273047730334e-01 8.611521972547744319e-01 9.353114223260498017e-01 8.648605125132842186e-01
5.007026586660534573e-01 1.583945808334762950e-01 1.542046315241054621e-01 2.270093004432246486e-01 3.368186869903082026e-01 4.496031587163066279e-01 3.751660838732768233e-01 3.454100028099309494e-01 1.975409741958934484e-01 4.853399550675231433e-01 3.811762137732069289e-01 5.337047938821811721e-01 2.726048937992250898e-01 6.216794541013579423e-01 3.100241447422664720e-01
6.095790288365597887e-01 8.547804484045185003e-01 8.862293398022107471e-01 8.254156679084715398e-01 6.669764425388680085e-01 5.908481934490634746e-01 6.104147765269041237e-01 7.291978435424901761e-01 8.120290040948929811e-01 6.257261871960700939e-01 7.636638230283759876e-01 5.219662332639510849e-01 6.711886456481311880e-01 5.112189654767448355e-01 7.552499396362761797e-01
3.792154298918762323e-01 5.663842647761162530e-01 7.011920158986756357e-01 5.807786776997377887e-01 3.800554711837199062e-01 4.645840865525767138e-01 4.522259841012882808e-01 4.408451274478452087e-01 5.567899672216112261e-01 5.175020165802346472e-01 3.415322144462630272e-01 3.090489375877284450e-01 4.201838640596812224e-01 2.655167294193023775e-01 5.837852209821116078e-01
2.251919534738650308e-01 3.340797806294462657e-01 1.868142589057615599e-01 2.014908624236221857e-01 2.909468993661718517e-01 2.014040748992720342e-01 1.943166731819731263e-01 2.805110610796001658e-01 2.707556027317937763e-01 1.118893674743802746e-01 4.398082755193342130e-01 1.848615505521162827e-01 2.722369897433141173e-01 2.182931308089856859e-01 1.375667079404787607e-01
8.376879873654492492e-01 5.973917302037147214e-01 5.362967153383004781e-01 6.876656109472653045e-01 8.886957867996200244e-01 6.381426718333187420e-01 5.872285085907902324e-01 6.838509167694619695e-01 6.765683391706633909e-01 6.526263883770887508e-01 7.533354692432412403e-01 8.223795772920762248e-01 7.421797671862263579e-01 7.421369804727369068e-01 5.629836093188794743e-01
8.101505283356413845e-01 5.159386441438437165e-01 4.907460541145933219e-01 6.146710152135415051e-01 8.469773604350085972e-01 6.366586339179429732e-01 5.748954544704977243e-01 6.100686448184523547e-01 6.295591664090592898e-01 6.009223959294096584e-01 5.857993170381410319e-01 7.281588643589198551e-01 7.033141751581840628e-01 5.959916654341786968e-01 5.353728962048647233e-01
7.835181928180462441e-01 5.114158277753173554e-01 4.825389867719931947e-01 6.262490688254195303e-01 8.660934972833830292e-01 6.582666688351577200e-01 5.537456381110734682e-01 5.942334766705660298e-01 6.154789290639574029e-01 5.980461578198633665e-01 5.518719899030194442e-01 7.429095140363410898e-01 6.575069657518664012e-01 6.170217290402258969e-01 5.407874382559741955e-01
7.086197272595493035e-02 6.465407091138455908e-02 4.527738986798748866e-02 3.116727330241909552e-02 1.920737155482145006e-02 -9.807419481485113444e-04 -8.554769641660669305e-03 4.151057631183735497e-02 3.476196931849378363e-02 2.294212115867242524e-02 1.834043497886673479e-01 6.761044511127176082e-02 9.446428001681408254e-03 1.228070335703064370e-01 1.671897901294503580e-02
4.146387525156457199e-02 5.131632119199114328e-02 1.478082395248686391e-02 7.884485004453491500e-03 3.934495337396083821e-03 1.507736890387243768e-02 -9.613325574082126276e-03 -3.647243371791560052e-02 2.057354007882556540e-02 1.417922550957486511e-02 1.804684356388333577e-02 2.264585630872966923e-02 -1.324354574172790025e-02 -1.638905087510030695e-02 -6.650402788294564743e-03
4.419145984829384588e-01 4.414320124780178878e-01 4.521618756669020245e-01 4.955676766254413224e-01 5.937582114353043838e-01 2.794070837026115806e-01 2.426972846217340107e-01 3.928565674585408618e-01 5.105436168441321865e-01 2.640047853790307153e-01 5.380789723982893902e-01 3.646596113491136215e-01 4.249581838134930400e-01 2.503945712925820799e-01 3.081366876162098256e-01
2.417342808401526932e-01 2.994565607537669205e-01 2.452969291347589231e-01 2.309947219961012710e-01 2.425116728144866007e-01 1.333911591032172494e-01 2.001014245421412208e-01 3.216292191181620019e-01 2.319454174790002710e-01 1.410943824693862980e-01 4.334680452181135513e-01 1.975193960643763791e-01 2.576987363808861398e-01 1.836861929492647483e-01 1.517496809123448087e-01
4.115539320613383900e-01 5.262250307139269001e-01 6.891748955630152551e-01 5.691661503197172900e-01 3.945274078415956232e-01 4.841738362986601762e-01 4.429302592745490985e-01 4.424250410347128626e-01 5.763695304665187313e-01 4.845245366397805675e-01 3.499808917916419349e-01 3.153199071074842541e-01 4.571361238126768201e-01 3.108727042447615996e-01 5.608070573599835962e-01
8.445708607232389475e-01 5.830657309507607522e-01 5.461901690388365482e-01 6.739521332356765981e-01 8.711402858305411501e-01 6.680920466690594139e-01 6.402829359948586374e-01 6.760284206938417251e-01 6.892061806849730798e-01 6.822945005496471316e-01 7.763653016672645846e-01 8.134552524450135991e-01 7.262668122629398759e-01 7.096046373432168819e-01 5.941211550195535374e-01
3.602661533047699094e-01 7.032162871392112491e-01 7.011716569499163443e-01 5.311500337759725854e-01 4.158821525528533791e-01 4.699044326778426539e-01 6.207603092856966986e-01 6.209896791478746181e-01 6.078270180845800619e-01 4.474144949392415138e-01 6.963340853780675133e-01 3.754865574425706454e-01 5.107068967463999076e-01 4.608258885575336472e-01 6.092938831020454638e-01
1.365356055178895411e-01 4.105670616627610792e-01 4.750165669523617740e-01 3.270247234465336605e-01 1.470083531971443647e-01 3.150779619511047125e-01 3.861130111221752759e-01 3.554635447659326153e-01 2.927720602059463717e-01 3.235274530920420610e-01 2.741528836405887626e-01 2.147422649839937636e-01 3.120779599708045637e-01 2.659723651298108726e-01 4.318025057224972318e-01
6.690013034091745192e-01 8.306678604900646912e-01 7.570827396265477072e-01 7.084417225432818599e-01 6.840248587178077155e-01 8.764918800481198424e-01 9.369478191186118021e-01 8.232040474323796264e-01 7.184499269723626513e-01 7.864796871781326582e-01 7.332388342958311434e-01 7.931831440212608886e-01 8.077792401644855458e-01 8.186632844913358520e-01 8.179275911298871105e-01
8.352282583905581426e-01 5.576866864788871947e-01 5.162834374713228813e-01 6.703347908439365455e-01 8.751522503881009607e-01 6.779734177578720100e-01 5.926231604953384746e-01 6.849435900344434947e-01 6.593904653702218344e-01 6.539870240098599741e-01 7.629981967425452094e-01 8.093905244938800481e-01 7.414118774845572801e-01 7.627568435345338793e-01 6.020398707007721395e-01
4.885051249857680911e-01 7.820796844044133334e-01 8.529815520956585129e-01 7.753342301455558028e-01 6.955330960709116273e-01 5.648919523688793465e-01 6.334906979975604147e-01 6.766078841134305355e-01 7.967513960246731530e-01 5.464432114778261518e-01 5.897319633059385779e-01 4.761989275707864677e-01 6.865293411945871949e-01 3.690502031131431271e-01 6.597734735692396546e-01
9.620777576810124465e-01 1.002566321928934912e+00 9.762710759003775385e-01 9.959521259655673697e-01 9.551834968323654751e-01 1.006213425157849617e+00 9.936226857248460220e-01 9.903375238437972516e-01 9.954768525887408570e-01 9.964551028719008663e-01 1.023644053590317737e+00 9.942488052315386904e-01 9.502959290715358165e-01 9.934444719236324994e-01 9.767173677666353138e-01
2.778624522232433502e-01 1.305631427090085117e-01 2.323349352372989507e-01 3.392091510295152657e-01 3.217852824837680870e-01 1.245978299019436519e-01 9.408854573503244723e-02 1.321897568122316069e-01 2.851089621887971104e-01 2.016172401705999262e-01 3.000117446895247397e-01 2.175182464490330314e-01 1.937589529200254290e-01 2.038620114495707791e-01 1.890379152406863605e-01
3.334222933388916177e-01 3.990572180058513108e-01 3.702405458955138617e-01 4.020693205210724153e-01 5.681065890121561601e-01 2.318838754614415687e-01 2.067219556036595240e-01 3.009507080248424171e-01 4.626059242257823945e-01 2.071346679090294018e-01 3.255349713821802382e-01 2.812972782062344579e-01 4.372608284114577470e-01 1.229506970180686831e-01 2.392463774069549798e-01
1.829382255190556417e-01 1.357959015098519073e-01 2.094398661708257448e-01 2.583816947822895616e-01 2.917915975833630382e-01 1.249803947802993198e-01 1.870089986046491112e-02 8.414182540192080562e-02 2.669044929701929192e-01 1.831229320255678972e-01 1.177453488156320338e-01 1.297404431912624334e-01 1.590579087109728063e-01 8.375816756853539380e-02 1.130504676059165686e-01
8.055897160345026897e-01 5.428750316789343611e-01 4.877633017463540166e-01 6.464751714458424336e-01 8.283315307843521769e-01 6.653218826876257097e-01 5.881158929387274581e-01 5.471914398758425113e-01 6.449215076354952725e-01 5.862667810364802223e-01 5.743159874749830252e-01 7.382991234817227744e-01 7.207349140923327013e-01 6.088892463762149987e-01 4.942532982315602230e-01
3.143986611794043484e-01 1.240916682932440285e-01 2.248522877724630220e-01 2.980205364404852064e-01 3.454659535245849789e-01 1.408063375463826650e-01 6.009123588673678101e-02 1.671738629211910465e-01 2.426669890002933205e-01 2.027344296170323079e-01 2.914778437379483278e-01 2.114854556946946240e-01 1.768119019822635141e-01 1.767455022905415618e-01 1.667364424223117259e-01
4.542301474653928084e-01 5.705568743834579237e-01 6.982909431970726333e-01 6.589711637213762074e-01 4.771316996408857536e-01 4.203681126871073870e-01 4.468721343719516681e-01 4.836362740709680974e-01 6.080170913825773127e-01 5.716942242224120063e-01 5.271423805065672541e-01 3.798843214260944623e-01 4.715825547803508822e-01 4.128397440173306454e-01 6.108966745219723826e-01
4.101074616715774668e-01 4.196444839821850681e-01 3.906196782816058199e-01 4.106288281064834345e-01 5.355867979542896506e-01 2.172802527597914590e-01 2.037249838368129229e-01 3.006846548205902026e-01 4.645938558882811154e-01 2.308822787551322309e-01 3.470918942881356384e-01 2.444549605335024356e-01 3.984592552465072157e-01 1.142121399356772343e-01 2.788077864976082343e-01
3.854562073063713679e-01 5.146511461909020202e-01 6.583024291769672409e-01 6.095141698336770109e-01 4.180439092040768023e-01 4.224192684000446230e-01 4.502953398710854982e-01 4.103922421570226908e-01 5.412705304382471327e-01 5.061209497859355810e-01 3.314318717362193523e-01 3.519246878258088795e-01 4.296709858153154316e-01 3.137295403623102108e-01 5.675894239585468348e-01
5.410494290157797925e-01 5.618912611856192729e-01 5.845066051965663867e-01 5.091192308509423503e-01 4.526682484454569999e-01 7.435565024820393054e-01 7.735080307449675452e-01 6.141234813393791070e-01 5.100572340234977853e-01 7.171737891009909438e-01 4.795312232779088690e-01 6.532472735578245260e-01 5.523590194621795790e-01 7.511816831138422579e-01 7.293028735176391164e-01
