6.410673500286404591e-01 6.556770378482382755e-01 5.211637286097501320e-01 5.898456791837387581e-01 5.489878956697048507e-01 5.055917747159182074e-01 6.407362261774692813e-01 5.232570935285004721e-01 5.267615891975966358e-01 5.877050044562326381e-01
3.069106633741751078e-01 3.197950608328375410e-01 3.278602304372594256e-01 2.056961111965068811e-01 2.152187867907791596e-01 3.780028291376892891e-01 2.436527179646114927e-01 2.145692544645975697e-01 3.839735557107180064e-01 3.652702301784058747e-01
3.617911815312926382e-01 3.999288712439937887e-01 5.025131516805467768e-01 4.465497853855763810e-01 4.867937541035676774e-01 4.871528471923997627e-01 3.368966724299691795e-01 4.768645525500302962e-01 4.406063636875432454e-01 4.271317268802161116e-01
3.772408192651816039e-01 3.663488353311863399e-01 3.511509092678116173e-01 5.796429149514118473e-01 5.446675380202370409e-01 4.747548143851636482e-01 4.131808885653461827e-01 6.078913693938268192e-01 5.360046417421067133e-01 4.730362591436259589e-01
6.588417008429598987e-01 6.392404157062986370e-01 7.741388994300952842e-01 6.252809728033135173e-01 7.026211432856129813e-01 6.380155183100851835e-01 6.200604302130217071e-01 6.511886623549827391e-01 5.814516862669278918e-01 5.776792933221862603e-01
6.725745728993536288e-01 6.211802272212019194e-01 7.828119021347362816e-01 6.464971860894000999e-01 6.774839707410149625e-01 6.054933658705086152e-01 6.371187786655309049e-01 6.761785385615086685e-01 5.742951420284553299e-01 6.199341753650829956e-01
6.732971291752747334e-01 6.692612130990457375e-01 6.538260902418875364e-01 7.331119643937421548e-01 7.921335590199465315e-01 6.493613954844146274e-01 7.671685819061924150e-01 7.892601534600802715e-01 6.452937684683668351e-01 6.413744438786871394e-01
2.691929105381239348e-02 0.000000000000000000e+00 6.083442515110486920e-03 0.000000000000000000e+00 5.503365147618644732e-02 2.196956689414099675e-02 0.000000000000000000e+00 0.000000000000000000e+00 0.000000000000000000e+00 0.000000000000000000e+00
9.192750817080388437e-01 9.526273411549359693e-01 8.160289525342308004e-01 7.673703609017774596e-01 7.543372943388766405e-01 8.520638393726597259e-01 8.916144294404020343e-01 7.415828109594139184e-01 8.811491385284631050e-01 9.065877316188257762e-01
6.842455693561676489e-01 6.761462667461838327e-01 7.828363626266885422e-01 6.317447124519621759e-01 6.923237849050635218e-01 6.167743041751977406e-01 6.215445382509440231e-01 6.137170085815641940e-01 5.714595992517890188e-01 5.694491674169586126e-01
6.685005118929412404e-01 6.817435425205582433e-01 8.267884699233910561e-01 6.188132036765938704e-01 7.020259571045681657e-01 6.664998823556746999e-01 6.338938479236966295e-01 6.630157387416328874e-01 5.935474157679331286e-01 6.060103323829628685e-01
1.000000000000000000e+00 9.787765826826332338e-01 1.000000000000000000e+00 9.837228274223352997e-01 9.665139116571163092e-01 9.821481289854457897e-01 1.000000000000000000e+00 9.813748334041090260e-01 9.877737400431815251e-01 1.000000000000000000e+00
5.083535369486839178e-02 1.975723427508361413e-02 1.615251312685112295e-01 2.023248392739290524e-01 2.542193286863330126e-01 1.087700706418238822e-01 1.393295881629163513e-01 2.497091895203937539e-01 1.139684382489071501e-01 1.064388025246623404e-01
3.568217169776979891e-01 3.611531740200541463e-01 5.182440696583165973e-01 4.684692329470778738e-01 4.452290315137875099e-01 5.022570372183595699e-01 3.136221446211018282e-01 4.621689948234641299e-01 5.093939706104181342e-01 4.311328727297030206e-01
3.685340183085658583e-01 3.798022660071148082e-01 3.480247937309335349e-01 5.561613268988938596e-01 5.736509236381962529e-01 4.661854121096141723e-01 4.449596353129109949e-01 5.800586879666187468e-01 5.832004657313873963e-01 4.955037017024910839e-01
6.094099623569938506e-01 7.080412609295143600e-01 5.515255439982119645e-01 5.892215459031330260e-01 5.660085787766661047e-01 7.596833140220544678e-01 5.849655561505462398e-01 5.897271061495331645e-01 7.587470044232680344e-01 7.469465450271488560e-01
6.771761857014332309e-01 6.207925594048705475e-01 6.082119379614202570e-01 4.569063377799663095e-01 4.757050144366015143e-01 4.974648338177469764e-01 5.318113712847554186e-01 3.963452630914193753e-01 4.108027410299165960e-01 5.373069182384342390e-01
9.394400284898881681e-01 9.591703922749753586e-01 8.233591593359115279e-01 7.887114170883583464e-01 7.743055052234895097e-01 8.665485530737718767e-01 8.965672958612963539e-01 7.572817968387742793e-01 8.731910806359066690e-01 9.132811259197293197e-01
6.100261437842937617e-01 6.664474322545086427e-01 4.679103366693528887e-01 5.574559625012387443e-01 5.159091143899079412e-01 5.184006719321933021e-01 6.895950532598613680e-01 5.376765269000205461e-01 5.165844527894457583e-01 5.436302078157697615e-01
3.354358467704197655e-01 4.110833210882704480e-01 3.600797807196881029e-01 5.699210588164549396e-01 5.814806498735666240e-01 4.870547628270553986e-01 3.894592381750225929e-01 5.912621123721134575e-01 5.530460631697948770e-01 4.612272355723273654e-01
9.611147374331716620e-01 9.678578368014559841e-01 8.374224142874151511e-01 7.528429099625044696e-01 7.461342166730404735e-01 8.550075283826097383e-01 8.733248948283793833e-01 7.451465484133157346e-01 8.845848733068361058e-01 9.183200812125272838e-01
1.000000000000000000e+00 9.692451058388296126e-01 1.000000000000000000e+00 9.665088655973830267e-01 1.000000000000000000e+00 9.704444927249620267e-01 1.000000000000000000e+00 9.670986944193943335e-01 9.939597487963532929e-01 1.000000000000000000e+00
6.476238373551336247e-01 6.371102408567667075e-01 5.938884167906728351e-01 4.189012971984177325e-01 4.391111119899557269e-01 5.139633849950254740e-01 5.355000906078075662e-01 4.266713382944817834e-01 4.409652448906388744e-01 5.322740209193954630e-01
6.962219004137505385e-01 6.687226131153544140e-01 6.710045250585155996e-01 7.706829221962804288e-01 7.813665005409351494e-01 6.230126435983416311e-01 7.525228267785447622e-01 7.710870524467592357e-01 6.386320143207153688e-01 6.371683518703312732e-01
4.539166711610882060e-02 4.389457579846169771e-02 1.577554127654845761e-01 2.024604477193748808e-01 2.548394334362381053e-01 9.416028188997899173e-02 9.462275194832793501e-02 2.007851639842778702e-01 1.532249862695298503e-01 5.472782061811104493e-02
6.768352581665360024e-01 7.104847320382933207e-01 7.084469820852227206e-01 7.954347410551184661e-01 7.947721128816643832e-01 8.509545946851337916e-01 6.801888223857825988e-01 8.016412180760074113e-01 9.370414779927178639e-01 8.178940245248833563e-01
6.975378276135136835e-01 6.603926879059061061e-01 6.690868556649417487e-01 7.467931497361576243e-01 7.786240937272056462e-01 5.896654699260018839e-01 7.483034776438957092e-01 7.749594271956213865e-01 6.202003469292156623e-01 6.549798477592831958e-01
2.982830129607997871e-01 3.418212294332441115e-01 2.479667593356705557e-01 3.602074084556480815e-01 3.176807729986591555e-01 4.053484755075138501e-01 3.403887986248080311e-01 3.837520062881759064e-01 4.121236895655012722e-01 3.948982898111394468e-01
6.433314755032817356e-01 7.314810810093753668e-01 7.013166753528055075e-01 7.953166688055814948e-01 8.243552712088796364e-01 8.575294341130368370e-01 7.182721070998558943e-01 8.091848647655367488e-01 9.050996400137900633e-01 8.461951812931092221e-01
3.414497490124562273e-01 2.931426439915770232e-01 3.428300548650796142e-01 2.096166532071770117e-01 2.139070748806724820e-01 1.281932343134919161e-01 2.806877708446421371e-01 2.287518494010157277e-01 6.393614696424611277e-02 1.402983109286536911e-01
6.288676168972184843e-01 6.482961829578254287e-01 5.011670653206368176e-01 6.081167258595411296e-01 5.737352461537156278e-01 4.924907105646212369e-01 6.697234470677057017e-01 5.414572091744750404e-01 5.213650199589903167e-01 5.479005971270948239e-01
6.699767056236741736e-01 7.331722499774159241e-01 6.952853263078551116e-01 7.876784602537491020e-01 7.882662398007826976e-01 8.038034916701428667e-01 7.039558035784380108e-01 7.785080159728240412e-01 9.436726514286843948e-01 8.238699077219155953e-01
0.000000000000000000e+00 1.023129848079747280e-02 0.000000000000000000e+00 0.000000000000000000e+00 0.000000000000000000e+00 5.981085271260197002e-05 0.000000000000000000e+00 0.000000000000000000e+00 2.859608925707062682e-02 0.000000000000000000e+00
2.515638405739745731e-01 3.485147406729343644e-01 2.342142435448811011e-01 3.720133650964879135e-01 3.158978481787741432e-01 3.490443033123480920e-01 3.732424140148604685e-01 3.552036984378675877e-01 4.122082486709235383e-01 3.761714781543001318e-01
6.301418430216130240e-01 6.423743873686995620e-01 6.010006615000353936e-01 4.124102881404073662e-01 4.306049903705244652e-01 5.418705756702426601e-01 5.207608052235113139e-01 4.232889669785517839e-01 4.723918329267275396e-01 4.988711217586835334e-01
3.331084277818160411e-01 3.218852208612462129e-01 3.003680779115591726e-01 2.566293584225444180e-01 2.284270687406820544e-01 4.147186674698730147e-01 2.298276839140850347e-01 2.362227891397621349e-01 3.365550932888023428e-01 3.600549956662360551e-01
3.292322714103556591e-01 3.298483893860058025e-01 3.355052919526635424e-01 2.306561168767165826e-01 2.347635065039538893e-01 3.669248723692868919e-01 2.121491402323539555e-01 2.015012395266816414e-01 3.311376929510301270e-01 3.312210504562965174e-01
3.273848760377196521e-01 2.814673948610401100e-01 2.708079587236285612e-01 2.254371945792001675e-01 2.376052228532198884e-01 1.504194900375590283e-01 3.305245427554028281e-01 1.597837345104927143e-01 9.844573890710719977e-02 1.787812627288281886e-01
3.711463476468251921e-01 3.419433905774512117e-01 5.016734652176979559e-01 4.853587031765008164e-01 4.759665131677441319e-01 5.217593781009784992e-01 3.483664783273227594e-01 4.538887760737297383e-01 4.808502471255873267e-01 4.296965073536555546e-01
7.122223278489636655e-01 6.509904227486892347e-01 6.419212104544340658e-01 7.603124319545294663e-01 7.809498782009178797e-01 6.552919544744876257e-01 7.601007295729709234e-01 7.921214883113018024e-01 6.128972308665072699e-01 6.658993167092062126e-01
3.734797791928327060e-01 3.790775900828015077e-01 5.127373859951417367e-01 4.311412164051885987e-01 4.944575169642184687e-01 5.254644572412729975e-01 3.290944680803791211e-01 4.528585859709004513e-01 4.884374797965528314e-01 4.161651725808722668e-01
7.129043941540902374e-01 6.820127422901982595e-01 8.142860232355189076e-01 6.208362276572004790e-01 6.129068771535685078e-01 6.662922544849764206e-01 6.664719995829454513e-01 6.581639505567631332e-01 5.857564124645174841e-01 6.193998606737348700e-01
9.592337383987673549e-01 9.623749405145777258e-01 9.982848383379032686e-01 9.925236786435205349e-01 9.951671944655617885e-01 1.000000000000000000e+00 1.000000000000000000e+00 1.000000000000000000e+00 9.998590902532710212e-01 1.000000000000000000e+00
2.969984807871333676e-01 3.289295348027463373e-01 2.101964267470654013e-01 3.623333167147835820e-01 3.047373947035814656e-01 3.691696290768455846e-01 3.337996062121007523e-01 3.183676668338562554e-01 4.321421613062896849e-01 4.068730773002849355e-01
3.976990955957347418e-01 3.437406679026256406e-01 4.882124785856652438e-01 4.098107594262618281e-01 4.496957705159036478e-01 4.865629742612813113e-01 3.302397492193382411e-01 4.852090762131108792e-01 4.765810046598019101e-01 4.416564168369483401e-01
2.804375446102150837e-01 3.293106085423910256e-01 2.567598952006406310e-01 3.535683614112355433e-01 2.990703958810468355e-01 3.635614046508994779e-01 3.364736178454196258e-01 3.439676756800246205e-01 3.842776728000192321e-01 3.871323114582129743e-01
3.546834483772275393e-01 3.572115826679450601e-01 3.811886508359287329e-01 5.681236265339129066e-01 5.449382277697470967e-01 4.952154575915659329e-01 4.856590452133194846e-01 5.678453472797928558e-01 5.982494470293509004e-01 4.504443530722885836e-01
2.803491717096665004e-01 3.418177487553546445e-01 2.340823227547357555e-01 3.825088018290673797e-01 3.371741931839966067e-01 3.430552847935983141e-01 3.624273810580303512e-01 3.198454389034169343e-01 4.187097293804322162e-01 3.951645199610988035e-01
9.421366537466058233e-01 9.177990257588186651e-01 8.562563914680402233e-01 8.341457400881548967e-01 7.391563250812402952e-01 8.667571846443807848e-01 8.745645458845697773e-01 7.545607853638686136e-01 8.801973759258027163e-01 9.109478509599083784e-01
3.633450046947727108e-01 3.581975348944421156e-01 4.691975521141026340e-01 4.632499115388694078e-01 4.483584832012010857e-01 4.916938210523023045e-01 2.902660852769224920e-01 4.877650685746525716e-01 5.074354920571685357e-01 3.972004171855870736e-01
6.478836616984603447e-01 6.257160659551629367e-01 7.830271142722003974e-01 6.357553768097209401e-01 6.793149557855474585e-01 6.299440286273982892e-01 6.423283952936665875e-01 6.695789072653978158e-01 5.710918637946057475e-01 6.031258301138847644e-01
3.731091245555124836e-01 3.454022306530627473e-01 3.681383849870053515e-01 5.645386247183842299e-01 5.488504759026325841e-01 4.972436146741583407e-01 4.698538956149590495e-01 5.780603809858129161e-01 5.598144358595400494e-01 4.528237156757062287e-01
7.173332906773180473e-02 4.319861978967294569e-02 1.555305385764572945e-01 2.231573605027572238e-01 2.655254283916097524e-01 1.426084757809668035e-01 8.222232110464990085e-02 2.491375130689401363e-01 1.144300122385107643e-01 6.748503721369325525e-02
7.025063665799652357e-01 6.631317387015085441e-01 7.236411939302557217e-01 6.409848147346729474e-01 6.953802257540790954e-01 6.103004003312927361e-01 6.744843518551700834e-01 6.468765146491791684e-01 5.783441498912483825e-01 6.247805757138620297e-01
6.045488042912803284e-01 6.245430275421540722e-01 5.947192272738230923e-01 4.198892215871718459e-01 4.450405658869008851e-01 5.304006559349828676e-01 5.027543377732465180e-01 4.063325805385391010e-01 4.535515464478047098e-01 5.235494061747140160e-01
9.525111014116220964e-01 9.721052904634525094e-01 1.000000000000000000e+00 1.000000000000000000e+00 9.854396131229842259e-01 9.823289831771624403e-01 1.000000000000000000e+00 1.000000000000000000e+00 1.000000000000000000e+00 1.000000000000000000e+00
7.185633888502819255e-01 6.779481606548649619e-01 6.644832093310020227e-01 7.860562334327119149e-01 8.010245767284022156e-01 6.200031107782209006e-01 7.643353043796113910e-01 7.648199902522173632e-01 6.068233078965566962e-01 6.082946596159466424e-01
6.807291606419643148e-01 7.012513704121341451e-01 7.230771551625497784e-01 8.070002207963472562e-01 8.194567391394336209e-01 8.646526024735544658e-01 6.953399561553677000e-01 8.187758655386296880e-01 9.003875049645263529e-01 8.311421620498208318e-01
6.366034793255540558e-01 6.129844461705983294e-01 5.022430370353632156e-01 5.761564431613600545e-01 5.120565918504893510e-01 5.449127431022998680e-01 6.470325415314054363e-01 5.500140074679426005e-01 5.118581422407412207e-01 5.656757177270254067e-01
9.925059078805702484e-01 1.000000000000000000e+00 1.000000000000000000e+00 1.000000000000000000e+00 1.000000000000000000e+00 9.874621974842872074e-01 9.794880152854106292e-01 1.000000000000000000e+00 9.731938042165508840e-01 9.711517420680267909e-01
9.780067941028409706e-01 1.000000000000000000e+00 1.000000000000000000e+00 1.000000000000000000e+00 1.000000000000000000e+00 1.000000000000000000e+00 1.000000000000000000e+00 9.963039063205990642e-01 1.000000000000000000e+00 9.795548092049950473e-01
1.000000000000000000e+00 1.000000000000000000e+00 1.000000000000000000e+00 9.881902727688396393e-01 9.967759331654000299e-01 9.797958207500222505e-01 1.000000000000000000e+00 1.000000000000000000e+00 1.000000000000000000e+00 1.000000000000000000e+00
6.952950989305888285e-01 6.897915236609666323e-01 6.627763857674331405e-01 7.476976713757075288e-01 7.943707680860231379e-01 6.402577543925811465e-01 7.960170630813501180e-01 7.721776551262771182e-01 6.435949532834909226e-01 6.347780448794994035e-01
3.274589028677812180e-02 7.489853029401990700e-03 0.000000000000000000e+00 4.077048334274189709e-03 0.000000000000000000e+00 5.311343105348172080e-04 0.000000000000000000e+00 0.000000000000000000e+00 0.000000000000000000e+00 0.000000000000000000e+00
6.896139414057060879e-01 6.331841458989027061e-01 6.478162231600977927e-01 7.766106445342958464e-01 8.008099075805159561e-01 6.012805690101755696e-01 7.711367757883926810e-01 7.809224536884894485e-01 6.593298708760488847e-01 6.561369068585078956e-01
7.349357221433928666e-01 6.590155109338098338e-01 8.171351206659549504e-01 6.358620784954419625e-01 6.841899235050958872e-01 5.945720694987769450e-01 6.307238586491916710e-01 6.495941943634598870e-01 5.778033734652529008e-01 6.216401028704457987e-01
9.851684940286985492e-01 9.910625953365020946e-01 1.000000000000000000e+00 9.935548193795957772e-01 1.000000000000000000e+00 9.967399041049196384e-01 1.000000000000000000e+00 9.880974077509332432e-01 1.000000000000000000e+00 9.740216561813981322e-01
3.635163948684617119e-01 4.055481663946943760e-01 5.179411773099600325e-01 4.263641799311790881e-01 5.003348688769096997e-01 4.833154509878736516e-01 3.891395129713611789e-01 4.522819944416087146e-01 4.334607930593322722e-01 4.529105160305059163e-01
5.895656379747009623e-01 7.249989350946041133e-01 5.199359569552541860e-01 5.860341752397364434e-01 5.252949349545104063e-01 7.285783180872572595e-01 5.964758596224913889e-01 5.373971259608443241e-01 7.886787642764747641e-01 6.939130089721453620e-01
3.921516335329367497e-01 3.352448464549090401e-01 4.589763503499790787e-01 4.448477657231660332e-01 4.454157483837488107e-01 2.492233632541144550e-01 4.022558970779498422e-01 4.134541987730523394e-01 2.676600236450984993e-01 2.620095238197280296e-01
7.383510598424186666e-01 7.105628469384339674e-01 7.081740208157684124e-01 8.090415773777930308e-01 8.000453991061905468e-01 8.372474689736008058e-01 6.617016487611713238e-01 8.260105920525619982e-01 9.049496991886716302e-01 7.850476256345064741e-01
6.495784758459870467e-01 7.285925609104627609e-01 7.222497583568560087e-01 7.508567712550808793e-01 7.974583355504756277e-01 8.653181610363397391e-01 6.953703459735741665e-01 8.458258829942909562e-01 9.205485617792464881e-01 8.084783070581456066e-01
3.637356270783971834e-01 3.136309851466198562e-01 4.806164191541223984e-01 4.032905369658003059e-01 4.570883936952931381e-01 5.060050381071026226e-01 3.076973807317489595e-01 4.652996425455601659e-01 4.961344409715159887e-01 4.263898531958148497e-01
6.199152427228107332e-01 6.149692291442755421e-01 5.960869882696349098e-01 4.586993397700478425e-01 4.528210044189432959e-01 4.785562348587443227e-01 5.771206227363584462e-01 4.257919638870987789e-01 4.184542884366200810e-01 5.608394853743343678e-01
6.355436106362232218e-01 6.418638252567502311e-01 6.177932419033331790e-01 4.353575090529613889e-01 4.406788471166209198e-01 5.316419850854341433e-01 5.483091690303383281e-01 4.386724336075657482e-01 4.535272244250778684e-01 5.216034254424248839e-01
9.984367310864309397e-01 9.822413992223413270e-01 1.000000000000000000e+00 1.000000000000000000e+00 1.000000000000000000e+00 9.758390384789829008e-01 1.000000000000000000e+00 1.000000000000000000e+00 9.462111175650763650e-01 9.768831859796220929e-01
3.033022404451649612e-01 3.207649760207811340e-01 2.106497168103370066e-01 3.470480362774561178e-01 3.076803051437853043e-01 3.718671308425722244e-01 3.428210217112448444e-01 3.308103755763718290e-01 4.106493712845374344e-01 3.833712295297747596e-01
5.811330623077421986e-01 6.669199664744603906e-01 5.444357413624963948e-01 6.083496377351053086e-01 5.908966444377169447e-01 6.969133387678135838e-01 5.771617316531953978e-01 6.039120040533983991e-01 7.892911789229223318e-01 7.099966441939572492e-01
6.523141859698342593e-01 6.059410804325643385e-01 6.341945100440143923e-01 4.473185719158325191e-01 4.506155415091264160e-01 5.172843750531331830e-01 5.514074619275693978e-01 4.553212408293078606e-01 4.549762044163225272e-01 4.955803682586794046e-01
3.654221720671796958e-01 3.637492112054646620e-01 4.819066274983220266e-01 4.517581042492233578e-01 4.835591171618150441e-01 4.765962727139275712e-01 3.245372075383785582e-01 5.251581290093833010e-01 5.144366520223287997e-01 4.094395076756529028e-01
6.395375877978410895e-01 6.040238408004455772e-01 5.886632309814381347e-01 4.371760261079977727e-01 4.212532006952342534e-01 5.422892161374982534e-01 5.302244312835698858e-01 4.340914623583975729e-01 4.277297513759416026e-01 4.945012273514878265e-01
3.739009275456234294e-01 3.390890621661888371e-01 4.035990844217749451e-01 5.486887248960697905e-01 5.555844898630503126e-01 4.771701141109180866e-01 4.733504129816183403e-01 5.891736958696279780e-01 5.336953201223516574e-01 4.477302588046082055e-01
3.147934343700289350e-01 3.413551525548179644e-01 2.396298528526782101e-01 3.571997712853211548e-01 3.174096994395396720e-01 3.445401988018777506e-01 3.444278154375810530e-01 3.508691976663357304e-01 4.533559251756826836e-01 4.193319730986985738e-01
7.048068964534630609e-01 6.346729730152282922e-01 7.655283554335704510e-01 6.530133796501254029e-01 6.970375497413038302e-01 6.510328282177939574e-01 6.349104770632051364e-01 6.367390712231015826e-01 5.624076930004434649e-01 5.989652513582111037e-01
6.521005678651206061e-01 6.821758588985157301e-01 6.156282660604247559e-01 4.413707184589403254e-01 3.927731160344703487e-01 5.361870122447296438e-01 5.559110740659802818e-01 4.188432798751811625e-01 4.573615624810840607e-01 5.329759618872307314e-01
6.782507997333176997e-01 7.197063540419484928e-01 6.988588744320365365e-01 7.900919049592161070e-01 8.131903214157079063e-01 8.443986212586171991e-01 7.162721741002348042e-01 8.124873861966958044e-01 8.803317554582231752e-01 8.089025672997860461e-01
7.216485581396111515e-01 6.792915845451957813e-01 8.134267398438588259e-01 6.553328212930270569e-01 6.496688755976116614e-01 6.223497921996581361e-01 6.011350837622972954e-01 6.496670954031553702e-01 6.289623755125467452e-01 5.959402797131139184e-01
9.381578578433351634e-01 9.633361637504413988e-01 8.557498823915837827e-01 8.076694144819014376e-01 7.831663416666287958e-01 8.722065737805418939e-01 8.893425467107485272e-01 7.757882104750876140e-01 8.834042608963648124e-01 9.241170594556559204e-01
3.227277293446195738e-01 3.276783140068754152e-01 2.825151380168047788e-01 2.023614549685999464e-01 2.012465359920215524e-01 1.286110132346873214e-01 3.126771244046415710e-01 2.117117525189100569e-01 1.023062239574738935e-01 1.891845668947800263e-01
3.113869224219181775e-01 3.682664356618816637e-01 3.709361879953254060e-01 5.694112800369447447e-01 5.809937283333489466e-01 4.749578222360693047e-01 4.562327064747939143e-01 6.111713853552078746e-01 5.255826645829591026e-01 4.656069439331304571e-01
6.289792723990753620e-01 6.958310998368785194e-01 5.095123362215635554e-01 6.055446003161274460e-01 5.236599655440183909e-01 7.103735066782046470e-01 6.159872286613149450e-01 5.716150550014458265e-01 7.906898351292226401e-01 7.326503637510917155e-01
6.782914149195212739e-01 6.400890339679545793e-01 7.781807437131726957e-01 6.482991563437338067e-01 6.772332313568333317e-01 6.347016273716146184e-01 6.549549509331255015e-01 6.472880445087532131e-01 5.835448447552089579e-01 6.053612695845839164e-01
3.711117470846818089e-01 3.798084285096183788e-01 3.908271765878288950e-01 5.510938755972326630e-01 5.376724488846905681e-01 4.600275078516444793e-01 4.445456661067657134e-01 5.811820287197307922e-01 5.267390383551777688e-01 4.686059787982654323e-01
7.049314688324621603e-01 7.040394315342675124e-01 6.956883032785441401e-01 8.202211217150245925e-01 7.859735516988322068e-01 8.448127477572570099e-01 6.649618992136967499e-01 8.330539322070453778e-01 8.948727972915708762e-01 7.949210045366705835e-01
4.002661725691162853e-01 3.331473197150054411e-01 4.551429746537301591e-01 4.004006735876271539e-01 4.228989148789426000e-01 2.806096289118482634e-01 4.222074438169904909e-01 4.083276763386248231e-01 1.801563421202332094e-01 2.755049859668145529e-01
6.130321418512137965e-01 6.213300463855345734e-01 5.285451537614392903e-01 5.620964848579388384e-01 5.276923856649806677e-01 5.064194652105671324e-01 6.787042421976524631e-01 5.273793790117573543e-01 5.148518589324926342e-01 6.127656440572677443e-01
3.549937116522991487e-01 2.602780303723799538e-01 4.521592342321333335e-01 4.178633011026551825e-01 4.644900104709009381e-01 2.346750540995364287e-01 4.319513625297441983e-01 4.345289479417923650e-01 2.554189037367743387e-01 3.151624733685093882e-01
6.987640583372662917e-01 7.408738447107602321e-01 7.162132485971428597e-01 7.977299413133939199e-01 8.206306517573384030e-01 8.463935065383682010e-01 6.932057690506179259e-01 8.593850990446274540e-01 8.787867891027968392e-01 7.987816275679410216e-01
3.014678059047557618e-02 0.000000000000000000e+00 0.000000000000000000e+00 0.000000000000000000e+00 7.883162973619611130e-03 0.000000000000000000e+00 0.000000000000000000e+00 1.649769028397341311e-02 1.172812046397096741e-02 0.000000000000000000e+00
3.343175234085644654e-01 2.662229650767164446e-01 3.097754535280614618e-01 2.235862916039958737e-01 1.267557020136917123e-01 1.461296884891776504e-01 3.034060600335862223e-01 2.053348238313891239e-01 1.073037432680900849e-01 1.453766438243129788e-01
6.963236436460715773e-01 6.222318003140915321e-01 6.966724996043198725e-01 7.596885793916537954e-01 7.804532839323402582e-01 6.424164398687255417e-01 7.438298934720898314e-01 7.709268961521851260e-01 6.420755350688063245e-01 6.557911742365313268e-01
3.978963480137185926e-01 3.534976562455018900e-01 4.490201254938173681e-01 4.082644812821729641e-01 4.623921634598358588e-01 2.165471991450299838e-01 3.954805392625920790e-01 4.173636576672132281e-01 1.768111055254630581e-01 3.026285790494721573e-01
0.000000000000000000e+00 1.340666267132161610e-02 2.308973919261876964e-02 2.580646905161191468e-03 1.661279005358821600e-02 1.839634319536611121e-02 0.000000000000000000e+00 2.127689094494957314e-02 0.000000000000000000e+00 3.072010463719247048e-03
1.298258759413894667e-02 0.000000000000000000e+00 0.000000000000000000e+00 7.025513847363057916e-03 0.000000000000000000e+00 0.000000000000000000e+00 0.000000000000000000e+00 0.000000000000000000e+00 0.000000000000000000e+00 0.000000000000000000e+00
0.000000000000000000e+00 2.481506627255656780e-02 0.000000000000000000e+00 0.000000000000000000e+00 4.059547928106936598e-02 0.000000000000000000e+00 0.000000000000000000e+00 0.000000000000000000e+00 3.956844386522433143e-02 1.095744481298676146e-02
6.331769811960149541e-01 6.672897714292470583e-01 5.238332444553110978e-01 5.662715241640976505e-01 5.528577272266539389e-01 7.084129886489155536e-01 6.056281888621791731e-01 5.875115647236588412e-01 8.185485106572404357e-01 7.343597844126283913e-01
6.226728870097028024e-01 6.235679463346304185e-01 6.356037724951483225e-01 4.587300734137913505e-01 3.967600855397168114e-01 5.243164548202529085e-01 5.358553280502181826e-01 4.362286239882352534e-01 4.918089295809506822e-01 5.661692400676151538e-01
4.032556356497216665e-01 3.019727947824715764e-01 4.672774328558675916e-01 4.263909157996461641e-01 4.281209602836998918e-01 2.503456341185353873e-01 4.386917422266423117e-01 4.008939201012982623e-01 2.220965434584467602e-01 2.383303739303603563e-01
3.592610958156347567e-01 3.811912133976400052e-01 4.934425408294179083e-01 4.209952081714409267e-01 4.555915283636977064e-01 4.508112692992399806e-01 3.508181327515140224e-01 4.882496154655932563e-01 4.873582204688323705e-01 4.626248919437789819e-01
6.533056965044482522e-01 6.622421673840519496e-01 6.209013498972874023e-01 4.409760213450188981e-01 3.982357706458033442e-01 5.048057313322468209e-01 5.339317582627000069e-01 4.115539592352165377e-01 4.609610174100157720e-01 5.479689754762907539e-01
6.845406784531097300e-01 6.579631279705246971e-01 8.101449204738550014e-01 6.464715131193264908e-01 6.567077084946664201e-01 6.565082250916428608e-01 6.396105148389708006e-01 6.535320697340967211e-01 5.986066546073650629e-01 6.079293733924571175e-01
3.113309681782757132e-01 2.891977015516319915e-01 2.735328818653234295e-01 1.543724919926297290e-01 1.999973214913094433e-01 1.354067688991008322e-01 3.195538032195269218e-01 1.839998677111889802e-01 9.522217461224834201e-02 2.352642565084913651e-01
3.533338872091455474e-01 4.223452120773683038e-01 4.874694965549816739e-01 4.553635001026521967e-01 4.895082276317994641e-01 4.709813984033409673e-01 3.523509007499494583e-01 4.598691199550339892e-01 5.056470926446646752e-01 4.261513785823969336e-01
6.698855815752663423e-01 6.350955679068239768e-01 6.229117581088357003e-01 4.163350070570165928e-01 4.331601494542604014e-01 4.983187625615552729e-01 5.338071473799915756e-01 4.114559962377892233e-01 4.686785170782254983e-01 5.152880017894955200e-01
7.128662896786349679e-01 6.730740878591525700e-01 6.657171602578720870e-01 7.643441232619723191e-01 7.881207331285826623e-01 6.201124869079392976e-01 7.520761671472993015e-01 7.440451499309232997e-01 6.570859993111797248e-01 6.671087354417233328e-01
7.812725746682459838e-02 6.606640715423350851e-02 1.559846973848113272e-01 2.144788279220005978e-01 2.420223779845135925e-01 1.002246571555924365e-01 9.378885456498974038e-02 2.294119875510065854e-01 1.169272687648595516e-01 6.900192198303756186e-02
5.909953344661310615e-01 7.087859605342697877e-01 5.581027520545527310e-01 5.569672275304718978e-01 5.602216075132857576e-01 7.448673900607863940e-01 5.966192958688455450e-01 5.809096929549714128e-01 7.729655539700395206e-01 7.366455950996027013e-01
6.377527880166392604e-01 6.410295381015885807e-01 6.060997098051168486e-01 4.685486813744067502e-01 4.083844064121482376e-01 4.850885797525785192e-01 5.668362403073554656e-01 4.360977179881548871e-01 4.310246869070297193e-01 5.683195500077228290e-01
3.642533410830761098e-01 3.685236375424446598e-01 5.084369860661146490e-01 4.360224996251060303e-01 4.435219404312573666e-01 5.217652408332260627e-01 3.424794433076278066e-01 4.351620885107208569e-01 4.733171710273587629e-01 4.162863763538715012e-01
6.580547924195253584e-01 7.230419695290700721e-01 7.139239615659225269e-01 7.884603282565532112e-01 7.813606530001264705e-01 8.626893697033035657e-01 6.889920575380240608e-01 8.151632248934785885e-01 9.227003231812309636e-01 8.246074405365171334e-01
6.745926003875833965e-01 7.539581990499469866e-01 7.158667605361986874e-01 7.814226461092270704e-01 8.014777256651801629e-01 8.409417701956124480e-01 6.978119002010142458e-01 8.366892914284108640e-01 9.203675405374833751e-01 8.137622834182226539e-01
6.991300785575845778e-01 7.236845389080690527e-01 7.111671755698438790e-01 7.959843758938430769e-01 8.101747594252255436e-01 8.457874105945620835e-01 6.980691863857032553e-01 8.019883306363339015e-01 8.983865820880333475e-01 8.430992754670897371e-01
2.941237302109839247e-01 3.290543846500549874e-01 3.374275290034250419e-01 2.658063472825084039e-01 2.082608315711025893e-01 3.879599002298778632e-01 2.165362445680137360e-01 2.163952717601088094e-01 3.866067714598102611e-01 3.726576226250263302e-01
3.792988672378540538e-01 3.755702849944247412e-01 3.920101157232022127e-01 5.672027062869794412e-01 5.955536067781235232e-01 5.001227869162783168e-01 5.138963188390395231e-01 5.705386793858603367e-01 5.447897620633216365e-01 4.486230779471274133e-01
9.368119362792248772e-03 0.000000000000000000e+00 0.000000000000000000e+00 0.000000000000000000e+00 0.000000000000000000e+00 0.000000000000000000e+00 0.000000000000000000e+00 0.000000000000000000e+00 0.000000000000000000e+00 0.000000000000000000e+00
3.436025242230327792e-01 2.798198375929673576e-01 2.606152076777681903e-01 2.223260894829522938e-01 2.445665901081282567e-01 1.161111768744830797e-01 2.986982086232113365e-01 2.005707334646162632e-01 9.687576298110926742e-02 1.778188820123717817e-01
2.906656741431401514e-01 3.399645298446564157e-01 3.716547702108064510e-01 2.294281129836393540e-01 2.043093387661544247e-01 3.704733685094969697e-01 2.621599032520877115e-01 2.558988113323357738e-01 3.651357777466508470e-01 3.449754008482372458e-01
6.860872755154499014e-01 6.203622662314596248e-01 6.682823565223477980e-01 7.420086161030586824e-01 7.478329846512591361e-01 6.621058128110604013e-01 7.551403565133059104e-01 7.871272546273274662e-01 6.179553447326739946e-01 6.402772149578772609e-01
2.833485951974891726e-01 3.507752485003394205e-01 3.305381660961504986e-01 2.270285231221818023e-01 2.193206260396923235e-01 3.673823988266639584e-01 2.345974198216664586e-01 2.177003989051157218e-01 3.346386625848183360e-01 3.277854513017066096e-01
9.589936942584470492e-01 9.647320344236973710e-01 8.359533868864060802e-01 7.988529547811666909e-01 7.567679694869580143e-01 8.559026529432516295e-01 9.125596609333019860e-01 7.797533738127063740e-01 8.828601719687609872e-01 9.368647286212495873e-01
3.492146095340600276e-01 3.606902544739763461e-01 3.617550409480295714e-01 5.797197057553270527e-01 5.775410949157860907e-01 4.906702997386158116e-01 4.603298953113032499e-01 5.296629432468303866e-01 5.611127491283327551e-01 5.074375272760780486e-01
3.168531473861772585e-01 2.779846423158713886e-01 2.249353295668329034e-01 3.652591619101137055e-01 3.232559749443823516e-01 3.548593248405272349e-01 3.564465056710565127e-01 3.691260000042760336e-01 4.200313156776574464e-01 3.996723451541693839e-01
3.561445155176107269e-01 3.609956169955826910e-01 4.629142616427086576e-01 4.484828909235458183e-01 4.491272888619306514e-01 5.117601048101846350e-01 3.512044482897326292e-01 4.723121854638007155e-01 5.249812156710381705e-01 4.348038837795406009e-01
6.789640875483589078e-01 6.579904613790417134e-01 7.666993480952908335e-01 6.288258666466147728e-01 6.325037248226274000e-01 6.185415003376097953e-01 6.281395235937946575e-01 6.445666029586133439e-01 5.641253192486309631e-01 6.069868409181863322e-01
3.180706128563581814e-01 3.564613745743864248e-01 2.336098115181037271e-01 3.452141008764605390e-01 3.031679879744437756e-01 3.369542858184725875e-01 3.598434398677983204e-01 3.425784916658413115e-01 3.729398357263690733e-01 3.995684606607297629e-01
7.277234441415623145e-01 7.029848505523988988e-01 6.585973250372560983e-01 7.428832731093324426e-01 7.860465230189024322e-01 6.029825014277044870e-01 7.774154759339408916e-01 7.061249217329261807e-01 6.450932682731000956e-01 6.790212684871851367e-01
6.128991957358536080e-01 6.859193887830132841e-01 5.447172783981796274e-01 6.223014166083570275e-01 4.960510780230077410e-01 7.212966155027417114e-01 5.897941986003908399e-01 5.773047564429780731e-01 7.999022302961692477e-01 7.303446303317054911e-01
3.775785148028755200e-01 3.528729098011839649e-01 4.953444168510753309e-01 4.470362780336877284e-01 4.396949284224596632e-01 4.461530900118862997e-01 3.379194301251893240e-01 4.415166758762175681e-01 4.839432554876470505e-01 4.319638228029881732e-01
4.792031982848738575e-02 5.303561031218410882e-02 1.946470627799491426e-01 1.836334650228174936e-01 2.522212773604713409e-01 9.132494656361830887e-02 7.529941044846905074e-02 2.313024774437429654e-01 1.539620644725460952e-01 1.089833212847999833e-01
3.309111539444982708e-01 2.942015587234577678e-01 2.954046573907057049e-01 2.229370739659183864e-01 2.201169153767211228e-01 1.369414589541944616e-01 2.829809753401341110e-01 1.713884090072674005e-01 9.609696745777247806e-02 2.046095828475263390e-01
3.969494845568507513e-01 3.875739546384309175e-01 4.868316298558032496e-01 4.265024455986788365e-01 4.816879548452130400e-01 4.855940656984336634e-01 3.306598364879370644e-01 5.075926799362839859e-01 4.443419208431082512e-01 4.132692235738955611e-01
6.457897466317603641e-01 6.105324925187163299e-01 5.669185704254617875e-01 4.263325201550637877e-01 4.526562672830970468e-01 5.075080957181239416e-01 5.814330990182675629e-01 4.193411672969341586e-01 4.586914931999584999e-01 5.535633043927461472e-01
1.000000000000000000e+00 1.000000000000000000e+00 9.955548055681943120e-01 9.889746134811997491e-01 1.000000000000000000e+00 9.816635015018989607e-01 1.000000000000000000e+00 1.000000000000000000e+00 9.760110081228053902e-01 9.941095670152588770e-01
6.877207959994083852e-01 6.525562628929041376e-01 7.611118810332554441e-01 6.680660865983428787e-01 6.681275963845597632e-01 6.431481733534155643e-01 6.046429365878903672e-01 6.172511426348676888e-01 5.988681406352414083e-01 6.033821915390140678e-01
0.000000000000000000e+00 0.000000000000000000e+00 1.283229979863414159e-02 0.000000000000000000e+00 0.000000000000000000e+00 0.000000000000000000e+00 2.248344119787070924e-02 0.000000000000000000e+00 2.293812366769698227e-02 0.000000000000000000e+00
3.950990069404733407e-01 3.042322750716539570e-01 4.478323902478078544e-01 4.260031801062866830e-01 4.511509358218935839e-01 2.644208812427760735e-01 4.028734674544078298e-01 3.684888045553856850e-01 2.365108008106699411e-01 2.888027922822141158e-01
3.801598464796016597e-01 3.162507169778249749e-01 4.672489502861225108e-01 3.964224174816210478e-01 4.256302276432931131e-01 2.273865512265294542e-01 3.935756115299352542e-01 4.468679288062740729e-01 2.045829415614289493e-01 2.552533385124375331e-01
4.200778146906002930e-01 3.208769309276852666e-01 4.567090459658451618e-01 3.977127234225555363e-01 4.083922886444862344e-01 2.812677885447709136e-01 4.155029882866920765e-01 3.866454804580592430e-01 2.618159441096402640e-01 2.601739973619748847e-01
2.855577315706077646e-01 3.373535821590195605e-01 2.128771444197830043e-01 3.673019694937951218e-01 3.348881247865307942e-01 3.356503709729655727e-01 3.572607670543587743e-01 3.479418717270740258e-01 4.078959163557567824e-01 3.962214536666757159e-01
0.000000000000000000e+00 0.000000000000000000e+00 2.682339466391818472e-02 0.000000000000000000e+00 0.000000000000000000e+00 0.000000000000000000e+00 2.371363809615383445e-03 2.670355998896051502e-03 6.960229848399678704e-03 0.000000000000000000e+00
9.326195552283540469e-01 9.784681337969156623e-01 8.226334973425993846e-01 8.212208012762860498e-01 7.684254979087277171e-01 8.558388103758058918e-01 8.865194496226976861e-01 7.721287452493081904e-01 8.579659688798706441e-01 9.461618694862640178e-01
6.916200599255312165e-01 6.451715653129599382e-01 6.904527309272158186e-01 7.841174276815889854e-01 7.606339709528440185e-01 6.564528515632694905e-01 7.505067622322028065e-01 7.499222454084769618e-01 5.966885219811186580e-01 6.612959160211834275e-01
6.340332675277140506e-01 6.439857807465987349e-01 6.193214646183677896e-01 4.369773522858566572e-01 4.293735289727309001e-01 5.188801060330396897e-01 5.689151046026363900e-01 3.890449666520730543e-01 4.299166334450246763e-01 5.226360702024179794e-01
3.997072557314989005e-01 3.398585512531219210e-01 4.404528332768835042e-01 3.837412199550342407e-01 4.432443931437659579e-01 2.927656164516209136e-01 4.156529063974688243e-01 4.070048028402921680e-01 2.376613167774350444e-01 2.593438086618849447e-01
2.558077948299519386e-02 0.000000000000000000e+00 0.000000000000000000e+00 7.615199341973142091e-03 7.017259205040489445e-02 0.000000000000000000e+00 3.729188211889174209e-03 2.707076320142796574e-02 5.275084660370754804e-03 0.000000000000000000e+00
6.745879410234830731e-01 6.171683484036123435e-01 6.157259536041569392e-01 4.380388612304605411e-01 4.158167520339373646e-01 5.391838962854479389e-01 5.568332660406872803e-01 4.335565495362511679e-01 4.447570782209432916e-01 5.734405166635399009e-01
3.413455702744208065e-01 2.994276846090515587e-01 2.844605750649888964e-01 2.067266987183592197e-01 2.234717589516204694e-01 1.697842662504749356e-01 3.246082196757821836e-01 1.940721503312959895e-01 7.988027527603007438e-02 1.421085511265869905e-01
7.045227543554188898e-01 7.152986913103374089e-01 7.068089610666453693e-01 7.766878497374318790e-01 8.221998738652881444e-01 8.382296518783622918e-01 6.839493052352223490e-01 7.970149917252594696e-01 8.762751845338592194e-01 8.599544165803145734e-01
7.296378934149907458e-01 7.219221920556981864e-01 6.530886518060355916e-01 7.832358489343856922e-01 7.833698655432672631e-01 6.508779313376908959e-01 7.617522901385139766e-01 7.833003350862370873e-01 6.569155988436400362e-01 6.480870302322395693e-01
7.428474308904867707e-01 6.211244380820107880e-01 7.567020795963610436e-01 6.662646908296453452e-01 6.840578966659065507e-01 6.346221992009388746e-01 6.305634118241372210e-01 6.456677515696142011e-01 5.636215172172525101e-01 5.997257694240674120e-01
6.158258106101740514e-01 6.810271362881851198e-01 5.219358627531044403e-01 6.118442808750682582e-01 5.495656222714386807e-01 7.331776909264882125e-01 5.930401111056444741e-01 5.440922324525825360e-01 7.524658180152159481e-01 7.005670923197621081e-01
5.208694410182587720e-02 2.294768096212625869e-02 1.594048853673766253e-01 2.404998050209584404e-01 2.947399762193489980e-01 1.258095021741902908e-01 1.107995855426625598e-01 2.461422032336474941e-01 1.338618283035729328e-01 8.681275603267649132e-02
3.360584795773776112e-01 3.542474919213384199e-01 4.682527192949440531e-01 4.471196116516472086e-01 4.890144577065150266e-01 4.711904282971924318e-01 3.650244208447481764e-01 4.976848229214329011e-01 4.489193363280710725e-01 4.798793160832154348e-01
6.816535411045455684e-01 6.530093026869315809e-01 6.716808260783144746e-01 7.897181251622281684e-01 8.041402729011610795e-01 6.323230167254187961e-01 7.679244924306870557e-01 7.929643310647042087e-01 6.431049202964728151e-01 6.509039471200195326e-01
7.459480221988437076e-01 6.581457483546589993e-01 6.599805630616605301e-01 8.059726203067049122e-01 8.064823865246077972e-01 6.520888910829845120e-01 7.706389199949720270e-01 7.905928496444700748e-01 6.311542603820807784e-01 6.599016509360503546e-01
3.172518988401171747e-01 3.072485461479404489e-01 3.168117165676311298e-01 2.173568303072431485e-01 2.220849217201312786e-01 1.452830621715028858e-01 3.400617024588281634e-01 1.743919918450642648e-01 7.499364111934908594e-02 2.103608257871871778e-01
3.403535726467440403e-01 3.384999798621871614e-01 4.955271683307632125e-01 4.395454256277703808e-01 4.537013988431417011e-01 4.751851834507670458e-01 3.566204167816737214e-01 4.614132994771071861e-01 4.774092723361973989e-01 4.541273425638199246e-01
9.134284862191328624e-01 9.828183185510567244e-01 8.482257303632552148e-01 7.900956159537484425e-01 7.575817068184103054e-01 8.651664948258199761e-01 8.989267790926135371e-01 7.565456638875509565e-01 8.731881282162332614e-01 9.179730844044694527e-01
3.511821070383379095e-01 3.414073633378048034e-01 4.273549409404057697e-01 3.955435834718694643e-01 4.735346021418582740e-01 2.625627694811073498e-01 4.229845207175843558e-01 4.273937494767242051e-01 2.046364858318702740e-01 2.701149150014386935e-01
6.310940190038372144e-01 6.295601249957873957e-01 5.153981413741340889e-01 5.715529539279833315e-01 5.232320011588843522e-01 4.956129895201326629e-01 6.967075681770449336e-01 5.081683410565569492e-01 5.253874958217030766e-01 5.610029584535191072e-01
1.000000000000000000e+00 1.000000000000000000e+00 9.936930898904356990e-01 1.000000000000000000e+00 9.998224212508786124e-01 1.000000000000000000e+00 1.000000000000000000e+00 9.738798223764452144e-01 9.865403971055789478e-01 1.000000000000000000e+00
6.352233752500927588e-01 5.989501695529103609e-01 6.163683755654321139e-01 4.427251689722027095e-01 4.006386350519354766e-01 5.081884671648174701e-01 5.159894738373490553e-01 4.166852084931399469e-01 4.637765385761960513e-01 5.166535725709505700e-01
5.955454939335002029e-01 6.956573248565314227e-01 5.237608307472219060e-01 6.016071269669617250e-01 5.607618081615498573e-01 7.296701330722252798e-01 5.738660761597668136e-01 5.689955151107961573e-01 7.719509857552371290e-01 7.507236041477941546e-01
3.213278567882542069e-01 3.238241231819287136e-01 2.276865152810692294e-01 3.427858840883496461e-01 3.193907469169957047e-01 3.805660292236909825e-01 3.563964444801205333e-01 3.385157957602973888e-01 4.699087154858291315e-01 4.040730906402662526e-01
6.528735508717379288e-01 6.083911959000175562e-01 5.270647971127205844e-01 5.752229657883586311e-01 5.292537265696398707e-01 5.295563461673991057e-01 6.744836965912839322e-01 5.466058748059505756e-01 5.011405989689362572e-01 5.943127997838941745e-01
6.161996447947282185e-01 6.155592362083351921e-01 5.168212782117315163e-01 5.717493277143811392e-01 5.495326717253271598e-01 5.064148366152856351e-01 6.688494333956039872e-01 5.157134659797839582e-01 4.922694601801251846e-01 5.768565668308821559e-01
3.726645987875762400e-02 0.000000000000000000e+00 0.000000000000000000e+00 1.696176243522044130e-02 1.193626687902265247e-02 0.000000000000000000e+00 0.000000000000000000e+00 1.821294246019823648e-02 0.000000000000000000e+00 0.000000000000000000e+00
3.694677354258605884e-01 3.482521330526265335e-01 4.801242522898445664e-01 4.305344457549272752e-01 4.588356762599083982e-01 4.768125091826229123e-01 3.539562074807288128e-01 4.586482896849503610e-01 4.484295385662649402e-01 4.185392857082470552e-01
3.959392832356157244e-01 2.775433538362031549e-01 4.524145279176301493e-01 3.970225512620933483e-01 4.616177677671881585e-01 2.747717057736739910e-01 4.113332719340879184e-01 4.231895296223661118e-01 2.574508783037451343e-01 2.572336115393288880e-01
9.164383248990585207e-01 9.381813089976385189e-01 8.388000686473988665e-01 7.772402363873828213e-01 7.271653633796870686e-01 8.287493525498267344e-01 8.844732598748035191e-01 7.740939261324970566e-01 8.810342880022951073e-01 9.155660384553114817e-01
3.513294442096281944e-01 3.443958444447895451e-01 4.855127265374416523e-01 4.608523908130993108e-01 4.808150659541047256e-01 4.995332640427840309e-01 3.692659695967800970e-01 5.115752802107643715e-01 4.802327303891053556e-01 4.199381437744742485e-01
6.475173546150562176e-01 6.285054429162202361e-01 5.483638618516126773e-01 5.458412035456412514e-01 5.423377059509778553e-01 5.155011701088210163e-01 6.746960101365768736e-01 5.317027341710746091e-01 5.037852294448399437e-01 5.743076441323134995e-01
3.885048126131359636e-01 3.001617300452683601e-01 4.464830901852956391e-01 3.911837885321971520e-01 4.695564369547793881e-01 2.735614493255047464e-01 4.077700012973484167e-01 4.465479124768767516e-01 2.027925385198940944e-01 2.948269165742247178e-01
3.069741580205125331e-01 3.547227008136794590e-01 2.995927340591412191e-01 2.207588967454117979e-01 2.592414462071218062e-01 3.758567903452440517e-01 2.000352764414489171e-01 2.378743904336776405e-01 3.399222688400727055e-01 3.388103755371424386e-01
3.223522917388071396e-01 3.554532546736082210e-01 3.758621943509993235e-01 5.402498733314921031e-01 5.482788387548368503e-01 4.671670202926250792e-01 4.524036294082851573e-01 5.474439046251711183e-01 5.285054111818271450e-01 4.617857546297906568e-01
4.027267457320112265e-01 3.560500844910642892e-01 4.978692350718899040e-01 4.497224740763904327e-01 4.672801200515769304e-01 4.486116024635137811e-01 3.311656574939428888e-01 4.652107332552611330e-01 4.872113144453570910e-01 4.194192485821282568e-01
3.717350476718355723e-01 3.814507356583239917e-01 3.737556152127045617e-01 5.275897728213506666e-01 5.668072423628525147e-01 4.941165458512135067e-01 4.345929882620427898e-01 5.842220372456888855e-01 5.806845315756905546e-01 4.748182762175591209e-01
6.788882424502405977e-01 6.810891550063941091e-01 7.431319284847447415e-01 8.045323161102327925e-01 8.127462840455959014e-01 8.334514785636464307e-01 6.956579686745297808e-01 8.290902360209365662e-01 9.062917481293281119e-01 8.045665639133040559e-01
0.000000000000000000e+00 6.918639336608620183e-03 6.485158282965810921e-03 7.565471373449106536e-03 0.000000000000000000e+00 1.890537680657344843e-02 0.000000000000000000e+00 0.000000000000000000e+00 0.000000000000000000e+00 1.943136999673417001e-03
6.520929075253234508e-01 6.114824497367026268e-01 6.418863639033470792e-01 4.266756915790055338e-01 4.342208787652174218e-01 5.026295620896840122e-01 5.349949562756872723e-01 4.365860298791089944e-01 4.572742228167268053e-01 5.635319326047952826e-01
5.930681751816794245e-01 7.067336589038418770e-01 5.558940552786452161e-01 5.972157916242532005e-01 5.932510474869459038e-01 7.396435199594348919e-01 5.951664928250663955e-01 6.221984240568760871e-01 7.859116027943024996e-01 7.314286601446726710e-01
6.582089918321640809e-01 6.223799720525874379e-01 6.530904353934335882e-01 4.410419708606034273e-01 3.942442500135932559e-01 5.308310055901205304e-01 5.353019065410993260e-01 4.251121088256534231e-01 4.567305170316180996e-01 5.467453594680894424e-01
8.979003159011796076e-02 2.476071082029058720e-02 1.343451935845291212e-01 1.947076196664278003e-01 2.815389931084089081e-01 1.535002032621435308e-01 9.268108642890128535e-02 2.422662459397986745e-01 1.278872738331108816e-01 8.142946160890225660e-02
6.235274795107196288e-01 6.647913052277892865e-01 5.630768040024581866e-01 6.150600707667449596e-01 5.416406377337406042e-01 7.361152078873434146e-01 5.778721436087375096e-01 5.816623185788920569e-01 8.063170598341202755e-01 7.509104992386210764e-01
6.355683235248279495e-01 6.719680631409473692e-01 5.225728875655760719e-01 5.976599662168270433e-01 5.213737658322695756e-01 7.532551951817966218e-01 5.947530454359636343e-01 5.756460742533343611e-01 7.678419606936017772e-01 7.359888349697151222e-01
3.949724557309199358e-01 3.557201460027570872e-01 4.886532562254314871e-01 4.499602909833868014e-01 4.383398460928157325e-01 5.199753516702773082e-01 3.263131440573442399e-01 4.591284644402729986e-01 4.869928570657982014e-01 4.704963631895013876e-01
6.687951321611086408e-01 6.589477422881730995e-01 6.766528451512443532e-01 7.495295907609884623e-01 7.625211061369480126e-01 6.057420742868058205e-01 7.418557174019572154e-01 7.644043952627717076e-01 6.492641994391372684e-01 6.202280379202955718e-01
3.376887233856911696e-01 3.164423775476020162e-01 2.948524947902747551e-01 2.283675144389868406e-01 2.148542493341122628e-01 3.331557281223625488e-01 2.394389801520729333e-01 2.506855162556044236e-01 3.663444296568436620e-01 3.852077594174203035e-01
3.524555353900507004e-01 3.065717013615421038e-01 2.880102401069818963e-01 1.783710526284372766e-01 2.282641418255348387e-01 1.615653574079560506e-01 3.159859121354918754e-01 2.202894324306393092e-01 4.781469396369758540e-02 1.781954882804756557e-01
6.561818573993737358e-01 6.883358003851577367e-01 7.295144709095736646e-01 7.820390956177049047e-01 7.892937921743918839e-01 8.528873972481216814e-01 7.131798323371010273e-01 8.265499143338422838e-01 8.832803498910073436e-01 8.229018115873873995e-01
