4.580814359859224916e-01 2.634025554548262149e-01 8.456936561648766004e-02 4.379528919046714597e-01 3.130064631171777800e-01 2.176263364902150943e-01 3.036997427278649853e-01 2.587249781084985378e-01 5.871326303143398206e-01 1.548908776920012720e-01
3.898974406799451398e-01 2.853846630803321682e-01 5.099686478558625863e-02 2.868299107472807030e-01 1.439242851725305306e-01 1.732585709885933467e-01 1.777830367849088100e-01 2.179232962912472926e-01 2.358871059408024218e-01 1.029162583862531233e-01
5.492273752558207711e-01 6.081488069799531049e-01 9.014689226373394648e-01 6.107069203470172347e-01 6.685064536500986421e-01 8.449851701492285816e-01 6.486712503993070644e-01 6.599153315694860078e-01 4.953967505881229361e-01 8.123964731557602459e-01
8.604136061462698271e-01 9.392781928935103331e-01 4.427324896885738159e-01 6.084747487085648832e-01 5.395428982542440632e-01 6.363314367316670328e-01 6.175467525995661511e-01 6.727014903324268769e-01 7.384594091198604104e-01 6.420457432914375984e-01
3.754386325956319270e-01 5.631163711741949962e-01 1.219412539110319715e-01 1.800982259279701458e-01 2.029290425836643430e-01 3.563545365208842797e-01 2.405503881673053401e-01 3.614913417729454514e-01 1.707607250757177952e-01 5.037417109793866921e-01
8.033890999900769048e-01 7.962373711592551917e-01 2.609982928495497845e-01 6.226369932681493635e-01 5.862384504735280721e-01 5.626025612686867960e-01 5.531181173670990381e-01 6.767501161594706716e-01 7.828233708255820655e-01 7.563861123599644465e-01
8.556002247681933071e-01 6.655878094766330966e-01 8.209135371309074225e-01 8.681756284910732147e-01 7.566362180431919215e-01 8.366563722121489466e-01 7.915307782233267364e-01 8.534926256500960928e-01 6.980483645745356736e-01 6.093257367544806513e-01
4.461260830301577718e-01 3.767454441510598162e-01 8.453136979280205798e-01 5.394437686186227543e-01 4.875210339638246237e-01 7.142277621968414758e-01 7.711803198496771650e-01 5.985569294345982616e-01 3.379930621330434204e-01 5.151611059125565939e-01
5.901998792503676539e-01 4.630962010718995270e-01 7.554047516733501944e-01 7.085759815062970812e-01 5.177588141568115754e-01 5.771693440817551313e-01 5.535754628286650991e-01 4.494935147899536965e-01 5.299946467493462654e-01 4.742561710893855031e-01
1.440394266007907487e-01 2.496099998753723015e-01 1.098319823431422454e-01 1.866103674915444433e-01 2.623472931183055690e-01 2.475385986643858505e-01 1.771998953145818567e-01 2.065305568876805165e-01 3.666107141575998818e-01 4.409804970975769178e-01
-1.287417539423831719e-02 3.596118039407745354e-02 4.942000351290805338e-02 -8.144047247498806263e-02 -3.745302140989240774e-02 -9.700610633163726446e-03 3.717743912724390948e-02 7.758821249043183765e-02 -1.490757287087252948e-02 -2.395853922961750995e-02
4.839758868063954167e-01 5.260340854964007384e-01 9.191873574746978193e-01 5.885757354914815664e-01 9.066134050737282291e-01 7.220525958360473062e-01 6.939901098306990868e-01 9.030984403666661997e-01 6.439231427855565126e-01 5.062599864428767305e-01
7.836524443575483279e-01 6.144928717038172783e-01 3.384872491332469036e-01 5.543520211088568406e-01 4.966577631715911600e-01 5.515345340403892127e-01 4.362000570260509691e-01 6.217170547023791460e-01 7.542677160827520044e-01 3.696998232613891711e-01
5.841513870274934739e-01 7.904861682408764745e-01 8.247477124078650412e-01 5.263049579311860349e-01 6.466593898302336330e-01 7.735124293654892513e-01 6.689755367951200071e-01 6.661595806806532849e-01 5.582414925188274868e-01 8.191374273988305532e-01
5.569630031457013519e-01 5.279796555003799519e-01 8.219992221497862683e-02 3.378896746447679345e-01 4.807771215182097269e-01 3.107600381428200498e-01 3.239360856625344010e-01 3.107887325783847410e-01 6.219364339454916957e-01 4.781536308764780530e-01
5.114558396758217551e-01 7.090628729801625729e-01 8.712584165149288573e-01 5.666074424489720984e-01 6.087334282064977842e-01 6.904929401149629831e-01 6.407532822757817659e-01 7.750101285222010805e-01 3.735639513110237120e-01 9.123647588059321523e-01
8.764689908274778674e-01 5.579179438638153243e-01 2.512101011094792780e-01 5.248800832388691440e-01 5.552590500770977489e-01 5.479125741570997077e-01 5.659661134736381216e-01 6.623808687401931961e-01 7.047317464047530011e-01 3.392906046080666482e-01
4.414738105694754888e-01 2.803473307887632826e-01 6.845240173715405607e-02 2.869868555352267370e-01 7.560260769640103629e-02 1.465809121222103606e-01 2.037531250926526705e-01 1.935209330218318480e-01 3.505002753084011657e-01 1.145614382886850913e-01
8.296639172590022371e-01 4.936615758181518432e-01 2.566714367022331356e-01 4.146824321295453641e-01 2.949150118237674478e-01 5.436797481761438400e-01 4.376710999770996313e-01 5.388244528105677889e-01 5.169590924453716374e-01 3.467351271172837701e-01
3.820565468900162243e-01 5.285371664984015450e-01 1.770764199102289882e-01 1.726220234432820633e-01 2.092191874018082820e-01 4.029113453130718225e-01 3.666183692011449891e-01 3.930864409534006176e-01 1.303969549178318754e-01 5.082923423433933774e-01
7.941440691324966883e-01 7.813266867152319772e-01 2.702691045943402814e-01 4.345165395776122708e-01 3.489246109209817037e-01 5.889623214070728308e-01 4.122328418656778792e-01 5.145559261487524516e-01 5.875777721207776638e-01 7.119251984348420326e-01
1.285830195104495366e-01 2.650942853547877953e-01 8.576324422288375549e-02 9.148102572747160433e-02 2.262545304356958220e-01 1.694343863441627185e-01 2.402505976051470538e-01 1.667907771376226644e-01 3.015226461608025987e-01 3.259126193089824097e-01
6.583299289883144390e-01 4.707124117795444262e-01 8.149094821253864973e-01 7.490594571470440277e-01 7.265648377218772991e-01 6.869088784584130858e-01 7.662506325594690137e-01 6.132785122066692907e-01 9.063321050576016447e-01 4.983138437236956375e-01
5.797088990595077318e-01 4.566154476387569439e-01 9.821614706775216863e-01 6.864998405444793228e-01 8.081395268810837029e-01 7.585450907260105069e-01 8.368677173621159593e-01 7.865768712501527427e-01 6.722191220150144364e-01 5.826340095815573106e-01
4.425766539678525069e-01 3.586189166385734262e-01 7.232456083084882748e-01 7.699137893635625840e-01 5.419751650333402004e-01 6.064489108803313711e-01 5.788767184550218659e-01 5.661030862427987032e-01 6.327250483398240144e-01 3.775433287418181183e-01
4.861146766721897716e-01 4.347640305409857242e-01 8.745851994351991898e-01 6.089141173548026087e-01 5.874620526523378627e-01 7.028910650305160157e-01 6.223779147748691454e-01 7.236293938341284981e-01 3.615823633681339300e-01 5.455194702106811455e-01
3.867605214629852295e-01 5.560836191420150953e-01 2.225997024968111027e-01 1.912098974776982874e-01 2.760092553385051772e-01 3.408902464471558758e-01 3.492862915624839748e-01 3.283021459297188471e-01 1.541247762954559286e-01 5.078219154279999259e-01
8.154561769937067606e-01 6.010966340767013305e-01 3.609004878427718999e-01 5.513271828511364658e-01 5.298664689269496630e-01 6.139556339694146603e-01 5.674330051188102297e-01 7.250439967556133736e-01 7.661181625679103213e-01 3.218504022182305802e-01
3.870357220830088485e-01 2.208345323897285273e-01 2.924759810077197653e-01 2.618241484414090547e-01 4.500465381463693570e-01 4.703282492663402037e-01 3.700802725812731286e-01 4.006971610889831226e-01 3.639926278823032435e-01 2.106438439186619771e-01
9.678161596088951102e-01 7.423351351505047546e-01 9.784511555859937149e-01 9.845507356566850499e-01 9.141645995250947676e-01 1.154953489497123620e+00 9.675583345080004394e-01 1.055304530170743549e+00 9.494413885386276952e-01 6.945698535613931135e-01
9.659671274663571561e-01 8.141568123999627371e-01 1.009896359582274750e+00 9.043916347749755280e-01 6.576395874834588540e-01 8.520766717723315953e-01 7.927091012075199172e-01 8.628844976260910959e-01 8.032919224655696855e-01 6.362346111861605369e-01
4.715109685030984821e-01 5.062758373339566464e-01 3.508298710169067136e-01 1.679393080608328481e-01 4.915886217013038517e-01 4.144598909388467201e-01 4.413809668584002255e-01 4.796234536846444296e-01 3.669627641484937697e-01 5.856913181762796183e-01
4.961965132814339374e-01 4.539204613373624686e-01 9.243543441818771744e-02 3.463564510101091454e-01 2.510523911958607579e-01 2.147512449071475871e-01 2.187961914174094136e-01 1.539217037329381199e-01 3.655483410015484824e-01 4.040555785538281208e-01
-7.669982661918038624e-02 1.483426229733067828e-02 1.914999941671913924e-02 4.869116452263180100e-02 9.322204436355136653e-03 -4.970311534130016778e-02 1.086157007579253708e-01 6.164339504836459371e-02 3.241074247397256886e-02 -1.565750474835185882e-02
6.753678237476916368e-02 3.243247553783729642e-01 4.795704797199078218e-02 4.905828556798870477e-02 2.040613721951568538e-01 1.171878708512117673e-01 2.123271550337005875e-01 6.961950714879702740e-02 2.415498621946324254e-01 3.480175041387993939e-01
4.361280410019509612e-01 2.825798293289701335e-01 1.103027395828620749e-02 2.915793056830894847e-01 8.286735400611631996e-02 1.020860837024215595e-01 6.209239367523361475e-02 2.333389090138528466e-01 4.458680471850863802e-01 6.119538280528788454e-02
8.306860890950758247e-02 3.018086574468373806e-01 5.134850656312930917e-02 8.753937066800648870e-02 8.250240933413129085e-02 2.531439927825951397e-02 -2.467471289443391030e-02 -2.120918741642359440e-02 1.821109604903558415e-02 3.913958726870740423e-01
8.751333140594319548e-01 5.993263475984620392e-01 3.785115787927683106e-01 5.714848104639287385e-01 5.985786991620665187e-01 6.508557016993081756e-01 5.785648356207501175e-01 6.361555451033039654e-01 7.855189034457173980e-01 3.008165196113113948e-01
4.627660866644278670e-01 4.920406799322457059e-01 6.897296321676962827e-02 4.102564499577043833e-01 1.417105064951412752e-01 2.040396806594814982e-01 1.988558217384479299e-01 2.090275874751349461e-01 3.561876364078217505e-01 3.703593457606786932e-01
4.434803244336495420e-01 2.840069842928272248e-01 2.529486717630411996e-01 2.336567504646753224e-01 4.160240559379275727e-01 5.268884362360219953e-01 4.471179966565329567e-01 4.876312525596219194e-01 3.707969200041638658e-01 1.559330299596243252e-01
4.007071659073653813e-01 1.838775759573040847e-01 4.413734046636971775e-02 2.079295210876539457e-01 1.211171677827631299e-01 1.285452515357465575e-01 1.419823438917555691e-02 1.684228167413382993e-01 2.939741487490255545e-01 1.298205214945294117e-01
7.292933519016193966e-02 2.821802677345366384e-01 7.453693258397897647e-03 1.507110262033741488e-01 2.203610872753317129e-01 2.009390259168148396e-01 1.310132048339249788e-01 3.313725953813050074e-02 3.069265580659233383e-01 4.340663918547510436e-01
6.577456650481397493e-02 2.559665101456298775e-01 -5.567982608646185501e-03 9.277295232221230425e-02 4.949038190334414250e-03 1.436773468356891958e-01 2.734566913424907666e-02 1.190378308769625068e-03 -5.670900595553106383e-03 3.216756956418769797e-01
6.648948315394681563e-01 6.658602900000940572e-01 7.625542799616937817e-01 8.352634312473408151e-01 8.242838561699894484e-01 6.349525298534538509e-01 7.752480813674822446e-01 6.267446344121140323e-01 9.789724816336184965e-01 8.573956179647135301e-01
1.498384849936858498e-01 5.015668138935321929e-01 7.269572686781358151e-01 6.245861131458492199e-01 6.902434592355026766e-01 4.862462557131495000e-01 5.501925929737319088e-01 4.739743691662437475e-01 5.661998504825774825e-01 6.675488859489298044e-01
2.854386604305465813e-02 -5.056960689055028241e-02 -7.443325383515937699e-02 -1.202958625065480430e-02 2.647840150697422512e-02 1.644074308744264065e-02 2.876141750081594173e-02 3.322125163366560635e-02 2.289998945533486957e-02 2.269771630606360474e-02
9.585177125008930155e-01 7.971134333754628098e-01 1.040831205204264531e+00 9.954184366054914523e-01 8.896891548371217429e-01 8.704667948111162179e-01 9.240106508430261378e-01 1.024844845146930306e+00 9.891304796562513379e-01 6.514074330532538815e-01
5.631451228800826714e-01 5.750773516038214517e-01 1.299801038387188024e-01 4.602810859792876852e-01 4.406862811905666866e-01 3.090632277618190482e-01 3.012772195666296171e-01 3.292239585609322283e-01 5.083487013791851972e-01 5.889815964936717663e-01
6.607562156872471837e-01 7.359383345945708088e-01 7.003388554926067711e-01 7.788780086350040044e-01 5.506210006954141978e-01 6.004186658578344327e-01 6.440456073064595444e-01 4.919978529049295335e-01 4.466457996709656819e-01 7.842431224507357967e-01
5.211954799291977913e-01 3.846180809644939025e-01 8.228530658334681780e-02 2.787963491009440853e-01 1.809328261556289452e-01 2.686990905147035313e-01 1.732986316158146023e-01 2.014784240882405708e-01 3.120006335060082625e-01 5.151353795442978889e-01
4.468990226274838773e-01 3.985651422441983116e-01 8.811529893334588692e-01 5.863854533761806431e-01 5.631159271865198157e-01 6.612309407371569359e-01 5.876240637412085688e-01 7.486439003101873491e-01 4.003100329725698403e-01 5.488860916369912024e-01
5.623040288551682808e-01 4.529900728628350470e-01 7.114933218665263626e-01 7.576492110692670812e-01 8.127383032685819853e-01 5.738238808816999992e-01 8.276831110829853122e-01 6.696710778581907997e-01 8.255618030837095223e-01 4.428532586210125466e-01
8.306268919705079856e-01 5.275318036552667511e-01 2.405224629683913040e-01 5.177633972363668846e-01 3.336437437868324807e-01 4.652230754432357673e-01 4.239739046554584778e-01 4.630352607161110079e-01 4.792240606205143139e-01 3.287038681051616118e-01
5.891324824377393021e-01 7.771184080321885679e-01 1.036611503662042022e+00 6.953312743772868121e-01 8.102847604734301212e-01 7.496499803171208232e-01 8.741800094081231265e-01 8.355505233671390863e-01 5.713043554622714293e-01 8.872282196749812222e-01
4.242182043609691866e-01 5.141689848364395798e-01 1.701803459419138076e-01 1.662013515935747976e-01 1.972804121153315937e-01 4.149040264814551349e-01 2.499617214352826966e-01 2.865824885663814103e-01 2.089707760693620964e-01 4.939107694379037961e-01
5.132992222566942209e-01 7.608511993491122727e-01 7.577405397977785562e-01 5.416107245680398252e-01 6.886843916597590320e-01 8.161236451814026793e-01 6.310299433069960218e-01 7.251417845515815142e-01 3.951146048683383816e-01 8.157543882913173006e-01
1.065053430999698264e-01 2.708776798679170539e-01 6.797848168171310990e-01 4.347869645362644198e-01 3.933090861487683609e-01 4.268850465909724834e-01 3.779087386073207711e-01 3.715705069224298773e-01 2.496337931202531890e-01 4.101279548276840492e-01
5.009325311131780367e-01 7.025310937576135784e-01 9.498412420813051593e-01 7.112343315493766527e-01 9.411923216396327341e-01 7.688099123840291815e-01 7.613202989999650061e-01 8.736706793192157150e-01 6.856206452571674825e-01 8.726200681483319288e-01
1.959001019207047278e-01 2.435965091631860091e-01 7.862488812776785574e-01 5.209458272160187864e-01 5.578774540141226979e-01 5.209446207454754285e-01 5.839311287808122142e-01 3.490673573297850552e-01 6.021782401313234834e-01 3.802442628229195654e-01
6.462810145143352836e-01 6.767737066411770863e-01 8.852628328286111792e-01 8.115175669803275094e-01 7.854058307222149260e-01 6.952133528834230081e-01 7.310247061224544041e-01 6.000131158799717479e-01 8.322060242827064025e-01 8.317189417084757119e-01
8.998446032451146159e-01 5.894022018510882699e-01 3.464880114343172890e-01 5.466338529193811580e-01 5.371018181999436258e-01 6.138663593252846606e-01 5.668982689812346321e-01 6.876508394128610924e-01 7.929655116142529936e-01 3.665440041628060253e-01
9.838361090705236567e-01 8.048895146865419070e-01 8.530883823712867020e-01 8.181838829705307958e-01 7.348205973824307735e-01 7.918845926544089142e-01 8.555233066495492311e-01 8.060200870427091102e-01 6.642047531210005795e-01 6.904121302292982598e-01
4.090781858811231020e-01 4.954340925420182007e-01 2.408103044710972196e-01 2.159557226745643377e-01 1.991391917598429873e-01 4.622506528513743995e-01 1.826529473912801294e-01 3.846395727329057768e-01 1.792224298109642844e-01 5.274989182337723737e-01
6.802892624479145445e-01 4.471800945639857194e-01 8.617862222745552581e-01 8.760678497186660252e-01 7.991665524754759664e-01 6.082325946580618981e-01 6.645029443854770790e-01 5.845295719083305475e-01 7.863452375169588393e-01 4.986076788880606792e-01
5.289014634949709137e-01 4.842190603124619241e-01 9.335334195689007908e-01 6.279114815801428717e-01 6.071401886438407836e-01 7.758710708747069695e-01 5.860530827052341518e-01 7.091019458629682637e-01 3.785035803578205571e-01 4.606085882070251603e-01
3.359033335922514407e-01 6.191491575292293881e-01 2.782134548098016413e-01 2.398476114036869333e-01 4.370865205460842118e-01 5.516944698698843519e-01 4.133574333237211018e-01 4.316743588570837731e-01 4.447026609327627833e-01 4.944065786043232436e-01
1.488653512557265024e-01 2.330807231273402946e-01 6.373280759064308132e-01 3.155088956384219934e-01 4.586597015502841268e-01 2.585373537134860733e-01 4.093652599588694652e-01 4.127153082278189888e-01 1.792661687945103777e-01 4.524211213773936535e-01
6.071770548808812507e-01 7.245496725407610805e-01 7.970020483462035843e-01 9.526091111355641239e-01 7.923894894217495821e-01 6.069958022460582026e-01 7.135485403554661099e-01 5.928785615989772273e-01 8.440344810031591427e-01 8.471314975659791635e-01
1.087823334861645341e-01 1.751712657710893239e-01 4.108203428163596793e-02 9.805636498709857651e-02 2.174153803070646707e-01 1.507118215690523289e-01 1.390142744083675830e-01 1.424388269149517716e-01 2.687275604074574331e-01 3.605613763811550410e-01
4.313869185866563427e-01 5.470582252378589638e-01 2.703174500719636719e-01 2.897897790803368734e-01 4.759830358246622262e-01 5.143625027848736098e-01 4.083820398727244227e-01 3.777117503854852121e-01 4.497827343288189894e-01 5.404711821538744632e-01
4.238139437618333033e-02 8.234871812856207896e-02 1.297942233848650428e-01 9.154495286039726620e-02 2.343846331450052389e-01 7.164456646147991659e-02 1.727292877095480961e-01 1.629247100201872411e-01 2.682192691492447101e-01 5.006116533879567676e-02
4.529860700729965162e-01 4.407427430704146665e-01 1.055929118094502739e+00 6.477506454679025083e-01 8.983005828524817105e-01 7.278082321741631278e-01 8.468459451157064333e-01 7.936388212909435413e-01 5.856200750764238849e-01 5.913115076601367370e-01
1.695925495360555146e-01 4.815136712576802425e-01 8.972215013095715674e-01 6.103784231278985839e-01 6.724686133611622596e-01 5.846648910292611134e-01 6.473855260630591024e-01 4.844492211996286879e-01 5.502171288410460104e-01 6.600465074321610892e-01
8.977594839857969689e-01 8.083496124661179172e-01 1.037293488126282526e+00 9.574537861334724287e-01 9.343132054157544664e-01 9.568197758598612213e-01 9.210286235267159949e-01 1.082374499669366275e+00 8.817838219504118280e-01 6.791718498315761909e-01
4.394430497628567522e-01 2.419681197335409872e-01 -4.271185992165012907e-02 2.764822420996962959e-01 1.279324718533625393e-01 1.127474440236823916e-01 1.804855892808250317e-01 2.727314157080183987e-01 4.038702273096972384e-01 1.844648738173623181e-01
1.751754412558541307e-01 4.882709270032132842e-01 7.945809059585455802e-01 5.703650176057470933e-01 6.903613685394593968e-01 6.128301642858875464e-01 5.609604540057769873e-01 4.447538798578077879e-01 4.556189024575817981e-01 7.014088465324606059e-01
8.270095689405804196e-01 8.469003753261986622e-01 3.778473303447500431e-01 5.554088574850023496e-01 5.546191191127725073e-01 6.267377935956575108e-01 5.514575088945745662e-01 5.901602172084341458e-01 6.845136414508306011e-01 6.980530073172579453e-01
1.251864129038111895e-01 2.431176270366749159e-01 6.843659223597311492e-01 5.170483573934224752e-01 6.398554727456658986e-01 4.609344430465122655e-01 6.040366117079768449e-01 4.198330089747589478e-01 5.555414481021678785e-01 3.727819720223209399e-01
4.195529090276901019e-01 2.823339075177217494e-01 6.979135889298271334e-02 3.142959269187967641e-01 1.334745508764838273e-01 1.482303119639527544e-01 1.874962319284720902e-01 2.062780748120464636e-01 3.321010999264643604e-01 1.466074784206304882e-01
5.319434125418681658e-01 4.506310866195463172e-01 -1.581606306889451335e-02 4.486775505556391819e-01 1.294282879675536235e-01 1.552482015942036886e-01 2.337882227706316596e-01 2.114543953755740613e-01 3.371390215761000952e-01 4.830965659717302851e-01
9.037406295048087956e-02 3.343110751993254026e-01 1.191226863243678019e-01 1.116971293781074681e-01 2.493731309341172819e-01 1.339051929145284869e-01 1.213536234020737986e-01 5.843103701358032254e-02 3.241610375685314849e-01 4.236148233388256634e-01
5.312032531733941187e-01 6.297728909200184244e-01 8.338430975092875341e-01 6.361155057527534407e-01 6.584475682265843455e-01 7.191756315440711589e-01 5.998771315153572647e-01 6.817678333542179780e-01 4.664275739796290288e-01 9.084107707675150856e-01
4.806090940090546049e-01 2.426431361823931376e-01 1.103234460558292496e-01 3.684971665434994548e-01 2.833561454031865434e-01 2.485275151059912480e-01 2.248052506407650086e-01 2.919452294007314208e-01 6.270015427561991261e-01 1.943260596266092322e-01
2.384215429736419867e-01 3.911813487265896061e-01 6.810081500439461033e-01 5.466628549568230966e-01 4.174139796183921614e-01 4.752170483544286839e-01 3.854195011445191166e-01 3.978734813516885960e-01 2.612119381978818544e-01 6.364525434627075207e-01
4.755834306459225669e-01 5.559697622396164718e-01 4.804202803639287533e-02 4.361760999218231571e-01 1.419152124143349958e-01 2.047844766505006464e-01 1.757842026334822672e-01 2.105130231841212951e-01 3.880693925404547495e-01 4.934126143489209193e-01
4.662233622338535777e-01 4.645450195184090969e-01 1.068763046017860985e-01 3.344078264424011349e-01 1.649871920452935237e-01 1.988436433534403747e-01 2.578313613814331995e-01 2.192775449940477794e-01 4.445441680387250405e-01 4.744962857978078929e-01
4.814516572901227920e-01 7.823823343532571029e-01 8.718101442387865552e-01 6.163752168188166847e-01 8.008213349536895675e-01 6.568833451019876479e-01 7.235459183066781375e-01 7.129709275302278382e-01 4.328841096656384502e-01 8.067275379601898111e-01
3.772429902655178302e-01 5.910840069699794253e-01 2.034266075676406937e-01 1.398099028489682150e-01 1.391448760389928652e-01 4.553899134178635011e-01 1.753244140415267660e-01 3.209052964179825995e-01 1.571756958147018934e-01 4.223361362640823957e-01
6.573418484184501143e-02 2.223561718706764390e-01 5.646231840086670534e-02 6.352260720513352998e-02 3.270730640953237872e-02 4.122484669108479605e-03 -1.958605223005580737e-02 2.527238650214239796e-02 1.972764510859342443e-02 2.861467790811657586e-01
1.435682899990839423e-01 2.613225563293438136e-01 5.224494247708368760e-02 7.889013752094985177e-02 2.249719943823244861e-01 1.277246667703018645e-01 2.578751910273335279e-01 8.437809230095563717e-02 3.648604866495669397e-01 4.263262538183910655e-01
6.207128119178489944e-01 4.555643513113774579e-01 8.831141363993857407e-01 8.583122405142892264e-01 7.797157041419112700e-01 6.773524407387729873e-01 7.947049992811485719e-01 5.864901824780286432e-01 7.557225162061019796e-01 5.322071722380825598e-01
1.511067737033590375e-02 -3.842576537690371025e-02 -1.580287578215435612e-02 8.865344709236198245e-03 -2.349379696484302227e-02 1.268541798467438288e-02 -5.826515786597956034e-03 5.980521555265795597e-02 4.720490893444126770e-03 7.943601836449505627e-02
8.881678454986433602e-01 5.858461683405024045e-01 2.101322347315855987e-01 5.118271790927595433e-01 2.924699663323273024e-01 4.609108446584340157e-01 3.626781554373473271e-01 5.275447823306013140e-01 4.721133080595977249e-01 2.578509649797127712e-01
6.879850226926242929e-01 6.341672255959384108e-01 6.612178639492406473e-01 7.647391010005814005e-01 5.215743800988437151e-01 5.267659883818680555e-01 5.963914625401721681e-01 5.646465484733461659e-01 5.824120215822977675e-01 6.967529147976952997e-01
4.129830588672262631e-02 6.354825860840983276e-02 -1.453411049519786648e-02 8.777996906277783784e-02 3.257220365109569221e-02 -7.462473884739166674e-02 -5.101637582643434032e-02 -2.894088780036757624e-02 3.024466874499734045e-02 -3.933943192174182979e-02
6.475965981634247415e-01 4.148644340513965578e-01 7.422172797449966275e-01 6.755308211715541633e-01 5.461326042114471591e-01 4.920109372261590730e-01 6.006597121155982100e-01 6.122673874203584665e-01 5.324081489955474478e-01 4.973687894693710199e-01
2.081753013622465454e-01 5.585087876348251434e-01 8.044554754923531892e-01 5.849006889846234403e-01 7.270741572040929634e-01 5.183481988110862915e-01 6.498602205349658378e-01 3.871842284453812510e-01 5.003270371240359227e-01 6.862880372021812336e-01
9.035605500201880913e-01 7.117679185204006664e-01 9.290647730838754725e-01 7.694956432494441945e-01 8.498774068989514152e-01 9.070351682243180669e-01 7.888457931985048965e-01 8.944302229135946414e-01 6.913705131286228545e-01 5.956970295153360961e-01
4.331534362060831533e-01 2.574570308691593312e-01 3.848146701873660924e-01 1.861731537235947753e-01 4.484963784755914284e-01 4.499897716245496726e-01 4.017962078497134826e-01 4.444697039931261306e-01 3.602947510012332044e-01 2.257919377761880841e-01
6.042514991219811726e-01 7.707587529341592969e-01 7.745876326478973173e-01 8.200712624225218184e-01 6.371888445356069797e-01 6.145994079816510247e-01 6.012972495843459386e-01 4.954371276109171829e-01 6.552653486209264466e-01 7.955688704489072283e-01
1.706450964747871779e-01 4.212419139716753191e-01 7.009224755400350615e-01 6.202437550130787125e-01 6.998860542089970771e-01 5.689308951593796682e-01 5.677748423432346092e-01 5.030060079127915973e-01 5.048751575127465863e-01 7.124526617991164823e-01
8.328249810222680960e-01 6.026707808193468852e-01 4.175141397120060160e-01 4.920160867834156293e-01 6.029057229676189067e-01 7.194669486713232143e-01 5.964398706177508336e-01 6.856583846476183020e-01 8.268717459056433849e-01 2.788052279047797399e-01
6.531313735961128408e-01 6.587499555065551293e-01 7.674384537473775136e-01 9.118898518416240773e-01 8.483668779007629279e-01 6.611636727727986385e-01 7.257642476337310411e-01 6.467791612324477191e-01 9.294554899331173292e-01 7.762385346215129323e-01
1.415491653454527821e-01 2.243797679576351456e-01 8.862836529484545700e-01 5.099173599448009186e-01 6.845809895385576160e-01 5.156741589879335619e-01 4.836384767879181590e-01 4.733791441255243426e-01 4.320093647967856998e-01 3.782595997712527303e-01
5.413794473008162189e-01 6.992999961617495375e-01 8.978166687908222254e-01 7.128420942544978489e-01 8.557809378608923767e-01 7.522326462890476240e-01 7.862321619576171372e-01 7.764125355492491609e-01 6.692755121773997784e-01 8.542708619613625931e-01
4.782404319611886501e-01 4.149774525110926371e-01 7.758018135976960661e-01 5.476265129795433451e-01 6.394608116871108860e-01 6.035147485822712765e-01 5.664130958153491546e-01 6.360229266333887743e-01 3.399190226338268950e-01 3.964531559724736587e-01
8.477426940174540015e-02 1.360098988843072010e-01 6.573985996446818358e-01 4.920322235604547290e-01 4.927306773539300577e-01 4.317481981978743000e-01 3.692030311810607923e-01 3.110474454718640258e-01 2.115053955266216756e-01 3.543522951136806598e-01
4.547847482321499823e-01 5.905135451104063238e-01 3.391686410276487651e-01 1.762680637237634407e-01 4.876628163370926861e-01 4.318966207564544080e-01 3.601700890761037610e-01 4.874038995540714292e-01 4.369254299381157836e-01 5.910123104970266272e-01
3.579698005571082531e-01 5.716385277510508400e-01 2.638391615697986969e-01 1.118716450471469726e-01 1.991692404842409225e-01 4.476686536519217663e-01 2.274341615219009627e-01 3.051201064078944980e-01 1.881502833630309124e-01 4.946324769194800353e-01
4.946326749952364432e-01 4.742137492099097185e-01 1.319251264746898189e-01 3.727030295164379115e-01 1.254864193098340630e-01 2.519805274394778527e-01 2.118516706780763648e-01 2.371971448281390837e-01 3.570368930944790020e-01 4.046359829097461724e-01
9.204286264634061743e-01 5.539693347492439246e-01 2.261468621513142430e-01 4.111189465174193702e-01 4.033683657556313973e-01 5.039328380767628124e-01 3.558796555739319745e-01 5.289174378483300076e-01 4.659198612581840759e-01 2.511724142408712224e-01
9.800100430464806500e-01 9.641667347523955600e-01 9.689230025827597625e-01 1.054351689691671812e+00 1.046070173901847200e+00 9.271745814008135467e-01 1.077435673182459697e+00 1.017703617413940442e+00 9.899328029348567481e-01 9.931581260638232544e-01
4.021357150316224871e-01 1.976059676219661387e-01 4.588043939206923327e-02 2.955124744289910899e-01 1.435210052872751829e-01 2.588644754255536307e-01 2.168533773962476596e-01 2.253717388680297196e-01 4.658375843068403022e-01 -1.348081507353306174e-02
4.886384890233864131e-01 2.484300911664257816e-01 1.608974690336012203e-01 4.179610043821926357e-01 3.523560219894239509e-01 2.896051502366223662e-01 2.876267285057690359e-01 3.952625265923815912e-01 6.133501816199958823e-01 3.904108247431911649e-02
8.602373332384468663e-01 8.630648933600297834e-01 2.070690866192878288e-01 5.338807802369173183e-01 6.144715324503938758e-01 6.193404543397614814e-01 4.981207827910008046e-01 5.542106925292046293e-01 7.994875125387937986e-01 6.553301119760558402e-01
6.037155991128256849e-01 4.938393715149914098e-01 8.084882748538022579e-01 8.580538630001506295e-01 8.349987834442712531e-01 6.051002563901984876e-01 7.076991035720553436e-01 6.418037424296418880e-01 8.483173449334674432e-01 5.080889556975602961e-01
9.651949893923351675e-01 9.648268646838074059e-01 8.120632573355787143e-01 9.702624939139519178e-01 7.270038893931209945e-01 9.522781263284697539e-01 8.488576408059375078e-01 8.806866997176097112e-01 6.582136633292413608e-01 9.516219843358243446e-01
4.820405880510067465e-01 4.521772958041817003e-01 1.001288617498454769e+00 5.839382368428521763e-01 9.471638246815236029e-01 7.850472461039801342e-01 8.042929814669241839e-01 7.563616192914824898e-01 5.799486643027464972e-01 5.963020371628708904e-01
5.179251560372135632e-01 4.592775782008319818e-01 6.787062217645530859e-01 6.905392113663979536e-01 4.675662520757470908e-01 5.179310119855815575e-01 4.973786543475271493e-01 6.393245548238569720e-01 4.909094590411222092e-01 3.928953718097928927e-01
4.809100102823483103e-01 4.951127992325790594e-01 8.375207385859877451e-01 5.529213471830793925e-01 6.425888315290619879e-01 6.926341398726565401e-01 7.044158605276480412e-01 7.432453231053638421e-01 3.756215879377649003e-01 5.395995273237216283e-01
3.211967452258310818e-01 4.020070983937285014e-01 1.732591087689688281e-01 2.368389813731336391e-01 2.123957918290131086e-01 4.113409629828184144e-01 1.442251519713682040e-01 3.580264361725097877e-01 1.952824945951217861e-01 4.565558544557557497e-01
9.164740901183560107e-01 9.185377731054464867e-01 8.543275479962045837e-01 1.011187932620204011e+00 8.229810633306267054e-01 8.495613923708511539e-01 8.231555157981947923e-01 8.667415297513566541e-01 7.916976052643318607e-01 1.023383489009124681e+00
5.366583677583226519e-01 4.749881790088394951e-01 7.955151162957359023e-01 8.450735702316084508e-01 7.505822350780196883e-01 6.181361577172966859e-01 7.122591734481509285e-01 6.870165485484557300e-01 7.883340111678343032e-01 5.035462218235758902e-01
5.100558508939526670e-01 2.773383477031381439e-01 6.036484738453114923e-02 3.709462018611536793e-01 7.526405426587526315e-02 1.618836429523698439e-01 6.389399624559628788e-02 2.813202369069074393e-01 3.113343690335079739e-01 1.141276279790250925e-01
7.963563155467470178e-01 5.996235059112776655e-01 3.723876131440078119e-01 5.471645564945120110e-01 6.493226115710237778e-01 5.166517540584831814e-01 4.776746233023547727e-01 6.554904749364065530e-01 7.502325749832091661e-01 3.552385945045857807e-01
4.247697622551974694e-01 5.591021146075906278e-01 1.923425188957994525e-01 1.523927578527170257e-01 3.369408670377211923e-01 4.279547840322460162e-01 2.845011157042892647e-01 2.708224365729836602e-01 1.391649333413032541e-01 4.618225683713884644e-01
3.408459152631411193e-01 2.758978295267606740e-01 1.568995701610222948e-01 1.916502399826394698e-01 3.738533625879410516e-01 4.044503927166551716e-01 2.790017473120122160e-01 4.320641261256461529e-01 2.415415754492669376e-01 2.278008616205349224e-01
9.611311068564047932e-01 1.112534876383167726e+00 1.001773389444357454e+00 1.052308669949820752e+00 9.795875547140286965e-01 1.002247810430038077e+00 1.005531502939696953e+00 1.053145172920552985e+00 1.097273289989106448e+00 9.268579455847313353e-01
6.837318211638726551e-01 7.823065829949324979e-01 8.930983992383448866e-01 9.689585520507655314e-01 7.963995536464861802e-01 7.458728456037261312e-01 7.403910310306196507e-01 5.941439466694430349e-01 8.580933661682946800e-01 8.591736260964201177e-01
1.052463159416840544e+00 9.661294999855917220e-01 1.057237205819495207e+00 9.771570165372791550e-01 1.017928503171291910e+00 9.550611243698162722e-01 1.063033601567890507e+00 9.926598950319395209e-01 1.042656034417966726e+00 1.025623712979176760e+00
3.972173294226152285e-01 2.164425302963151609e-01 3.334845878305272571e-01 1.315765142975664492e-01 4.216568171201148796e-01 4.147704727493887189e-01 3.593595097896216117e-01 4.400417054940361505e-01 3.243043747642878616e-01 2.719084057922114273e-01
4.486327821031655533e-02 -6.641702884962658038e-02 1.165314564855000345e-01 5.496521635408879725e-02 2.289009896141182276e-01 6.253078379837953560e-02 1.460565500234887459e-01 2.875351369607684338e-02 3.052819484897556501e-01 7.440486992615963358e-02
5.583045497270839874e-01 4.734204627784810993e-01 9.035218193225260652e-01 8.070256597108270702e-01 6.873279029518502004e-01 6.429796239441003536e-01 7.387810503994126643e-01 6.204077946526100895e-01 8.712614595092172953e-01 5.624120539701447097e-01
-3.924689995984487201e-02 6.845109891505428423e-02 7.348838506208514587e-02 2.567794244585046987e-02 1.258933797699234025e-01 1.415399912155606010e-01 1.141566620699377421e-01 1.322169868537050874e-01 2.150467585589392328e-01 6.703517945574589965e-03
6.990995491802332040e-01 4.914467076467288198e-01 8.526220029400097822e-01 9.135739420451335357e-01 7.742759348623372562e-01 6.833842072067952689e-01 7.304931968933213726e-01 7.554187562333493089e-01 7.823923596145273551e-01 6.171203635591137049e-01
3.836276300765852909e-01 4.098804712342569712e-01 2.373223703596319956e-01 1.861301163964433347e-01 4.098318411148064166e-01 3.911577422190826714e-01 3.270055551984137332e-01 3.561153167953299836e-01 4.049967194376421498e-01 2.542141009310120436e-01
1.619883033002018635e-01 2.882892161606127601e-01 8.172070655665988337e-01 5.740183753216465679e-01 5.992264104824224225e-01 5.241103728057538991e-01 5.310778052067949284e-01 5.723786037897848900e-01 4.303807310436323919e-01 4.370786285363290613e-01
1.376525644512780477e-01 1.955026319024913140e-01 7.447504553716882691e-01 5.600269745085879602e-01 6.451853411994935561e-01 5.119416568702229720e-01 6.286021890331310313e-01 4.925391187091133771e-01 4.496573079201954259e-01 4.587662005795707376e-01
5.104592468349530288e-01 5.126418861431306651e-01 7.979963984869611338e-01 5.206548578028205032e-01 7.451579325228362416e-01 6.338341329015625414e-01 6.661678932417874899e-01 6.795677825382360204e-01 3.998352201217363899e-01 6.200814134749242923e-01
8.984998907660830536e-01 7.060403715389043100e-01 2.672626269840196467e-01 5.777394394538103439e-01 3.943014383387547506e-01 5.490479625805458896e-01 4.826830295086498301e-01 5.069363629564569429e-01 5.134783701881410201e-01 5.385780767691503712e-01
4.099847651701288842e-01 4.720473704101081913e-01 1.517622496444054891e-01 1.635982705945502602e-01 2.032143177170103732e-01 3.922848873092645294e-01 2.880028943312569756e-01 4.092904467922545142e-01 1.141673259015013042e-01 5.076963692481668566e-01
4.922131228954789717e-01 2.529758520358575402e-01 1.280355010761289603e-01 2.941598256886788221e-01 2.066501701503520305e-01 1.527637601952508972e-01 1.923114715542823816e-01 2.047250066110027078e-01 3.578594288412937363e-01 1.322400914137953909e-01
3.403121147358165732e-01 5.882078436759839990e-01 3.535242797043054996e-01 2.303643803711020732e-01 4.852933537092548599e-01 4.604647310825430440e-01 3.988170567817599932e-01 4.054645209260849259e-01 4.716982138551780723e-01 5.811544384958740039e-01
2.740529445838588152e-01 4.955827887496370154e-01 5.716219306339743733e-01 4.853571786360827978e-01 3.240533407752082540e-01 4.240589045543199376e-01 4.894643559577148140e-01 3.486013995435729429e-01 3.156550992971905445e-01 5.255438658930311480e-01
1.014933017808053783e+00 1.020170661842686677e+00 9.709815391134538620e-01 1.062285318591896566e+00 1.002893864540513880e+00 1.032766074388479671e+00 9.473300542268092705e-01 9.404892359566807691e-01 1.055314138101884680e+00 9.608967145284578182e-01
4.358768949212020738e-01 3.146238207532648379e-01 1.548883541797017871e-01 4.230871063354174066e-01 3.488435587189506193e-01 2.476055901044278973e-01 2.648026355556171718e-01 3.374788284201465927e-01 5.852206683758225392e-01 1.530053648965587765e-01
5.134930191989087733e-01 6.649600128353322370e-01 9.318474570602295337e-01 6.662979217671024523e-01 8.309411578683443267e-01 8.034276505970194826e-01 8.816792113371328954e-01 7.663795604660212923e-01 6.643245655262043359e-01 8.793209286897075705e-01
-8.494566517703899811e-02 2.874242193958871927e-01 1.690511205701054620e-01 2.144827933707867396e-01 2.302932909090484592e-01 2.193123864666922107e-01 2.052562409049150938e-01 -1.536948584617538194e-02 2.675209402127356473e-01 3.630289830175463806e-01
1.379528349699828127e-02 -1.284473841336661870e-01 1.251617785460866657e-04 9.575219358654463164e-03 -1.358524458915953519e-02 8.279141923459416852e-02 4.319252221550104465e-02 -8.330058492020650518e-02 8.910304502336069410e-02 9.318379564217596153e-03
5.339331364967388194e-02 2.439627526026681703e-01 6.520678363236437347e-01 3.816754723937831884e-01 4.096016360650515664e-01 4.030041557618416204e-01 4.820189225478866968e-01 3.181932454943754984e-01 1.532019658683263785e-01 4.029832230760347356e-01
5.429325097292146962e-01 3.871652277004762888e-01 7.571538630775469514e-01 6.363584392245262844e-01 5.980483522016859510e-01 6.915511567938219528e-01 7.041527336302618734e-01 6.363178143364204287e-01 3.693488830737635120e-01 5.486443390352302441e-01
1.015570175563163646e+00 9.770929807322732419e-01 9.874807487517047733e-01 1.035737574515683379e+00 9.310459543031005536e-01 1.050293295825232676e+00 9.865459167316643629e-01 1.062070861821948320e+00 9.437992153234204817e-01 9.619972522437090223e-01
6.769508359576703604e-01 7.190735777477836876e-01 6.708523123505087948e-01 7.268280944554955658e-01 5.920312135005619814e-01 5.770833262012269316e-01 5.189453856260509701e-01 4.957326783109047841e-01 6.390223755142235840e-01 7.630514820421996358e-01
9.542233301524419842e-01 9.964958259490364068e-01 9.355462631416020525e-01 9.640839045373693628e-01 9.333441076508260936e-01 1.066149508201794660e+00 9.354667988787820354e-01 1.027230805799332014e+00 1.048552242702113890e+00 1.046590783614277376e+00
8.736258661593270247e-01 8.013427946639866128e-01 4.088375150927223700e-01 5.846611482740108334e-01 6.033738767394126734e-01 6.081333361059934051e-01 5.866753010754519604e-01 6.745476275301760527e-01 7.360182240014907507e-01 7.122947260042219453e-01
3.431448529283470106e-01 3.092721771976189027e-01 2.952065085419700030e-01 2.035726908956464465e-01 4.430633931668555014e-01 3.929937939241184841e-01 3.745921217297346062e-01 4.664766120883809819e-01 3.624732655909839729e-01 2.323204814987110400e-01
1.535395202707267037e-01 2.985814171943584894e-01 7.538313977649161446e-01 3.938036586675764394e-01 4.007113703881440836e-01 4.776687037762061827e-01 4.839805262991646040e-01 3.268404502498878372e-01 2.285619173855875097e-01 3.236211292040317988e-01
4.145121501673318942e-01 2.167335725031731553e-01 -1.332900215474642353e-02 2.674430650859574987e-01 1.190039771673284258e-01 1.260426804920438126e-01 1.164308181674016673e-01 1.683866249423377759e-01 3.565291768400731809e-01 1.729515996250878263e-01
6.719706608301299899e-02 2.258471631614953901e-01 1.058131283197026873e-01 1.604501425303887507e-01 2.115294610900521344e-01 1.066186573078166111e-01 2.818831931239453858e-01 1.595154164316895662e-01 2.943134777976624261e-01 4.253324326824476365e-01
5.603150097272538988e-01 7.555195556343230479e-01 9.240188254780709043e-01 8.330755140263371716e-01 7.673392581549639546e-01 8.699463809824146132e-01 7.785875182891205393e-01 8.488893976693931975e-01 6.668058163701675589e-01 9.152636031690446483e-01
3.697368951274970783e-01 5.494906846352449747e-01 1.534360867764955616e-01 2.046219388030494080e-01 2.586604955990484678e-01 4.154152919166806401e-01 3.507606554493666318e-01 3.162349789214733420e-01 1.949413315538753300e-01 5.333099097248397147e-01
4.244854469141414177e-01 5.299624140442946718e-01 2.673021083453179236e-01 3.910474556374122224e-01 4.704275550344782508e-01 4.213307262961790700e-01 4.204511773732910185e-01 4.502411506005695174e-01 4.169800673769186727e-01 6.292627444438063655e-01
5.519555864601576323e-01 7.839588846688898549e-01 8.843817387435167765e-01 6.622874664017128765e-01 9.339158036563464105e-01 8.366963103342272001e-01 8.340557348976526120e-01 8.787433191694278278e-01 5.882053256734894875e-01 8.592212817932067814e-01
4.681282406728016765e-01 6.604255015229847370e-01 8.801181811515788045e-01 6.640762399584171360e-01 9.011314798621741229e-01 7.757881726033479808e-01 8.433334392615126074e-01 7.482779051981179874e-01 7.248872974815661063e-01 8.553281096428185792e-01
1.987895659112677849e-01 3.556471996014816117e-01 8.242592550289427056e-01 5.147755938867111247e-01 6.953135185068535229e-01 5.645731378835828762e-01 7.018809298909305383e-01 4.575824137666349434e-01 4.621511065225810677e-01 7.277620769509418608e-01
3.879251910481292809e-01 5.968709502278533030e-01 2.182425915264261107e-01 1.909671583585116905e-01 2.255965680147156704e-01 4.540828211128473124e-01 2.974276994035973676e-01 2.952084964774274178e-01 1.615341219023710417e-01 4.981300637564215483e-01
5.337983092083790071e-01 4.464626759969770320e-01 9.606234123450957396e-01 6.600779732834729518e-01 8.708395948195707392e-01 7.543495346232185206e-01 8.127736423388196574e-01 8.539524270158386221e-01 5.655221744231181402e-01 5.565992270740319769e-01
1.635174957683426522e-01 4.739509852176495008e-01 8.197654255566406700e-01 5.305727042247934122e-01 6.741251439308214577e-01 4.489003206941675761e-01 5.848741590765406118e-01 4.542256582544903498e-01 4.358896514434266733e-01 7.076135741105201715e-01
4.261873501866904057e-01 5.213882305297066200e-01 3.471144453081124182e-01 2.715022699702956954e-01 4.772688093026500322e-01 4.649403319449865735e-01 4.196512625229262272e-01 5.353516404455987976e-01 3.718948488446069400e-01 5.101865674252736849e-01
7.374036799900494099e-01 6.838537884727228233e-01 8.451407356908533508e-01 8.292368367420781539e-01 7.793416517366188456e-01 7.092424690333806181e-01 7.212275075557644799e-01 6.301428260489866373e-01 8.623677156011569922e-01 8.041030962748609845e-01
5.236132407028228908e-01 5.968258509803423539e-01 1.246720578768150678e-01 4.402115823394573413e-01 4.456660627395017116e-01 3.585992297066362133e-01 4.378911946707306213e-01 3.308981359338591388e-01 5.277344961656400546e-01 4.862052046727988741e-01
3.856365765491396314e-01 5.585441140227800361e-01 1.817611521030578492e-01 1.487118150134462413e-01 1.687504060086877922e-01 3.919467640915464957e-01 3.153597322803376457e-01 2.742140443985399134e-01 1.317560539422372168e-01 4.718352182951204843e-01
9.408702393605700154e-01 7.498590015563082467e-01 8.495451025709602755e-01 7.978917338936108994e-01 7.004914127245664979e-01 8.287258769622911636e-01 7.717012379817558276e-01 8.179744884547237582e-01 6.674863884317850937e-01 6.199180137482626085e-01
8.134721387682004590e-01 5.969262542038092922e-01 3.003107626678286346e-01 5.357071356187165234e-01 6.046766717586874451e-01 5.740030388102691505e-01 6.041813196998673252e-01 6.398198602920051048e-01 7.412055441133478251e-01 3.767488164602643130e-01
3.744967229932778530e-01 2.714062729321450318e-01 2.462367795431916750e-01 1.316167299019974646e-01 2.395979728471945847e-01 3.546664889234418805e-01 2.322016456954442698e-01 3.800029084108140220e-01 1.362150862513510363e-01 1.529481172839687597e-01
4.945668782565350585e-01 4.457664872908009834e-01 6.187286126391622343e-01 8.255769235815041407e-01 5.099140929721013293e-01 5.800890893018310068e-01 5.084515890861422971e-01 5.061844778010368140e-01 5.918828813761396468e-01 4.752677444007760155e-01
9.826254783772467860e-01 7.831534605550833916e-01 9.395474535643614233e-01 7.960426670317704012e-01 7.660595683227562347e-01 8.766219736784169880e-01 7.368133689656014562e-01 8.865903708567252073e-01 7.186004988960201789e-01 6.135267788482501317e-01
1.041625217706065587e-01 3.426553637920821127e-01 8.390353020392586625e-02 6.953149375626445361e-02 2.372980457092914996e-01 1.216284024064600150e-01 2.365690719967513955e-01 1.444482665035387303e-01 3.078348198048741491e-01 3.568920609629873675e-01
5.342786510026246161e-01 4.422156909436999461e-01 8.018836580223948074e-01 7.865333333282442663e-01 8.326169344114763282e-01 6.136292039783945995e-01 7.790844627589671445e-01 5.782269013147569581e-01 7.576258493716429010e-01 4.502544853711940576e-01
5.071198919938608718e-01 2.341261313675021827e-01 1.713233772472003702e-01 4.775187782880247478e-01 3.165051198209696270e-01 3.142642219553907768e-01 2.815766455391805478e-01 3.316035555833592441e-01 6.165641734131809271e-01 7.005986194298763348e-02
1.032774917811607240e+00 9.915638587907773527e-01 8.664600791388399337e-01 8.915104620722074102e-01 8.876853703440393817e-01 9.543896399314308887e-01 8.256027350289353306e-01 8.038838973781150532e-01 7.641004272826361632e-01 9.194588333480058218e-01
7.607844456346612994e-02 1.630192200016262749e-01 7.074825551846082305e-01 4.651967933682263356e-01 3.816297659942510800e-01 3.871326156140139640e-01 3.573215231777299161e-01 3.526681684656444715e-01 2.136411542995506618e-01 4.551839292989706687e-01
-4.225715591429433232e-02 2.085733830679975531e-02 4.760083488539398888e-02 7.390697321563281796e-02 -5.060524791722973564e-02 -2.860386818209647089e-02 3.851218668976236215e-02 -4.998002786373229034e-02 -1.523594584014436974e-02 1.952160847951823000e-02
7.848184120399908092e-01 5.194514644348218191e-01 2.039598268466300546e-01 4.044798348200054905e-01 2.810849180184636920e-01 5.613530374795543398e-01 3.460510976723761845e-01 4.925597860278042028e-01 5.848621105123757991e-01 3.160277339771223604e-01
5.781693777795512967e-02 1.810122651170053554e-01 7.017425607450582525e-01 3.802549974869043337e-01 3.765935803812563432e-01 4.010028910533143254e-01 3.912652325015659183e-01 3.512488395231044280e-01 1.728731913710596091e-01 3.807087973874428988e-01
4.401662454836547389e-01 4.120661684195145447e-01 8.041004779821845361e-01 5.070954050513059030e-01 6.137125419138317328e-01 7.346853261140857683e-01 6.554947373761436102e-01 6.581294784704095902e-01 3.024565467816252573e-01 4.706841639123469090e-01
1.454459395051697357e-01 2.420271819831955606e-01 -3.090248904321313272e-02 5.759220803437737485e-02 4.488501425393176536e-02 4.737392854152361332e-02 7.051665467720874547e-02 -1.084388252573992815e-02 3.097096889957573138e-02 3.540192270007584963e-01
4.316522558060321701e-01 5.294771079104909628e-01 8.399200629332213008e-01 5.447611266481978687e-01 6.628496589462429256e-01 7.250398069811141433e-01 5.330052213617832990e-01 7.149817822830452085e-01 3.739413741820826198e-01 5.806457022407579549e-01
7.620590881914214576e-02 2.325184783553332357e-01 9.699959508901628835e-02 1.061239717909429059e-01 1.914067925692009009e-01 9.950210423257432879e-02 1.687127589828830432e-01 9.949090291858425639e-02 2.922036384326013314e-01 4.152697809876130242e-01
1.955065907531413905e-01 2.458965163790750585e-01 6.774446646719987086e-01 5.392911256469303805e-01 7.221283986824049705e-01 4.100294388176041194e-01 6.137934689240611696e-01 4.217851160453534032e-01 4.869963698626511572e-01 3.787085676455829164e-01
1.223940826073820209e-02 1.852371663079924180e-02 -7.324373341718844535e-03 1.147271848601012952e-02 -4.836763687531300815e-02 6.630547870183274572e-02 -1.449193810475546233e-02 -5.764069866635843781e-02 4.615475049678903312e-03 8.046736836269488199e-03
1.014828992229388938e+00 9.264140108029566001e-01 1.043035776306293183e+00 1.079000300438588855e+00 1.045485734789709964e+00 9.973532356273858701e-01 8.818111275990786480e-01 1.070138147819423846e+00 1.039918325930772047e+00 1.004891735998087121e+00
4.592809268224998798e-01 2.502274510245116046e-01 2.197883487824142668e-01 1.609647199851348964e-01 2.133453726559995378e-01 3.689045522315601566e-01 1.825267711720029440e-01 3.206605959895533209e-01 1.898160378781283408e-01 1.942937481555330193e-01
4.748532957887723893e-01 2.685089321968677778e-01 2.026486584779156330e-01 3.650424261866633824e-01 4.209660123111321761e-01 2.839209878237061169e-01 3.543551901220914901e-01 3.642606429263222090e-01 6.581933877807391031e-01 1.483222654261951434e-01
5.194253782069736536e-01 6.063507090789994614e-01 1.429015394463197253e-01 4.875227197468077200e-01 3.643057131863276510e-01 2.963242354016971669e-01 3.086942540404873925e-01 3.386396088617492084e-01 5.951706257917667164e-01 4.809781897755238123e-01
7.785852260165633254e-01 5.568612608521362750e-01 3.541991760904970032e-01 4.727944998864985759e-01 5.040446243240196411e-01 5.819782362981438251e-01 4.768779779044628464e-01 6.637260698524655167e-01 8.089232084285907787e-01 3.252660819168233797e-01
4.955457727869864160e-01 5.250853387260959737e-01 9.570338875285017144e-01 5.652580430874698525e-01 7.977236032270591526e-01 8.861805278535273001e-01 8.852465081636864408e-01 8.257049102667353147e-01 6.550250896645186671e-01 6.001380084654852620e-01
1.319300292170338396e-01 5.883206039674349769e-02 6.900446889521365257e-02 5.937970419452945348e-02 1.924181075060592550e-01 3.940330711155195370e-02 9.793026093603800220e-02 5.422625138382483612e-02 2.635341203761639162e-01 3.934193627504768698e-02
4.980343717478389887e-01 4.782668435667231654e-01 5.765347408336498475e-02 2.958084472893049988e-01 2.085043107369815851e-01 3.141006050422091578e-01 5.130051304973692883e-02 1.811617603328530557e-01 3.388720120718435869e-01 4.632136458512829957e-01
1.078436775083038590e+00 9.174414353375185405e-01 1.037479269568504225e+00 1.042736670141371835e+00 1.019326789272625211e+00 1.005018743839186213e+00 9.589865988536685482e-01 9.738826952143743165e-01 9.898026248307155717e-01 8.854563225829729101e-01
