1.185133144600471200e-01 -1.570070908817686878e-02 2.555799483862129101e-02 6.939315714714386352e-02 1.296805053953311582e-01 9.331979646241915505e-02 4.074598272363125911e-02 9.985639910042745648e-02 5.399955158289576618e-02 3.337497394195292066e-02 4.494587956094632519e-02 3.779237097110793586e-02 1.260940580703094338e-01 3.229890224255951847e-02 4.653394470619728190e-02
6.286791711791895887e-01 8.256205178393962729e-01 4.752406193216066610e-01 5.860871898402184588e-01 6.146265524981312511e-01 3.385543412187009826e-01 6.531907603719852018e-01 6.090460201658373096e-01 6.501146787653433456e-01 5.790454829005285964e-01 3.949416271377129695e-01 7.316956572518613644e-01 5.196447438389618645e-01 7.241418887534253335e-01 5.843187733076811163e-01
1.031601637367729474e+00 9.900746027853324360e-01 9.718876091806135653e-01 9.988739168246998368e-01 9.883796567712579417e-01 1.013626293285472713e+00 1.005932304508719177e+00 9.722626183282673251e-01 9.780010635477929259e-01 1.053924327078139322e+00 1.001760755016683380e+00 9.913070428541055357e-01 1.002252555212538976e+00 9.948459225359450597e-01 1.005396998828496535e+00
7.123907734501979672e-01 8.136083478069295882e-01 4.946472486424943193e-01 7.067971692507269976e-01 7.489493106003556333e-01 4.347194157673724968e-01 7.243921818706391402e-01 7.526803467860692098e-01 6.800140675645994781e-01 6.129936834802847123e-01 4.340229140200977387e-01 7.652855753792406901e-01 6.689247209470970956e-01 7.555236122090777107e-01 6.311067659942973807e-01
6.203846897573348507e-01 4.508715390198340112e-01 7.478113874498544256e-01 4.042115744403015354e-01 3.581581661331204591e-01 7.931864737712853719e-01 5.037985904054032016e-01 4.154158045173827474e-01 3.808466298830203156e-01 4.601497093027573926e-01 6.094120506652788150e-01 5.912487239384782711e-01 5.617822086101000867e-01 6.217256952283617411e-01 6.701695342358318097e-01
5.075385630928334058e-01 3.209554843592992146e-01 2.405501759869062284e-01 1.688328000096929182e-01 2.035670599814156101e-01 3.359314704703302845e-01 2.394758889789712353e-01 3.126344638733663528e-01 1.776161429436005634e-01 1.108525315178986170e-01 1.132341745240245667e-01 4.106276105172999569e-01 4.015135244114257373e-01 4.662484873960136000e-01 3.842221343320353921e-01
2.342872480769319088e-01 5.211398996474080336e-01 2.351194958600580642e-01 4.916061205841285586e-01 5.273227718130235608e-01 7.490707153376849337e-02 4.275252880873898764e-01 4.775430415486193736e-01 5.033487087510104541e-01 5.435567927113549302e-01 3.509663115458697136e-01 3.724003722549330542e-01 2.467366559738022880e-01 2.971294286282289421e-01 2.794745635899880121e-01
9.788172863681382507e-01 1.000312893213190835e+00 1.000848173894887116e+00 9.853455679379351517e-01 9.936716704277673839e-01 9.870302778639844510e-01 9.854153576148969584e-01 9.846867505940571919e-01 9.883542260876503338e-01 1.010517936178824128e+00 1.008265905941047924e+00 9.786342087703483461e-01 9.800571224606178244e-01 9.751954556477736569e-01 1.022753320788285514e+00
2.457995016095048391e-01 4.736568690420960293e-01 2.302184607517994142e-01 5.115770214946623318e-01 5.204998627243538900e-01 9.345145513649477653e-02 4.363502996528682565e-01 5.092432373656845535e-01 5.067926750597456786e-01 5.333198214107892632e-01 2.970662836062237244e-01 4.043422584013734444e-01 2.496205536280577120e-01 2.572262712856007161e-01 2.435660720986358441e-01
7.641296587902820514e-01 8.269588298056226305e-01 4.955189017627910641e-01 6.788953347641879521e-01 7.813642504065634320e-01 4.325879268680927203e-01 6.583227378510917438e-01 7.490100146279107252e-01 6.805149923358663200e-01 6.235112306863532794e-01 4.508833799836099443e-01 7.741576349088302722e-01 6.581741873989174207e-01 7.687046338053926675e-01 6.373073288057339303e-01
3.776501749301297561e-01 5.332111938595787137e-01 2.150513733396418325e-01 5.924694747554489771e-01 6.705905022769240720e-01 1.611852000454303546e-01 4.425241429305601382e-01 5.591797756321446045e-01 5.507040450528627451e-01 5.432685975555273661e-01 3.420148409695078495e-01 3.774445196794866120e-01 3.571536007039169958e-01 3.445648887413523265e-01 3.452189351168999387e-01
5.750936481802176869e-01 4.563511974188625420e-01 7.634244637876302919e-01 3.579906049659340450e-01 3.124169313176858864e-01 8.127002189867215121e-01 5.138329477954218794e-01 4.380121700342803903e-01 4.123267750394806197e-01 4.461723982055735838e-01 6.479492895616789649e-01 6.339857171123280954e-01 6.087286584974975767e-01 6.704220215533897020e-01 6.744619560917043399e-01
7.376145513787512042e-01 4.642294140201002062e-01 7.649169353688902717e-01 4.811143446676777735e-01 4.965809891967656875e-01 9.326587072745436968e-01 5.541170483029490557e-01 5.807127430238477883e-01 5.192537499816751723e-01 4.795049614017343198e-01 6.847940277262664077e-01 6.206599209183216725e-01 7.219110741323631064e-01 7.460119452366297255e-01 7.473747949799671719e-01
4.522477700605955220e-01 6.659497930766642426e-01 7.210614436873901134e-01 7.447306171781588047e-01 7.709661410706567519e-01 6.045297009994131665e-01 7.727855232755459491e-01 7.037262295059524275e-01 8.486025158974859206e-01 9.669032397715013882e-01 8.781527533443517219e-01 5.980287444904351934e-01 5.904243722128391658e-01 5.075800243573835857e-01 5.983593612736651801e-01
3.362421281790915484e-01 5.378887999441512857e-01 2.420154069212427372e-01 6.402397719706897083e-01 6.480246460668398489e-01 1.723604426577431958e-01 5.431475899826124776e-01 5.966062870983178668e-01 5.709735073087123247e-01 5.632766623437696074e-01 3.715926326397389623e-01 3.797218273992905013e-01 4.210244131344135221e-01 3.167672105566888829e-01 3.341294907176286522e-01
8.521703253796306665e-01 1.006897828468975131e+00 9.782440305885767851e-01 8.828217795377737431e-01 8.369783109499836504e-01 8.876449628439548878e-01 9.683577952436761560e-01 8.774248564709504761e-01 9.562507267350911500e-01 9.605434326694404223e-01 9.265225299421216976e-01 9.932889571179732702e-01 8.341595818625522352e-01 9.459030340544739568e-01 9.194449281439637245e-01
6.175131737044676772e-01 8.388714093543846451e-01 4.663303316304669988e-01 5.915038752363607211e-01 5.988108564115456334e-01 3.568338674543104494e-01 6.402615899132210187e-01 6.077378671869901883e-01 6.227313266939727976e-01 5.396030381662975106e-01 3.615247808351789160e-01 7.284929701327189644e-01 5.266664705975733218e-01 7.145970507216328205e-01 5.862308461928750214e-01
7.963813516947297888e-01 8.049769367992563041e-01 4.922798411528792051e-01 7.022810113876873928e-01 7.188790427184112986e-01 4.537408228504236085e-01 7.216997959850121047e-01 7.746987768027447929e-01 6.388387167672218148e-01 5.991385123586397965e-01 4.558561725028080214e-01 7.460624238887796356e-01 6.534102886139818711e-01 7.443144968934144456e-01 6.613947985221562131e-01
3.595574180240828643e-01 1.391971034042711053e-01 4.767515602484055925e-01 3.842220030757275140e-01 3.936202087617692302e-01 6.516287124740453018e-01 3.296976612465816747e-01 3.801536742510714384e-01 3.751449327543066592e-01 4.351043393301219364e-01 6.354678416977858069e-01 2.683567805576867471e-01 4.692648626335669815e-01 2.691961983132305503e-01 4.264760295875802409e-01
-1.427471754203451203e-02 -2.485815609263102369e-02 -2.345966745110665986e-03 -2.317244808210549775e-02 5.218418211312684206e-03 -8.752000692767809495e-03 -3.176448461251510369e-02 -3.036448489800194772e-02 -1.483853701278145532e-02 2.463059146322588242e-03 -2.225281566140453401e-02 2.116010173829872137e-02 1.352240775529314418e-02 -2.270266802067060635e-02 5.482118654227298438e-03
8.533968302754249904e-03 1.410317253779770109e-02 6.568958234277333386e-03 1.594379057612050135e-02 8.398827344468754938e-03 3.731867298147022519e-03 1.458810180856360932e-02 -8.949059834169761571e-03 -5.810934223029148339e-03 -9.690835952625433472e-03 -4.191746742427938932e-02 -9.157913044628271729e-03 2.715056986772652545e-02 -1.978196720959999461e-02 3.842586111004798327e-02
2.171096413976391359e-01 1.060965338322015228e-01 4.761763442332148655e-01 2.897485753125614849e-01 2.468731727128758990e-01 5.456874248523239102e-01 2.921544936674540516e-01 2.046527414215476293e-01 3.068301167977608990e-01 3.882244241631352955e-01 5.741381696416903990e-01 2.630974670471262211e-01 3.442324486433075426e-01 2.369260870845263378e-01 3.897590350660930514e-01
1.000365859661668688e+00 1.011853064261639457e+00 9.993423072082837644e-01 1.022092239267410552e+00 1.030864233516390449e+00 1.018717916456500783e+00 1.003155786485405709e+00 1.022132508553314612e+00 9.781587189757007250e-01 1.023199366156261059e+00 1.036152185951570770e+00 1.018894708681139294e+00 9.813605026529548248e-01 1.026126102305292553e+00 1.013163293170336265e+00
3.477110604073144762e-01 1.535444446595037316e-01 5.191340605673975261e-01 3.952486884118504573e-01 3.794275181925016449e-01 6.622643683000195569e-01 3.585334177304891901e-01 3.728093639587056196e-01 3.373715493595326187e-01 4.392251109735630932e-01 6.504065156921172708e-01 2.468259580880908521e-01 4.531592715975299446e-01 3.440738648268636402e-01 4.381112982512394560e-01
6.543692522655327748e-01 8.448643382513418842e-01 4.969738375126331875e-01 6.136652139354515922e-01 6.001024281058577881e-01 3.411930466698610553e-01 6.569047953106456061e-01 6.022100138015172854e-01 6.357156020800132090e-01 5.409156386553111151e-01 3.706693167338618311e-01 7.360225787008600751e-01 5.115385017274312052e-01 7.357888779955342740e-01 5.606919816282541769e-01
6.468284568913738042e-01 6.904593411387300872e-01 7.399935354030594548e-01 9.117496940496452318e-01 9.213236930668459168e-01 7.436526064830957239e-01 7.948187995860614974e-01 8.267972624829101891e-01 9.085564720939821592e-01 9.435334837827483723e-01 9.700544190265194544e-01 5.987196106577330479e-01 7.290470135638443816e-01 5.586426302600066007e-01 6.966988840816131789e-01
5.083692317747190437e-01 3.405474002552643653e-01 2.845515127459702365e-01 1.997712457003933129e-01 2.408711884301497075e-01 3.668295504714652600e-01 2.500431342450044059e-01 2.964720550036894497e-01 1.648961147067454780e-01 1.213250166584748935e-01 1.003887093357054838e-01 3.777079714838008084e-01 3.973821133622403301e-01 4.724193428443854148e-01 4.040475734917753914e-01
6.573182105356522031e-01 4.372314360679006029e-01 7.456894331323788983e-01 3.608139937136326525e-01 3.149684965440323614e-01 8.296560720839737391e-01 5.096241053426562306e-01 3.873004560288152986e-01 4.627014623280596428e-01 4.258220409464332779e-01 6.247260802323300055e-01 6.132428328699069953e-01 6.002170794289984901e-01 6.585776412260497814e-01 6.954298684009484477e-01
4.803948213632532882e-01 3.059122485303108485e-01 2.685667711679887160e-01 1.689439760907421317e-01 2.425454839496282156e-01 3.283500750326106554e-01 2.512874248358681339e-01 3.108510497234356906e-01 1.473364557430921484e-01 9.022364035461952203e-02 1.236367623629601037e-01 3.793359972452631790e-01 3.809023121422176472e-01 5.103628177967932666e-01 3.822809907837631527e-01
4.846691606888188786e-01 3.648525556327451014e-01 2.735703419435219774e-01 2.210123834767130646e-01 2.266534709544260895e-01 3.568872372069319399e-01 2.590699831424918553e-01 3.046610371246293303e-01 1.458724952524820540e-01 7.915787786568415085e-02 1.222083202030495586e-01 3.784657915869883427e-01 4.165831442364887338e-01 4.829468712315111434e-01 3.790359646249523151e-01
6.374654628739488960e-01 4.543852940189122558e-01 6.950606218352843868e-01 3.808527105852276828e-01 3.346287813560700486e-01 8.146223469333155887e-01 4.973671647131434059e-01 4.263585046358782660e-01 4.464575116935239341e-01 4.147974257189925851e-01 6.333224901759234582e-01 6.246501452870062421e-01 6.187764723852641202e-01 6.389005392128294103e-01 7.192815600867387138e-01
1.018393918132812104e+00 9.842324507597803862e-01 1.017903808807143484e+00 9.995094268009422356e-01 1.004362722651154671e+00 9.977415459578135026e-01 1.016778301307917243e+00 1.007451503500224055e+00 1.040912944193554512e+00 9.992129099031379358e-01 9.942802812137887525e-01 9.814901631746875132e-01 1.033408369998717546e+00 1.004622289642226551e+00 9.846845951113499806e-01
3.960040278153987847e-01 5.065702205447059070e-01 2.245396219212058841e-01 6.045705896813748925e-01 6.457325181911206524e-01 1.939783198522600782e-01 5.129263512538223546e-01 5.614277546277838260e-01 5.470030430402110788e-01 5.694694182847197528e-01 3.424005394707567151e-01 4.205350988417757008e-01 4.059541735722341227e-01 3.184248359134956297e-01 2.874401825693775892e-01
4.206953370408977322e-01 2.986415509453385075e-01 2.459690043538291793e-01 1.346867623132590175e-01 9.215129430556152912e-02 2.724187367635131363e-01 2.088552808249669046e-01 1.979445023399362402e-01 9.766410936887949534e-02 5.957484926899531130e-02 3.660099488403401047e-02 3.756628552379776553e-01 2.809263129903595280e-01 4.352812895430672180e-01 2.909240810465696936e-01
1.022011805912582776e-02 -5.303531801798382246e-03 2.709793185847096664e-02 -3.589192879679179576e-02 -1.561468819055652699e-02 -3.570052025621304331e-03 -1.757138879416987902e-03 2.981700424852458051e-02 -1.554544167825997435e-02 5.676853862306575904e-03 -2.748682545543201447e-03 -1.170136235168363521e-02 1.654670330089469746e-02 1.129354360007198479e-02 6.617854432616095128e-03
5.054572853740101346e-01 6.392578910012497451e-01 7.398670222989347511e-01 8.236092074707735966e-01 7.390623337025860051e-01 6.147199100240620107e-01 7.736368784867770909e-01 7.441100057763373465e-01 8.653368646584992385e-01 9.445336029900781583e-01 9.006265695627775347e-01 6.134711145170131941e-01 5.756913119972572046e-01 4.925427071828610837e-01 6.023258291784427954e-01
6.305169087398727612e-01 8.268696809809833459e-01 5.079334412789168196e-01 6.031986625615267661e-01 5.495622729822341457e-01 3.327426957912486549e-01 6.259754955176907165e-01 6.289743377800793844e-01 6.067360461762497659e-01 5.500486663113910435e-01 3.369868882332518467e-01 7.649503429110799946e-01 5.501109892059748985e-01 6.944729728604966956e-01 5.493802233825121339e-01
5.904321516404915648e-01 6.697301565061696271e-01 7.382242334909464576e-01 8.970082914314253530e-01 9.382119081089737023e-01 7.459806240720380233e-01 8.192202284436307380e-01 8.536545482490364156e-01 8.853879951094689726e-01 9.759105850405926930e-01 9.316124031873748157e-01 6.407448661779894250e-01 7.400074178743623055e-01 5.576828990016964305e-01 6.800416972671207150e-01
1.944173341639193198e-01 1.604144955777188630e-01 4.991681711335143046e-01 3.241371208052557518e-01 2.267305819058760274e-01 5.237267803884949613e-01 3.145481596291853088e-01 2.395437232119322080e-01 3.196814256013779665e-01 3.754419239650179652e-01 5.391428542460419138e-01 2.565172820007956545e-01 3.353096961845973834e-01 2.523490211137786043e-01 3.680287257038478699e-01
6.138089839489071498e-01 4.643818940061387734e-01 7.457673592803851781e-01 3.623250268474270674e-01 3.358924775279316655e-01 8.224986065834642979e-01 4.858879826314427830e-01 4.301462928815911746e-01 4.054370407616550986e-01 4.536262217694567167e-01 6.388172309755357769e-01 6.025632630853484661e-01 5.998621888727543316e-01 6.664250179787655215e-01 6.877379969737790200e-01
3.676042045093599331e-01 2.105379054957293439e-01 4.644422671565430205e-01 3.790729060946655404e-01 4.318474299499739377e-01 6.336941666934936546e-01 3.775594837877326859e-01 3.610086542992272940e-01 3.937255456743545268e-01 4.578392086989133691e-01 5.839475340949079607e-01 2.526587647897566846e-01 4.672050201661142599e-01 3.056272155144554303e-01 4.521691136492969054e-01
9.971032196897016142e-01 9.806127162295822375e-01 9.922313861148173153e-01 1.025015719073566034e+00 1.001949695178678379e+00 9.752925023270275773e-01 9.942740613946845496e-01 9.933952531775737116e-01 1.017398163256919119e+00 1.019173849465231152e+00 9.865295185757619878e-01 9.914995199521224878e-01 1.028736182044125425e+00 1.003328266181486184e+00 9.771634974855278877e-01
9.878689874325968789e-01 1.011917776513401979e+00 9.734125636107638924e-01 1.010443345819053151e+00 1.020620027766712345e+00 1.001786416780600319e+00 9.680562796675260540e-01 9.974217238400649999e-01 1.020181708852327729e+00 1.028037105197981527e+00 1.005261593711776591e+00 1.015347602007155237e+00 1.004986910974636549e+00 1.009498960088642372e+00 9.970339420665537133e-01
7.816775937892798121e-01 4.807258024224664861e-01 7.578809521619329637e-01 5.193011767277480040e-01 4.699133784989132923e-01 9.350839550540033240e-01 5.365100831084465005e-01 5.410383035222449122e-01 4.947201817466675422e-01 4.602801541771138205e-01 6.905482284507263868e-01 6.179217324212566975e-01 7.332755502557780636e-01 7.436433347702761099e-01 7.691208680695101885e-01
1.415406797924936844e-01 2.040256771437214817e-02 3.937103072439077783e-02 1.287430854593563101e-01 1.441270597598319769e-01 1.093938855243234420e-01 -2.114284090322045284e-02 1.183279963376148297e-01 3.894756298474533890e-02 1.335741108236086078e-02 5.553577651361285561e-02 6.130963963677734524e-03 1.309496900486702975e-01 2.262552585587865317e-02 5.616590986355436688e-02
3.704715167485909122e-01 5.202113439000286554e-01 2.513742617932361312e-01 6.339246944574745690e-01 6.874949132806802421e-01 2.086145170566072460e-01 4.955380930220349422e-01 5.912996082997442615e-01 5.408442223296049400e-01 5.772849826847880061e-01 3.743474862146713988e-01 4.138302485944229114e-01 4.121719623366547625e-01 3.395894712619834110e-01 3.211562932659223213e-01
2.268314594341726831e-01 4.905278252507842551e-01 2.495252970619686039e-01 5.403134903721450444e-01 5.238746966463562194e-01 9.299966905296140618e-02 4.826473993912004934e-01 4.439919322532428492e-01 5.116681735413507459e-01 5.054468292859651823e-01 2.982755637588524467e-01 3.706813734754993428e-01 2.705630081296646061e-01 2.597125333131207192e-01 2.669933546770615340e-01
4.859093789006366793e-01 3.627169534273578799e-01 2.628371325050736229e-01 2.256417735495133969e-01 2.417559944663977001e-01 3.557712132448604958e-01 2.408760004635707719e-01 2.804995064796128590e-01 1.664126488522069680e-01 1.043007102860108726e-01 1.152399422622517461e-01 3.687938026428231875e-01 4.332837993071105842e-01 4.938870609203790951e-01 4.026698547826103036e-01
1.012110201859821812e+00 9.775222970539566569e-01 1.004207503969636761e+00 9.600915724267996554e-01 1.003644288759266923e+00 1.023641188209025277e+00 9.860938402294329164e-01 1.019936205703731558e+00 9.738082097112449320e-01 9.918133114855705035e-01 1.005270087923994415e+00 1.008391899328741292e+00 1.010605430623129575e+00 1.007430679641509341e+00 1.019067390150759644e+00
3.764676635984037789e-01 5.249542798683788369e-01 2.406935789445413254e-01 6.328983152381646438e-01 6.758791549263186704e-01 2.082190820055359881e-01 4.939684711593041455e-01 5.893978381252538146e-01 5.834003445835996837e-01 5.715496944742911589e-01 3.677447822254663046e-01 4.145258155994019367e-01 4.253545730224319588e-01 3.543756454655117016e-01 2.753005701266996730e-01
2.460518533824054832e-01 1.373423167171012038e-01 5.306085421454237450e-01 3.273851522614791842e-01 2.327376259988932217e-01 5.365700963170463300e-01 2.950591729760969062e-01 2.199179070017903970e-01 3.163931095956957207e-01 3.764976630848228534e-01 5.980713400709056771e-01 2.046960999252348534e-01 3.154143720629778991e-01 2.372495339598332809e-01 3.615851071690084351e-01
7.467584240708828869e-01 8.621948521300863977e-01 5.169428596911328500e-01 6.965188247249053388e-01 7.644973977556360767e-01 4.318850233996327503e-01 6.964979296428990274e-01 7.668999839433615628e-01 6.402639576968182089e-01 6.195730123378819787e-01 4.398440140916515806e-01 7.821124822672202992e-01 6.744644199184461897e-01 7.622967593150274945e-01 6.301095929766342696e-01
4.979154977351370470e-01 3.438158279619930591e-01 2.881157785919826742e-01 1.935536212834051140e-01 2.247990541674431131e-01 3.736688916790209536e-01 2.557309682304159115e-01 3.247737962193574246e-01 1.664627008730053814e-01 8.739585580822677169e-02 1.153525884971516868e-01 3.915237412818796114e-01 4.018977141306172562e-01 5.004169444431874059e-01 3.706740066958760238e-01
3.945699878236549885e-01 5.090306696797817221e-01 2.395496635108616268e-01 6.015595135862564780e-01 6.922924359794305760e-01 1.890990433762081979e-01 4.214785062320347553e-01 5.945908498891978589e-01 5.491714586352562932e-01 5.818716536415591278e-01 3.915899974466751088e-01 3.737664888323780077e-01 3.825714024992557527e-01 3.375084327778788973e-01 2.763485569201531988e-01
7.744621271545019114e-01 8.588554049976336868e-01 5.118969675765256966e-01 7.327391950164916512e-01 7.691678549049241198e-01 4.049490987687119903e-01 6.630170684652536561e-01 7.584764351567168106e-01 6.469662749156661619e-01 6.273915968283190203e-01 4.197360275244668704e-01 7.346047724425754932e-01 6.511680155036710937e-01 7.159600010701490103e-01 6.316469703283288384e-01
8.637923761224041153e-01 9.865836595102263074e-01 9.667290027908010952e-01 8.997859019233046540e-01 8.900874244163869964e-01 9.092990194949562843e-01 9.461291449446502799e-01 8.503433476625930076e-01 9.053472598210061673e-01 9.620832216635476497e-01 9.410024917957261481e-01 9.315482215725834347e-01 8.875124945073372684e-01 9.482528600139621400e-01 9.494612342672756888e-01
2.750849132656667945e-02 9.037283461909453516e-03 1.463602260547745490e-02 2.606506956928715882e-02 -2.713985667654062947e-02 -4.987985831854012397e-02 2.729084084955351458e-02 -7.065068002407633857e-03 1.163042142916911707e-02 5.914290158810055383e-03 2.528269087963341127e-02 2.831050713043965425e-02 -1.405770490474927970e-02 -1.147662295183097571e-02 1.985460498565496182e-02
1.124076058212536838e-01 1.515449410824973309e-02 5.494995351578511877e-03 1.291408690108306612e-01 1.760951790704763376e-01 9.720853069840418303e-02 4.102978061793910447e-02 1.342112455728899090e-01 6.142513677297983116e-02 3.891763213405232541e-02 4.514101783498660619e-02 5.185875389864286200e-03 1.327958388305856552e-01 7.291185813982842268e-02 5.415557527684693173e-02
3.591690629142574864e-01 3.281537068546799274e-01 2.488454264411298633e-01 1.205010327449451413e-01 9.043466241609815492e-02 2.556120092511379727e-01 2.028519188248738558e-01 1.853684001660742819e-01 1.381066135674299533e-01 4.819991536311774016e-02 8.572829204016708948e-02 3.575145807415011090e-01 3.071325477248320612e-01 4.680103842951938709e-01 3.271533296784124856e-01
4.916541199195728629e-01 6.714016407680185594e-01 7.118478001246669740e-01 7.923589372771243644e-01 7.882445231186863133e-01 6.030951453205052326e-01 7.510714829782857427e-01 6.887104433595915287e-01 8.679574599061431472e-01 9.191888449761810298e-01 8.964139372068097300e-01 5.888411734775674811e-01 5.794203724501576502e-01 5.101473591076074454e-01 5.907437695175776771e-01
1.093311307725482184e-01 1.612824314230645872e-02 -1.710327734184489273e-02 1.147940686480472400e-01 1.638567700973022623e-01 9.602414527930981658e-02 6.529105468768184317e-02 1.533032802232601466e-01 4.984165001286873509e-02 3.492090503753740582e-02 4.202314758760852809e-02 4.656091757795303293e-03 1.678612178417986933e-01 3.991933332652512767e-02 8.919496612582954176e-02
4.831585716627311844e-01 3.510260744115991649e-01 2.637592140146435837e-01 1.869144508372846403e-01 2.219608197044596054e-01 3.899439632699608360e-01 2.611875949650748208e-01 3.196204227383732666e-01 2.088825149054248376e-01 7.081547066322453621e-02 1.044493599377757931e-01 3.943844311064239050e-01 3.956548589791944459e-01 4.902181630257684275e-01 3.828402660997057283e-01
2.490153142670011033e-01 5.095068702528201543e-01 2.512855687884130163e-01 5.013450244612589479e-01 5.338033611731815009e-01 1.032863694872908078e-01 4.556546247091111113e-01 4.361654169857716035e-01 5.038050533856567315e-01 5.236159180857847817e-01 3.293224172062669819e-01 3.774361919559635625e-01 2.472822270209969198e-01 2.561964266334983420e-01 2.581605020428551778e-01
6.224371438762662523e-01 4.300201985452373199e-01 7.539598634771711438e-01 3.599714485234323802e-01 3.564600244672253004e-01 8.031142747655422021e-01 4.971181749666811478e-01 4.244161436562003953e-01 4.426617006918758812e-01 4.168424200688807257e-01 6.416852543773128303e-01 6.372559901491156031e-01 5.667304201595984026e-01 6.719922454007958290e-01 7.047147285568525765e-01
2.492473829586629441e-01 1.409078593062435270e-01 5.301353199776080993e-01 3.189548286726512361e-01 2.486982775066990115e-01 5.435126026705383584e-01 3.169187778306704062e-01 2.929804476905273347e-01 3.478343895028683241e-01 4.213416784684195227e-01 5.219779892855103132e-01 2.486819459167581847e-01 3.399897950035027372e-01 2.535170891306536278e-01 3.826867542412133449e-01
9.776521610848870614e-01 1.028845761862888120e+00 9.487023784350964162e-01 1.018452701285148310e+00 1.007572118307814568e+00 1.019196702954732858e+00 9.754367771513768881e-01 9.920176519514990465e-01 1.008337190559225549e+00 9.946502664664165216e-01 9.991920593801389971e-01 9.854502065550435619e-01 1.004465487471387641e+00 9.954033421499538514e-01 1.013341933642985193e+00
1.041728700250106054e-01 2.734053852794093853e-02 3.562321421833003487e-02 1.113731916168556602e-01 1.083407807815676416e-01 1.461363611950918795e-01 5.812018204857674619e-02 9.442439814849651336e-02 2.328682504212858939e-02 1.675573514702245054e-02 3.922408112116645973e-02 -1.721763269416441700e-03 1.322997819718275681e-01 5.260403408410709719e-02 6.040473129654566620e-02
1.138547714665538307e-01 1.045179097752548317e-02 1.660583468019058082e-02 1.105683838043687861e-01 1.452189208874150594e-01 1.446710134319724728e-01 1.889645765941812272e-03 1.224571845826338684e-01 4.434274178069647770e-02 8.428194461327950804e-02 6.224008786206854105e-02 2.036983320049059673e-02 1.369085720673459405e-01 4.270245394847080322e-02 6.421705370619991415e-02
6.111678609054150835e-01 6.684935191749165062e-01 7.636059734249461828e-01 9.140408906699134528e-01 9.183445972924554335e-01 7.184522935625037299e-01 8.343570139316207612e-01 8.111487064956444115e-01 8.994228163477848703e-01 9.474853682217223572e-01 9.498811212061850640e-01 6.280679947385314765e-01 7.136259860669680322e-01 5.600282704389829558e-01 6.903010771004345347e-01
4.637199215701332533e-01 3.841812436939500697e-01 2.633383504229307448e-01 2.219550321769651891e-01 2.161139223883351557e-01 3.979818366940841567e-01 2.430716649782404537e-01 2.704279358537853839e-01 1.210811733874680995e-01 9.075313943015665685e-02 1.142031189591795476e-01 4.016349915466654319e-01 4.424809454627468552e-01 4.938001491530031872e-01 3.740060894562631799e-01
8.669451880778104025e-01 1.027560222671724199e+00 1.010788592589940471e+00 8.815243333879696497e-01 8.397070281666724201e-01 8.753991739173250242e-01 9.557466073876884627e-01 8.998425999653806295e-01 9.504960667538872032e-01 9.292396979240203914e-01 9.392347667324820737e-01 9.625739042875677276e-01 8.511796739790439270e-01 9.325448119822892235e-01 9.081137076207440595e-01
3.710859242176938189e-01 1.341697170235869319e-01 4.748278721214727049e-01 4.019683284140654900e-01 4.146181775215234677e-01 6.312350213702458968e-01 3.749514825792988892e-01 3.713624882514905967e-01 3.737497948841904671e-01 4.556049460061090128e-01 6.121300232716526679e-01 2.628303566578288897e-01 4.761460768597624571e-01 3.020300341475891104e-01 4.695924853294989321e-01
3.441535851040171679e-01 3.134343746216805560e-01 2.603683532819782709e-01 2.965986426288592936e-02 7.192613698113976828e-02 2.776779344994101395e-01 2.368332014458898738e-01 1.782658610838189495e-01 1.223349356892241141e-01 4.178229778200748951e-02 6.310792398243990353e-02 3.703439263623470867e-01 2.495997319897607924e-01 4.357423146715334594e-01 3.253063116284629630e-01
2.195472278952365630e-01 1.201351761915448874e-01 4.920711565446002078e-01 2.609919851572832239e-01 2.369050838191329444e-01 5.773320651745488252e-01 3.104883599565466112e-01 2.550497580672517750e-01 3.094547498231938198e-01 3.495008304877226246e-01 5.222348251315330758e-01 2.859103300902466893e-01 3.454892151939862877e-01 2.013793074414689799e-01 3.827996598855819554e-01
2.521479794123530627e-01 1.847496949034181934e-01 4.984593527143058589e-01 2.766906279377270295e-01 2.243280220616844234e-01 5.912154629970637343e-01 2.849435633048187366e-01 2.373835414864906013e-01 3.165212562162231236e-01 4.161343062276569027e-01 5.697255771494097454e-01 2.518480114774565015e-01 3.242085019042751926e-01 2.121953082800100976e-01 3.950914959883060629e-01
6.047865101353945283e-01 7.333121464437989401e-01 7.793235436142632588e-01 9.218087332957023428e-01 9.142006723600859530e-01 7.708367775078408535e-01 8.214217162696568764e-01 8.287838475301638752e-01 9.196189355299925206e-01 9.948475163098079443e-01 9.284355981608275465e-01 6.473422280925978933e-01 7.369625598628007923e-01 5.990115328762939395e-01 7.004855767465985039e-01
6.172409606442643693e-01 4.675473328290279951e-01 7.794769161850676475e-01 3.989449285946715107e-01 3.262628582312950276e-01 8.232588825019205858e-01 5.107577144473443020e-01 4.149752719028702574e-01 4.531119967080045052e-01 4.105515023284557752e-01 6.130968411785112648e-01 5.882359496676138333e-01 5.923853990309694284e-01 6.392372456459700647e-01 6.713990318250357969e-01
7.494435069493420309e-01 8.386133185346908991e-01 4.584339753345186286e-01 7.129018579654262666e-01 7.821553502498348465e-01 4.547067013104403310e-01 6.888805405847679975e-01 7.731578716748817026e-01 6.898290008993953615e-01 5.775478534235166661e-01 4.601843768577062455e-01 7.248198934271880001e-01 6.626872029744274029e-01 7.340569344207645841e-01 6.188752619442486891e-01
4.944364886994567776e-01 3.512699235666127962e-01 2.611879168154347952e-01 1.935474771220465906e-01 2.288297226019817276e-01 3.716152605610271720e-01 2.485637714418229838e-01 2.779460546254618469e-01 1.493807112230230993e-01 6.773724431423169823e-02 8.837332787681305424e-02 3.959183509230310705e-01 3.900907131073843570e-01 5.022068915387861709e-01 4.055155476310141061e-01
-1.297010670337108568e-02 1.163737283227541698e-02 -2.093218992164022629e-02 4.577534477240499666e-02 2.226512177954292557e-02 -6.398115471552109218e-03 -2.647662442444587323e-03 3.871772829811049449e-02 1.008835788035317843e-02 -1.008828793236276992e-02 1.809221275808251331e-02 -8.585324945130912849e-03 -1.238170850748505913e-02 -2.919472090203734452e-02 5.613484487547516777e-02
7.477650225562847419e-01 4.899125964977258940e-01 7.591463180645670050e-01 4.976050356861147494e-01 4.982226157623914631e-01 9.214638494540015046e-01 5.596244232683930120e-01 5.336584707711272690e-01 4.983238276026806801e-01 5.046320016556363752e-01 6.713550177465327229e-01 6.043820291612991280e-01 7.643633893497657761e-01 7.396247977724289546e-01 7.636285718578428305e-01
2.610237938501007715e-01 5.212573559462178041e-01 2.287489327742362188e-01 5.292191474623800795e-01 5.098470551360200220e-01 5.636845505582131766e-02 4.700572840909463812e-01 5.000190674452608119e-01 5.669433029056870632e-01 5.326838619317967316e-01 3.087350779416297430e-01 3.430224916628267784e-01 2.943042339075546687e-01 2.625135737078619358e-01 2.517922766299885984e-01
5.848465419636639240e-01 7.092823799038044941e-01 7.223201328122699216e-01 9.368814815907381410e-01 9.324367068837153827e-01 7.142297445370011655e-01 7.863350726032728444e-01 8.308175314245079823e-01 8.939087322684859949e-01 9.519376162915301753e-01 9.460943921664495271e-01 6.532141493053811310e-01 7.274375330538424000e-01 5.813052052313282259e-01 6.965146795477487052e-01
4.980594656981216506e-01 3.316852522959815031e-01 2.318225335695417999e-01 2.097567664559430167e-01 2.384941608554328185e-01 3.634447485656467358e-01 2.293590739861429972e-01 2.928383398935019422e-01 1.605114290985710790e-01 5.302141047305809762e-02 1.083837221568987597e-01 3.765205759334880331e-01 4.219022470336051822e-01 4.791393360342805496e-01 3.867850320162307121e-01
4.005070085265468038e-01 3.487021315734345484e-01 2.441645858776831379e-01 7.623402613037719155e-02 7.885363809597553675e-02 2.531136298035358001e-01 2.078448364263899562e-01 2.091290992834086981e-01 1.050993999106766830e-01 6.785907386583162060e-02 6.101359393023650379e-02 3.959269732111750928e-01 2.738916435073904809e-01 3.993134686561996549e-01 3.167422692351430369e-01
6.412241278903583197e-01 4.715130533595014994e-01 7.071300758718055413e-01 3.920588693025651716e-01 3.191368394452550605e-01 8.425443509704181322e-01 5.294574295588331259e-01 3.915270587644359979e-01 4.558571898149915147e-01 4.299048730920653760e-01 6.094849289485572141e-01 5.734883129339160002e-01 6.049056908779659736e-01 6.810279403309866808e-01 6.982256416921819309e-01
2.094656841887639898e-01 1.549500106740080430e-01 4.743931947828667894e-01 2.861848991681154031e-01 2.430977961566265222e-01 5.571912059639154702e-01 3.128460953539312639e-01 2.502387086681068240e-01 3.457773289350083434e-01 4.345808391868142273e-01 5.509849506613146986e-01 2.462817698992681714e-01 2.935119748640912518e-01 2.186486784347295154e-01 3.937491185075729372e-01
5.981052643456461482e-01 7.488545573672387157e-01 7.224773262254047257e-01 8.853493802549177172e-01 9.445383554163034878e-01 7.495853514296415554e-01 7.961484797735132179e-01 7.924111377154320346e-01 8.677815787881216769e-01 9.871471489184866499e-01 9.146730814667231035e-01 6.474551820461909024e-01 7.261697504524814439e-01 5.800261690507080292e-01 6.833042199593100108e-01
8.949882657674846920e-01 9.800450181915768555e-01 9.888098600640007341e-01 8.638466015834730394e-01 8.684360593998932121e-01 8.874697650381200287e-01 9.318862712253405123e-01 8.792854180576437084e-01 9.618305090425480763e-01 9.587893064289335632e-01 9.473795108992421055e-01 9.938495929680936092e-01 7.927149820646930412e-01 9.469494791019366087e-01 9.431045137172541226e-01
3.654154320370966991e-01 1.367697566236436013e-01 5.116678816857950229e-01 3.895885783187380547e-01 4.050260047850676171e-01 6.969219982178034289e-01 3.354483108257988455e-01 3.584691448235021172e-01 3.457539450863270636e-01 4.429017614593643848e-01 6.421031823351140977e-01 2.415667119248822714e-01 4.613793580204355593e-01 2.892824021570349347e-01 4.615734598996924509e-01
2.514954129789070403e-01 1.500599952254928204e-01 5.074341147661145524e-01 3.072113000411176298e-01 2.772362765447699551e-01 5.565259528677978240e-01 3.199109053121455548e-01 2.491815872178319291e-01 3.738322759865652101e-01 4.235658762754319073e-01 5.445064032944889609e-01 2.244226059890036817e-01 3.258101023687922093e-01 2.747978977620312291e-01 3.781170880610379426e-01
7.501279107502812904e-01 8.647223040391552873e-01 5.240207864012590422e-01 7.294139511327359937e-01 7.683782304195390100e-01 4.796244532281850326e-01 6.853518695560569807e-01 7.717933265416816457e-01 6.869723794045177190e-01 6.006877901868711289e-01 4.518342825490458958e-01 7.538893315707818621e-01 6.498695343990434914e-01 7.173476948456364299e-01 6.542768627741651910e-01
9.951430272504454555e-01 1.002291747928198529e+00 9.673826036956632013e-01 9.854520182219644875e-01 1.003606615676733149e+00 9.861591501428067508e-01 1.008896458156326004e+00 9.988290999328696129e-01 1.004045136495421042e+00 1.008055392253552895e+00 9.903990320540690950e-01 9.942166326533503629e-01 1.005604668603988783e+00 9.894278394185643810e-01 1.010304621910357525e+00
6.400602892370731434e-01 8.462916274938271366e-01 5.092425981117243428e-01 5.827322881215751815e-01 5.949629879811625388e-01 3.379676231066894854e-01 6.229342344106328921e-01 6.580386363043213560e-01 6.283176095362523750e-01 5.603166456615081836e-01 3.975984856976761961e-01 7.093135963373300434e-01 5.064775201338157506e-01 7.353734588942071326e-01 5.490002130585576179e-01
7.457919470045420995e-01 8.561645713942861446e-01 5.448304014480235269e-01 7.257175373179405309e-01 7.577355853353541226e-01 4.583276407496209570e-01 6.832439677258224098e-01 7.497565298131483313e-01 6.951322500094661017e-01 6.088640247920616977e-01 4.568546298748228929e-01 7.719154633704781165e-01 6.557654617803424513e-01 7.505224085624965236e-01 5.915074929063353082e-01
9.553067171102684885e-01 1.013122794307686592e+00 1.001656152582477421e+00 9.983266954231742041e-01 9.661469534406283977e-01 9.967420561026187897e-01 9.920533506862506679e-01 9.719773046507069747e-01 1.000350962792837528e+00 1.035687224318652122e+00 9.970408933126558848e-01 1.007926231240527271e+00 9.943129603233145097e-01 1.010038522979874953e+00 1.030576132169944037e+00
2.625158579786818214e-01 1.155856844618062540e-01 4.838676496789324211e-01 2.922918675703337632e-01 2.686891531472113681e-01 5.814794396251320441e-01 3.310243904061692111e-01 2.844701570383242339e-01 3.256150254729017757e-01 4.225263412780289052e-01 5.973025243741379997e-01 2.639043571406601840e-01 2.882829999629361040e-01 2.346441758669750299e-01 3.327014593278638799e-01
2.361881325344474258e-01 4.951803832337551836e-01 2.809439699442184413e-01 5.324252538893325948e-01 5.061184027222831450e-01 8.854867710260463931e-02 4.056910244862820814e-01 4.518315642745434624e-01 5.268012274022574326e-01 5.317314790801941360e-01 3.430376955345469936e-01 3.459537062937064200e-01 2.683920325617618619e-01 2.819875961933497877e-01 2.573819853093179955e-01
-3.047769770617187336e-03 6.227639731744188771e-03 9.312926539653123420e-03 -2.583535058489719316e-02 -2.700123936451120227e-02 -3.208804023097293345e-02 -1.183976280670727757e-02 5.657182254487014110e-03 -4.706078116564470573e-03 1.507614891001748426e-02 -1.415654322625051718e-02 -2.087120315947689833e-02 -1.413150189177510112e-02 2.191625926317537082e-02 1.337751397646832693e-02
7.737251778501670341e-01 8.311735312270814857e-01 5.122562877970379125e-01 7.028662743359276321e-01 7.467217654286204542e-01 4.541455530206715552e-01 7.078804210213528458e-01 7.871479945857005056e-01 6.583951866424316846e-01 5.537381893495857410e-01 4.210802893335499064e-01 7.595437003228192596e-01 6.609181800713384014e-01 7.741726399773013467e-01 6.220943270949945703e-01
7.583600971547523883e-01 5.366761510616689934e-01 7.324007524258868695e-01 5.046639625784556937e-01 5.141995419427515257e-01 9.178996831396908362e-01 5.235142814630723285e-01 5.172664005071193616e-01 4.921153168949168322e-01 4.686252393987500597e-01 6.872268358158891699e-01 6.282217890623792433e-01 7.490050846187477074e-01 7.077800741705280174e-01 7.434486105261265410e-01
3.673242778024686794e-01 1.761646296041062820e-01 4.900538292723164990e-01 4.056098629872628702e-01 3.742469805608302780e-01 6.611896400725247869e-01 3.435437993315851313e-01 3.672668974059983826e-01 4.053006668694707493e-01 4.343406897127052302e-01 6.132309165803350171e-01 2.745629399439196705e-01 4.415097924904364257e-01 2.664457563676447260e-01 4.038735453197321301e-01
3.911065985144583368e-01 5.465077987954578553e-01 2.397623162603092495e-01 6.184777807920600612e-01 6.412262705219229364e-01 1.508664220711296855e-01 5.258403535399973627e-01 5.950986411654386465e-01 5.671824803471671173e-01 5.510283627262911876e-01 3.831281831002840699e-01 4.185630413426413843e-01 4.180347136127458563e-01 3.373317066858161350e-01 3.139314759129888666e-01
5.413157862954909305e-01 3.415222178241716366e-01 2.516634044850978857e-01 1.811496643498679282e-01 2.405532678028003413e-01 3.208369237521189188e-01 2.787622722819320664e-01 3.223645125124267041e-01 1.628984199395604737e-01 4.828407073366326047e-02 1.364101705374555218e-01 3.963251671815569699e-01 3.995448369139311673e-01 4.911314348244351091e-01 3.745354699182778524e-01
5.308257254090584798e-01 3.535059595094084961e-01 2.443962750449710786e-01 1.849210166291342661e-01 2.006976890219528686e-01 3.846948921644751662e-01 2.681182782649633167e-01 3.206124864244683237e-01 1.953107820426304708e-01 1.178480899009504701e-01 1.564954230822535597e-01 3.980072352250398904e-01 4.198251780949682210e-01 4.722798043200826523e-01 3.617441965041788832e-01
6.082424567866551168e-01 8.365006506076821946e-01 4.855734332144441834e-01 6.080533467493995925e-01 6.282385020806735554e-01 3.624093113044843384e-01 6.130285543036307905e-01 6.556314697595355678e-01 6.398035220085980246e-01 5.591589915972826619e-01 4.167478408564301295e-01 7.610991097802651817e-01 5.060366953380213140e-01 7.198616191688784749e-01 5.362396371955850949e-01
5.183169434779011375e-01 3.146330790868140936e-01 2.945178862094757211e-01 2.081259484013198990e-01 1.966917879609447750e-01 3.322820692105528662e-01 2.424473149387065263e-01 3.388403110133157425e-01 1.843605567613310348e-01 7.771525073970690645e-02 1.169848247791197837e-01 3.850512364205758153e-01 4.160140282751831342e-01 4.788314459603365547e-01 3.779125282522269869e-01
4.931736377135738092e-01 6.376776294286975455e-01 7.042560402577701106e-01 7.865497017885776376e-01 7.676408806545019781e-01 6.384977492395249588e-01 7.627172148566910836e-01 6.926397898085492333e-01 8.284785856724733444e-01 8.969113233135113106e-01 8.612093638232776183e-01 6.487586152890503222e-01 5.803250597799044508e-01 5.485828809619662794e-01 5.941020288959329987e-01
2.474984954902759715e-01 1.664845984472712870e-01 4.933524212430014932e-01 3.071509827664128944e-01 2.661214040134204928e-01 5.377117353831684099e-01 2.865893353672210875e-01 2.329994284286615869e-01 3.419204798540760315e-01 3.756172776023373183e-01 5.952119244796728603e-01 2.411054224464414808e-01 3.113442758490216344e-01 2.371118925944442068e-01 4.097291126314082099e-01
-2.252291118331425576e-02 -3.729475784344799504e-03 -1.288714632484228018e-02 8.605473600127129183e-03 2.182110003062255263e-02 -2.152431142162253112e-03 2.358611445122279701e-02 -3.073639026317512637e-02 -4.442232329064528182e-03 2.366849525609696255e-03 3.626420940878621879e-02 3.258047588464587502e-02 4.254409959081225691e-03 2.733056875791149351e-02 4.477864859868400244e-02
1.040863513044508526e+00 1.016311684360170720e+00 1.036378508885894334e+00 1.007591949286474442e+00 1.004177105435326345e+00 9.749084624569691604e-01 1.005738715650744464e+00 1.040753859097315770e+00 9.998047653862673911e-01 9.696745755620200802e-01 9.820135032518326756e-01 9.946379615249512085e-01 9.677212522053958432e-01 1.014708671867021739e+00 9.996978504956500755e-01
8.989021766568139338e-01 9.369019692622755358e-01 9.805355461957534491e-01 8.794941685635341289e-01 8.534474827259294072e-01 8.808911127691677612e-01 9.358868323769120590e-01 8.753385966600830681e-01 9.706734829894934080e-01 9.753478050272340605e-01 9.439631916366041375e-01 9.895613082744912914e-01 8.869074991245364803e-01 9.618512170713998666e-01 9.428305975188548960e-01
2.662996352749081308e-01 1.550889088562361073e-01 4.872790498416344485e-01 2.631470253314761032e-01 2.408112057314890919e-01 5.532669187195692340e-01 3.236063349591563609e-01 2.694586236338979979e-01 3.494701881835200474e-01 4.028055862055753833e-01 5.523888713018445529e-01 2.222121793900835307e-01 3.164202148401240033e-01 2.838069633895170529e-01 3.683923038234661052e-01
1.029502576478174891e+00 1.030743483592316156e+00 1.003116143112948278e+00 1.006264912972730130e+00 1.009207905592546251e+00 1.005295737096884245e+00 9.643064194715552651e-01 1.008751471143155110e+00 9.773449418998164662e-01 1.005426397500704061e+00 9.944322114163332005e-01 1.028593897522024792e+00 1.008244178011323378e+00 1.007170259659763589e+00 9.748589560287751477e-01
3.528968662124636335e-01 1.703829938125747678e-01 4.643951189156718673e-01 3.911133701645947425e-01 4.058867542970185927e-01 6.799749153658545264e-01 3.293593032036769008e-01 3.560364784481668265e-01 3.631035107686567676e-01 4.308674703916888782e-01 6.032669365036175124e-01 2.936169017547274329e-01 4.691502231632495579e-01 2.968661115315329724e-01 4.514030735638864811e-01
6.012029457190504189e-01 6.678459120384180325e-01 7.916068052330056393e-01 9.386520870436879660e-01 9.187256639360014132e-01 7.276457560696898419e-01 7.990169062717836779e-01 8.607609768373828407e-01 8.998831583794930644e-01 9.554323248248890454e-01 9.335585300009490162e-01 6.483233555313990815e-01 7.213487234627431466e-01 6.132638474962804898e-01 6.831841187875833388e-01
7.863198186766935383e-01 8.370959463005969159e-01 4.880349018984208032e-01 7.046853224747178235e-01 7.354482891471473271e-01 4.416346414964846812e-01 6.844094918179496334e-01 7.484186107655868003e-01 6.831959250584549448e-01 6.067740680751086968e-01 4.374024192981851855e-01 8.172124612096751672e-01 6.757187422717672032e-01 7.668963832497212030e-01 6.001075237827132591e-01
7.310410854229700828e-01 4.693144566224764502e-01 7.763043511206149105e-01 4.995680846521307061e-01 4.962502613450062716e-01 9.074872187655647071e-01 5.387176550934201780e-01 5.676012028196550929e-01 4.459126366430630206e-01 4.629654097357098208e-01 6.942431090944227723e-01 6.179895503148243874e-01 7.359439272365435603e-01 7.332366169088275765e-01 7.684607016445567096e-01
6.111886112727596965e-01 6.738101396582434344e-01 7.492427074492200578e-01 9.110421270515454140e-01 9.027364048467944047e-01 7.510779437458451335e-01 8.129881471109762225e-01 8.508724899276506326e-01 9.349096373753245093e-01 9.714052545735202271e-01 9.324492614285430081e-01 6.451589131646057185e-01 7.217414036417000300e-01 6.158049351466725607e-01 6.950350187490914600e-01
8.494221616909398975e-02 -1.408709766061606861e-02 2.577919665377283523e-02 1.192510350889737780e-01 1.586053261831887329e-01 1.136703729970599264e-01 3.146642561526059867e-02 1.161827644423348987e-01 2.972340896160051080e-02 4.694938839704868028e-02 6.299286078177503134e-02 2.034505637231193154e-02 1.173884390734922234e-01 5.461378685107987768e-02 3.882540670890501089e-02
7.458277549014312724e-01 4.908108670969663079e-01 7.578434599798309357e-01 5.041880223661123761e-01 4.756241443265024071e-01 8.793946737960243176e-01 5.435461666950218707e-01 5.241384273562319507e-01 4.744354019805007150e-01 4.576169288069534269e-01 6.602555456313047300e-01 6.116328733861421396e-01 7.179217080498825343e-01 7.335419556168155664e-01 7.488781269482451819e-01
3.979160699488121233e-01 3.340123598352359724e-01 2.390473706168133317e-01 7.211449441283328265e-02 9.204989819555062236e-02 2.601753806762008292e-01 1.946035250136481098e-01 1.524845284872276552e-01 1.038597151049557854e-01 6.483230013393656566e-02 7.484641314367684872e-02 3.789605646992079135e-01 3.045578460339066207e-01 4.047454943731533805e-01 3.281170518126974023e-01
3.055287631634738266e-01 5.253156415738662322e-01 2.533287608721994100e-01 5.447002936822473718e-01 5.168439307434776753e-01 1.023832530994869539e-01 4.729102136153923164e-01 4.709947714189290924e-01 5.284966917932995001e-01 5.159984315403984834e-01 3.045373399874830578e-01 3.533154347641829229e-01 2.818487061882701816e-01 3.032945606905544933e-01 2.418106223080411510e-01
8.738818560483664344e-01 9.724598086417646225e-01 9.788037135203737638e-01 8.686043625223975884e-01 8.688576924367450438e-01 8.861847015681799666e-01 9.487249987350954150e-01 8.867429798858316170e-01 9.433630499139128434e-01 9.636334093032602466e-01 9.725920408118189364e-01 9.630837285045870111e-01 8.707566958087842313e-01 9.674466299047971285e-01 9.357785178775672730e-01
3.972419105325803446e-01 3.344556882602005565e-01 2.551924666213644111e-01 8.737416810945203283e-02 7.721019681030126536e-02 2.700172362289764427e-01 2.115222870117777210e-01 1.546591235311696733e-01 9.660656824131622078e-02 3.326005612810134515e-02 6.165859623323462213e-02 3.861418559963749608e-01 2.625317701150702843e-01 3.949011280258904466e-01 3.401663970050746166e-01
3.544897927142759975e-01 1.698686809054600066e-01 5.102432860533194781e-01 3.948541181080233442e-01 4.094623699616917745e-01 6.541080193802606413e-01 3.629997996840324537e-01 3.566001511376049593e-01 3.769367766530871133e-01 4.569507749767463545e-01 6.233870954660655217e-01 2.564385066250551293e-01 4.993864417763097530e-01 2.943313356351097143e-01 4.173845675588337967e-01
6.271880505849064535e-01 4.302381075298922219e-01 7.163911620106908629e-01 3.529434637588386159e-01 3.461941222815233532e-01 8.081095741401478350e-01 5.152259547417759045e-01 4.452594795411369821e-01 4.504399130016956687e-01 4.540772401674101344e-01 6.396445567869852855e-01 6.439878018380119640e-01 5.732808200663891407e-01 6.793588167045894188e-01 6.927075304835587088e-01
7.577803605052247926e-01 4.949816021716331171e-01 7.689344949275502827e-01 5.162449791576638747e-01 5.006841537091690775e-01 8.976306977827475109e-01 5.687993496135519411e-01 5.958820790691028435e-01 5.009823229816006140e-01 5.039946329141151704e-01 6.763911924169531131e-01 6.314446678643498290e-01 7.179200696685420491e-01 7.089802663426300056e-01 7.496398379726665340e-01
4.636387292989798681e-01 6.562821090353165854e-01 7.518426547111840552e-01 8.387034508179073145e-01 7.429732487106507355e-01 6.518752417422194467e-01 7.503558656218369816e-01 6.984000025538987799e-01 8.525306079788007585e-01 8.822300945447462128e-01 8.542201497598588267e-01 6.157487922137014902e-01 5.964443799752903175e-01 4.958060913091744681e-01 6.177193294250653555e-01
6.373351100054349683e-01 8.436996933637789242e-01 5.169918193904989856e-01 6.400115736970017899e-01 6.018272221214683304e-01 3.302350427095139818e-01 6.330452675188964484e-01 6.017741553842361757e-01 6.511348348283348964e-01 5.792842884285481775e-01 3.974337220219087419e-01 7.370020851901452064e-01 5.418159423042713252e-01 7.294470764428641063e-01 5.561234806106418738e-01
9.964278462030904393e-01 1.020776599478838698e+00 1.044405643761079805e+00 9.756512807702432122e-01 1.017633927563931895e+00 9.946733196689325762e-01 1.015806867034133809e+00 9.998876658877101642e-01 9.879406765356770759e-01 1.004535438780615575e+00 9.835495603747630433e-01 9.913262301095500106e-01 9.662832677008941218e-01 9.971225712026010601e-01 1.006499921980061218e+00
6.549853466679409486e-01 8.159666676977411770e-01 4.967499441139757721e-01 6.069238043206783839e-01 5.955306218420056696e-01 3.307507101396547911e-01 6.377360551692953239e-01 6.253542012240360659e-01 6.077189628862168513e-01 5.138409649737318841e-01 3.834887807806086069e-01 7.419233432012752871e-01 5.471632909708706860e-01 6.818054283066349308e-01 5.675675881462851624e-01
7.265894204664496980e-01 4.774655671828840209e-01 7.717231467185177163e-01 4.564728796177380810e-01 4.637235845729866246e-01 9.069432141285863613e-01 5.877839672369304935e-01 5.635012791273282806e-01 4.764635439577439846e-01 4.975803166453683923e-01 7.099056426109668916e-01 6.000003657564441095e-01 7.395568778708825342e-01 7.587611880259135244e-01 7.512866220452802946e-01
9.872575726448297173e-01 9.911911577524538108e-01 1.020065595523572011e+00 1.028019607754124154e+00 9.855142938952050624e-01 1.012281866889829018e+00 9.688535842767574957e-01 1.014795505913218099e+00 9.929983822206283062e-01 1.006702100049448045e+00 9.936871279212816654e-01 9.797443966877052990e-01 1.006530463412564025e+00 1.044003052040255008e+00 1.004329946580128086e+00
6.249235624651194865e-01 4.764375073584383169e-01 7.708169637304901345e-01 3.496853223407138667e-01 3.269500540910618702e-01 8.349486372066614592e-01 5.321806502007673245e-01 4.171794118643175064e-01 4.397936674425626524e-01 4.218574076362616165e-01 6.349852435143449325e-01 6.135239108192995783e-01 5.981617104986244327e-01 6.373925831856138702e-01 6.732545835870181739e-01
2.344047106135036251e-01 1.690294873011635168e-01 4.680391604345090495e-01 2.989104904423616760e-01 2.784062231893140726e-01 5.081835372472440771e-01 2.882206188626038057e-01 2.377093671079388570e-01 3.018308275411871744e-01 4.140206256705595833e-01 5.396846802009551691e-01 2.350891881435577813e-01 3.404391564294217964e-01 2.392017700379706902e-01 3.588601358882144710e-01
1.028580952534001863e-01 2.518821496616440933e-02 6.479939399090800869e-03 1.021032517374553250e-01 1.658008930249747215e-01 1.419280827188905136e-01 3.607927063034073456e-02 1.551230977206626838e-01 5.212142619766066409e-02 6.118795693790491513e-02 7.618689751212627537e-02 5.472104239176706075e-02 1.716886872313395374e-01 3.655567392678074623e-02 9.196910064077970515e-02
3.679646731241443813e-01 1.607239133476345561e-01 4.720378072574636374e-01 3.916180942208666305e-01 4.116096853716177950e-01 6.671120592437205232e-01 3.304723910204649950e-01 3.635340853374957604e-01 3.642078538247988662e-01 4.718245840990762385e-01 6.491292542881923477e-01 2.748194113248131343e-01 4.414389802260111351e-01 2.918878528070945055e-01 4.405746567206240139e-01
3.884100437598516087e-01 3.095048453664178689e-01 2.296684694150584183e-01 6.106852442677124237e-02 8.830076971628189608e-02 2.420717920080377727e-01 2.009339409082528394e-01 1.824955860743793512e-01 7.984751631278452777e-02 2.616145846243115441e-02 4.834918966422030451e-02 3.861939833465780625e-01 2.688195967210669224e-01 4.396075183423980848e-01 3.114619903213977636e-01
1.001192047472063473e+00 1.001048854696623192e+00 1.002925737333430378e+00 9.859864281304659972e-01 1.000078003016598771e+00 1.001049379664763039e+00 1.005014531824689472e+00 9.636867468387874114e-01 9.945569478754385795e-01 9.842340586771273214e-01 1.005218981848174264e+00 9.981548539656827090e-01 1.006321945856456956e+00 9.893689478186304953e-01 1.019125652489396794e+00
3.462209364605752238e-01 1.917258448150213068e-01 4.919339591693223102e-01 4.002552166227283936e-01 4.196714082580395577e-01 6.479696325614845431e-01 3.345097645165420741e-01 3.782276396560281806e-01 3.813978862976304951e-01 4.341531446613717815e-01 6.443092532521672577e-01 2.118012280734173636e-01 5.016755382435833521e-01 2.355585296755716984e-01 4.076858340401222636e-01
5.801408038060726913e-01 6.479879606594576291e-01 7.659546559261445342e-01 9.447324378551363866e-01 9.211475069286284567e-01 7.664019933847164845e-01 7.978947514414720388e-01 8.038462782296336151e-01 8.733325222306143054e-01 9.623788831092116025e-01 9.316650901200392854e-01 6.432146520556829561e-01 7.018995118440266578e-01 5.980511560337806731e-01 6.902831273977109161e-01
3.994182057552403409e-01 3.298860097005154590e-01 2.668197624929570799e-01 8.497821118423450060e-02 9.095665131797452119e-02 2.921880760923527554e-01 2.128321307459532241e-01 1.400113050855844588e-01 1.194568007964885853e-01 2.028433368061142994e-02 5.949614492847191127e-02 3.891143460231280549e-01 3.030425329414808133e-01 4.220328342334331295e-01 3.062499845785698338e-01
3.841210719562389020e-01 3.189639252903451738e-01 2.756648368914970670e-01 8.544950006822490951e-02 5.392804657077319985e-02 2.375965006693300796e-01 2.212350147568347414e-01 1.719267654120106570e-01 1.129794963684063458e-01 4.100247114407304383e-03 1.171632794037578834e-01 3.529799386551566998e-01 3.012429128011954726e-01 4.474379661362986593e-01 2.920316146602354168e-01
8.687690416054302256e-01 9.833590264360526634e-01 9.777862671271900785e-01 8.807477070769796912e-01 8.276100368455532319e-01 8.945992725931944944e-01 9.425460271585749394e-01 8.987763189923292373e-01 9.439685116244216356e-01 9.424639803524408332e-01 9.079951945113473588e-01 9.814707856037879763e-01 8.589614902740553282e-01 9.844593456523426100e-01 9.723298685426807753e-01
2.434341865437406605e-01 1.373179700810850945e-01 4.436652750098861731e-01 2.498309584925705873e-01 2.654656616656747570e-01 5.332977907587311828e-01 2.808436904561982805e-01 2.164751265313407391e-01 3.532771946342866398e-01 4.242397995917424058e-01 5.660949529587508966e-01 2.126203091154843516e-01 3.211260125393924358e-01 2.525791373388155958e-01 4.127473257972438248e-01
-2.634901675017356157e-02 -1.586929337343263163e-02 1.146990229711718906e-02 1.775019570833444651e-02 1.938283576288371210e-02 -1.015812637621754840e-02 1.822553061656244713e-02 2.893432302458907521e-02 1.252545217883514707e-03 -2.905828825943752164e-02 7.322263164300865310e-03 1.578846640815540631e-02 1.109536872757322691e-02 8.312802650391592357e-04 1.112629819318994295e-02
2.580800032648655207e-01 1.748336334539965231e-01 4.829210508200770802e-01 2.558885625041505962e-01 2.413737971064940369e-01 5.398303977365439543e-01 3.063473458933372306e-01 2.571212553273681256e-01 3.364566490207687166e-01 4.190847803118915582e-01 5.938641537779969504e-01 2.775674306431263894e-01 2.736693924050470073e-01 2.481169449788651615e-01 4.084757120066964120e-01
3.361803361954662228e-01 1.121128763627935732e-01 5.403917145590644289e-01 3.981010875226667078e-01 4.415605556957035160e-01 6.378587928324949141e-01 3.723066097055615087e-01 3.600157715777357881e-01 4.061041659291956818e-01 4.172625192230434155e-01 6.542788956683190937e-01 2.845006000778735333e-01 4.572116021029915545e-01 2.837476544079302054e-01 4.766409812350602127e-01
8.950057401214865926e-01 9.793076216598539663e-01 9.721854011699523346e-01 8.719866418056915203e-01 8.566788855176212802e-01 9.187979031086185300e-01 9.383075538078221589e-01 8.870685534910733860e-01 9.821994681080179479e-01 9.925668541753379648e-01 9.653527671478675520e-01 9.769493339967167955e-01 8.674778907668806438e-01 9.304281997244713276e-01 9.429243554341470990e-01
1.419570010348012367e-03 -9.514923436991330058e-03 1.096976749250410570e-03 -1.147736366266118718e-02 2.461155138022077735e-03 1.040133787194055283e-02 2.763013648713860335e-02 2.942800131511549844e-02 8.765486495030636342e-04 -2.020718918604226186e-02 -9.812915455848737409e-04 -4.855409185995607571e-03 4.938550679472078313e-03 5.001338980777379805e-04 1.070250511427250223e-02
7.308076681888308057e-01 4.777433460145984467e-01 7.594505902250184848e-01 4.713406015530078874e-01 4.968240580375666848e-01 9.138631178242285769e-01 5.387303576052620002e-01 5.508462863845724478e-01 4.710200175130729305e-01 4.414327044027267499e-01 7.027738337990105943e-01 6.425410474660110394e-01 7.173879051942776419e-01 7.065947946395885193e-01 7.530431778393558151e-01
2.603575594419121342e-01 1.627211848085496348e-01 4.962464242271085180e-01 2.630561320745723464e-01 2.932981395747026876e-01 5.490783404455353844e-01 3.021028098294545328e-01 2.174277905562139179e-01 3.161729691346603643e-01 3.867570230044202195e-01 5.499922087699139484e-01 2.534148451262296375e-01 3.197091981535787886e-01 2.390416166470039627e-01 3.897759675255715317e-01
8.814185102664102711e-01 9.829821865798600289e-01 9.846109469722160723e-01 9.404643234587811707e-01 8.430604066010100039e-01 8.672931682964813982e-01 9.811064960491265863e-01 8.650243351754451915e-01 9.702073416723888677e-01 9.576432539001941135e-01 9.463697772977005540e-01 9.910914003782381743e-01 8.609239067524939726e-01 9.134315741960128410e-01 9.472702599074750429e-01
6.238115137932853660e-01 4.713424519668387713e-01 7.498330401475067353e-01 3.550919707418699334e-01 3.383044873453672219e-01 7.720738791038727067e-01 5.053046602489753569e-01 4.093050801139705985e-01 4.327835144818789059e-01 4.601462241888237825e-01 6.251554881030653155e-01 6.322886234765230373e-01 5.844815339878078886e-01 6.761473774941714199e-01 7.052441305777098490e-01
9.883202283663780063e-01 1.034173119649638872e+00 1.015852886070957251e+00 1.010712886139582212e+00 1.001421675063540517e+00 9.906441564179514492e-01 9.812121774168111044e-01 1.004571241330370013e+00 1.000979710632241559e+00 9.761423851868712420e-01 1.030552629772622852e+00 9.821845898606328396e-01 1.008700798291787271e+00 9.926237108363604733e-01 9.975860943863391617e-01
7.258226796662025082e-01 4.791516837437310716e-01 7.948195527567470942e-01 5.316606844122232500e-01 4.717566049400740424e-01 9.302323089760042851e-01 5.702247650336843554e-01 5.306180082468126002e-01 4.896002341210639597e-01 4.972492464327936124e-01 6.899758044458254025e-01 6.051549354080211218e-01 7.329426658227919944e-01 7.000375552483135699e-01 7.444454686944651511e-01
1.441390680293556104e-01 1.697736337480850594e-02 7.875552468634972048e-03 1.093644520945469129e-01 1.567193059754534157e-01 1.204276943547309964e-01 1.488183893023258680e-02 9.026633892006416526e-02 5.848018080513608247e-02 4.519696041266958730e-02 3.210767371883592458e-02 4.297873595398250812e-02 1.264042583812401421e-01 5.368377981487925527e-02 9.603967675945715432e-02
7.560372386295435287e-01 5.209894572535821444e-01 7.543212328766051300e-01 4.839269114783718573e-01 5.004055472394217663e-01 9.204488591784339979e-01 5.529443065431006721e-01 5.274424467142357909e-01 5.068284349301556135e-01 4.911705904083793484e-01 6.897643998554299216e-01 6.369677491440713935e-01 7.300570759670239607e-01 7.311362916385549804e-01 7.774849327332848947e-01
7.410416963727080031e-01 4.861899131928787976e-01 7.599274786152891981e-01 4.700308699690066705e-01 4.881851085861795281e-01 9.264515373436817969e-01 5.247074713994883677e-01 5.387874313222629219e-01 5.051446294428069139e-01 4.757369614927323132e-01 6.719259237017080055e-01 6.295785493139964828e-01 7.492452654631913678e-01 7.062783770102680769e-01 7.637415512428744613e-01
3.676940061768768087e-01 1.901797803094484596e-01 5.086965757107840824e-01 4.181620685204609500e-01 4.450765444292151818e-01 6.800214513121330961e-01 3.459458181945527788e-01 3.721554366655531743e-01 3.719725331125766088e-01 4.577516434965443470e-01 6.026931639109956995e-01 2.568592874705189488e-01 4.540285593175211187e-01 2.889709524358561321e-01 4.215583615109992910e-01
3.775650354777128626e-01 1.526434842422793314e-01 5.047566815427163567e-01 3.736268474439149445e-01 3.999555719975109169e-01 6.812680256727854378e-01 3.893086355862718229e-01 3.574102720763989716e-01 3.560126430445449408e-01 4.054552231844342769e-01 5.834378655115701751e-01 2.469937670887136505e-01 4.796913373525554802e-01 3.031607333495955903e-01 4.286760325781449610e-01
2.688302138401915120e-01 5.166057642090929880e-01 2.126550170947129059e-01 5.416110162001931405e-01 4.881442575245347748e-01 8.275218360226246905e-02 4.595574124387195036e-01 5.164424854121554276e-01 5.332373924660760434e-01 5.421221830865100566e-01 3.347869126176104548e-01 4.109663238391546014e-01 2.771175210013960277e-01 2.905747238760871265e-01 2.589506190084387982e-01
9.559369736650075167e-02 1.020991576234208352e-02 2.590316544340903054e-02 8.812600913650181500e-02 1.641183989775484575e-01 1.198443994584451333e-01 1.841476165005624319e-02 1.032292187226142161e-01 1.504665418957966405e-02 3.887180301035834257e-02 6.773752144875656855e-02 4.483905119256946514e-02 1.363114841937241306e-01 7.447838477446439009e-02 4.222294032344857395e-02
5.976384946652014696e-01 4.612428072821516678e-01 7.774710365833954473e-01 3.653015534460184455e-01 3.134949366292552608e-01 7.858895269913731552e-01 4.650662386458389586e-01 3.962973201689004021e-01 4.112479512589449215e-01 4.678494764621065616e-01 6.388938250669297103e-01 6.402084040938892384e-01 5.770286687915997526e-01 6.311577496149696209e-01 7.410410323383381792e-01
9.178519109913637619e-01 1.003733167524458736e+00 9.783284181631595189e-01 9.269746840183771264e-01 8.484963576531172613e-01 9.074031955757961843e-01 9.721017164308000114e-01 8.715899060010837696e-01 1.002495602247739592e+00 9.550899883845906935e-01 9.148902759740703550e-01 1.014865631580488481e+00 8.624200410096075631e-01 9.253323729152003185e-01 9.667150626201820307e-01
4.894345025437324415e-01 3.517020913155606276e-01 2.691863617472313730e-01 2.343679090371120766e-01 2.238240717071879049e-01 3.305640703280641746e-01 2.545457586105545622e-01 3.096402581264137144e-01 1.737311107495225493e-01 6.851178054535181361e-02 1.306467366668351560e-01 3.833133069482451138e-01 3.907123974866543170e-01 4.817035762471574833e-01 3.656774367566060779e-01
7.245362434498665571e-01 8.421047920971986844e-01 5.250059378933223941e-01 7.497508838376043538e-01 7.429255270014225587e-01 4.398466892187524735e-01 7.052641566630748482e-01 7.649720503088931478e-01 6.865019529158870037e-01 6.213532119396567577e-01 4.741765803295387993e-01 7.828533725985328262e-01 6.647376151915764808e-01 7.498871734971271907e-01 6.309709357583639378e-01
3.655677030087973178e-01 1.775944251703444055e-01 5.098598479463050115e-01 3.501292862830744923e-01 3.950403835050406154e-01 6.822249491731962046e-01 3.816373201692231931e-01 3.711429204847354613e-01 3.514109550111169100e-01 4.705956778407857088e-01 6.363132590924578391e-01 2.581087985395287832e-01 4.300869354182045856e-01 3.186135529964077562e-01 4.449825672726345771e-01
7.716484702676563723e-01 8.475501168059297319e-01 4.785853021954683539e-01 7.011206937256592164e-01 7.203067757061435428e-01 4.566294438106081044e-01 7.247978627683162589e-01 7.747762963604787334e-01 6.541948665670660468e-01 6.212277307931104442e-01 4.096869881161438465e-01 7.363380772390965001e-01 6.721463367108077014e-01 7.706549945455658523e-01 6.664182845447184089e-01
7.476673489735181644e-01 8.378738402943021191e-01 5.101924890329941897e-01 7.371292882307567407e-01 7.584812565510519189e-01 4.451413661095712238e-01 6.774928313773038724e-01 7.451148875401515381e-01 6.523638837209884134e-01 6.426009409060684519e-01 4.264332177363556742e-01 7.902754477305780068e-01 6.815267666304660743e-01 7.400408961732586333e-01 6.225114466462956520e-01
5.905036870180579989e-01 4.311128583789035629e-01 7.399837800820668887e-01 4.219536981987058177e-01 3.399571732607283847e-01 7.827962052443699914e-01 5.172344572551085262e-01 4.133494276976881765e-01 4.322235129879443138e-01 3.586490069078384080e-01 6.067861409397795613e-01 6.113469347401516707e-01 6.302263769712161956e-01 6.512744464849343773e-01 7.058660011363139253e-01
9.894512851565118172e-01 1.004756592335755316e+00 1.003406443154732930e+00 9.876214074052589442e-01 9.706345596097436523e-01 9.654485347638290804e-01 1.040270057488157152e+00 1.034609406097455331e+00 9.847719267060912607e-01 1.005317081587651984e+00 9.987414520546107344e-01 9.969776709351869659e-01 1.018822754275343634e+00 1.008119064126084874e+00 9.633363594621217052e-01
6.291110226600388211e-01 6.430129847206885740e-01 7.277005425168127095e-01 9.274112569116759186e-01 9.341343762769857006e-01 7.520880551335157316e-01 7.910367577734704891e-01 8.148121428930524823e-01 9.474834549138976270e-01 9.631025975414050366e-01 9.502978208095261836e-01 6.403519665026721208e-01 7.501409778962241370e-01 5.395719157000412602e-01 7.096962314785555392e-01
8.745067873015305304e-02 -2.880707594817776690e-02 3.118348103751999653e-02 8.524027087420231463e-02 1.249910667164710054e-01 1.198335867910863273e-01 2.216955475958029206e-02 1.189569903107148413e-01 4.688900382543272072e-02 6.991783642029390788e-02 2.017432898996449758e-02 4.779801941195840898e-02 1.033005409421403342e-01 4.554482785508794790e-02 6.110004762347748253e-02
1.326626342454874652e-01 3.601656516651306067e-02 1.944765996146571863e-02 1.140744655799753315e-01 1.462886489821327018e-01 1.228318141883549958e-01 6.741369435223022732e-02 1.058543285910956699e-01 1.398494998937516859e-02 4.970157677866067492e-02 4.484873316799586895e-02 2.697979364004531727e-02 1.292491816403841809e-01 6.717792142294923274e-02 6.214187577974699533e-02
6.516074096245182412e-01 6.567512751681218175e-01 7.303397212668559790e-01 8.813091750309159922e-01 8.709154272669734631e-01 7.401518442091478134e-01 7.938850765947698118e-01 8.219331467387351875e-01 9.005786528742439900e-01 9.046613296767953560e-01 9.658307344638341618e-01 6.077574686920961256e-01 7.237154635838489725e-01 5.765202973423021460e-01 6.677784051223429884e-01
3.984004902878952176e-02 3.922993990863492958e-02 2.211580900344476894e-02 7.217786463602204059e-04 -3.540185391263495768e-02 -1.103872595227172598e-02 -7.060694797427507011e-03 9.621112984124697773e-03 8.506256503255182552e-03 -1.501915724009525964e-02 -2.099684947192130818e-03 -1.418149846777306373e-04 -1.515161886209646057e-02 1.838210301552767670e-02 2.238205704459624804e-03
7.857205126759165825e-01 8.536868213492690982e-01 4.825835574725747534e-01 6.985907328448789366e-01 7.727629388066767913e-01 4.449538859706620997e-01 6.760745602249007558e-01 7.428467101319796706e-01 6.990061145836437007e-01 6.274670734825379403e-01 4.445961373185070564e-01 7.793878422701501218e-01 7.090781686060623201e-01 7.923200818982156779e-01 6.648579652071714419e-01
1.225156235230185769e-01 2.181640379707992794e-02 -8.585766523130082539e-03 4.894492773796878943e-02 1.652794149451965733e-01 1.049373942169685714e-01 6.427108285382933384e-02 1.331228394107485669e-01 1.392555991901863605e-02 2.960448168374376493e-02 5.918714801160354644e-02 1.545320410193989219e-02 1.758392420513019694e-01 6.077206015723336796e-02 5.958679977095213132e-02
3.771673054570724992e-01 3.447479492087963115e-01 2.487014012485970760e-01 7.927069379435973395e-02 8.393430286233567739e-02 2.585761655813388349e-01 1.811452688935440702e-01 2.045667004218924556e-01 1.198018250683172692e-01 4.965165153388035463e-02 8.755755031523101972e-02 3.591316136704947315e-01 2.362350684119072231e-01 4.039213954241667737e-01 2.933696621382086978e-01
2.599233760638187118e-01 5.165606090455404642e-01 2.280256613014435829e-01 5.527119407327359957e-01 5.116356155119868854e-01 7.685299685601051922e-02 4.295434751363818027e-01 4.377026836604895887e-01 5.175003484533454712e-01 5.372718241395143535e-01 3.410745123903202725e-01 3.785778174514505268e-01 2.665682047532461629e-01 2.713173626372454295e-01 2.485575147995779111e-01
4.757698127840938596e-01 3.784277687904671894e-01 2.467625367741576592e-01 2.017582819910718750e-01 2.281392974836548293e-01 3.700810876704431207e-01 2.645417628344478578e-01 2.987029765290216687e-01 1.555666217640420401e-01 9.437771941632455697e-02 1.290316589405607894e-01 3.864859861369936977e-01 4.114700189947347320e-01 5.008082700215366057e-01 3.454049101957139545e-01
7.526995890696935865e-01 8.670952202111097407e-01 5.088733395941980042e-01 6.666045851007728062e-01 7.707324813131917196e-01 4.457474352835523179e-01 7.160730470895895206e-01 7.304000302766591179e-01 6.642641827741050387e-01 6.144735208880771626e-01 4.246642988112327988e-01 7.401805350140898687e-01 6.986022397754292346e-01 7.172257575295216681e-01 6.330949413796965741e-01
7.366660559674191866e-01 8.651449258912294882e-01 4.744990421150336313e-01 7.002986074427413055e-01 7.234559735736586505e-01 4.396304624946793527e-01 7.208792441076072866e-01 7.586437681225255414e-01 6.607778754147708433e-01 6.105411641789079136e-01 4.409839123846877595e-01 7.379129051129518224e-01 6.852214318707198215e-01 7.802509223732959631e-01 6.372569325715711219e-01
6.285448906617281395e-01 6.555765921650973382e-01 7.539655314660237417e-01 9.116008630540394231e-01 9.508650627031447478e-01 7.429543019727504749e-01 8.090426559755445890e-01 8.336943676196438835e-01 8.851060596546732606e-01 9.360823948833938424e-01 9.360160902244568648e-01 6.610428223092674749e-01 7.321026689401087806e-01 5.361050448639519406e-01 6.501041463452827962e-01
6.114167355022385175e-01 4.638558308240383621e-01 7.629503795969374558e-01 3.599797460355965151e-01 3.254383454694941280e-01 8.128569513879011499e-01 5.260912554704517685e-01 4.134123008361699214e-01 4.611209642048920143e-01 4.128149755198218807e-01 6.604139439051409655e-01 6.520342231007335565e-01 6.084211118235698379e-01 6.892308342217340345e-01 6.941519314895486792e-01
6.127295310161320341e-01 4.421530048153025083e-01 7.512389815168799556e-01 3.934210175604434534e-01 3.601759603548874145e-01 8.029983778055264088e-01 5.085678332424725667e-01 3.791257631026104802e-01 4.607158206037110237e-01 4.556645666574169473e-01 6.261569741973630476e-01 5.965957029620372332e-01 5.840741377848720495e-01 7.151326614164787987e-01 7.073846494627340498e-01
2.428221223269234064e-01 5.297284034520881590e-01 2.254206303947648704e-01 5.057828583055858918e-01 5.242586912955066181e-01 5.158270958618620117e-02 4.518747632161256300e-01 4.694136042721104851e-01 5.362093781598290532e-01 5.163560898339685235e-01 2.942463831691287668e-01 3.552545853012161192e-01 2.852281838721791307e-01 2.662048619498085245e-01 2.571765714609440812e-01
5.913640822503241079e-01 4.583714990776264764e-01 7.472283212006820552e-01 3.990243213353223406e-01 3.452081024600209824e-01 8.302959746249666262e-01 5.128568046314649909e-01 4.178943568986859258e-01 4.128576170128233080e-01 4.369826568326543592e-01 6.195673720809856677e-01 6.218153960446064499e-01 5.818589900026033268e-01 6.421305314902739925e-01 6.898202704871712054e-01
6.232505301470737669e-01 4.634204972248027188e-01 7.246170538748839540e-01 3.693434991035657311e-01 3.310944830062051980e-01 7.982776384654020063e-01 4.924947394160965608e-01 4.067345357618204482e-01 4.483080743193446072e-01 4.439868265980618234e-01 6.079516709057707358e-01 5.864391888179277812e-01 5.650431073761456036e-01 6.616441324830468762e-01 6.682990821294715333e-01
3.984861858194391759e-01 5.242772409140810108e-01 2.378883324448585745e-01 6.044310868584252816e-01 6.564761105974959987e-01 1.804446834420175005e-01 4.903435379626792656e-01 6.006628361390065063e-01 5.593842666923821705e-01 5.603299235929022348e-01 3.586452642255946732e-01 3.985148470053318515e-01 4.167031492697294004e-01 3.507391427241228210e-01 3.079387192306236587e-01
7.506291617918615655e-01 8.781550024887679884e-01 4.736473369518692245e-01 7.137350923440483053e-01 8.126918224535225610e-01 4.352495563156868474e-01 6.820450970172836636e-01 7.593297342375610048e-01 6.644369012851439882e-01 6.496847468543992532e-01 4.198128548600034704e-01 7.315652464056437987e-01 6.917028712582560246e-01 7.530282829340692041e-01 6.620951425110689348e-01
6.252127558644038352e-01 4.732956916075572451e-01 7.550995239553477401e-01 3.552025068934298591e-01 3.102837839948359155e-01 8.228457001783696656e-01 5.172305757234519907e-01 3.924558330919424298e-01 4.190013684558148155e-01 4.635023429694608010e-01 6.305983993196095927e-01 6.056179282594189583e-01 5.773071920438461735e-01 6.895758733315057176e-01 6.727925613539120775e-01
8.851493565176986600e-01 9.978645501935270445e-01 9.967347136807185315e-01 9.004334705150354168e-01 8.399986828183865217e-01 8.811104839943534328e-01 9.266721984736054907e-01 8.882494311777958673e-01 9.711744597687553826e-01 9.466303081542154496e-01 9.775585628679904771e-01 9.855035026758982575e-01 8.901239867114507653e-01 9.322732895253389440e-01 9.334376024772245151e-01
1.074028974176822054e-01 1.583991113865006531e-02 5.584353976982071865e-04 1.153840079555537995e-01 1.604250364176047494e-01 1.171205432499966836e-01 4.078808501306688955e-02 1.071011745183939601e-01 4.597151338854816444e-02 7.145962716040032969e-02 6.165319811402664163e-02 2.244263929876973152e-02 1.263571981229713592e-01 3.960510049744490890e-02 3.912929190103931615e-02
4.009122564658992305e-01 3.191827088573386817e-01 2.938565611262974886e-01 9.982140288267624118e-02 1.190097582517276736e-01 2.491080973340318583e-01 1.816237709398039746e-01 2.171688049126806463e-01 8.758470991320690957e-02 6.476964099655473095e-02 7.870068983892200554e-02 3.547507406172998312e-01 2.698846096113949877e-01 4.260694337763765716e-01 3.457658952284479170e-01
5.234960901289780200e-01 3.302921207192348052e-01 3.081126736965443813e-01 2.064617589295317246e-01 2.539004980175351145e-01 3.808518609906927366e-01 2.425394733280188120e-01 3.393281408384731801e-01 1.827180281428117670e-01 8.737274090736879550e-02 1.100218419904187700e-01 3.853376722223227913e-01 4.115117663875340059e-01 4.727909133622607563e-01 3.811403625514079296e-01
7.574208774582194548e-02 1.088675950579669205e-02 3.437016561429079298e-02 1.114680223024464151e-01 1.866932791644969059e-01 8.758070460560452020e-02 1.011516775797725864e-02 1.130438065295564370e-01 9.113022542670945469e-02 3.641102404078357807e-02 3.593348258285341407e-02 2.649114132517476489e-02 1.782344730332530436e-01 7.904175499840983277e-02 5.114716116303869714e-02
3.465115229095391824e-01 3.014688066771359365e-01 2.518303320062741379e-01 1.054520542270472039e-01 6.485711823301162915e-02 2.497718694476798174e-01 1.925612431938119873e-01 1.984934227547525687e-01 8.793508934390491250e-02 6.765168469333619761e-02 8.755772256139465748e-02 3.848755937898289403e-01 2.608091266030249100e-01 4.171463127462441411e-01 3.118332494960587287e-01
