4.133036226720190887e-01 2.907606270048200825e-01 6.281359354635746017e-01 3.499032705425610401e-01 4.684634077322210044e-01 2.167473412834978186e-01 3.969706005145307026e-01 4.239093327065664440e-01 3.145024399681704552e-01 5.932806524699174577e-01 5.314120780537066047e-01 6.737224609028900080e-01 2.009926201326103778e-01 3.801146349664572544e-01 4.612933333077806064e-01 5.518215912472862472e-01 3.477775881844079042e-01 4.463862272750548366e-01 2.162350362506767487e-01 3.721980241967662861e-01
7.652026952899871892e-01 8.743540975404396898e-01 6.704300319117076912e-01 7.827566308217068780e-01 7.460610763782340449e-01 8.405160624929663982e-01 9.153987891131400989e-01 6.517660621499152818e-01 8.201306790582172379e-01 7.793522363369879136e-01 7.509190330383500589e-01 6.113633920305530101e-01 8.431977522519999990e-01 7.216021996366845936e-01 7.248124967181204248e-01 6.510513576231808930e-01 7.403869363880961618e-01 7.796345476861137325e-01 8.808913203818212745e-01 8.133407399712315744e-01
8.373241164429732208e-01 8.523772521980335082e-01 7.397712181220092997e-01 8.445034325377641649e-01 8.147832551446694271e-01 9.719103865173657208e-01 6.875136604352488634e-01 9.444346362005094919e-01 8.073082226473917711e-01 6.664645735461515175e-01 7.574372742765482780e-01 6.933597734833347737e-01 9.640742312182223328e-01 8.694012341014863976e-01 7.868671729153499106e-01 7.861750950966323037e-01 9.556513032117219808e-01 8.496021852914282801e-01 9.152269566753442609e-01 7.901727860164464712e-01
3.967370927960505722e-01 4.548512700772949224e-01 4.880897251298946249e-01 4.363253435193303886e-01 3.754700451112079063e-01 3.006200815094688394e-01 6.506261566972803001e-01 3.623735153250469687e-01 3.844983053478879254e-01 5.130849961325951725e-01 3.778312888976096406e-01 4.540004961661899263e-01 3.851731471595010725e-01 5.311138879837656868e-01 4.495461763884220363e-01 5.264028137664363838e-01 3.201644322663619868e-01 5.789911911380968279e-01 5.712687305633806778e-01 5.021279514545209377e-01
2.285687223537333779e-01 1.776927477917913945e-01 3.435341314718461936e-01 1.795649917321565370e-01 2.893946842573549838e-01 1.646170546537475132e-01 8.138379182056111605e-02 3.658542354941596297e-01 1.580949027918390759e-01 2.437137801426650652e-01 2.372076451661874197e-01 4.058534450537715776e-01 1.540814515283424058e-01 2.789487441163022163e-01 2.346843341082269774e-01 3.918408612611827824e-01 2.940988338894056642e-01 2.088834393384225996e-01 1.047465991047818734e-01 1.955447384286517765e-01
4.322033596217155771e-01 4.163995616919254905e-01 4.770614129963607342e-01 3.802118861598826616e-01 3.627510497231783981e-01 2.480178980578643944e-01 6.452086276726726188e-01 3.530846207712861617e-01 4.037031350191725432e-01 5.343787128381661811e-01 3.816368886357747736e-01 4.681217010836142278e-01 4.083229123896238710e-01 5.148840758002818374e-01 3.940603945730254409e-01 5.237677746712996463e-01 2.869302628044044789e-01 5.689100523376726670e-01 5.245011366906552341e-01 4.339474567333223010e-01
8.823682144310729392e-01 1.028863928389142757e+00 9.311261740070545523e-01 9.432946060267832777e-01 8.506585548285919840e-01 9.806394663440536341e-01 9.874879419253099755e-01 9.290202045905644468e-01 9.484180355378097893e-01 8.579816753844908828e-01 7.761501550497134083e-01 9.260341310210926657e-01 9.034342198295745030e-01 9.622437611730804141e-01 8.412791514184847497e-01 8.437469201592764367e-01 9.892267548849669190e-01 1.001689158204580377e+00 1.026145985578356568e+00 9.419495088897809065e-01
7.277521951504630771e-01 7.127269528949263799e-01 4.280319808433699080e-01 6.891119300834207539e-01 7.136943964479075531e-01 8.524190981241178688e-01 6.153349752188743693e-01 6.297905004740790291e-01 7.282381674947929762e-01 5.683614857200204318e-01 6.809913999268751850e-01 3.691434599150233420e-01 9.283375823584565367e-01 6.345735583479698017e-01 6.606555807429878024e-01 5.603873868104612965e-01 6.532960995925748415e-01 5.934229992552116917e-01 8.599196705669936991e-01 6.785970786574289093e-01
8.543135639004905135e-01 8.411232233203289610e-01 6.952945929584775087e-01 8.586500082377555021e-01 7.677214659320116263e-01 9.804999399137845906e-01 6.953547948856163563e-01 9.194571224738978810e-01 8.140866812749257830e-01 6.764980762932123470e-01 7.350863247360349684e-01 7.199146319123591597e-01 9.504391718289240121e-01 8.411589669540197045e-01 7.531503533831452879e-01 7.599041767971621564e-01 9.383928006812148892e-01 8.246304691742358806e-01 9.423166182406309543e-01 8.194486031957750605e-01
3.772918511978599621e-01 4.170849273074870855e-01 5.358058480594466433e-01 4.293735160215427782e-01 2.762610145990226362e-01 3.395729513656939313e-01 4.325482313366186271e-01 5.210325399418412884e-01 3.657600171341763851e-01 2.854312904699199960e-01 1.018125415099752490e-01 4.511378663093935093e-01 3.576477026512300816e-01 6.414373792525126516e-01 2.883337072560138714e-01 4.768983580856047122e-01 4.709174036314908163e-01 6.131493596120671796e-01 5.150602019679817456e-01 3.809232845008962420e-01
3.643623736164299798e-01 3.136492574757217544e-01 2.649334194409465604e-01 3.425295158306678744e-01 3.225156277609630973e-01 2.669133239940558178e-01 3.489687237836337497e-01 3.320487277701680839e-01 2.574177497481740517e-01 3.091719117672938055e-01 3.414893642605686952e-01 2.484231253808443507e-01 4.083902074251835046e-01 4.033823843884101756e-01 3.271650957797455628e-01 4.422109232958388869e-01 2.673642176352846178e-01 3.815312540931101171e-01 4.721679626062311175e-01 3.116956037628235698e-01
5.428593357686810617e-01 6.093107370055728111e-01 7.917608031328075002e-01 5.869375933584844995e-01 4.341798786862584580e-01 3.966214625300836794e-01 7.343672856141549854e-01 6.136494153927639639e-01 5.371065287038543357e-01 6.328554925492362315e-01 3.748800648923232282e-01 7.083582738413567448e-01 4.755213203501058583e-01 7.837422276622133532e-01 4.722033694008450078e-01 7.252148433536103056e-01 5.278251767218898882e-01 7.973470958937077802e-01 5.754524955350712734e-01 5.883643220992753609e-01
6.809208654711768061e-01 7.028276170144758250e-01 7.436100546480145512e-01 6.829819598342212750e-01 6.738843056815295718e-01 7.597586880002921150e-01 6.387016574292085913e-01 7.015529395403798940e-01 6.922369243280755979e-01 6.792666722909070920e-01 6.902434306608478121e-01 7.312044950927302223e-01 5.733110503805481928e-01 5.948389015668997803e-01 6.776157390676120773e-01 5.463697255852739687e-01 7.710889506511650060e-01 6.328609014382935438e-01 5.468761999426403619e-01 6.985023990770717894e-01
6.653952813243586561e-01 7.010964293620897125e-01 6.934521925019080379e-01 7.281368932098171154e-01 6.617833590547177458e-01 7.526402880357989655e-01 6.588905321673826920e-01 6.968302383545453837e-01 6.799571372784168899e-01 6.841943323334235272e-01 6.930463805046738202e-01 7.792765253916245083e-01 5.857439784126535764e-01 5.950339965663730135e-01 6.899437898737356134e-01 5.361016613716846901e-01 7.868918376984735952e-01 6.125965269824829029e-01 5.156714479169945964e-01 6.442248407958900414e-01
3.678790028714020166e-01 4.416651142079788261e-01 4.961634604670684956e-01 4.233818333485622198e-01 3.675335114985949225e-01 2.532454498059121262e-01 6.134663259389466772e-01 3.486624340137161604e-01 3.733987055029099889e-01 5.534070523470273617e-01 3.706093708021432342e-01 4.464803694196408657e-01 3.861025732878673455e-01 5.021184270777364622e-01 3.880377514732239463e-01 4.778889710091154819e-01 2.902860678669840211e-01 5.414578166683446936e-01 5.866304669667540272e-01 4.554384939375054064e-01
3.879160054924896683e-01 4.567214472085956434e-01 5.283269896699862578e-01 4.326153395966842452e-01 2.487364006470227373e-01 3.299123675665460165e-01 4.082976379755212104e-01 5.763828543922028258e-01 3.281635564754123435e-01 2.963625483287347651e-01 1.353283242463760860e-01 4.951716883057977192e-01 3.849869255871567475e-01 6.037619995007810214e-01 2.316871825573532939e-01 4.796035855702127093e-01 5.111700848687972254e-01 5.997532907684537395e-01 5.372065701623670586e-01 3.967183829219171898e-01
6.297418679014790133e-01 5.351982330122004861e-01 5.017633858292691595e-01 5.654224621542658369e-01 7.692583109661700336e-01 6.426453426556865134e-01 5.724184846105235813e-01 3.974216373658251422e-01 6.246745497178801676e-01 7.123379260783627709e-01 9.121253402657372167e-01 5.588915253916175718e-01 6.311541379497292992e-01 4.023868306688044849e-01 7.481641891841585013e-01 5.127478586034999175e-01 5.429808972515404175e-01 3.756568861324880437e-01 4.870841492936921480e-01 6.142851384018519489e-01
2.616699311925253513e-01 2.643734944711696455e-01 2.496289889644359994e-01 2.696827991868285812e-01 2.020126499831275124e-01 2.198568088988613056e-01 3.618197917665349483e-01 2.744865595529629165e-01 2.530195797978338490e-01 1.837512128855071925e-01 1.075148121408995017e-01 1.237450444950858042e-01 3.170974698271343262e-01 4.266639546489999768e-01 1.557786428178693783e-01 2.828158809378905070e-01 2.095398544804324692e-01 3.727919778515900728e-01 4.750120325392945819e-01 2.962605850011633124e-01
3.421357176213050688e-01 2.780961518137706201e-01 2.674938885230966901e-01 3.021072602710123678e-01 3.462386018583382130e-01 2.424139661238394472e-01 3.226448365253473671e-01 2.941639365900557967e-01 2.777180758720071418e-01 3.218079025763276868e-01 3.044947069249240301e-01 2.173048735432333012e-01 4.172328461878596628e-01 3.902464579064319206e-01 3.210413468543371618e-01 4.271844421071754883e-01 2.256622429271355756e-01 4.010062846066201891e-01 4.925844478684263117e-01 3.034795511983812699e-01
4.921381367582568500e-01 4.002290215213596958e-01 5.455398522520307214e-01 4.935374525406614477e-01 4.733559057784757496e-01 3.643053713176419017e-01 4.320279465718577794e-01 6.307819547646316138e-01 4.216911822460625570e-01 3.810897537627253584e-01 3.318449668043613188e-01 5.409769240930855094e-01 4.778018118728212804e-01 6.555977882049881522e-01 4.280987967237180336e-01 6.105221166081701289e-01 4.561829034932622373e-01 5.932107945661276860e-01 5.172844786145631701e-01 4.720778812429248794e-01
5.722877518094700022e-01 5.345283207833025907e-01 4.908183334955915078e-01 5.792207681933261298e-01 6.453811585666550110e-01 7.453135004075333025e-01 3.495776603196025234e-01 6.641501115323765747e-01 6.414605756892221011e-01 4.379584362625193461e-01 6.483028878752833402e-01 5.751948064978577024e-01 6.415525770452344956e-01 5.036250662702028702e-01 6.126162532373403691e-01 5.339771541385931464e-01 6.838487873636877046e-01 4.531105966912003513e-01 4.266593265763140019e-01 5.424634496197864308e-01
4.573143406976392655e-01 4.015067527250868462e-01 2.294421706857519838e-01 3.982166695618266639e-01 5.166489799643977365e-01 5.984343825730015221e-01 2.918785335846095785e-01 3.775151293556748278e-01 4.689484517308697420e-01 3.764905417622460559e-01 6.219150711020217104e-01 2.873838757105621755e-01 5.373589891128961460e-01 2.696272451882741339e-01 5.374638430857519023e-01 2.897230713498771260e-01 4.354595203976545648e-01 2.430037609472999460e-01 3.913401369927151929e-01 4.028818919598520787e-01
5.065549787924642500e-01 4.556046792027937387e-01 5.819823263238010913e-01 4.845264454993746805e-01 5.260686178138228586e-01 2.921216449361766498e-01 6.695568468117980565e-01 3.879123287944699072e-01 4.309243342839551016e-01 6.333852770850156855e-01 6.017378440293137398e-01 4.930216091579779913e-01 5.016871128812528946e-01 5.553011247060846145e-01 5.851310860985271534e-01 6.643383579780303139e-01 3.115760224195270323e-01 5.565833833205410253e-01 5.862346281504732248e-01 5.684696758061066335e-01
4.728482836988994742e-01 3.885031958930391660e-01 2.156149237800539520e-01 4.072694649221899610e-01 5.030488983429555194e-01 6.472598029627167904e-01 2.570175138495092160e-01 3.367925548693661564e-01 4.776704161353176326e-01 3.628860885939779179e-01 6.280760780169720725e-01 2.429804039228453116e-01 5.435447165378417544e-01 2.510739886031449486e-01 5.264492053880848177e-01 3.235901373146614635e-01 4.357133426872135118e-01 2.114590877295492444e-01 3.436608526017487231e-01 4.173433611903317741e-01
3.565623628832387260e-01 4.227090216636730791e-01 1.774016030574453728e-01 3.835970231063618452e-01 3.387873315247030281e-01 5.532133647072590144e-01 2.972371632912957362e-01 3.017845569309279830e-01 4.173103813693377351e-01 2.737935501306831276e-01 4.217652411776626753e-01 1.826938884155046017e-01 4.562475919335367003e-01 2.235329744268182428e-01 3.431195192265929506e-01 1.766495461446561943e-01 4.345726623366850672e-01 1.998579364967187078e-01 3.488628389473653613e-01 3.325773670440470009e-01
6.431910946934984441e-01 5.795341839553982410e-01 8.209963253199427102e-01 6.166200351558442927e-01 6.656792634173723799e-01 4.278600918380627838e-01 7.497900413152511767e-01 6.658563776150748792e-01 5.486706382136089521e-01 7.742668592066552780e-01 6.057712828070692668e-01 8.515198752986227193e-01 5.263328360659558225e-01 7.877216618205203913e-01 6.668811627927974106e-01 8.089630935637288633e-01 5.403214361075477923e-01 7.658509979940851808e-01 6.411779669137888105e-01 6.775713660382202130e-01
7.099876190443834556e-01 8.170391980709803548e-01 7.086427637657082279e-01 8.615175412949558353e-01 6.086872887881284999e-01 8.977438417285930061e-01 6.712929193959140672e-01 8.925753226134384155e-01 7.994127108631813305e-01 4.904987471906151475e-01 4.806388548248256565e-01 5.915816585637484470e-01 8.196094093252016544e-01 8.329452255333770205e-01 6.210662812515646003e-01 5.963717252544554759e-01 9.150230423013751002e-01 7.812169866486309289e-01 8.807854500125912312e-01 7.213101172260796279e-01
2.736332779684348959e-01 1.573620617742914618e-01 3.158502571630478761e-01 1.859277092818677757e-01 3.941899635060938101e-01 7.869889592676869439e-02 3.139031698923455682e-01 1.047619449956228577e-01 2.525521644377559105e-01 4.505969604732988354e-01 4.983758088485776283e-01 3.497223194137411006e-01 1.464787278846068352e-01 1.020293264050161491e-01 3.710685879718438329e-01 3.929351684269091205e-01 6.634279639495894998e-02 1.959635843551019441e-01 9.575737995386462975e-02 2.766063770121582333e-01
7.386285089535192805e-01 8.578698288598135546e-01 6.521369108773356071e-01 7.972954663401399245e-01 7.235297378560672232e-01 8.256282726854051734e-01 9.664586399627157487e-01 6.188855628283367327e-01 8.224917173877276388e-01 7.537202068626890350e-01 7.245950622522878692e-01 6.107204180425455098e-01 8.424534030114972927e-01 7.325438201305204400e-01 7.766674883938681218e-01 6.765726162846301683e-01 7.417513038619890642e-01 7.360549203539454854e-01 9.321533634661167689e-01 8.205278316338463496e-01
1.217945612885913409e-01 1.831347065921581918e-01 2.631712982097206832e-01 1.001961813447963534e-01 2.148371788686749551e-01 7.024872225920635038e-02 2.811105853755858086e-01 5.260110973389925393e-02 1.743522549772503760e-01 3.431250589329483680e-01 2.562118955664090536e-01 2.768408712067066957e-01 5.632220424516845569e-02 1.465265830797377600e-01 2.379947261272851999e-01 2.401937257059835740e-01 6.317846877122816618e-02 2.224175551184754684e-01 8.576118942203103668e-02 2.025518541310575571e-01
5.808898980448845561e-01 5.774380785813570949e-01 4.776808214524904117e-01 5.970866203249778348e-01 6.048379427765548932e-01 7.360296446537880621e-01 3.542677981321427638e-01 6.401346738764651656e-01 6.067765090926324767e-01 4.350014555108524528e-01 6.326412860549373018e-01 6.043853816166829818e-01 5.617102186437711309e-01 4.900973203961278557e-01 5.858778855160508003e-01 4.974225373949319184e-01 7.283347737795313748e-01 4.429128218618990642e-01 4.424601546889816994e-01 5.335567866385897418e-01
6.061784949086086449e-01 5.650830273475182519e-01 5.026701422872226210e-01 5.386200597361439080e-01 6.987892585922134137e-01 6.288698188516392840e-01 5.718046247037722463e-01 3.997140493931297112e-01 6.529865198108920632e-01 7.172587558559411214e-01 8.650214827916229421e-01 5.471841342609233827e-01 5.896630875046793285e-01 3.772597888744201877e-01 7.629400302363400499e-01 5.016413664747286782e-01 5.179657915285930114e-01 3.892420922562202512e-01 4.779535649790294105e-01 6.119237263626678969e-01
3.312594979104407922e-01 3.175224285779069677e-01 2.582813410891979244e-01 3.205960623979974833e-01 3.586236535287348759e-01 2.695459930337751886e-01 3.316191682500108651e-01 3.342056336292630325e-01 2.735398113069680281e-01 3.369499383518925750e-01 2.916177537923607677e-01 1.992663058447043667e-01 4.328497193346569905e-01 4.308318556885591399e-01 3.601096662188372766e-01 4.089355683448460677e-01 2.199872369011393602e-01 3.763278555712332718e-01 4.783285052159558237e-01 3.716943302807601546e-01
3.936272726951988710e-01 4.442659376577410280e-01 5.381766813222419454e-01 4.473500317886345279e-01 2.782687679006456971e-01 3.092575272420691190e-01 4.141209600084711506e-01 5.733778881936009153e-01 3.671872294513270907e-01 2.824668253778372939e-01 1.030629784361730278e-01 4.573813795737380894e-01 3.696220651810867008e-01 6.030545562580944541e-01 2.617055011450966640e-01 4.680858650566392942e-01 5.217544545513111975e-01 5.980092941608343704e-01 5.262104147100861162e-01 3.893820353941923051e-01
7.284046297741870735e-01 7.244070377627060964e-01 7.713626621584249721e-01 7.546405909989759575e-01 8.575765110652660006e-01 8.104247555080223986e-01 6.249419107646232430e-01 7.545497794347643117e-01 7.739894609483873866e-01 7.886809717276554998e-01 9.137699087614630233e-01 8.660834270746260444e-01 6.676980214911748535e-01 5.671875694118373445e-01 8.788340174435088636e-01 7.229668788707382943e-01 7.877835505482676526e-01 6.381476210299928953e-01 5.398853963838093906e-01 7.716352773310751756e-01
1.118839614937754690e-01 1.756087237911705236e-03 4.794024776827589956e-02 6.719588069323970125e-02 1.414960753798595317e-01 2.542593454928906982e-02 -1.434307072722586923e-02 1.299888355075162760e-02 1.262441731590540489e-02 1.362192665127944791e-01 2.086349837934772522e-01 7.492777216068211010e-02 7.621583827999736660e-02 -5.109740320683418824e-05 1.521438745030498085e-01 1.390021814792384014e-01 1.012582644185784295e-03 -2.089428161594862957e-02 -5.249382498782971529e-02 7.657496755682882683e-02
8.195317471490838265e-03 1.716386737134745211e-02 4.692312286344825500e-02 -1.027807499501331816e-02 -7.331096195649310608e-04 -7.005793525567638631e-03 7.014042788970283049e-03 -2.450355053327920793e-02 1.748941957525582819e-02 -9.975020617503891143e-03 -1.223580999114351519e-03 1.691467541990579124e-02 3.207416884902024312e-02 -8.775412997293922587e-03 -3.057418546509894572e-02 -4.177749057665430810e-02 7.393520286745414519e-04 4.904914747778594923e-03 2.670647164003332047e-02 -1.003873436765162497e-02
2.612339733224758875e-01 1.575856631311082223e-01 3.647664085466094663e-01 2.640498641545083180e-01 2.628631953122076426e-01 1.589675605499243638e-01 1.192034566185551370e-01 3.884850069179776044e-01 2.128545439447790955e-01 2.327129987290704194e-01 2.487033547650032705e-01 4.082209246054595564e-01 1.289640563124765382e-01 2.432101561872156981e-01 2.656765830303842169e-01 3.638790476627835058e-01 2.716550900470465768e-01 1.959811679655303340e-01 4.949429072248697631e-02 1.844807698597103751e-01
7.852541227406726332e-01 7.278304697264522671e-01 7.546794206511090453e-01 6.781321851286390423e-01 8.360496076468281190e-01 8.004453729577312160e-01 6.861275274105130828e-01 6.905853400484297522e-01 7.773398874197784414e-01 7.862728941755807721e-01 9.408525378599034150e-01 8.690722988009801364e-01 6.887240005144684707e-01 5.931106258299931877e-01 8.449491311728825060e-01 7.284516707483981168e-01 7.951546846697966631e-01 5.935491989462569062e-01 5.952839325584075025e-01 7.242062673847117216e-01
4.760640311030789329e-01 5.519796955568783137e-01 4.506117008489917142e-01 5.519762172736476513e-01 4.478390163221220299e-01 7.346650056137692397e-01 3.282137942655881657e-01 6.123783502696680259e-01 5.444014197587402348e-01 3.586039112287597863e-01 4.276532913915621070e-01 4.900647884041253177e-01 5.087967385853302549e-01 4.987853717520696617e-01 4.599831753412592650e-01 3.595327875962043840e-01 6.833189375251201847e-01 4.703698714025763561e-01 4.455190108244089231e-01 4.629280105071695850e-01
1.397092388588626888e-01 1.664290378523121949e-01 2.558859989717230943e-01 1.332110072146532598e-01 2.396758811357043439e-01 3.575879283255493229e-02 2.803713315630403380e-01 7.828738070924252945e-02 1.325793997988928830e-01 3.338378935456502994e-01 2.494214147290800820e-01 3.002089908898398218e-01 9.295008695265538634e-02 1.180607075400352673e-01 2.282915411148106477e-01 1.929690903839005323e-01 2.507433009822881975e-02 1.948137692974708512e-01 1.133547767292394787e-01 2.336520660655309334e-01
5.709168283131873523e-01 5.477944223492088316e-01 5.090238934296212880e-01 5.987457799280989645e-01 6.358085343247154020e-01 7.584839886673617748e-01 3.391734234412924209e-01 6.463050626698301215e-01 6.018290646090339591e-01 4.807025654667308467e-01 6.285585975083973764e-01 5.778677939306919864e-01 6.102470367547127017e-01 4.880966453843744723e-01 6.185147115850198052e-01 5.024165177772028645e-01 7.117409154393308235e-01 4.452098591388554127e-01 4.581403092374549679e-01 5.160357945886107078e-01
3.800710216026285670e-01 3.150562969646324984e-01 5.627468033873698205e-01 3.417909972258517115e-01 4.541027344396364462e-01 2.030746985384931369e-01 3.848421788503053054e-01 4.354702314247144157e-01 3.042331648011509238e-01 5.678285598469645645e-01 4.851566129066821054e-01 7.083411984911083259e-01 2.248405052667504234e-01 3.517032549631715077e-01 4.446853601120276389e-01 5.863943402365672242e-01 3.470691729619369559e-01 3.894204602897048395e-01 1.712467843076046770e-01 4.028994910171966315e-01
6.233874615380559092e-01 6.106357221350375841e-01 8.451062949217611475e-01 5.902489523421763362e-01 6.497323354505668558e-01 4.257740702321304305e-01 7.589469516344254929e-01 6.999827656193130521e-01 5.491713339108170722e-01 7.929439929338460979e-01 6.293515129993053625e-01 8.267050031222741291e-01 5.633328322015339618e-01 7.280374941490197482e-01 6.401693477704745172e-01 8.822252676346707956e-01 5.839089307059871503e-01 8.142990219195492818e-01 6.307349769878292101e-01 6.376340071133794751e-01
3.313362284064190200e-01 2.940553924029314370e-01 5.527367309656383565e-01 3.038560016399339259e-01 3.323642820114650065e-01 1.699873524176652440e-01 4.085190997416797143e-01 3.587118886870572232e-01 2.754125680291644174e-01 4.422480381047382836e-01 3.148195005295406079e-01 6.245237543261111801e-01 1.237001251075866837e-01 3.670940449663363525e-01 3.192029489769387385e-01 4.166640024698955447e-01 3.784847234620380974e-01 3.699554625909335370e-01 1.690012150264896817e-01 3.443750360166486502e-01
7.379379170523010512e-01 8.312224220657058460e-01 6.486218572749656852e-01 7.924910771561343159e-01 7.523486168902820959e-01 8.377643617018964983e-01 9.011851384997355829e-01 6.506140211679126706e-01 8.070814856332459986e-01 7.545430933910952653e-01 7.556462832437192967e-01 6.377838680515147685e-01 8.680551775496019307e-01 7.603520740434083214e-01 7.900716375108987055e-01 6.204521179739942438e-01 7.022079534121999922e-01 7.431064958906303808e-01 9.324057768203934948e-01 8.539578985437782377e-01
8.696030838190617063e-01 8.805464156296214373e-01 7.383888413581284338e-01 8.227280189719505810e-01 8.771190389655711961e-01 8.960404479094759012e-01 9.513633195842609025e-01 6.852217879223480024e-01 8.964920044333383187e-01 8.758057347309734508e-01 9.881880277846417648e-01 7.209360053900566445e-01 9.465310557740193032e-01 7.932427548323310873e-01 9.136492018360897749e-01 8.013690448508885567e-01 7.498223570344538791e-01 7.591113352125030689e-01 9.029225971768588543e-01 9.013711116160498804e-01
9.909648724938415754e-01 1.016714642386599809e+00 1.010255055996139406e+00 1.000826598873389539e+00 9.798556442554563484e-01 9.925342602138618187e-01 1.004270370113384159e+00 1.021825522361674787e+00 1.019917789754571924e+00 1.011460752580348066e+00 9.691436437033977835e-01 9.961043414096459880e-01 1.016572598323803422e+00 1.004285124243955440e+00 9.936593232312140866e-01 9.792614388370837197e-01 9.726359422817376643e-01 1.004116720844470345e+00 1.013525973377517708e+00 9.941792458280120925e-01
8.485163984383102820e-01 1.006551332038934321e+00 9.515783463485945060e-01 9.847921696706006811e-01 8.452631618514052647e-01 9.387259158300088613e-01 9.778425818604797870e-01 9.470975936474615997e-01 9.553546445310308055e-01 8.876672999170515110e-01 7.889591294817916989e-01 9.302074827928353828e-01 9.161917176584106759e-01 9.753065461083962884e-01 8.492956100599269309e-01 8.499454510882361591e-01 9.579389528923989428e-01 9.803444298224587294e-01 9.694368821197386632e-01 9.542836873646483031e-01
6.623602573981879349e-01 6.040205083534301300e-01 8.256985275113878364e-01 6.172497490111972240e-01 6.459797345401846469e-01 4.330133075369976270e-01 7.488531679482174352e-01 6.673415206638376729e-01 5.752024805434245991e-01 7.510276346501646438e-01 6.260072941482026643e-01 7.747577377226357864e-01 5.448017975788929101e-01 7.685640550896223333e-01 6.525066537433645841e-01 8.198792326107562367e-01 5.410853689087082863e-01 7.796270647257907971e-01 6.545214268702634897e-01 6.430109971018643789e-01
8.773666898619161270e-01 1.015382352146944278e+00 9.463561075333631889e-01 9.210290863236216818e-01 8.445641507073416987e-01 9.576854605951322652e-01 9.662330116134896230e-01 9.571892174969691691e-01 9.236959221363858497e-01 8.678620093155950954e-01 7.997079301370821902e-01 8.837404217738701329e-01 9.301125207304704601e-01 1.032696851723913900e+00 8.377736346716868621e-01 8.210189398635385771e-01 9.665870913549335919e-01 9.781654743044335687e-01 9.588974992877001835e-01 9.066398637793451343e-01
3.198608753006547678e-01 3.694184668157614038e-01 1.451311064109591098e-01 3.805012514654987354e-01 3.708301584092697500e-01 6.242019524021810151e-01 2.866280790050352856e-01 3.214684354150678658e-01 4.419763498773306987e-01 2.374208195145751654e-01 4.120618055256389245e-01 1.731395444470836542e-01 4.852519635451227331e-01 2.089619458552063047e-01 3.841818364180042411e-01 1.767689854550262007e-01 4.263477875326294186e-01 2.161541593321045507e-01 4.007410705062272038e-01 3.338142824116801521e-01
2.260509196714182434e-01 1.379726865408490433e-01 3.137814066783188305e-01 1.992133204451540518e-01 2.738771761249370051e-01 1.427374259125910039e-01 8.331739930805633076e-02 3.622593230024871436e-01 1.940148938533363954e-01 2.463553953761170034e-01 2.459560058853066111e-01 4.198948889891466196e-01 1.162337743191976941e-01 2.348448459585890935e-01 2.969275101586827392e-01 3.644062002870089856e-01 3.096777310142576622e-01 2.426539384895547713e-01 8.007428015064935178e-02 2.097100713922505077e-01
1.285534426691407051e-01 8.353781377534515162e-03 7.240775823878470296e-02 8.015806684005544192e-02 1.611954011065522552e-01 3.500310170639242546e-02 -4.314829863562369243e-03 4.871980806649547219e-02 3.791570068123323312e-02 1.441802007585101797e-01 2.206163486077354074e-01 9.970676610678899654e-02 8.006734832384614087e-02 3.564236112958870523e-02 1.264823560911173816e-01 1.350033915589778644e-01 4.179476636539629711e-03 3.233884286118021700e-02 2.332245540910477671e-02 6.138188117280027334e-02
1.586783216857021173e-01 1.442263700098148083e-01 2.806224582798652056e-01 2.020600436878931538e-01 1.028861437563005077e-01 1.510469946498693705e-01 6.187664459287001151e-02 2.816833062439356716e-01 1.219697913149380836e-01 1.367667371718217784e-01 1.993907498187462435e-02 3.185215268852020776e-01 5.459010197147178695e-02 2.336286629784931901e-01 3.938370760870259224e-02 2.130996528289161307e-01 2.445791820710647435e-01 2.148534092475715140e-01 7.471866577025894351e-02 1.034251949147643318e-01
1.031121316026725604e-01 -3.025495542421623510e-02 4.377620521404641807e-02 8.751123333855238134e-03 1.769572265471565653e-01 1.043870483276593264e-02 3.058308068964156468e-02 5.190537850274437592e-02 4.255048375763084700e-02 9.907141919157060050e-02 2.239740999481034667e-01 6.147795069429685261e-02 7.868554812631788076e-02 1.372775997366391595e-02 1.575590131481751366e-01 1.397685153578091255e-01 2.779324811837139558e-02 2.957830675806919982e-02 5.474013885927898893e-02 6.405584819855386636e-02
5.667093500830499009e-01 6.861529226785934021e-01 4.125384177066158675e-01 6.655961042549828344e-01 5.140428552740443635e-01 7.659503223439002584e-01 5.886813020396380880e-01 5.795619729482891502e-01 6.577133139526716299e-01 4.108267981036815009e-01 4.478788371381233202e-01 3.194649046319726349e-01 7.927196964199857421e-01 6.531602020390276930e-01 5.073667009994701216e-01 4.407322221443411014e-01 6.603504405803927169e-01 5.949961867611304189e-01 8.377574894681918405e-01 6.324764095361479210e-01
3.030570348021119909e-01 1.801930228196877148e-01 3.271545258426659664e-01 1.846803700529077719e-01 3.564745554468506383e-01 1.212956732084098932e-01 3.044684229327749292e-01 9.335471015869910294e-02 2.272335338443623454e-01 4.638851876646115091e-01 5.243346325022987253e-01 3.759575783150395645e-01 1.247614487168928060e-01 1.418379030352837356e-01 3.495872584640318248e-01 3.773898420652464503e-01 1.035785962411387429e-01 2.082730701161462639e-01 1.114490833775721168e-01 3.015754039476192805e-01
8.433967600904598294e-01 8.580610008506250885e-01 7.468902033073032687e-01 8.416030510145903198e-01 7.950420744887395363e-01 9.522573518762407208e-01 7.112484485593678629e-01 9.275599110661010283e-01 8.496643017748305438e-01 6.872783810619456091e-01 7.306844461213375386e-01 6.889901291427017460e-01 9.007165352513867296e-01 8.902693186879604426e-01 8.270602791589585223e-01 7.942935240201222102e-01 9.494800604753544926e-01 8.564701000202072922e-01 9.102140032338937869e-01 8.049680709516316979e-01
1.524170150923257090e-02 3.483675785124896312e-02 1.312238313201407464e-02 -3.668258708118048855e-02 1.682212519307304741e-02 1.009686882169407232e-02 1.770559486391398360e-02 -4.094437371652943219e-02 2.296873016731643471e-02 3.054108729013840437e-02 2.343567632258740548e-03 -1.775282603759888514e-02 2.863501494955860219e-02 1.854471060676022784e-02 8.810157323295901219e-03 8.085575661404338643e-03 1.097647490582663414e-02 4.366931667369273670e-03 1.808841359467693727e-02 -1.292209674818036239e-02
6.589403411910035313e-01 6.992822157679414730e-01 7.147078613750279530e-01 6.496906180507530104e-01 6.735418553096886862e-01 7.313764542530573065e-01 6.549714812847106105e-01 7.006323222500471237e-01 7.245515116610096173e-01 7.054685477815964001e-01 6.730884768758302883e-01 8.087869059879263522e-01 5.903435224835621442e-01 6.126850216480524969e-01 6.726500085333810830e-01 6.072169836258017872e-01 7.852022229053272628e-01 5.885193796908329000e-01 5.612977181413302263e-01 6.723909339377296401e-01
3.679813406239009765e-01 4.056639026940251913e-01 4.879274308701192497e-01 4.842814932946337692e-01 2.398017615835917882e-01 2.595475371258287312e-01 4.482184577778689505e-01 5.913018530484435153e-01 3.517721801883097466e-01 2.768416580691852036e-01 1.050274620597191483e-01 4.526060189066107298e-01 3.513643342120745250e-01 6.452352180518368119e-01 2.398649653882004296e-01 4.509811587142057987e-01 4.866736103151148574e-01 6.016757794320202191e-01 5.011840518550065848e-01 3.766329455691522221e-01
1.025818268839004954e+00 1.019833923063277359e+00 1.022151945069320833e+00 9.997127696820178322e-01 1.015267832609456189e+00 1.007944537433747234e+00 1.041089590509906015e+00 9.992554608461221566e-01 9.803610216984349757e-01 9.965526911163905543e-01 9.874687232870963394e-01 9.902730620409444517e-01 9.899296176211096476e-01 1.018713031192530094e+00 9.800935106447862255e-01 9.997656325092750818e-01 9.986914658891283825e-01 1.003274745501591125e+00 9.801239062115660872e-01 9.776703542831043370e-01
8.549763818370020863e-01 8.644279162690607921e-01 7.331108631404885667e-01 7.798455929843134404e-01 9.034572404093690334e-01 8.566032858956801332e-01 8.979722630387017013e-01 7.104902105200580076e-01 8.963100396929094549e-01 8.980633277719477503e-01 9.249804424804465297e-01 6.819653488145109854e-01 9.686675602749768021e-01 7.970458701797292766e-01 9.321226651550745812e-01 7.813590950859237161e-01 7.517635024175983727e-01 7.765966433016598947e-01 9.505861609386355715e-01 8.859414113295380755e-01
3.431791758189320918e-01 2.912590582506845438e-01 2.829617076667786946e-01 3.073552307434959663e-01 3.585275836881984257e-01 2.645744699863953331e-01 3.760459547398551927e-01 2.992249200249069152e-01 3.251431678673859516e-01 3.065335331831505195e-01 3.056177343891396392e-01 2.368290079854938612e-01 4.404682086792978124e-01 4.052751276586348261e-01 2.964516400193329959e-01 4.380922894943607426e-01 2.146925707801118355e-01 3.751721213754573014e-01 4.598898449907519725e-01 3.280071290191545752e-01
3.759310802561547926e-01 4.245721538414355400e-01 5.141033425103447296e-01 4.522932675199202168e-01 2.610662463926181065e-01 3.004794365187362093e-01 4.383165372619770572e-01 5.999420385373906983e-01 3.398156234881440918e-01 2.930355302247431570e-01 1.011055142277095115e-01 5.038104338688077499e-01 3.810561086019605415e-01 6.242505077210981357e-01 2.300801108861773581e-01 4.997164764382521773e-01 4.385278657687728954e-01 6.153740153073489205e-01 5.296228855019214921e-01 3.766991201800494182e-01
-4.190815062821148795e-02 4.390209627246136927e-03 -1.429794706275102495e-02 -2.557195646961480176e-02 -1.526086869551295314e-02 1.217052439243955682e-02 3.121231251291296110e-02 -1.012018052997236753e-02 -1.169473419819761113e-02 -6.408818575094881592e-03 2.667001679244331014e-02 -2.176143038545598138e-02 1.113279593805891442e-02 3.274896665881460445e-03 -1.968733653909584321e-03 -4.838256152527047743e-02 1.636840306228250306e-03 -2.544196599881400067e-02 1.451658419604574812e-02 -5.130034090802734585e-03
7.384597081344208558e-01 8.576348029315798982e-01 6.820513371650211987e-01 8.354397498250976106e-01 6.321233309611752338e-01 9.266802655354571261e-01 7.206827382192553255e-01 8.960524080922958046e-01 7.717684445208676802e-01 5.063085565807737831e-01 5.133543770294795028e-01 5.998083434594074781e-01 8.396101406356516472e-01 8.957050509533652782e-01 6.356565423703974815e-01 6.288421939244498438e-01 9.006999296962469037e-01 8.162169551261998501e-01 8.902645411809361198e-01 7.438976720727953351e-01
5.642697871644952734e-01 6.817219954891963196e-01 4.367832814009208753e-01 6.495618706911774343e-01 4.795195013840723997e-01 7.797770853767419519e-01 6.227865401253305233e-01 5.462615727929384102e-01 6.744847457963705217e-01 4.203442091509013157e-01 4.834228315613791072e-01 3.278310655366737381e-01 7.621538631547039033e-01 6.158078195129960131e-01 5.529825955150373673e-01 4.183254544831699340e-01 6.406773172981293785e-01 5.590075175130456708e-01 8.365103111340013164e-01 5.767998509828701215e-01
4.113596813474590386e-01 4.186493339948855197e-01 5.034453435095221918e-01 4.384017309863204592e-01 3.914296460433870362e-01 1.948993471820913426e-01 6.099561258373742412e-01 3.381757272872947806e-01 4.159818461145800006e-01 5.293246852288457927e-01 3.711357053674957940e-01 4.182538190719562454e-01 3.801145425865943839e-01 4.955144780820600059e-01 4.307149335775182775e-01 5.519298863319074266e-01 2.716951590615399592e-01 5.415790326744607253e-01 5.276749585431168565e-01 4.507549748247913768e-01
8.815664751552655387e-01 1.009468338022181610e+00 9.404803252554213566e-01 9.444402405526632904e-01 8.124058974513619358e-01 9.646228564149518236e-01 1.030819184387145704e+00 9.668050776859105078e-01 9.098187495168283956e-01 8.584233748887523108e-01 7.955957556376547224e-01 9.062555027767867921e-01 8.893986148383168366e-01 9.889004241107169912e-01 8.642474270011082371e-01 8.262320794110206146e-01 1.019414045386472845e+00 9.840344624884158620e-01 9.682940874239579498e-01 9.550410318834307022e-01
5.758659260210979847e-01 7.103706692261368971e-01 4.025396267606908274e-01 6.540364006251839779e-01 5.298232187196960652e-01 7.591698339620199798e-01 6.168174779293255083e-01 5.994431980550853911e-01 6.805608563577887349e-01 4.007642231989825832e-01 4.857510589055901717e-01 2.911515970174943235e-01 8.149413123946428472e-01 6.735490475487967421e-01 5.508140421754139648e-01 4.227857287931283126e-01 6.337653214173711858e-01 5.726070474894361384e-01 8.493122890978300754e-01 6.149969184628905072e-01
5.170387544541050762e-01 4.221737142152296451e-01 5.292534250513155625e-01 4.368658561157505171e-01 5.632110491446946643e-01 2.540049086079433360e-01 6.632291611002608667e-01 3.546095319905362420e-01 4.776968105997680403e-01 6.311997839939604837e-01 5.972690745479204422e-01 5.006503724732683791e-01 4.710878986563627469e-01 5.084838770730111257e-01 5.709903452395510559e-01 6.257950520631487823e-01 2.837419834525130025e-01 5.659155110716389547e-01 5.349393323174742587e-01 5.544869546780598624e-01
5.648381153523327480e-01 5.535405822402031939e-01 4.497407168092577012e-01 5.207461342225689904e-01 5.535790990757295527e-01 5.900260505559009605e-01 5.774997661343774791e-01 3.790439788144463473e-01 5.752104996397298109e-01 5.767824547127099466e-01 6.924261066807331222e-01 5.088936102558102581e-01 5.170987449433090966e-01 3.697965668764850999e-01 5.856073399094469112e-01 3.650641900817708230e-01 5.243565834894335920e-01 3.900160341715647738e-01 4.611828392662049025e-01 5.745924280122359784e-01
8.244082938565856500e-01 1.008303374777307582e+00 9.363508931612875008e-01 9.515090925655711462e-01 8.390086150615393423e-01 9.154873752768922790e-01 9.798223407712288724e-01 9.455946901262287652e-01 9.237809240970622504e-01 8.698230143519140034e-01 7.707645545954836530e-01 9.477578859811848222e-01 8.983754138544253198e-01 9.797303464640882975e-01 8.570941251174669651e-01 8.393166938626430706e-01 9.971773494732520948e-01 9.752498392342354716e-01 9.938993862687252046e-01 9.305201548197674644e-01
8.897948614591818517e-01 1.027805781009116792e+00 9.467979508427810664e-01 9.954130579190170192e-01 8.166391714573798533e-01 9.688303284358398271e-01 9.987939180022391561e-01 9.596040446721395556e-01 9.548628932361854504e-01 8.773121237548016094e-01 8.106185373373504532e-01 9.192515925822530853e-01 9.033387751989279124e-01 9.920098743972205479e-01 8.339252759100301837e-01 8.539765924519276963e-01 9.651694089952083111e-01 9.785889448623311671e-01 9.880575372963338321e-01 9.037947163251704996e-01
8.742009577903413486e-01 9.666403106501925135e-01 9.330192503783683033e-01 1.022217477603021063e+00 8.378300951263384366e-01 9.493933793197032456e-01 9.502182132740683018e-01 9.539078197890703548e-01 9.318643916722640919e-01 8.614399311549939542e-01 7.487393219256794907e-01 8.929880621028820631e-01 8.755982176192269595e-01 1.014306979394425712e+00 8.337209159695910810e-01 8.361524934826609634e-01 9.955455244429025630e-01 9.992179764838566847e-01 1.005351617274894416e+00 9.225248230576026387e-01
7.532341053267729292e-01 8.707621668323328734e-01 6.737807921446206105e-01 7.649095544412573000e-01 7.536209886235440969e-01 8.112996764846297504e-01 9.190268187555667989e-01 6.465614746326883155e-01 7.988735459505778014e-01 7.824019643934535528e-01 7.315311945404601168e-01 6.227772358322152257e-01 8.563986744384456395e-01 7.321586241206983203e-01 7.324119468229741692e-01 6.324177201073647447e-01 6.942960349990198177e-01 7.422181264097649223e-01 9.225408404791965999e-01 8.061428225821551941e-01
3.586272965112655697e-01 4.220234580673635216e-01 4.861558883613690818e-01 4.525876931085997534e-01 2.976473063242334183e-01 3.080095124214513591e-01 3.885211137062490883e-01 5.634044781038172189e-01 3.405462479168772649e-01 3.447949344805015803e-01 1.371693009444586997e-01 4.356995240936871183e-01 4.013547436736304430e-01 6.165166310244828418e-01 3.037845470817353011e-01 4.903472024698619092e-01 4.502160746991623608e-01 6.086115621036667367e-01 5.401154041388542826e-01 3.540790097226559907e-01
3.901430582190325569e-01 4.214404367854072686e-01 4.568863210322942070e-01 3.997324625107158691e-01 3.612374082973742184e-01 2.781191910910466580e-01 6.557041829857446213e-01 3.674808239995603909e-01 4.175489937217307657e-01 5.324681875701829936e-01 3.814820229938776786e-01 4.328233620281591310e-01 3.832123652216384291e-01 5.258243198132342977e-01 4.112616796871806368e-01 5.205445898843238384e-01 3.188454689306746692e-01 5.300680216757327479e-01 5.670518508355882892e-01 4.871644470447963338e-01
7.184499006039876123e-01 8.180724127984332350e-01 6.518359826243326216e-01 7.906767338006336354e-01 7.392026548683032772e-01 7.912774976904858315e-01 8.963739694232071287e-01 6.010486035436312102e-01 8.385459915082833504e-01 7.723178426697645538e-01 7.579816212624684857e-01 5.837047157725443469e-01 8.319408789394162618e-01 7.245063800907480811e-01 7.582183923433964967e-01 6.286718892265137359e-01 7.750119610887368227e-01 7.779439869320862178e-01 9.019909326482411505e-01 8.340399062330571267e-01
3.976187805664037067e-01 4.409944981418051357e-01 4.630920916842140023e-01 4.066236704986160855e-01 4.143771915927807470e-01 2.371246832210497646e-01 6.288284409963852406e-01 3.046352230301309083e-01 3.572165703827711591e-01 5.331813235912261639e-01 3.724748158533813802e-01 4.478355724080000932e-01 3.888751598415102761e-01 4.726593041749393986e-01 3.962001182203827021e-01 5.332139614519013637e-01 3.011017921605231851e-01 5.471106761231679938e-01 5.462430335091378319e-01 4.398238824633662891e-01
4.869855436272286231e-01 4.233015836389580344e-01 1.837368825054575550e-01 4.003323749539469123e-01 5.470566072808090707e-01 6.441921041097932177e-01 2.586647883732853259e-01 3.667406401374382341e-01 4.852619309462150032e-01 3.477982339472513451e-01 5.975622704722283185e-01 2.324239599236354037e-01 5.733897250060212558e-01 2.812079870921976865e-01 5.049471941503818062e-01 3.034136414988349295e-01 4.442111033851985913e-01 2.268636737663642378e-01 3.745427517766197756e-01 3.993619826701494957e-01
2.751686519598486313e-01 1.772610531217868601e-01 3.052206204137097867e-01 1.536472121162830995e-01 4.066817039256213073e-01 8.461996724939541137e-02 3.031975726496115020e-01 1.416668940627593687e-01 2.134970726046469536e-01 4.812333616187443597e-01 4.952245495075779935e-01 3.639162937889884875e-01 1.466321042927338503e-01 1.217301302549013420e-01 3.863901893485918171e-01 3.668067815151950795e-01 5.999180924859569275e-02 1.820031278321939117e-01 1.205290623955400930e-01 2.615700734553043638e-01
1.682783673971005867e-01 1.464675270514748939e-01 2.470980116842859953e-01 1.213251680274585603e-01 1.923281900220394636e-01 6.630618354935155501e-02 2.973808138859250771e-01 6.572820496334942642e-02 1.628065328614857199e-01 3.603854452953257903e-01 2.806552439687990952e-01 2.971755584719678600e-01 2.059606834599111980e-02 9.717177182991509898e-02 2.168248517981715695e-01 2.350931024678525882e-01 8.733490074767029376e-02 1.422441482265583423e-01 1.153874822305191727e-01 2.090202660749129471e-01
1.489303768511573145e-01 1.643309986215319707e-01 2.821614700156838129e-01 1.964206848683131279e-01 1.069251491165529866e-01 1.334379317780830243e-01 6.042601717766957203e-02 2.850678892449603485e-01 7.213178342772527674e-02 9.265341001304844282e-02 3.095958996365608812e-02 3.176693026423750288e-01 5.768339979450201604e-02 2.226070267853647588e-01 8.780499267204389113e-02 2.259622785425888791e-01 2.430219047454260928e-01 2.434013169945827559e-01 8.494854062115049509e-02 1.346136358185933968e-01
1.493171520040672551e-01 1.500617368551671604e-01 2.735279051323726840e-01 1.917444776442049081e-01 9.662303421851377305e-02 1.479561799945858791e-01 1.085445877328536368e-01 2.802545922011114854e-01 1.423857831515191741e-01 1.168137076668585989e-01 4.043563968826735522e-02 3.077160961786888915e-01 1.664038397369194816e-02 1.998978690985799278e-01 7.178862729548422805e-02 1.928972723705394965e-01 2.130789142210426090e-01 2.274196536819034775e-01 7.755689003967260187e-02 1.327305997832146645e-01
1.664422038315429009e-01 1.568948580751568789e-01 2.657544379007814594e-01 1.149674231594962764e-01 2.069867868784567022e-01 7.501086959340133586e-02 3.244444429479927394e-01 7.574220495766961769e-02 1.373096510988464913e-01 3.654173005590132250e-01 2.661287082829868478e-01 3.260653565715832536e-01 3.423665251988917968e-02 1.418047063679881425e-01 2.289605692942608961e-01 2.019556227129183090e-01 2.508477164770303580e-02 1.780572971189442188e-01 1.185761030766614155e-01 1.826397714923089777e-01
1.262727518931949788e-01 1.743529565781112567e-01 2.768990233546544388e-01 1.746572584463901012e-01 7.479400365078822666e-02 1.185430419262874929e-01 3.558394254635315057e-02 2.933722922060833516e-01 1.457453107295594852e-01 7.454037001421440212e-02 8.033290631272890087e-03 3.495920331995600039e-01 3.450745155766134914e-02 2.560524831397446577e-01 5.793473344941271752e-02 1.631663475017211262e-01 2.691963065379315290e-01 2.314367069420906198e-01 9.493550420021804048e-02 1.125579903037708801e-01
4.041418537996539495e-01 3.899272961945395299e-01 1.570174816080101010e-01 3.659679604626771554e-01 3.355935590653341682e-01 5.731069219629603140e-01 3.011794919099590184e-01 3.176041419455328252e-01 4.386476339687170878e-01 2.443796904933011604e-01 4.040810508977638049e-01 1.734743028711817348e-01 5.007823815941668810e-01 2.312876702548200269e-01 3.859562455997226360e-01 1.530961298145551985e-01 4.203911835449869461e-01 1.734524304651160476e-01 3.636816583634369104e-01 3.266674986496051480e-01
2.499935667172130671e-01 1.354983678647914136e-01 3.517585580321246352e-01 2.105337177489502443e-01 2.676751852969064815e-01 1.519541219868287552e-01 1.053687499479619427e-01 3.696810603966595443e-01 1.529463126157208641e-01 2.216351999021418384e-01 2.488691782362243421e-01 3.617254918167908673e-01 1.207258178911890384e-01 2.421070787011657677e-01 2.704350860444817428e-01 3.756294825936039583e-01 2.704556046587752727e-01 2.727854566701745642e-01 6.151988240008890441e-02 1.712431954207195017e-01
6.213671654377268538e-01 5.816941465182066118e-01 8.255770915682875133e-01 6.193722119079295707e-01 6.527315876133764627e-01 4.267063698632135860e-01 7.458518893143563089e-01 6.995266143629733646e-01 5.687023169958725921e-01 7.781617700840034457e-01 6.281297082868647630e-01 8.564278375233147500e-01 5.085286874391444778e-01 7.796879762693543769e-01 6.819574711738295436e-01 8.390095521633345044e-01 5.962751206078457100e-01 7.835114522995056952e-01 6.317829470240534651e-01 6.873980138677431295e-01
2.369920321945742092e-01 1.189970206424935395e-01 3.479789819661190386e-01 2.143041670897085638e-01 2.989697429018522978e-01 1.756099623280978350e-01 6.426822408810183018e-02 3.234346589529111804e-01 2.031676748921074360e-01 2.316729055857869035e-01 2.441707872320333095e-01 4.046442813594306465e-01 1.454197113035319011e-01 2.648269569948593083e-01 2.480499643960930589e-01 3.057620004896140498e-01 2.642676081151901779e-01 2.022199552974103254e-01 1.098881648086007523e-01 2.052771325271587899e-01
4.933148276590857972e-01 4.743115808932472643e-01 5.895072953968941709e-01 5.276995838733562483e-01 4.207742375378841770e-01 3.855577004816654885e-01 4.200754687073748883e-01 6.306565905774194070e-01 4.217912315941662604e-01 4.125630378236979645e-01 3.199645820277098873e-01 5.446734203753998971e-01 4.860929151547888072e-01 6.635922134715708243e-01 4.026459269895873438e-01 6.305616923190424661e-01 4.946346434708980278e-01 5.773213025716835700e-01 5.481637509830168398e-01 4.362558218300304769e-01
6.400600683067911856e-01 5.808878018626142392e-01 8.244824829247222597e-01 5.950835091921697906e-01 6.219546618567297624e-01 4.253828497892922500e-01 7.172189242339489512e-01 6.750065987313493832e-01 6.043397898492434139e-01 7.838944084379240174e-01 6.288831738477889122e-01 8.334178835295281695e-01 5.020164686514201335e-01 7.652055518021633196e-01 6.616640737642753844e-01 8.497074812953134826e-01 5.428447374766921518e-01 7.697175749702771519e-01 6.253667512257797823e-01 6.384953302418512333e-01
7.248392282808332476e-01 8.802393698817225776e-01 6.522638093486146094e-01 8.026193038594598983e-01 7.334297171909398561e-01 8.170313685647924151e-01 9.070320959451353415e-01 6.547971648620752871e-01 7.600499793725702391e-01 7.389307829737533639e-01 7.490305859097798891e-01 5.672859647226342616e-01 8.282627743655126551e-01 7.816765589456519114e-01 7.839769505812580475e-01 6.537897726652521779e-01 6.937014258859858229e-01 7.580638703391114896e-01 9.096535928807386595e-01 8.061477225882878184e-01
8.234186851011187080e-01 8.346316403135228823e-01 7.714661279355994328e-01 8.291404571057776618e-01 7.982568040168176449e-01 9.353745287717560863e-01 7.153716541564165698e-01 9.438129699585099397e-01 8.686648263699462413e-01 6.520027344267866898e-01 6.909654967859587549e-01 7.333639852032769468e-01 9.429289822462564308e-01 9.331004881714317634e-01 7.626696990541766974e-01 7.853839289177808602e-01 9.471342961859247067e-01 8.183601999517507997e-01 9.073317503947728735e-01 7.920434438259824628e-01
7.385041362801620934e-01 7.221720763008683264e-01 7.490225605751684723e-01 7.374882974483019105e-01 8.712017464983570214e-01 8.351409523843715821e-01 6.731135360004009138e-01 7.369828319058003840e-01 7.565727189463602453e-01 7.961021902417976248e-01 8.854420921415006029e-01 8.807972242765447213e-01 7.271302690559936499e-01 6.112777029016114305e-01 8.122236379423063424e-01 7.286213081013550585e-01 7.692448324152036943e-01 6.365823826758201243e-01 5.503566785822516794e-01 7.464502195184906652e-01
2.686354417468677647e-01 1.324157804879687317e-01 3.044425601665572967e-01 1.843975804600381241e-01 3.814781362195113212e-01 9.538549736827352243e-02 2.951483093424253079e-01 9.354532641985457975e-02 2.280369905313175405e-01 4.987802623930635004e-01 4.771533604596855938e-01 3.494075524090857199e-01 1.497094654190954666e-01 1.305268802819884444e-01 3.673816220987874415e-01 3.861742845011476577e-01 7.389210528134905476e-02 1.464494207364931966e-01 1.101079640420448563e-01 2.651349341417363337e-01
4.959934433959568567e-01 5.645004221804608147e-01 4.451490386478012540e-01 5.741696927534346573e-01 4.751516134624099719e-01 6.786463425560242957e-01 3.286808242492659238e-01 6.498502979993999729e-01 5.264137732548126447e-01 3.527686724746589841e-01 4.299768746275473563e-01 4.935596132062872177e-01 5.312597110060601757e-01 4.507055100767237699e-01 4.541885553400357711e-01 3.114273931765117465e-01 6.710617851817379798e-01 4.394999608789750267e-01 4.381964056243745076e-01 4.576394703086772986e-01
