2.794075659935847944e-01 3.857602232995074876e-01 4.957337891660150708e-01 3.277835720571036227e-01 5.268219310800610344e-01 6.065373314163330365e-01 1.528516935086906003e-01 5.314659877799750021e-01 1.893981466925108159e-01 5.833595660296621022e-01
9.039209679021634192e-02 5.063146336261401675e-03 6.645918231762734663e-02 7.017713250485792253e-02 6.173694026580538174e-02 2.889501487843864624e-01 4.587743254264423781e-02 8.601809137010317519e-02 1.483884061239279517e-01 6.595656547028369565e-02
4.038534882034255369e-01 2.254555233649182533e-01 3.200011570382197967e-01 2.911450141749005738e-01 1.358294400252768042e-01 7.558153242516503501e-02 3.188080816622378411e-01 2.535321530528012457e-01 1.589148951323160197e-01 7.616854988686727612e-02
0.000000000000000000e+00 0.000000000000000000e+00 2.959025229432992246e-02 1.518689237334248411e-02 0.000000000000000000e+00 3.367861290290582576e-03 1.734231075869844749e-02 1.532034957373655006e-02 2.405908186495986714e-02 8.970329326185171731e-03
6.892418629582055534e-01 6.144902051376460728e-01 4.985176848495374569e-01 6.770109609953005592e-01 4.642007564231449557e-01 4.504806874518303972e-01 8.041113996862034874e-01 4.512057788465521080e-01 8.478539717654998142e-01 4.358631144072026009e-01
8.537716998765251808e-02 2.954927886280071109e-02 4.472385891055066787e-02 9.801823627621795987e-02 1.508270608165454552e-04 1.999351440792116186e-01 3.917624093580176353e-02 7.589085787219465584e-02 1.443683541419445993e-01 1.852154977971794472e-02
7.668070291524738957e-01 6.222642380469942669e-01 8.234857897613666600e-01 7.246790676814471865e-01 6.985225278916744607e-01 9.178214329268641336e-01 5.210717177273258560e-01 8.690244002665695744e-01 4.818583486486554546e-01 7.108006407371152413e-01
6.503494087864397644e-01 6.361984499082032896e-01 7.843431193112883060e-01 6.206555876342343403e-01 6.874613719301978509e-01 6.449443336908762259e-01 4.836240706840475578e-01 8.045981140067937076e-01 2.848487885865139124e-01 6.702441037277443447e-01
4.230288594443629147e-01 4.126491843522157033e-01 5.334531152351471572e-01 4.346195615010450264e-01 5.874865181491362165e-01 8.282134503600152575e-01 2.618799582074342602e-01 6.375840044210028257e-01 2.858654182559195456e-01 6.301474523449540621e-01
6.460363799292102582e-01 5.792659083759158500e-01 4.676562064248366846e-01 5.581949957303944387e-01 4.448957882117269280e-01 1.540428825507877408e-01 7.585881071549746002e-01 3.203075833871198985e-01 6.535051748992528609e-01 3.865587494779677002e-01
6.428761567896279505e-01 5.781755430697507192e-01 4.802225598136165008e-01 5.911166722685258224e-01 4.142989872449388544e-01 1.664376649547468501e-01 7.901956057880871187e-01 3.537730882325594850e-01 6.743880628489743456e-01 3.747461621804103471e-01
5.972092140125401238e-01 7.641614743057821846e-01 6.869555912118514573e-01 7.377487777834280669e-01 8.577521898332396422e-01 9.430377958449733811e-01 7.198731166224620059e-01 7.953658277188044856e-01 8.526771003926791881e-01 9.109195394947973146e-01
2.516271626804721939e-01 3.590122568610704668e-01 1.845369443267521337e-01 3.202149165195167235e-01 2.863446037811185341e-01 9.436458876031249277e-02 4.675519504076078858e-01 1.093042110920750959e-01 5.069551371017535502e-01 2.555845494417998132e-01
3.383367915405870452e-01 3.979100786987259664e-01 1.890796983369793516e-01 4.010078326050346975e-01 3.163665149330677773e-01 3.817532057238954279e-01 5.580452223700594905e-01 1.692904772311701611e-01 7.090581912247058138e-01 3.136597063187439582e-01
4.581002409653188723e-01 2.539447704535374162e-01 3.445784351543444979e-01 3.612888841362156822e-01 2.030898339037409683e-01 3.398221717223633420e-01 3.212682017577394022e-01 3.083077968078501430e-01 2.924935214385540605e-01 9.208728006387312259e-02
4.108453972007161115e-01 4.161785027173962592e-01 5.439484577421568323e-01 4.280011414752050158e-01 5.710647245991553600e-01 8.551032866247781916e-01 1.875123722548553973e-01 6.777128044128081230e-01 3.457679061864821768e-01 6.262994178178221683e-01
1.894936261052344861e-01 3.681574631650595397e-01 1.878107497595365438e-01 3.060831751741124873e-01 2.894202342313436649e-01 9.780588409092336177e-02 5.066002132281852699e-01 1.264096802124890506e-01 5.683413394579994726e-01 3.038818940841112037e-01
2.929754285592114926e-01 3.996285425415139203e-01 4.760955891732928102e-01 3.719400881257816094e-01 5.375650562909228825e-01 5.886663093040704897e-01 1.553708062075093710e-01 5.464077182476128058e-01 2.041179630355661745e-01 5.859009983483056683e-01
5.380485364041370788e-01 7.438662370607384000e-01 6.339137168344967099e-01 6.485400169024378991e-01 7.891403250281898707e-01 6.650231043644871942e-01 6.810973065907781621e-01 6.806656511061824899e-01 7.019016843387433369e-01 9.041950336089668028e-01
7.410505264912242707e-01 6.488971752262266968e-01 5.593830248393241167e-01 6.835271474635109534e-01 4.319617516266369139e-01 4.339275624346954352e-01 8.169398825378111351e-01 4.552007828389231237e-01 8.806083741135362075e-01 3.979925314938073111e-01
6.689415382500081275e-01 5.741681680487545902e-01 8.195538585117654318e-01 6.140606054741309938e-01 6.643745667879537020e-01 6.501498011541171351e-01 4.430139400488587453e-01 7.976030922015261426e-01 2.954238938745546994e-01 6.557854215715851476e-01
7.781780810323857267e-01 5.996401759872560522e-01 8.215329228709242759e-01 7.117839315708566206e-01 7.406352505180621160e-01 9.069796167823459543e-01 4.890586753093527639e-01 8.728334785572302579e-01 4.538740912588201670e-01 7.142333888273068032e-01
6.104144080118070192e-01 7.976319196609831241e-01 6.560360768696616995e-01 7.548202471776106481e-01 8.258105049522164176e-01 9.417913373060127213e-01 7.380393899438926208e-01 7.880879966931733094e-01 8.496006968013775085e-01 8.992924617156342615e-01
7.686202841074296632e-01 6.348811970447328923e-01 8.370278707344537272e-01 7.176675783328027025e-01 7.179790408403422530e-01 9.256700127442042403e-01 5.100502682942870125e-01 8.954597747724565293e-01 4.460971347370624174e-01 6.952926135954830000e-01
2.410214033495763630e-01 3.661196972295719942e-01 2.056084709869621663e-01 3.016506163733478907e-01 3.079331371791474425e-01 1.067735508183265264e-01 4.846795129073236952e-01 1.205370945635464014e-01 5.299595394994559561e-01 2.937723488000367755e-01
4.021536362280339616e-01 2.115462608349183427e-01 3.071914407643398515e-01 2.671772123469157156e-01 1.247960712872309696e-01 6.423195241679841017e-02 2.808354610301151411e-01 2.021549477704546183e-01 1.604666233502541062e-01 9.436831256110875255e-02
7.120970442647294174e-01 6.124707095523722611e-01 4.862762257710228075e-01 6.791430607640555062e-01 4.474990539647006327e-01 3.954106114567123020e-01 7.993585618214885669e-01 4.299715520246696343e-01 8.292771869605771728e-01 4.112582659679687724e-01
3.856185377917098478e-01 4.466180839372503319e-01 5.188990908585005002e-01 4.224869688195398987e-01 5.587157826539884686e-01 8.461228276551646665e-01 2.264870643249629334e-01 6.558972808879982574e-01 3.333681436516680585e-01 6.280304352453413008e-01
2.098581436110720858e-02 0.000000000000000000e+00 0.000000000000000000e+00 0.000000000000000000e+00 1.139278427317353022e-02 0.000000000000000000e+00 9.581789948813543636e-03 1.711258185436633286e-02 3.572068173637198661e-03 0.000000000000000000e+00
9.540945669512550520e-01 9.785811488004397818e-01 9.959822633856102447e-01 9.912016807179728772e-01 9.965725901536710563e-01 9.987419238194831239e-01 9.618790036222207851e-01 9.901719791897601874e-01 9.997137817055423703e-01 9.925883115974203363e-01
3.776620722018049769e-01 1.681814302218890833e-01 3.183239729209843549e-01 2.863632228896898502e-01 1.199217314157303010e-01 3.830798508494364513e-02 3.148506054061794290e-01 2.314636560963417578e-01 1.477457613741182951e-01 1.035044767164596119e-01
3.392047963614371886e-01 4.271086179902431890e-01 5.242988817791857104e-01 4.084025718718597986e-01 5.989318345318381809e-01 8.318660965555891851e-01 1.632588441029848014e-01 6.695926364666734409e-01 3.062843897088771694e-01 6.109853515593216544e-01
6.311291277239911013e-01 5.998851290232174449e-01 8.008887760918154131e-01 6.420864415299861738e-01 6.961062665092602186e-01 6.606685065195923023e-01 4.841035658661554386e-01 7.661692149123899842e-01 2.907730990364841284e-01 6.392636688185812099e-01
1.925990265891694420e-02 0.000000000000000000e+00 2.825286219675145899e-02 3.831868519395916460e-03 0.000000000000000000e+00 1.417446433163268215e-03 4.230696699425809740e-03 1.601981702359365806e-04 1.708946438904804244e-02 3.086719916247008047e-02
5.364734240775850260e-01 7.417243095167340705e-01 6.729311602044251162e-01 6.303569162023712202e-01 8.037925328778733336e-01 6.493307449452853097e-01 6.500769091117752918e-01 6.701454319685850036e-01 7.079979033572528779e-01 8.428339513032406805e-01
6.096272257643775561e-01 7.743251466633180868e-01 6.961309003330368173e-01 7.559082459222381534e-01 8.614523343492811458e-01 9.322944764726557310e-01 7.116381892579258794e-01 7.974098838928336264e-01 8.641245442827357737e-01 8.931991491049852128e-01
9.347007332969070603e-01 9.933115687084745904e-01 9.418807844524567097e-01 9.081776298813933890e-01 9.979384402727708991e-01 7.996290101500310721e-01 9.408981696260693139e-01 9.197646000866711580e-01 8.731694060290924320e-01 9.289868866210339027e-01
6.023421012411829256e-01 7.998675251807888520e-01 6.798818368323110706e-01 7.455704160834720762e-01 8.732153496636854140e-01 9.059013881475205254e-01 6.972396788270652790e-01 7.785690099709715595e-01 8.708793826413920858e-01 8.840836402985761122e-01
6.726289883693443716e-01 5.858266767254325380e-01 5.456005053468901966e-01 6.929505922123802009e-01 4.818488725632145142e-01 4.147972741485059234e-01 8.351389663010689857e-01 3.932833526386327883e-01 8.231285489980036951e-01 4.025031940770023020e-01
2.847978420614198924e-01 4.236936453851636308e-01 4.980166441845820802e-01 2.968821093507995057e-01 5.184896157296287056e-01 5.961431176981641933e-01 1.542849877927655600e-01 5.679204863757233435e-01 1.605436817815334150e-01 5.942156919858877506e-01
7.170795330734572870e-01 5.953656775398484813e-01 5.026478715289280919e-01 6.501856792360467541e-01 4.516250278060602308e-01 4.206087774218223996e-01 8.446675096823539342e-01 4.433282146572238847e-01 8.404091809901375054e-01 4.304756283090304669e-01
3.134626549851229349e-01 3.828585987911455879e-01 4.628993475644488376e-01 3.466633835438169831e-01 5.277980397098551713e-01 5.767207122094427652e-01 1.673777963952012837e-01 5.735835857410845895e-01 1.566278105741547022e-01 5.454876065535986251e-01
7.089113528189333602e-01 6.060676384813834527e-01 5.406110640760438679e-01 6.478990708906630092e-01 4.547001677501055772e-01 4.277550974960457886e-01 8.056618718717896144e-01 4.326442444693949785e-01 8.183918883786277521e-01 4.223473901817050846e-01
3.245388421685365676e-01 4.321201860157444230e-01 2.333343957817662351e-01 3.920774710801872565e-01 3.197515703070299975e-01 3.550648640364869602e-01 5.672519830932625240e-01 2.133891414909262485e-01 6.896835306895782169e-01 3.104175671419612814e-01
3.877993867826532992e-01 4.127794612353301029e-01 5.442090443943040645e-01 4.188945882110959862e-01 5.761839492181096700e-01 8.152134379079294391e-01 2.072008724166315707e-01 6.657578432568839188e-01 3.174631715746712435e-01 6.052073413918743761e-01
7.221861583127809903e-01 6.196233150510412901e-01 5.045609069289265225e-01 6.401152452608590560e-01 4.975314515749885702e-01 4.527884413948305986e-01 8.276107856116399208e-01 4.274974157735658697e-01 8.115158177253025684e-01 4.261107019058879564e-01
6.814832971359888747e-01 5.821565860797288661e-01 7.735531577134256986e-01 6.238917974595860061e-01 7.085532506259948349e-01 6.701956293910399376e-01 4.615272359490322218e-01 7.624113632892030035e-01 3.457747319399782082e-01 6.776193415114687424e-01
2.664910113634299527e-01 4.218212140312722069e-01 4.765838798899343920e-01 3.650199256708838713e-01 5.389724054614587478e-01 5.450973602660468265e-01 1.761087316236017719e-01 5.933012003365089049e-01 1.699028404344383736e-01 6.112576606077487762e-01
3.099415531922841693e-01 4.001005866082535944e-01 1.868343883504617053e-01 3.630033825026625083e-01 3.037530298744381962e-01 4.246664081135765878e-01 5.474216095054723619e-01 1.698940611995579109e-01 6.822615388745471021e-01 3.293827438465927182e-01
3.570827778936914720e-01 4.094337380667029680e-01 4.765173487917495621e-01 4.349232264702231898e-01 5.746374999882617463e-01 8.110956075827964185e-01 2.121674308950048660e-01 6.580666333261467882e-01 3.197978582604157349e-01 6.221782895438989769e-01
3.062004172896368726e-01 4.108282499946155353e-01 4.786289009417605267e-01 3.666670865833230319e-01 5.476940423009172276e-01 6.003680168887115531e-01 1.963172140805328203e-01 5.533656597281194633e-01 1.760914179412881586e-01 5.655226707746087156e-01
8.707799309857797154e-02 2.985319935549229919e-02 4.744613171718500833e-02 6.554231854574564531e-02 5.495732034125827559e-02 2.506003754912124459e-01 4.494600643380684130e-02 5.187386346596215697e-02 1.377243405822769218e-01 3.142531425626952923e-02
0.000000000000000000e+00 0.000000000000000000e+00 6.382100106996035221e-03 2.641433147264769105e-02 1.081683665839367446e-02 0.000000000000000000e+00 1.180842322629328638e-02 0.000000000000000000e+00 8.690893373137277902e-03 1.110992494960710841e-02
3.146370178932051398e-01 4.209937587176326157e-01 2.098146139741855487e-01 3.476271172302766166e-01 2.822891144701354937e-01 3.041601323825430248e-01 5.492403672219389188e-01 1.802434338797109792e-01 7.058223059926871379e-01 3.256719645602345059e-01
7.852188086253966692e-02 5.174333606561612453e-02 4.180612024027780677e-02 1.256931020110234332e-01 2.693187577568435798e-02 2.678953543883170751e-01 3.581285103148861004e-02 8.085200035821596409e-02 1.622295478426578896e-01 5.272020243414980017e-02
6.137120734318799453e-01 8.107379391068978425e-01 6.899696302934007486e-01 7.349318828725366348e-01 8.896290630321678217e-01 9.376145864086190551e-01 7.217569344508050211e-01 7.897877990479811317e-01 8.729880671028968919e-01 8.985233943278996271e-01
3.282101759730425838e-01 4.016719118450549630e-01 2.137574434188140859e-01 3.647229735874515932e-01 3.116692873967318311e-01 3.565159294364378950e-01 5.831510927892253893e-01 2.135252115009712570e-01 6.750696007971576096e-01 3.245690175920322718e-01
8.012620515075817573e-02 1.438433603653965255e-02 2.133865206786442204e-02 8.512541099636643238e-02 3.325182699116053381e-02 2.689973930902175292e-01 3.962113801862136159e-02 1.095877289322350068e-01 1.441921077891686609e-01 7.139997208544246465e-02
7.634573170031047074e-01 6.407326179582165659e-01 8.407576388654053323e-01 7.070479551738251267e-01 6.846222422912003891e-01 9.057639563840657049e-01 4.833096243457030705e-01 8.856247331431477132e-01 4.723782881261917588e-01 6.849085114127241303e-01
9.344283655546983258e-01 9.914529681413397633e-01 9.540336488427018091e-01 9.232985199412104826e-01 9.757405321120143915e-01 7.034884382972177441e-01 9.762499331327537666e-01 8.921227116314892625e-01 8.727807445108791695e-01 9.475954848512269102e-01
2.361241655756873559e-01 3.652372703308143231e-01 1.645906595391416483e-01 3.112285724881763138e-01 2.931232270005148521e-01 9.722541985722056579e-02 5.158474088869773322e-01 1.042493604665833962e-01 5.366924845138094646e-01 2.764569713038453891e-01
2.855886855945663494e-01 4.312367587439676075e-01 4.648765918418542586e-01 3.400788231570908149e-01 4.842440043934833072e-01 5.449310701078896590e-01 1.470345818421521511e-01 5.596221416564889362e-01 2.093570876720185214e-01 5.727185832990160375e-01
6.330777126522848519e-01 7.826432664852359666e-01 6.580567286209990652e-01 6.976299723818483178e-01 8.442104388027360518e-01 9.509291338809605643e-01 6.906150085683678830e-01 7.752643237458975989e-01 8.427954742642723707e-01 9.298921674588961350e-01
3.968520489579496213e-01 2.260952508223717516e-01 3.228995464855571873e-01 2.767736651783822555e-01 1.300331420711436647e-01 9.940052227468454404e-02 2.916639411245661173e-01 2.309844314721411773e-01 1.692768653013941027e-01 8.448759698693146525e-02
2.430714127079950104e-01 3.829493255075871461e-01 1.765904225934822325e-01 2.835922469821334224e-01 2.748977926793278459e-01 1.122417693040290154e-01 5.052401717319973118e-01 1.161798399205592330e-01 5.033625332635802696e-01 2.862891379294471017e-01
6.129447535906253908e-01 7.979876041890714422e-01 6.813555058541375109e-01 7.292154528624142928e-01 8.405315993366793137e-01 9.080487845838813854e-01 6.871979844369016099e-01 7.602526679802977805e-01 8.467647912568241342e-01 8.859129869850074224e-01
1.000000000000000000e+00 9.964456380762888310e-01 9.626890950140777337e-01 9.808531656217555073e-01 9.681004162934672141e-01 1.000000000000000000e+00 1.000000000000000000e+00 9.979557685648318133e-01 9.585492484165185623e-01 1.000000000000000000e+00
3.372045927168318413e-01 4.212243597770197190e-01 1.881460207068053891e-01 3.841981264630752735e-01 2.974208111260447374e-01 3.359353073217458130e-01 5.514996219975294434e-01 2.098133264847293344e-01 6.826359963058176161e-01 2.999232103791501514e-01
6.666107899549281735e-01 5.574927175530802748e-01 8.001522783026775443e-01 6.155492296942942643e-01 6.527647933885003528e-01 6.741507149539536226e-01 4.525781119876359782e-01 8.218167808986712730e-01 2.632522193053125625e-01 6.874001877765181234e-01
3.105177283725019111e-01 4.048854152794259531e-01 4.979656166261728911e-01 3.570210267723874509e-01 5.140189731970286058e-01 5.468298417360476504e-01 1.761659044233593596e-01 5.751639946379865087e-01 1.920654583346246835e-01 5.724100738950259615e-01
7.129918552710152735e-01 6.273971002589325829e-01 5.309150179785607770e-01 6.247291729220262324e-01 4.514799074812897439e-01 4.601304869849132673e-01 8.384170221109604748e-01 4.284196283283678297e-01 8.545851816662207723e-01 4.181724970141527664e-01
2.412306891820631405e-01 4.257781639691287090e-01 4.672703560174766291e-01 3.344492807856379590e-01 5.231106876802992245e-01 6.063517803722311417e-01 1.622812070036374898e-01 5.813619253461960179e-01 1.327654416436132023e-01 5.535807472803537799e-01
3.281990756625105532e-01 4.385187343827545714e-01 1.951484543384227055e-01 3.773883162012147130e-01 3.452576697753685919e-01 3.469045246827444640e-01 5.749801492345335552e-01 2.240658616651758916e-01 7.236728516018197110e-01 3.486059319142469914e-01
3.869201811829621196e-01 2.114564273852620746e-01 3.154777565285898921e-01 2.301479324555632533e-01 1.432130991590447044e-01 3.320959537195786182e-02 2.955209608778456287e-01 2.360512476107356206e-01 1.224847295092385546e-01 7.105249563497867404e-02
6.377476087675661987e-01 7.745918651521426224e-01 6.830954481950330948e-01 7.252189459515135939e-01 8.343788540761580830e-01 9.383265470306246803e-01 6.918455682205100210e-01 7.818575391584594581e-01 8.535549345758483009e-01 8.961454796069057149e-01
5.230245916383088334e-01 7.606297268675082934e-01 6.515785351538122550e-01 6.652471302713045542e-01 8.245328229566123435e-01 6.673298999426279243e-01 6.728015825772110103e-01 6.326772075156438246e-01 6.867783141495021892e-01 8.574184853742471413e-01
6.873473424374744178e-01 6.159028858185728872e-01 5.204337263158926863e-01 6.388861543971877666e-01 4.564548156444431792e-01 4.146034231159462791e-01 8.579742166315825758e-01 4.264545760057208423e-01 8.538913589323573472e-01 4.441877967051854337e-01
6.538185851184237229e-01 5.659625166641799598e-01 4.808132523067695785e-01 5.680762329801722910e-01 4.052406757887744293e-01 1.721080853907264174e-01 7.784529560653017377e-01 3.345040075995281970e-01 6.846047054254206232e-01 3.653148363716400282e-01
7.021463463056872856e-01 5.796378425277497470e-01 5.079893750099353511e-01 6.272053554731314984e-01 4.538936806308531136e-01 4.029277428469472677e-01 8.227198865965538177e-01 4.147596556753939678e-01 8.251790740027110660e-01 4.256446018759202365e-01
7.525657548838919908e-01 6.724643216056986894e-01 8.690414902836034461e-01 7.073332538851846429e-01 7.421186449182908262e-01 8.706191358898378585e-01 4.948828409530376948e-01 9.078969354801673664e-01 4.284249340075060308e-01 7.289972235814604629e-01
4.143062282141798947e-01 1.955509154710167452e-01 3.314962057070563461e-01 2.531257527621429970e-01 1.431060927959155737e-01 8.791011712460439220e-02 2.871809347926672640e-01 2.298432120074449525e-01 1.380014785485676465e-01 9.287395018153091208e-02
9.029070188305305944e-01 9.958595035167440157e-01 9.220876274380978010e-01 9.271166815928016947e-01 9.740824196807871260e-01 7.150459301159338699e-01 9.558626529547795680e-01 9.082307681546188949e-01 8.361312860518386181e-01 9.808600141147935103e-01
3.188886532482170799e-01 3.798192916942634278e-01 4.806233718894058482e-01 3.460401594636423050e-01 5.506548465535175962e-01 5.556698110133257984e-01 1.722907063721207943e-01 5.847743861273826393e-01 1.314923958583395225e-01 5.918216319722535701e-01
4.906435150786214172e-01 2.310976420598343517e-01 3.370791862081155554e-01 3.230708635976842213e-01 1.859301641023732021e-01 3.118596988260664005e-01 3.184543016637128576e-01 3.076895463982128320e-01 3.240004355801665570e-01 1.338467561252656979e-01
6.416056855418779126e-01 7.713800398469502495e-01 7.066598284793678131e-01 7.289461122007566685e-01 8.584866145146492489e-01 9.333779040487172329e-01 7.166764668399084881e-01 8.211032150076046365e-01 8.766898720991865845e-01 9.020707739596687258e-01
6.792542883120638031e-01 5.811912456053700549e-01 7.782132030364596886e-01 5.898807731788254793e-01 6.461534068403183007e-01 6.416010762576571658e-01 4.657585410775468837e-01 7.296012586345558271e-01 3.129809678689814412e-01 6.670610687907181369e-01
3.750285522247335246e-01 2.053357596197731838e-01 2.807143966193307860e-01 2.601151239905881152e-01 1.412892478742494851e-01 7.176161388917015604e-02 2.739743087074607564e-01 2.389261585001111743e-01 1.524354595301100346e-01 9.651178669110864472e-02
3.847028000099259604e-01 4.266013884895604180e-01 5.125718373968018993e-01 4.283726475820237023e-01 5.652851911927158080e-01 8.364608820255045041e-01 1.944230127637459060e-01 6.655825656016427505e-01 3.272806519622055710e-01 6.408368996163459341e-01
9.480477853178129743e-01 9.208411876723202605e-01 9.335758040306812999e-01 8.856242084349685850e-01 9.944448174420569275e-01 7.077672540343218355e-01 9.749918909261412470e-01 9.019594383000112403e-01 8.762198639778101539e-01 9.412769819796800164e-01
3.576558530742727227e-01 4.032777994904415131e-01 2.320778685716590461e-01 3.803029636707678796e-01 3.184781041279757807e-01 3.583952209493518892e-01 5.527811579955147492e-01 2.115768904651195714e-01 7.007871861693666382e-01 3.069727146471443735e-01
3.897975739155085106e-01 2.041612259090757608e-01 2.753239452531304199e-01 2.487780686241612416e-01 1.512945367654964235e-01 4.434813322352029047e-02 3.005922976236753974e-01 2.546875019024550379e-01 1.290538986186624271e-01 8.533501150332625795e-02
3.289912035922921696e-01 4.185827997450061733e-01 2.199000341345600518e-01 4.046398162454487024e-01 3.075373128646694543e-01 3.686070058623703294e-01 5.617479647614519456e-01 1.601249742772394846e-01 6.689295050613105476e-01 3.227293197546114434e-01
2.051004857316468186e-02 1.821105328531640380e-02 1.648475075273786797e-02 3.038109688032254729e-02 0.000000000000000000e+00 2.564709360474175942e-02 0.000000000000000000e+00 0.000000000000000000e+00 2.837234689705470103e-02 0.000000000000000000e+00
6.080889530596322867e-01 7.820940526442567986e-01 7.354480624903729780e-01 7.248294209629173590e-01 8.296243169975037191e-01 9.396919695415594243e-01 7.382025592446910256e-01 7.806590600049053696e-01 8.535603987750490784e-01 9.372491172316173014e-01
5.310165991055642021e-01 7.621267267969433767e-01 6.503182811842191935e-01 6.701926595349165794e-01 8.188339522733070197e-01 6.244822738190585198e-01 6.501247813896561256e-01 6.516359604144489337e-01 6.981409016195511130e-01 8.557674472336439520e-01
9.183011601780280975e-01 9.749868197868114539e-01 9.633790834681469351e-01 9.330011384675505060e-01 9.404143506837082667e-01 7.268047028286057643e-01 9.471218480838972109e-01 9.120585608265486810e-01 8.555863329114049565e-01 9.579531100874324467e-01
7.919470178821934603e-01 6.261627999069182549e-01 8.279368838312748391e-01 6.956966848237873258e-01 7.531476582690758148e-01 9.117363744062594311e-01 4.728403140170737706e-01 8.881397381697626603e-01 5.025753780844065544e-01 7.144571482459423084e-01
2.930780120870492000e-01 4.057306556069801839e-01 2.062347162627986286e-01 3.952378554966625712e-01 2.967067499515209095e-01 3.419808684902674312e-01 5.621005526057863966e-01 2.170992271446036681e-01 7.264473972243147282e-01 3.288590119705613324e-01
2.227176729682847633e-01 3.884842394792804021e-01 1.711676211830102656e-01 3.307092474274403449e-01 3.039381184681317349e-01 1.092645526072399953e-01 5.164330645280670318e-01 1.424222502020178194e-01 5.259263072660695926e-01 3.213711222704787041e-01
9.816020508533709332e-01 1.000000000000000000e+00 1.000000000000000000e+00 1.000000000000000000e+00 9.977813777727837508e-01 9.642135539360614516e-01 1.000000000000000000e+00 9.734170991293906727e-01 1.000000000000000000e+00 1.000000000000000000e+00
