1.379252363448834617e-01 2.561261627407079855e-01 -1.313516027957549459e-02 2.538252656383814254e-01 4.885708540005854195e-01 4.473938004274933405e-02 3.705116535943877021e-01 3.885031533772316803e-01 3.350260964226294824e-01 2.700787172151482562e-01
4.853402321973019906e-01 6.705127236290243653e-01 3.982960589772786553e-01 6.351838742746372946e-01 7.347067068619377306e-01 4.503706766698614139e-01 7.248849857931555229e-01 6.430004891442584469e-01 5.451479280114625015e-01 6.983300372359108055e-01
7.616885816501025586e-01 5.791233725268353227e-01 7.923522561792989416e-01 7.121540236842855975e-01 3.658704153761365152e-01 8.494211537247280397e-01 6.395172731692581047e-01 5.767121420439630386e-01 5.425364587244748682e-01 6.284909339608358847e-01
6.522740375119235878e-01 7.352561106432368154e-01 6.791036897275215534e-01 5.385878482073943596e-01 7.390562457082631154e-01 5.807353330963307414e-01 5.596110797913217416e-01 7.782903591071835825e-01 7.944545646847345211e-01 6.713704141911299716e-01
4.406830302169984503e-01 4.460503015690011064e-01 4.299123149130021915e-01 5.020119024060728519e-01 3.732804108673776211e-01 4.969820010356644779e-01 4.555784903696411536e-01 2.848347921625360990e-01 2.985446014068330323e-01 4.279575450384380253e-01
7.681206682391236162e-01 7.393381853200862164e-01 7.090746685442503860e-01 6.334493233123060785e-01 8.907041315596510023e-01 6.888126262278012613e-01 6.426964989882135715e-01 8.267346168539316809e-01 8.946410102727457847e-01 6.799979576263058823e-01
3.133530507889988326e-01 2.837477305665381810e-01 3.529214014816255407e-01 4.274264903466893362e-01 2.613427710670773729e-01 3.872059095707083287e-01 4.635293564455458259e-01 2.758142831042277865e-01 2.010492365508256829e-01 3.041414582264814759e-01
5.687840057827079354e-01 6.819264594526494028e-01 4.896951239160470815e-01 7.166968656603619481e-01 8.179059584159555918e-01 5.560969739869522366e-01 7.788277236397601611e-01 6.414098155038510107e-01 6.430835999229078670e-01 6.835311249641415898e-01
3.683079566700737661e-01 2.463370635970823230e-01 3.326503154767152526e-01 4.249832707995362946e-01 2.006340167822956710e-01 4.220754700506146317e-01 3.979757229434298105e-01 3.040315038624078481e-01 1.865288776446915320e-01 3.050604842161450114e-01
4.865078790693611599e-01 3.306381549638136019e-01 5.484512533499849019e-01 3.603451828656346057e-01 2.328399837409373951e-01 5.777740829155347813e-01 3.104722382467160480e-01 3.543931102853159487e-01 4.666658186176878553e-01 3.086448904581035046e-01
4.923932640985602127e-01 4.665509661883369130e-01 6.387203252592038583e-01 3.240486662510815297e-01 2.758863749018968248e-01 5.345067027947159044e-01 2.306924161541149543e-01 3.703981927936653706e-01 4.937412885833339371e-01 4.076845594884288548e-01
6.793744039425269055e-01 5.465711748137390691e-01 7.862027512905628290e-01 6.678746103508678145e-01 2.366264379303487930e-01 7.560770298567723868e-01 5.542228098166248618e-01 4.763464802126717856e-01 4.865512249624462937e-01 6.174539170067576688e-01
4.815119999751701352e-01 4.866917602902156581e-01 6.616616782278532671e-01 2.826625145235972525e-01 2.743270089500839393e-01 5.204269868719625380e-01 2.132093324838565396e-01 3.748308567502806055e-01 5.050421540443711388e-01 4.280597942169817594e-01
7.651455540385959653e-01 7.351157528688302412e-01 9.409980739713230680e-01 6.805247833516919753e-01 3.594994408652115725e-01 8.050739924568784955e-01 5.757684860923865111e-01 5.316602885950321156e-01 6.000406978510205436e-01 7.520856935501868401e-01
9.825539014952962003e-01 9.606492986883892193e-01 1.019217403197399952e+00 9.865414220253139188e-01 1.032649330955407452e+00 9.710615801255090274e-01 1.005700865419788093e+00 9.896855924640688418e-01 1.012357490227562495e+00 9.743831671705548425e-01
5.444086696123540126e-01 6.515793489653878279e-01 4.832035977228332224e-01 7.519000765097730854e-01 8.594668217789128706e-01 5.315343761100989051e-01 7.797136341986579122e-01 7.143983177312760446e-01 5.791505200336317660e-01 7.145537585088969079e-01
4.340546963554358095e-01 4.117448253354505372e-01 4.637977749929789173e-01 4.772703410785870681e-01 3.256783891314410373e-01 4.851840776326652449e-01 4.382532007682085617e-01 3.208988878445929172e-01 2.908052678232755373e-01 4.017996222035105647e-01
7.303107873026193353e-01 7.148423099434427774e-01 9.447820419642690704e-01 6.527134897650308520e-01 3.827634284334109349e-01 7.813629065451337397e-01 5.449544964957822035e-01 5.295486970320103515e-01 6.532368664662284719e-01 7.153303817539903298e-01
8.934938474592154511e-01 1.020478853878478587e+00 9.566088918179702638e-01 8.980933388656041627e-01 8.782789242972535160e-01 8.847805919792426366e-01 9.326629681519124082e-01 9.128813341541964776e-01 9.319124591836310811e-01 9.815351054639819273e-01
-1.167545121502998155e-02 2.153233001324683475e-03 -3.013507527457425991e-02 1.339046880811385447e-02 -3.967737092286561379e-02 2.536259756109647198e-02 -6.937996084815465508e-03 -4.696054857333682719e-02 2.187969842999747117e-02 6.192117687336576130e-03
2.390039158034288347e-01 4.347849197159583401e-01 1.893676132018541902e-01 2.604834652675492856e-01 6.660720155955281996e-01 1.196918542432256066e-01 4.086351697336045863e-01 4.457980329106828732e-01 3.983224339731673003e-01 3.966833382028631672e-01
5.717955719194076636e-01 6.955837204048207489e-01 4.654702593583204262e-01 7.132648501038322264e-01 8.406877227235503014e-01 5.523488852961682127e-01 7.915972526547679911e-01 6.780983804054064867e-01 6.101580767021868024e-01 7.141076592595929640e-01
7.783345737046838408e-01 7.297996952047585140e-01 7.106146271411479809e-01 6.434344154918690828e-01 8.824815471877474060e-01 6.884152228522361083e-01 6.736918412950970714e-01 8.253555706991775320e-01 8.754831048957759654e-01 6.849858698372176535e-01
7.416889058291968595e-02 3.050387237280656472e-02 2.215780501127188537e-02 8.212010006927050743e-02 8.270629379674512838e-02 1.118814129436307564e-01 1.267014588179156409e-01 7.675332973402219927e-02 7.977889768554109751e-02 3.414556658405812350e-02
6.765655997988572201e-01 7.415667164009558388e-01 6.394312673355522225e-01 5.361366163716155819e-01 7.580947534009064848e-01 5.805461290566711341e-01 5.722972297809703068e-01 7.311114046513146336e-01 8.197390260931817219e-01 6.783897123072311075e-01
6.749253686790637197e-01 6.136927493411005186e-01 6.186086495756644155e-01 5.579901654838331782e-01 7.488605559876824191e-01 6.367835883812602571e-01 6.080470503206660826e-01 7.540496992301825019e-01 7.486562755139002379e-01 6.048173023275865701e-01
8.453037240305797395e-01 6.934305554486039913e-01 9.881550614639116326e-01 7.414968294248189817e-01 5.049117003927193759e-01 9.035635623336659705e-01 6.724026318235575284e-01 5.832720598488230213e-01 6.913097953671367701e-01 7.434742601248104377e-01
6.460100265438629696e-01 7.355452887079175772e-01 6.800686141505657423e-01 5.366912438344170200e-01 7.863458328578617484e-01 5.900940077069025680e-01 5.917161720255490476e-01 7.551951130361467257e-01 7.925648714206271483e-01 6.843891358455799212e-01
9.877710242561650311e-01 1.001961645647233112e+00 9.981777374759414068e-01 9.896145832676337406e-01 9.970866485735179197e-01 9.956914429703215275e-01 1.006732292492775738e+00 9.827279858548398916e-01 9.998886762749360502e-01 9.863169470084047763e-01
8.075807185692808476e-02 1.888005424510740271e-01 1.502276606500872747e-01 5.685584161699040046e-02 9.621366474489941034e-02 6.244628264796250189e-02 2.094317797304877729e-02 5.509608974356077632e-02 9.245669784768290045e-02 1.347435297661077058e-01
5.059735522065528235e-01 2.981387709365209138e-01 5.533595141189637800e-01 3.473669526390306128e-01 3.054647332255184256e-01 6.035396183297476735e-01 3.075357864749400649e-01 3.478051276336656672e-01 4.600918909936035917e-01 3.368516476098178947e-01
7.949261356057688577e-01 5.158766383290391833e-01 8.148497772163345587e-01 7.027486878883744126e-01 4.081488590382345016e-01 8.825606486387979066e-01 6.123944530532732244e-01 5.276445153311081215e-01 5.776477909553079382e-01 6.548443306187661239e-01
5.192027985669842582e-01 4.466508143236041506e-01 6.638038291309019678e-01 3.276667400836180688e-01 2.567478844112532910e-01 5.279382418663114418e-01 2.441846123726423012e-01 3.625407645895228348e-01 5.433684602074602132e-01 4.308502225344601477e-01
9.181165453649797747e-01 1.006348058027868086e+00 9.521384455669505975e-01 8.904125774190015941e-01 9.036079855089034218e-01 8.927656118242182082e-01 9.444206383841019514e-01 9.174679366857446672e-01 9.275925941053484447e-01 9.362665452908380814e-01
4.298547551639889663e-01 3.419444961286827178e-01 4.720610110929131520e-01 2.642034749553583972e-01 1.532350171666934657e-01 4.502952511413872982e-01 1.951841274961349237e-01 3.301817961318324057e-01 3.747534522901403986e-01 3.371627485927833345e-01
7.214330410226323931e-01 5.615492462278217634e-01 8.003732437453022763e-01 6.594461001746334539e-01 2.568363363857864012e-01 7.505387797643945369e-01 5.952805663544336046e-01 4.759225970921949211e-01 4.935854845468247154e-01 6.003189511885521634e-01
3.987256229122347340e-01 4.391367344512744353e-01 4.464397361453381063e-01 4.526762079528608984e-01 3.328358012316679493e-01 4.657725324422171131e-01 4.646123406400868849e-01 3.040060160631758435e-01 3.027734933793893024e-01 4.404502075251831017e-01
6.635424198836955556e-01 5.479727852767145579e-01 6.095824403469359831e-01 5.424076118205153341e-01 8.009879711161540516e-01 6.397238080568508067e-01 6.316801222434476060e-01 7.996115559584601185e-01 7.606395747562634257e-01 6.013641032906709150e-01
7.489996068999147383e-01 7.197079569801601018e-01 9.644240509198414024e-01 6.660691114238440624e-01 3.787918736703279610e-01 7.847490605166617117e-01 5.320145519121474154e-01 5.390953978620786069e-01 6.388584932768716085e-01 7.080223826417686439e-01
7.563264781005307746e-01 7.247584945243138455e-01 7.303375224594127468e-01 6.162236219085833744e-01 8.743932728511388808e-01 7.315816115607636227e-01 6.511123475914605274e-01 8.560378325639393937e-01 8.679772399664753557e-01 7.215373188522239412e-01
4.770492752821905436e-01 6.949990564635750712e-01 4.395654230519175920e-01 6.802949755091782791e-01 7.287930746675026494e-01 4.236768085589495136e-01 7.377338497727912170e-01 6.176640672937174781e-01 5.565535802851376834e-01 6.918462102265319214e-01
5.755875381912861632e-01 6.950639795862009196e-01 4.727958848394265279e-01 7.380407724828493832e-01 8.722980795260112385e-01 5.210820935691787836e-01 8.371747151793185182e-01 6.920905655842323201e-01 6.016125119417148337e-01 6.620828247019557855e-01
5.975355285716292819e-01 4.823599731197161788e-01 7.469634664811641844e-01 3.845743437485644733e-01 3.959928445748064352e-01 6.195768826891431269e-01 2.668148161210597835e-01 4.190867471887729234e-01 5.514489809028442213e-01 4.202026154938331981e-01
3.131171096228041462e-01 4.368818741003072659e-01 2.055736415931335159e-01 3.493823253239041748e-01 7.632496366379565300e-01 2.550209775494666209e-01 4.414539711812745515e-01 5.082119743813198198e-01 5.004021376874810967e-01 3.704366719536478780e-01
5.741670152729760890e-01 6.908787932480850991e-01 4.653460353768068547e-01 7.433751399074128852e-01 8.129254463486556004e-01 5.384759927210347463e-01 7.852759990987715488e-01 6.662716884638366643e-01 6.284018792961528765e-01 6.901128219692426180e-01
9.985057293389421051e-01 9.727255998134495263e-01 9.868055164507636423e-01 1.030932871114038196e+00 9.662357326426611603e-01 1.004763451757448633e+00 9.974784358558946851e-01 1.007326750169366125e+00 1.017803228533671556e+00 9.898928328062238657e-01
1.450336001570463884e-01 1.488813127193743813e-01 1.766628092155633212e-01 7.889765216745062149e-02 2.399274219505314332e-01 1.724145081172410165e-01 6.905303610659446756e-02 1.286095220584937138e-01 1.610659197895426831e-01 1.244754396140377584e-01
5.118369695017940257e-01 5.381787174140454377e-01 3.291093927110714801e-01 6.907007509612475005e-01 7.360410882902838070e-01 4.967665115654593122e-01 8.205741551814006440e-01 5.987594074337343475e-01 4.827299814116094434e-01 6.194410434395181131e-01
6.936862172479606459e-01 5.936095268630345867e-01 5.916188115759172250e-01 5.730562521395280440e-01 7.775531884667331584e-01 6.387089022974121733e-01 6.833368652099551799e-01 7.390047228783758193e-01 7.814945225221826552e-01 5.810103414070288963e-01
5.463969025180728245e-01 5.033761484408619813e-01 3.322537676721941113e-01 6.816876590347026310e-01 7.240325168758460217e-01 4.811042428303823892e-01 7.932810255392251930e-01 6.239477884539951225e-01 4.872436418543331649e-01 5.933761491086967377e-01
1.491614459194765541e-01 1.806976280691091341e-01 1.844311195553380855e-01 1.069453511929098766e-01 2.094657746712846880e-01 1.854283707536019121e-01 1.055866698931926945e-01 1.345174675357851124e-01 1.994313204095064795e-01 1.604554571419574138e-01
1.008500340260908845e-01 1.562615103083133533e-02 3.408678649641047609e-02 6.687235678010768070e-02 8.326448130516768409e-02 1.018042831321731567e-01 7.064228299372753150e-02 8.602205326596851220e-02 5.931029809686627630e-02 1.997986204963013435e-02
9.106980925905652224e-01 8.335952415034122431e-01 8.217727642463390492e-01 8.963982408769256560e-01 7.721458646360883638e-01 7.981333405040326179e-01 8.998842791536704189e-01 8.671939830868220511e-01 8.399516615400780539e-01 8.527141649751340813e-01
4.091506131041875438e-01 5.287128873041606614e-01 3.182212105919590139e-01 6.601505781968017850e-01 6.029706690506646538e-01 3.909059355498915589e-01 6.750957697394206480e-01 5.522274997237129890e-01 4.517511629381106286e-01 5.570702708350937504e-01
5.061874052007796498e-01 4.661296640634689514e-01 6.699027354560199710e-01 3.024977644692580792e-01 2.584123416639892978e-01 5.331734726259362844e-01 2.117616165850691179e-01 3.692327840529630034e-01 5.455284248520161361e-01 4.356460568404387779e-01
3.002787588524890028e-01 4.429391955206132825e-01 1.831585271143454374e-01 3.560795509638887135e-01 7.152130397929837846e-01 2.706075790916317447e-01 4.017969260951702037e-01 5.043807629398278092e-01 4.884397798186924100e-01 4.176929017965679836e-01
4.299571069355018205e-01 3.275423271493066446e-01 5.154146940751824779e-01 2.567638114468413502e-01 1.411648232360163124e-01 4.715851497117559687e-01 1.891362219707158898e-01 3.414487212970319097e-01 4.112801038137565146e-01 2.850711130769357227e-01
7.913392472680939871e-02 1.889509796768735483e-01 1.165539109955744668e-01 6.149205634899805595e-02 1.153010142067301264e-01 6.307931937133337552e-02 1.838154066294563765e-02 7.421673057303168619e-02 8.757721498922262093e-02 1.146485902842380861e-01
6.666541567337351815e-01 6.972920316788238093e-01 6.616203996846866664e-01 5.575269097516741823e-01 8.255805529104046636e-01 5.874549858946466196e-01 5.709289489780495774e-01 7.527191089805075341e-01 8.469865103047045096e-01 6.715087992545460960e-01
8.420325091743036117e-01 8.690534951695594312e-01 8.252228714918853347e-01 8.853829713182718164e-01 7.695432140408602351e-01 7.972012843206820465e-01 9.174766776874216934e-01 8.700681560556642324e-01 8.154267818165681359e-01 8.368274846149006407e-01
6.649127638060213785e-01 7.480772074194922405e-01 6.875360456191893510e-01 5.473286710516847009e-01 8.002767202888927400e-01 6.026437129439615736e-01 5.642024027791207041e-01 7.458868873273837297e-01 7.866390128646494340e-01 6.852161294441094785e-01
3.270402846119926932e-01 4.205041467034598690e-01 4.305254154142846290e-01 4.147099422995919604e-01 2.445343210568185210e-01 4.101525840242553622e-01 3.447505217062661331e-01 2.360684638967350812e-01 2.169020196006191670e-01 4.218271715798190824e-01
2.037571830587705246e-01 4.276889447652980070e-01 1.768592534976326236e-01 2.891829728055009263e-01 6.166177431879092952e-01 1.298288894546495431e-01 3.725480451529322723e-01 4.371101838118823246e-01 4.568298450257677334e-01 3.610365347889643584e-01
1.040192601763725078e+00 9.697597948969239878e-01 9.872793284690236648e-01 9.846166693495284061e-01 9.654703368294479393e-01 1.007537136524141674e+00 1.020644397236697642e+00 9.818414351453224054e-01 1.014872510635473457e+00 1.011205001794105884e+00
5.718422533869735869e-01 5.431020023098697136e-01 5.242929853593347733e-01 4.907953820438120673e-01 6.412573956716849377e-01 5.162849424559016187e-01 5.939628879172772491e-01 6.986390457854739777e-01 6.786243042745586651e-01 5.411249298418581155e-01
1.604682661385345988e-01 1.650136945325311466e-01 1.800353854144672860e-01 1.152130380491072359e-01 2.205786698439664573e-01 2.123942575012866540e-01 8.313251320542569545e-02 1.376514364712766447e-01 1.536268141498401407e-01 1.509016810273963449e-01
6.656554746647902476e-01 6.990684716932963338e-01 6.887955308695699053e-01 5.383746645602249803e-01 8.095596333341432693e-01 5.511251387448822259e-01 5.685292632019762760e-01 7.460806548783172065e-01 8.152363210451992748e-01 6.851175301355679759e-01
1.018512234777361192e+00 1.019055418809316604e+00 1.037424999253075963e+00 9.741703469208965460e-01 1.023290910907801443e+00 9.746137925111715283e-01 9.656135092387607699e-01 9.702524783163097855e-01 9.939795710876133672e-01 1.008245658359816943e+00
1.336475180873298585e-01 1.681667228537713776e-01 2.061375378380463919e-01 1.061381044342947777e-01 2.179109153397439658e-01 1.799152532045489583e-01 9.136754369640907869e-02 1.294466170662678939e-01 1.476313092427691265e-01 1.089985764492340248e-01
5.896490014612696395e-01 6.866781547879381442e-01 5.233531702236370320e-01 7.243811141785211349e-01 8.396775591182875642e-01 5.361489628896537463e-01 7.589651876907387296e-01 7.221703954489282484e-01 6.561928764053992502e-01 6.737127645556814093e-01
5.094508640048552861e-01 5.515398225516594533e-01 3.366368985420593041e-01 7.129687489219894703e-01 7.365380451107285120e-01 4.680379221256573685e-01 7.800862772474529416e-01 6.167253995429883284e-01 4.987969437733046907e-01 5.616114651622512444e-01
4.946167063656577434e-01 3.054303157003812608e-01 6.164726396219343263e-01 3.106448310036751259e-01 2.825193691086739789e-01 5.968659996040379667e-01 2.886069609402834857e-01 4.140600847147956065e-01 4.467780519549729434e-01 3.311863264987643940e-01
5.538229410271351683e-02 -7.269084915519780088e-04 8.045728342381086584e-02 6.875093145625275903e-02 1.219376542440165634e-01 1.180555302944726048e-01 5.255227822034971852e-02 5.133183024828587293e-02 6.521477434258644845e-02 7.261819868878765030e-03
9.734311647737515782e-01 9.942263001060539507e-01 9.334358287667859910e-01 1.004179952142130627e+00 9.839974011044200219e-01 1.042569065087302738e+00 1.007155464193400407e+00 9.884422231105229883e-01 9.844875410547111461e-01 1.011080539396098210e+00
8.144055468026857314e-01 7.475033206374979144e-01 9.653132406885265304e-01 7.544599026529469343e-01 4.864328591314689976e-01 9.104739811740830691e-01 6.179270627214872302e-01 6.034466745883142469e-01 7.108983110613411593e-01 7.361318350764445295e-01
6.218213944652168923e-01 5.782431819733337974e-01 5.625674787817974698e-01 4.818116483110735371e-01 6.655861467939729881e-01 5.539815613946790229e-01 5.345462372002268703e-01 6.789131581002053606e-01 7.072164992301743780e-01 5.633506611029344135e-01
6.813855138550520829e-01 5.945592218593473977e-01 7.901748137804928129e-01 6.216157144291890591e-01 2.619082069185397765e-01 7.039218132999593980e-01 5.960678309936691122e-01 4.814342659340906105e-01 5.396313439962645564e-01 5.915493104987499251e-01
6.231436642317101926e-01 5.491896547290842090e-01 5.322953630374641643e-01 4.826519295209590332e-01 6.524947244694279114e-01 5.307910217481621729e-01 5.467928196738280899e-01 6.994613922074601753e-01 6.744089565930947439e-01 5.361547336620149373e-01
4.831932577576101284e-01 4.685832292984542513e-01 6.673691600240733157e-01 2.739800672423034489e-01 2.484526984174008912e-01 5.322565781389163586e-01 2.141596167441560949e-01 3.831053894592571507e-01 4.707613820961307205e-01 4.194001379202552116e-01
4.852249715614297410e-01 6.800160993701066525e-01 4.132447503231930774e-01 6.638323429367597450e-01 7.449490978073016745e-01 4.793235557867164265e-01 7.030960901651797101e-01 5.861579238676533077e-01 5.687433158067520811e-01 6.902481325039987459e-01
6.696754688884616336e-01 7.345000738344680258e-01 7.250679167619575871e-01 5.213187060785802185e-01 8.093373712218209226e-01 5.894829818996046855e-01 5.893426891537270063e-01 7.538304876092860596e-01 8.059909035610476336e-01 6.739305870003654553e-01
2.882932061394667955e-01 2.613833458737792048e-01 2.189685616249927302e-01 3.657617440102216566e-01 1.024805338339322969e-01 2.955678303929294981e-01 3.373907554326602831e-01 1.599533534962119252e-01 1.127718966519787730e-01 2.541135595453009044e-01
2.935080337254580840e-01 3.948794238156319025e-01 1.892512048887663445e-01 3.698968433897686370e-01 7.447443278356162821e-01 2.495844374977626012e-01 4.460732610628569406e-01 5.077855227397329863e-01 4.791806643709187741e-01 3.995821380125284539e-01
9.861365118307945377e-01 1.009102428380239225e+00 1.020397741627657950e+00 1.018023151909430046e+00 9.931342627406264389e-01 1.057011944726336861e+00 9.590725252567641190e-01 1.005816428392047879e+00 1.018966687641889468e+00 1.007553025727774054e+00
1.427165376867343682e-01 2.526020460674848200e-01 2.924082325052204320e-02 2.211071611027125294e-01 5.365103719436252749e-01 4.302372381131722157e-02 3.646907387359952790e-01 3.719935726119144026e-01 2.818911157543736445e-01 2.685907360626509921e-01
8.979568479184689700e-01 9.627245431854890567e-01 9.491843797158190377e-01 9.558253389811407486e-01 8.965272123536722759e-01 9.291284203131709996e-01 9.032136220389008763e-01 9.257891120625879600e-01 8.952196131245662158e-01 1.001937944577834472e+00
1.623809196824865519e-01 1.715639523994621496e-01 1.804902756155893906e-01 6.515599110752955114e-02 2.381781614444382078e-01 1.717387021765990895e-01 6.844057506264834834e-02 1.025889018900624644e-01 1.732025318060892716e-01 1.435669369414273311e-01
9.229261785699318654e-01 8.537905553939589831e-01 8.396990866503543094e-01 9.811061414339826703e-01 8.833719326955589146e-01 9.100834632662375689e-01 9.975056160861395238e-01 9.067305458033184662e-01 8.948799503535312949e-01 8.561008302121927427e-01
2.553210370908734136e-02 -1.590244217343019309e-02 1.941335485265493696e-02 -5.842327936714688391e-02 -2.556615391214086402e-02 -2.925794406849801382e-02 -1.894660191069585595e-02 3.415097453739587841e-02 1.038674750360486093e-02 2.922357627452571664e-03
7.072629996875819947e-01 7.630001458864144048e-01 7.024253131565763031e-01 6.373324955139063608e-01 8.864704840781418849e-01 7.078652042128524835e-01 6.263648395424741278e-01 8.085805018175897807e-01 8.449664697614318598e-01 7.087850024445682129e-01
4.118338030963205609e-01 4.346205231817025783e-01 4.765779021017062522e-01 5.193318634767450925e-01 3.314697916642034836e-01 4.645324111199908290e-01 4.453245456960734372e-01 2.869763379807232506e-01 2.663930067488808895e-01 4.209503654761635461e-01
4.621220725921254546e-02 1.988067820116356521e-01 1.334454741848601078e-01 2.471364000395547683e-02 1.025789671447221996e-01 5.398287854578864842e-02 2.821654157509608310e-02 1.912988522779826561e-02 1.253554154758350081e-01 1.255750485470053246e-01
2.391203006606101300e-01 4.545908393082132570e-01 1.661186437162044671e-01 2.776662659288247070e-01 5.985461405143637226e-01 1.543545996443495549e-01 3.453808368948627638e-01 4.381351463395020129e-01 3.758875325011500346e-01 3.960027535214105665e-01
5.433426426550070909e-01 6.864314807604945390e-01 4.601438768112657285e-01 7.182427871615510995e-01 8.284977878746956348e-01 5.324473118960504348e-01 7.814260326568344128e-01 7.321402025145421488e-01 5.929374143605457004e-01 7.089864984680761539e-01
6.202462483386258357e-02 1.849024720683705714e-01 1.507112433213513292e-01 6.710425969707314864e-02 1.404152818969132133e-01 7.142220724349619687e-02 -2.957853580268173660e-02 5.598234652802023398e-02 1.096088043309840360e-01 1.067547299857595777e-01
6.846647737391117206e-01 5.653773769702906682e-01 5.944784163365169904e-01 5.349077983831258543e-01 7.689754316879460205e-01 6.610780593802600968e-01 6.105189770219722201e-01 7.885108662695454740e-01 7.921667779848693414e-01 5.913522040607971375e-01
8.412977866317377096e-01 7.299231648086781377e-01 9.546358464658712961e-01 7.341273689380164447e-01 4.900611251552729475e-01 9.519972136029327681e-01 6.427928126249484730e-01 5.994117467508260910e-01 6.462608967825463901e-01 7.170829244107378431e-01
6.475189406486892008e-01 7.292290100835525646e-01 6.778773455165976181e-01 5.426877528635297709e-01 7.837961120241506707e-01 5.965408707382130471e-01 5.744942278857613216e-01 7.451166730201171928e-01 7.667130680667176845e-01 6.817904260963090213e-01
3.418264866693661586e-01 2.221387928390743394e-01 3.384139290954401580e-01 4.753073252403134941e-01 2.235171817744737999e-01 3.811954331322141010e-01 4.540848317167387460e-01 2.328705576676632916e-01 2.089579503888664980e-01 3.102923483960146056e-01
5.018478894954560010e-01 3.030493639104202552e-01 5.789075497642733881e-01 3.194488409452291289e-01 2.901900235951536677e-01 6.090384116516640578e-01 3.090845974341326907e-01 4.034254617551304989e-01 4.519486831750433864e-01 3.016926002439692667e-01
