2.297450714031534502e-01 2.809310053003712948e-01 3.304762937017068913e-01 1.800154105457231202e-01 1.275566934114120143e-01 1.960884946461068090e-01 1.937710080471663210e-01 1.694746009951614285e-01 1.634050197964281304e-01 1.474650481982947015e-01 1.814521989558204040e-01 3.912140837459350262e-01 3.980383517849885311e-01 3.013731225214741349e-01 4.697229588473380568e-01 2.236800957280472013e-01 2.142268991977597792e-01 3.717940138137211525e-02 2.020835773940856672e-01 3.682990703556129342e-01
6.702598137265377565e-01 4.745762171338416269e-01 3.968756610946547747e-01 7.576159095789053444e-01 5.337314367287343542e-01 5.915270005498928230e-01 7.418163995826083656e-01 7.272810003346642516e-01 4.541233668511411858e-01 3.184094097060647943e-01 6.621126001643237169e-01 6.349857065702243508e-01 7.807497644165339867e-01 5.269132607087990694e-01 6.921352293294381619e-01 7.653237542540730631e-01 4.130748271324271026e-01 4.637712133297210437e-01 7.902770275172050773e-01 7.039983596823308210e-01
8.200560139997493669e-01 9.433814223153270673e-01 7.914488093713033523e-01 1.000000000000000000e+00 8.716167049169055714e-01 7.429600812203093207e-01 8.808541448240608807e-01 1.000000000000000000e+00 9.396759942469812277e-01 9.117578373168095940e-01 9.047142550837748987e-01 7.085850670416915520e-01 7.007697459294697229e-01 8.084829997532327894e-01 7.338679238531179427e-01 8.866324356819766939e-01 8.218653618617863810e-01 9.703830579252366029e-01 7.494588696060447974e-01 5.663359778326223504e-01
3.104886106690569192e-01 1.666352625139948251e-01 3.191836549816377544e-01 5.875136152611448725e-02 3.081900850040114603e-01 1.739722590509005795e-01 1.879712449575745015e-01 1.504231120222214446e-01 2.207593051728733990e-01 1.533901021271190379e-01 1.783799654803706058e-01 4.125235049008306176e-01 4.091891788890330006e-01 2.861360167884397510e-01 3.934833855142100822e-01 1.741431007931564523e-01 2.827411592047849309e-01 8.522050103174551305e-02 2.539128701841059099e-01 3.453070894981355998e-01
2.942349904492303492e-01 2.248445763230656480e-01 3.711585316675035662e-01 2.198520701915248898e-01 3.388969504298501856e-01 3.156122749680825290e-01 9.369781130072606101e-02 1.262130836647198939e-01 5.110932852351669498e-01 6.212251591483326507e-01 2.573335432928275379e-01 2.067870365431362933e-01 1.153669545784368755e-01 2.503284675739344545e-01 1.946459170001840489e-01 1.988314960725968417e-01 5.092903056280958518e-01 5.762801147646915423e-01 2.187322486602974458e-01 2.922473431785119757e-01
9.557643304628391512e-01 9.052971529052353805e-01 1.000000000000000000e+00 9.492601639543563063e-01 1.000000000000000000e+00 1.000000000000000000e+00 1.000000000000000000e+00 1.000000000000000000e+00 1.000000000000000000e+00 1.000000000000000000e+00 1.000000000000000000e+00 1.000000000000000000e+00 1.000000000000000000e+00 1.000000000000000000e+00 9.658145332201121258e-01 9.364605354899687706e-01 1.000000000000000000e+00 1.000000000000000000e+00 9.119519885401827786e-01 1.000000000000000000e+00
4.387054794526532020e-02 5.707116360747221950e-02 2.871699192029177061e-02 0.000000000000000000e+00 0.000000000000000000e+00 0.000000000000000000e+00 3.379192276705935555e-02 3.461733872651223242e-03 0.000000000000000000e+00 6.957853022160676026e-02 0.000000000000000000e+00 4.026741574588561801e-02 0.000000000000000000e+00 3.407637102404079132e-02 6.360361384014105723e-02 4.274405168557051521e-02 0.000000000000000000e+00 3.751100599092381006e-03 0.000000000000000000e+00 4.346075221723139786e-02
6.735398130729879362e-01 2.683025134565665826e-01 6.118882488183623458e-01 3.044648505697083452e-01 6.216354464398128332e-01 4.619361951434426961e-01 3.161951826240309571e-01 1.211118554370824996e-01 5.839285552621340525e-01 7.700926140671354725e-01 4.424100480296535021e-01 5.514340462527286268e-01 5.891989655541962634e-01 4.781562327381199684e-01 4.003169478791013258e-01 2.333306103469113546e-01 6.824446658603763316e-01 6.139669350653891300e-01 5.155273158107273046e-01 6.020917534662781900e-01
7.723866965038585219e-02 3.080817730773965368e-01 1.350786686390513802e-01 0.000000000000000000e+00 7.994704155630139031e-03 0.000000000000000000e+00 0.000000000000000000e+00 1.555123169506853475e-01 9.090752530135268183e-02 0.000000000000000000e+00 7.160997560684323471e-02 0.000000000000000000e+00 2.650444971248389070e-02 9.875468721544253259e-02 6.787769898531001433e-02 1.223321847595878337e-02 0.000000000000000000e+00 1.004677122269348466e-01 9.893221801462516451e-02 4.145619580457388098e-02
5.740440279552461167e-01 8.016319265559403995e-01 6.695331647825902843e-01 8.782801571076341851e-01 7.762471797005443541e-01 8.467263302650116508e-01 9.088155619470279500e-01 7.950339502300061145e-01 9.007142631035611746e-01 7.704718233828616869e-01 7.061069418097675188e-01 6.856348859314047584e-01 5.118265057163129406e-01 7.178711040173200164e-01 5.424084696064971345e-01 8.458521372471705657e-01 7.330549502797185646e-01 9.677665277671614330e-01 7.717789767718484795e-01 5.933298460877909353e-01
8.046041188933683586e-01 1.000000000000000000e+00 8.268202034949210244e-01 9.325659028015482743e-01 8.546659843115393951e-01 7.418077728957206407e-01 8.697773786567686294e-01 1.000000000000000000e+00 9.619750380434559656e-01 8.479117567318146254e-01 8.534833436016179276e-01 6.779559383197725220e-01 6.419728684310026523e-01 6.688947571421517413e-01 6.771042205886523835e-01 8.046623227352472929e-01 8.335546684225574321e-01 9.952891217114653299e-01 8.280251912540067538e-01 5.590870613104976794e-01
9.353488587154746847e-01 7.022156785446627136e-01 8.912086267978782672e-01 9.639489693845174623e-01 9.809794656090865539e-01 9.730341846499860337e-01 1.000000000000000000e+00 9.689093123125428475e-01 8.794807013933331197e-01 1.000000000000000000e+00 9.439116777428011584e-01 9.147038082583809349e-01 9.586346175979867379e-01 9.304260620097759560e-01 8.792059808964586276e-01 9.419587832389731963e-01 8.276997267394974322e-01 9.591039216527607048e-01 9.674499526850892650e-01 9.462586056909109145e-01
7.688021053094176160e-01 7.304814771756995562e-01 6.668350579392990918e-01 8.132809566981384908e-01 8.514913371135375275e-01 8.506319820688628131e-01 8.369764743022938269e-01 8.316931372806829481e-01 9.136417609580128607e-01 8.875182486358194067e-01 7.371598278054973807e-01 6.862482233299900258e-01 5.429578199038549435e-01 7.015958950122518356e-01 5.634415952464417732e-01 8.305967640401948904e-01 7.687612503981439138e-01 9.418245082100340504e-01 7.206229750022140612e-01 6.324138961716360141e-01
7.882679482401740989e-01 9.892323811830672220e-01 7.967741936026042637e-01 8.982120010935588095e-01 9.304496565598068258e-01 7.946199343705002693e-01 9.623903879284769758e-01 9.718284128313843251e-01 9.291220657763961110e-01 8.610971741057468209e-01 9.201187513769869541e-01 6.753524511877793124e-01 6.541331717332999895e-01 8.724981161164286902e-01 7.274885135943461867e-01 9.060693749721444590e-01 8.283477149221221136e-01 9.849874383138800260e-01 8.649015343698204239e-01 5.933544526154281851e-01
1.000000000000000000e+00 1.000000000000000000e+00 1.000000000000000000e+00 8.791578767623903223e-01 1.000000000000000000e+00 1.000000000000000000e+00 1.000000000000000000e+00 1.000000000000000000e+00 1.000000000000000000e+00 9.839355984260822474e-01 9.563056572444482706e-01 1.000000000000000000e+00 9.991816146144695265e-01 1.000000000000000000e+00 1.000000000000000000e+00 9.766597239616948700e-01 1.000000000000000000e+00 9.763152219518127506e-01 1.000000000000000000e+00 1.000000000000000000e+00
7.021421491649393332e-01 6.931191645071271834e-01 6.910799205580190341e-01 7.999534855024282853e-01 8.838173565909838159e-01 7.778913209740333512e-01 9.155028506301619018e-01 8.412137490936084649e-01 8.108119050382334159e-01 7.805073559155534246e-01 8.955574957107983458e-01 7.486451735562065224e-01 5.957770159397812737e-01 7.211716499306030093e-01 6.078477139940221541e-01 8.053387280892402300e-01 8.092519247188718623e-01 8.629115641130512548e-01 8.297549654757597759e-01 5.144217268819983868e-01
7.111284011801880522e-01 8.149829552912837283e-01 6.780662782268070954e-01 8.745538983066687422e-01 6.977199910835496510e-01 5.951407800477163113e-01 7.463218052667277558e-01 8.697156217010657553e-01 5.651333341840929503e-01 3.100618336369833639e-01 6.704465918253528223e-01 7.089014197424814423e-01 7.403180955641622818e-01 6.723644252659215503e-01 8.237236763891010449e-01 7.306716351386600694e-01 4.937896182942373979e-01 5.161404636441543348e-01 7.340396143870033807e-01 6.941925719451378374e-01
3.829147246261521698e-01 4.528585162681956211e-01 4.763000719583758702e-01 2.602911056678333113e-01 4.771899784782186460e-01 4.781146655466442796e-01 1.398492440396633674e-01 2.095481587796565459e-01 5.087168958483396786e-01 7.175170815615226072e-01 2.897124387944099433e-01 4.806407922087178042e-01 3.211462171975177360e-01 5.078078802842928008e-01 3.406560786955788456e-01 2.665979762334722558e-01 5.967715905049634229e-01 5.190572077985057264e-01 3.177814260580282268e-01 2.739303995419408166e-01
6.846445244934636909e-01 7.196839551959773873e-01 6.927142990859886940e-01 8.530626351734240664e-01 8.496888256157324459e-01 7.424188315940650762e-01 8.230338289920505757e-01 8.284607435008460863e-01 8.939421481956368876e-01 8.069984534320095992e-01 8.184957571834420298e-01 6.865211494308686158e-01 5.342459332172861952e-01 6.855416214620192461e-01 6.482904365339077213e-01 7.876201002210176938e-01 8.065661030418914690e-01 9.592027974411119207e-01 8.560507557097914999e-01 5.686710024116528039e-01
4.999130768680978831e-01 3.152267204959279812e-01 6.669279358353968901e-01 3.336178907827107576e-01 4.872601743494318627e-01 5.177156356903661605e-01 2.498849458820050773e-01 2.136115875480072979e-01 6.413345876773427490e-01 8.221110395900320666e-01 4.223296121514167889e-01 6.427039971888885983e-01 5.707670607377952621e-01 5.251675322097230092e-01 4.939610643917110577e-01 4.313796309938781603e-01 6.468777810129150430e-01 4.132693426363096556e-01 4.813349427251066848e-01 6.428819790315216665e-01
0.000000000000000000e+00 1.618392121509064085e-01 8.586242119503341430e-02 4.463469563745658258e-02 0.000000000000000000e+00 7.535138322183679294e-04 0.000000000000000000e+00 1.404382086211881375e-01 9.485036478202901744e-02 0.000000000000000000e+00 1.357939041232274491e-01 1.524689550858729370e-03 0.000000000000000000e+00 2.911041511731503328e-02 1.442902305494598858e-01 9.011619614560859026e-03 8.024545255318739356e-02 0.000000000000000000e+00 0.000000000000000000e+00 0.000000000000000000e+00
4.825849244298187624e-01 6.710497719321005805e-01 4.517713146436480032e-01 7.193912254910417303e-01 5.078562420154999479e-01 4.642986843226463156e-01 7.363653946049164567e-01 7.547372126062162900e-01 4.451539482782457813e-01 3.741082792336291596e-01 4.934259614689187612e-01 4.153661280074789075e-01 4.014184815512574778e-01 3.525850955549592047e-01 4.920821188294512982e-01 6.605797833909161643e-01 2.688933892967169115e-01 5.689750813921853334e-01 5.207214989834930696e-01 4.007558470939546758e-01
7.760602705723287364e-01 8.856733117205151107e-01 7.150829776308751384e-01 9.197208550467895760e-01 8.240899868949694840e-01 8.451095752616044621e-01 9.084450118113295281e-01 9.339010356664796397e-01 1.000000000000000000e+00 9.632332921916114676e-01 9.400622790965477149e-01 7.359567438593674904e-01 5.757465527174697728e-01 7.198239484772323005e-01 6.451989998700525808e-01 7.787191492402061321e-01 8.731416503889022351e-01 9.499331302021091217e-01 6.974997904775492863e-01 6.203410827293881491e-01
9.225380622617659343e-01 7.019745656180046423e-01 8.875366575932606139e-01 9.444800137319284694e-01 9.815550936309862529e-01 9.711106146799904915e-01 1.000000000000000000e+00 9.834691817683434145e-01 9.738912987274350730e-01 9.808768745019140756e-01 8.566653444354377367e-01 9.373374918687827906e-01 9.558012699358772180e-01 8.973291183434112250e-01 8.502668707729972297e-01 8.682040330027231967e-01 1.000000000000000000e+00 9.707753277808817138e-01 1.000000000000000000e+00 9.442383449784458316e-01
7.316029139054811559e-01 1.000000000000000000e+00 7.787554433536933995e-01 9.040826337742303709e-01 8.772929954849234546e-01 7.361305509205005038e-01 9.197923142867008295e-01 9.389519122405457496e-01 9.583123012060690282e-01 8.348011223176708961e-01 9.512089721224026295e-01 6.803074122542690505e-01 6.674265287512662903e-01 7.076199588665141871e-01 6.978155448005943784e-01 9.165948950812190521e-01 9.053979784383323626e-01 1.000000000000000000e+00 7.865900227554181168e-01 6.022948539202368501e-01
3.060825983338062439e-01 2.706142928447208829e-01 3.170881333137471336e-01 5.595606921478199491e-02 1.977724655582726032e-01 2.521026650897597032e-01 1.104190223072771260e-01 7.023120493670340081e-02 1.541524412065468363e-01 1.838265771834338147e-01 1.678578637095433368e-01 5.153161198277113053e-01 4.198955908821098149e-01 2.552019977812354234e-01 3.766318857641026141e-01 2.906074010002224206e-01 2.155542780797161939e-01 8.287277636787671042e-02 2.672922075367928918e-01 3.912430297172497795e-01
7.299832493074872586e-01 7.724381946055678405e-01 6.475422646856617837e-01 8.566133641269829679e-01 7.965651040422734308e-01 8.731740516477561886e-01 9.406298972699684846e-01 8.364274308074681752e-01 8.430490160900974139e-01 8.107414656716960266e-01 8.758106598223687200e-01 6.071405019422895233e-01 6.256215301523376793e-01 7.299753794850030175e-01 5.836883075121328535e-01 7.631309974271917040e-01 7.586877843585977388e-01 9.362354659862276440e-01 7.497574950378460557e-01 5.698466650766418340e-01
4.102256167696131661e-01 4.524746863597383095e-01 3.462432049360587571e-01 6.559880910400546217e-01 3.853460156091484401e-01 3.233984485838342637e-01 6.673425707343751956e-01 6.872409465005382412e-01 4.394986645239974399e-01 1.331612547157209892e-01 4.543287281069011696e-01 3.640397102735501988e-01 3.920605085223925479e-01 4.293930457784145283e-01 4.008104435647107389e-01 6.422767937521194348e-01 2.393008583043522708e-01 5.256879745259278591e-01 3.766747159220846797e-01 3.927471512781634533e-01
6.728186643030309444e-01 5.836661494954523688e-01 6.903962758828456892e-01 3.438230717222416355e-01 5.722133842665543257e-01 6.007108512611831763e-01 2.768446081991208785e-01 3.140645939858540125e-01 5.601542289404946029e-01 7.742481260950364597e-01 5.566574301897595500e-01 6.152081202725817599e-01 5.843242880546273277e-01 5.108988425162518388e-01 5.584558858685995109e-01 3.505038051982302116e-01 7.684125679396196507e-01 6.057719826220684389e-01 4.826808764611756342e-01 6.316046148511564873e-01
6.142677387376679343e-01 5.007937369714525744e-01 7.305000385573783284e-01 4.084740406352104225e-01 5.766800088808854419e-01 5.148839150863447900e-01 2.667313177965540683e-01 3.289392042479118983e-01 6.062812614417500967e-01 7.980894360814820843e-01 5.227030948066984095e-01 6.897319737234832715e-01 5.183975825779693070e-01 6.790370967422786341e-01 4.877504835684802198e-01 4.858712412119935431e-01 7.883487217799722835e-01 5.655811296112542852e-01 5.507595963069055189e-01 5.826848848725960650e-01
5.639892341659152875e-01 5.960510965383968296e-01 4.039262969768390721e-01 5.731261088528025738e-01 5.264981946269856605e-01 5.279559733689040968e-01 6.913647971633930522e-01 8.604967460331546247e-01 4.549199605851351746e-01 2.203350067876589380e-01 6.929197376807278985e-01 3.722692255959362262e-01 3.202254167795953177e-01 3.805348615293374648e-01 5.663481310607902941e-01 7.164165991905324660e-01 3.715543903824253258e-01 5.081712383702957636e-01 4.849744650463891915e-01 3.552391405791897050e-01
7.831637843190082382e-01 7.094243346568044339e-01 7.264641845137295162e-01 8.479203836826814111e-01 9.038207435680316593e-01 7.999950044236591173e-01 8.366520219771622635e-01 8.795855392195927047e-01 9.533599263622783981e-01 8.330920533716811294e-01 8.831219295224503885e-01 5.963067681201448256e-01 5.753989064612584636e-01 8.033160588571021110e-01 6.298194093566333862e-01 7.490150077762685044e-01 7.961787859261130196e-01 8.341701975178282824e-01 7.462693426670877761e-01 6.646781894631382803e-01
3.772231792820890384e-01 4.625185883930132968e-01 4.900568462653391855e-01 3.093895994246462777e-01 5.445058389904794405e-01 4.146638392434400799e-01 2.389783519247945798e-01 2.094782738058081351e-01 5.830332484243095914e-01 7.576815013467901316e-01 4.400314061786008701e-01 3.917267631225854196e-01 2.195309383173674189e-01 4.728445716713691738e-01 2.378276341654909642e-01 3.140772844846128620e-01 5.250829621138621839e-01 5.157127130181553554e-01 2.926967735333831921e-01 2.243130148223995701e-01
4.354123129331745057e-01 7.005895434802072996e-01 5.030194742435143418e-01 6.533709535466363238e-01 4.349380668375347758e-01 5.163687793828763972e-01 6.619364976011473667e-01 8.069295222410850510e-01 3.227170251693437519e-01 1.518642879273761626e-01 6.082251424749083313e-01 3.188784849179698844e-01 3.682494887566425956e-01 5.450885994197667284e-01 5.777311926414977483e-01 7.134160390344876923e-01 3.694808810660163423e-01 5.708195080776374830e-01 5.158401060789805648e-01 3.659745372420500908e-01
5.796235566702060416e-01 4.907261427808090049e-01 7.105902537771879857e-01 3.693784945225551675e-01 6.136916140998919245e-01 5.606427554035154914e-01 2.737892811011348737e-01 3.718621573229667909e-01 6.003109923251911395e-01 7.400104456195139013e-01 4.255661647133326397e-01 6.553330060075494012e-01 6.353331100636410156e-01 6.420339629366217382e-01 5.241433700680360186e-01 3.552504725134300601e-01 8.336527190850420155e-01 5.172236041708669907e-01 5.701907302659824373e-01 5.886108934139987481e-01
5.762478607237460082e-01 5.125513236163982134e-01 4.827028870772400171e-01 6.953161748432915568e-01 5.360534513122939826e-01 5.816861449656929306e-01 7.228185686323058690e-01 7.390576106920664357e-01 4.444635448694736479e-01 3.988771285701541713e-01 5.370452437958967984e-01 6.370068228142898858e-01 7.993236155666491038e-01 6.360699670722683718e-01 7.777982812530461754e-01 7.300501916174675365e-01 4.227215742889016692e-01 4.435648266036335552e-01 7.094064126587762420e-01 8.396844237935006117e-01
1.000000000000000000e+00 9.660221717665542496e-01 1.000000000000000000e+00 9.798150654754612665e-01 1.000000000000000000e+00 9.266478281478730539e-01 9.947408982917872455e-01 9.997925965250865632e-01 9.800815332704099214e-01 1.000000000000000000e+00 1.000000000000000000e+00 9.961738229454283333e-01 1.000000000000000000e+00 8.940130788418727548e-01 1.000000000000000000e+00 9.285866490341293522e-01 9.678516239202128446e-01 8.488233352022769296e-01 1.000000000000000000e+00 1.000000000000000000e+00
3.590998294945683678e-01 4.706304906499761964e-01 5.757411331433386348e-01 2.991525747394587209e-01 3.600560661493292236e-01 3.728610696124802226e-01 2.264466936607361092e-01 2.797599010808183850e-01 4.681580819705224439e-01 6.262521587920856225e-01 3.372871662688041172e-01 2.976267797429098527e-01 3.084965279948135852e-01 3.757734839252360182e-01 2.879186204240498093e-01 2.748415812967392458e-01 5.479996944059424280e-01 5.105884906864041062e-01 3.199533533197912449e-01 1.808189392664069362e-01
1.000458340326176587e-01 2.176872801367811805e-01 6.879040084094564800e-02 0.000000000000000000e+00 0.000000000000000000e+00 4.250269931306276811e-02 1.044763216295941516e-02 3.586980809013025351e-02 1.046950096058223700e-01 0.000000000000000000e+00 1.665133191563538673e-01 1.269250176736791969e-01 0.000000000000000000e+00 6.041764492211998405e-02 1.279769499166394098e-01 1.143970691822651653e-01 8.121430173967367216e-02 9.171522673986481911e-02 4.639794973004346401e-02 0.000000000000000000e+00
2.784001589999230974e-01 3.078441985433234482e-02 3.306515575293060838e-01 1.079067715847331355e-01 1.184787706704656107e-01 1.156062796979911017e-01 1.240720702036751666e-01 3.220956933584017551e-02 1.126566403103214098e-01 1.044372216464012765e-01 1.464959603165020829e-01 3.036982121101188259e-01 3.279167429012076473e-01 2.402598484458245420e-01 3.151213975485547270e-01 6.141228316014427091e-02 8.531095766631548172e-02 2.769209177955924903e-02 2.613592653524577369e-01 4.766042893062886754e-01
3.204188219595552889e-01 3.291458751066010935e-01 2.417572640973767450e-01 2.285701920521194253e-01 7.970376216873523156e-02 2.228433434620487041e-01 1.682770287548313315e-01 1.492952542513594771e-01 2.112346608919615232e-01 1.156184007558282295e-01 1.700513765354784157e-01 4.016331877110778659e-01 3.708102879055797940e-01 3.066354217354538836e-01 3.809034511088300601e-01 2.144208589506196860e-01 2.281910414548412591e-01 7.223438448301286452e-02 1.931351508532789807e-01 3.415320508003223399e-01
4.041255276481075520e-01 5.729488272273498550e-01 3.016371423624298331e-01 6.328970862979804712e-01 4.592389071230816855e-01 5.381316077489897154e-01 7.685876238862787702e-01 6.798099018363132906e-01 4.433594772553513530e-01 2.626926944160604682e-01 5.537457192517989402e-01 3.596700416404674527e-01 3.972788225129952888e-01 2.931880195464161010e-01 3.815530744599653357e-01 5.547821482612528277e-01 3.151455885159916703e-01 4.350583922542970994e-01 5.603813596753287607e-01 3.286728529944927257e-01
3.065700804932350865e-01 0.000000000000000000e+00 2.376744592518295340e-01 5.748449805532101359e-02 7.382911203246619869e-03 1.019429512449707975e-01 2.224662373413650029e-01 7.265674344874455126e-03 1.827745288523994344e-02 1.680305948700334118e-01 5.851087526234446251e-02 2.337475747978171037e-01 3.416456356315444309e-01 2.430694490182444267e-01 2.554811664203059385e-01 1.063349776991036888e-01 1.872249733068976907e-01 0.000000000000000000e+00 2.123794907439813529e-01 3.444493198812555446e-01
6.812050985438627970e-01 4.178200083211326410e-01 5.408532637989620362e-01 6.545110300818205440e-01 5.453994617020980762e-01 5.179495149489024008e-01 8.089988225154062240e-01 7.058419018422361635e-01 4.617454570097306865e-01 3.527804900703216395e-01 5.571676267768458368e-01 6.179126154501901613e-01 8.009117701388740462e-01 6.925843160182136860e-01 7.635726084730078966e-01 7.982434809071644599e-01 3.926352071398719890e-01 5.758128483057368685e-01 7.442901034869585652e-01 7.565718984481289988e-01
9.358892689568777401e-01 1.000000000000000000e+00 1.000000000000000000e+00 9.657438755785616724e-01 1.000000000000000000e+00 9.993413340726475802e-01 9.091739820757912538e-01 9.449511786446931350e-01 1.000000000000000000e+00 1.000000000000000000e+00 9.814780584256257434e-01 1.000000000000000000e+00 1.000000000000000000e+00 1.000000000000000000e+00 8.926966566011488302e-01 9.368392233486022569e-01 1.000000000000000000e+00 1.000000000000000000e+00 9.378719398370387594e-01 8.979504149497353760e-01
6.962571278332274627e-01 8.503522020358683653e-01 6.637066733177751088e-01 8.488730187571791319e-01 7.635754500202958095e-01 8.096001974303596027e-01 7.831108026180055859e-01 8.201745557651194396e-01 8.996037342448693908e-01 8.244245115815171943e-01 7.789676659433474315e-01 6.580737023474995118e-01 6.008049851425456556e-01 7.144409977446867233e-01 5.578737642625735127e-01 8.801114694250440351e-01 7.870956390559118443e-01 9.606489526984920424e-01 7.461494964898162108e-01 6.015363428096764942e-01
7.579203439503348627e-02 0.000000000000000000e+00 2.520572046770857763e-02 3.393016857599930308e-03 0.000000000000000000e+00 3.655276992031824580e-03 0.000000000000000000e+00 1.082995424627042173e-02 2.480993413367807432e-02 4.553055043409989788e-02 0.000000000000000000e+00 0.000000000000000000e+00 5.100174907712312633e-02 0.000000000000000000e+00 0.000000000000000000e+00 2.058216953228036647e-02 1.648081182029894481e-02 0.000000000000000000e+00 2.044731499063724353e-02 0.000000000000000000e+00
3.034535830390809874e-01 5.146484787127514338e-01 5.229033925786318315e-01 2.234574779444207793e-01 3.512225372251626121e-01 4.890013882984698967e-01 2.316800428853521276e-01 3.056080360562451470e-01 5.029862858609257525e-01 7.020491528460059971e-01 4.641245994496959737e-01 4.413023906710865640e-01 2.298968046128490317e-01 3.593825905014215727e-01 2.498988556145250450e-01 2.819619954416166530e-01 5.963181198720735043e-01 5.761896563736303989e-01 3.612732229717944277e-01 2.419330135484051847e-01
4.193153627166349984e-01 4.637017842117285849e-01 4.715427527870872382e-01 2.716161577454036524e-01 4.621845645392316237e-01 5.235220057306386732e-01 1.586182303606886446e-01 2.161148002079184283e-01 4.993470316377768281e-01 7.049975558473370318e-01 4.890281944123150426e-01 4.065904322213019784e-01 2.243402460576432167e-01 3.382284077258537747e-01 2.773209771050154093e-01 3.002604156751434994e-01 5.646822585300806940e-01 4.676615935839820715e-01 2.896191092060858008e-01 2.354825909829802999e-01
7.562687277792693452e-01 1.000000000000000000e+00 7.835173560187241870e-01 8.878303939608060968e-01 8.828339910546145752e-01 9.170998885635998077e-01 7.834432943965651264e-01 9.293019386804184379e-01 8.878488919983755778e-01 8.087960186872550361e-01 8.881830315969430067e-01 6.330382466385953144e-01 6.398187659980678621e-01 8.975681721572915661e-01 5.535515117140686892e-01 8.274339217535506830e-01 7.485903565782692226e-01 8.528856066697209082e-01 8.588548120909443861e-01 6.968405789473633982e-01
7.453475585889095534e-01 6.819902654944383080e-01 5.946347540148897437e-01 7.245009411464253812e-01 6.335119116949756712e-01 5.769911889135578287e-01 8.049526800446639152e-01 9.085288087311922389e-01 4.698114802094865983e-01 4.521730885599866689e-01 7.363391889777994859e-01 6.655919368844730455e-01 8.007657189696709699e-01 6.457901170819938530e-01 8.130806249326630875e-01 7.398329709930224762e-01 5.274252230946864239e-01 5.396768744918978289e-01 7.211076718412439135e-01 7.535792307722936068e-01
1.000000000000000000e+00 1.000000000000000000e+00 9.852014153081338765e-01 1.000000000000000000e+00 1.000000000000000000e+00 1.000000000000000000e+00 1.000000000000000000e+00 1.000000000000000000e+00 9.821817187982174735e-01 9.725168511312743957e-01 1.000000000000000000e+00 1.000000000000000000e+00 1.000000000000000000e+00 1.000000000000000000e+00 1.000000000000000000e+00 1.000000000000000000e+00 9.470114070503163894e-01 1.000000000000000000e+00 1.000000000000000000e+00 1.000000000000000000e+00
8.840943161212258539e-02 2.940743401950298153e-01 4.249707088384350323e-02 7.110415913052170467e-02 1.037166188635690600e-01 2.257314768952150413e-02 0.000000000000000000e+00 6.202037414311879771e-02 0.000000000000000000e+00 0.000000000000000000e+00 1.150349211001821248e-01 1.276876714411107061e-01 2.324136332123985516e-02 0.000000000000000000e+00 7.413745964378885833e-02 1.942770685433901912e-02 5.501297938181610309e-02 0.000000000000000000e+00 0.000000000000000000e+00 0.000000000000000000e+00
8.131219768458477493e-01 9.441447048961133515e-01 7.546013113758749391e-01 9.013776408942336671e-01 8.723194668415902298e-01 9.005349762421148707e-01 8.749427999459562511e-01 9.473908440666590769e-01 1.000000000000000000e+00 8.830821553704859550e-01 8.476862324162094398e-01 7.292417242529491972e-01 6.353821522187386162e-01 8.170066101142978710e-01 6.157916375561236499e-01 7.900242552555630793e-01 7.747303940971516090e-01 9.716500439365256536e-01 8.620046978187360098e-01 6.504202590083836277e-01
5.818107650192064773e-01 5.843658317550627368e-01 7.655734426311899821e-01 3.793283791433852414e-01 5.468544509237203144e-01 5.116199514252620650e-01 2.463722102800592895e-01 2.944309307561382427e-01 6.401591838129699896e-01 7.673792669462969895e-01 4.745867573272324336e-01 6.824763083100352512e-01 5.311506813304028851e-01 6.931807888576645427e-01 4.833939315431667327e-01 4.522117400402909659e-01 7.573535984952860511e-01 5.781365775556555064e-01 4.830160433331623371e-01 5.451724801385007257e-01
3.405529778217282200e-01 5.366493577333339982e-01 3.697071738543840080e-01 6.859703535863195256e-01 4.780804813648067975e-01 4.138730292638883035e-01 6.626728667320469501e-01 6.433155322980600443e-01 3.862311936226301978e-01 2.807060456119211400e-01 6.145758940667698234e-01 3.198693689759402048e-01 3.280159378688554117e-01 3.379949143715156867e-01 3.905732677277168330e-01 5.111300777777785243e-01 2.271121742119761311e-01 5.147028061476759397e-01 5.379641398355234916e-01 4.513189898396892663e-01
4.148280926718501682e-01 6.782634734171765212e-01 4.417244877917779755e-01 7.071033666585456734e-01 4.427830769456544968e-01 3.997551024071310799e-01 7.126124912457096894e-01 7.632971027058804703e-01 4.895296854149991383e-01 2.807232491075821734e-01 6.226446376649052983e-01 4.518968353180497499e-01 4.007457343373107550e-01 4.487116885639896302e-01 6.157823642472161074e-01 5.597346009370260944e-01 2.745816429302207484e-01 5.029069377602752855e-01 4.471627084979842848e-01 2.967434488249038327e-01
5.583900494151070593e-01 5.780768704554248849e-01 5.695539001468528095e-01 7.016180977745274383e-01 5.187368147922546413e-01 6.202322331529972477e-01 8.584056283295895540e-01 7.077606426177410759e-01 4.261704804608050234e-01 3.480527779791641740e-01 5.822033165372508812e-01 5.811834557193433781e-01 7.806223033144908952e-01 6.296601051188461806e-01 6.995833286563311049e-01 6.673787186655875114e-01 4.330082352099304810e-01 5.265292642995180739e-01 6.756747727205689724e-01 6.805433450195399470e-01
2.908227844424640107e-01 3.196038527683799785e-02 2.742959566419476691e-01 0.000000000000000000e+00 2.233053646157281968e-01 1.762324392721676403e-01 6.780584941641912278e-02 1.038290260911982343e-01 3.791578293467939842e-02 1.331103765410455997e-01 8.014005691652875685e-02 2.502962120495548781e-01 3.929006186423407154e-01 2.300290377134120712e-01 2.721737340238647995e-01 1.509917472293968166e-01 1.621576675842077708e-01 4.403722669275936946e-02 2.588037622097295598e-01 3.767843346998284715e-01
5.163174396789107501e-01 7.001326011059161303e-01 3.651767135776877171e-01 7.247704050571983636e-01 4.701546428442638370e-01 5.106650688123371973e-01 6.424476424346178272e-01 8.042098393069879725e-01 5.174607764515912756e-01 2.351226471087345671e-01 6.113034842483597853e-01 4.486816102223231129e-01 4.010182255591002720e-01 5.561513523589586283e-01 5.600749350491863732e-01 6.086394575232801918e-01 3.675056263720397620e-01 4.549274007575131451e-01 4.792014050755518673e-01 3.961334589928685590e-01
1.850871939882482442e-01 2.534080306377339831e-01 4.467920262726016167e-01 1.733803087602635296e-01 3.415495755486524510e-01 3.911513012074845363e-01 2.873777799197752558e-01 4.726458514006411094e-02 5.088179341680634238e-01 6.334691370223205498e-01 3.590671945361633699e-01 2.766075326260632461e-01 1.963248179865905441e-01 4.832358961610146442e-01 1.579477309198358825e-01 2.091161496592426061e-01 5.997532333124132586e-01 4.194368131537781763e-01 2.931548597227217057e-01 3.246088230549999398e-01
6.802582759210489272e-01 5.185287701944444327e-01 5.034792890689732126e-01 7.121016596520051145e-01 5.740661555102004598e-01 6.121122600013744197e-01 8.381389505536164242e-01 7.044533982057482602e-01 4.112199797166220527e-01 3.478835969161218622e-01 6.542908388140206144e-01 6.556994664271715845e-01 6.945040641668832615e-01 6.101519181878802822e-01 7.290582670642851149e-01 7.623267040652867976e-01 4.144662404052192883e-01 5.374312789187434269e-01 7.632592404255127416e-01 7.240256566602671917e-01
4.769316968076736107e-01 7.975870675876485238e-01 4.829071042773985245e-01 6.933639762268112294e-01 5.378780498294470913e-01 4.484991650035492494e-01 7.804799120380472299e-01 7.952250575365551466e-01 4.121921133373634416e-01 1.768696906596405327e-01 5.824672237653197859e-01 3.678996066992371028e-01 3.884268161370018069e-01 4.629308393619658291e-01 5.481589368043608967e-01 6.174726132464999351e-01 2.796068116723761099e-01 4.908786092917052368e-01 4.497206431430564311e-01 3.709868125410444306e-01
4.438429142403978456e-01 4.554277430436922125e-01 1.968515815440788352e-01 6.553690805813121578e-01 4.024034993637072288e-01 4.668696320771661412e-01 7.590205356455546060e-01 6.682685035317764699e-01 3.898843233985562762e-01 2.414577153376565311e-01 6.374398099367832859e-01 3.022173260188716903e-01 3.623362577499353310e-01 3.107893690194566405e-01 4.413985160664917196e-01 6.344489251309621825e-01 2.433591298212257059e-01 4.390259705659687595e-01 4.943482406325223621e-01 4.001750048887010580e-01
7.695083232659023498e-01 6.913392501756676634e-01 6.710925204726336801e-01 7.471196315891222017e-01 6.813814533090669645e-01 6.466253412725571081e-01 7.973771524490833595e-01 9.678039711398491729e-01 6.024363686117721883e-01 4.136182457546033753e-01 6.456430747541845871e-01 7.613107455821177538e-01 8.225058288604140122e-01 6.325979381298929560e-01 8.500224670516641767e-01 8.057185501644413828e-01 4.241365645342948243e-01 4.857858012321274455e-01 6.962857944956256651e-01 8.278486749832795200e-01
1.944415238320975486e-02 0.000000000000000000e+00 1.283985505682434629e-02 4.083797053576304625e-02 2.807510540233816576e-02 4.607877144592140845e-02 4.797539627365473430e-02 3.182606869744906974e-02 0.000000000000000000e+00 0.000000000000000000e+00 0.000000000000000000e+00 4.745205840547182113e-02 0.000000000000000000e+00 0.000000000000000000e+00 0.000000000000000000e+00 1.167095484335621686e-01 0.000000000000000000e+00 2.771927236702355617e-03 3.936021603155806514e-02 4.961055422010696159e-02
6.959773181022166355e-01 9.979307821091778496e-01 8.482639981933787210e-01 8.779158923078783650e-01 9.297442583471010602e-01 8.458705320396168181e-01 9.743621052414819239e-01 9.062606205471612775e-01 9.672105062970264289e-01 8.842187778203440818e-01 9.803572406462238709e-01 7.168708088885260565e-01 5.986738550167225448e-01 8.546049853155888165e-01 7.213524757247490315e-01 9.177310647337011407e-01 7.719814276348794246e-01 9.193155227579400401e-01 8.962776313775013826e-01 5.338509746866660910e-01
7.954278580380367281e-01 6.853166475783849521e-01 5.871925835703351026e-01 7.693795725832603960e-01 6.326365284115195164e-01 6.798949784514071171e-01 8.514458987249311495e-01 8.746424982787724955e-01 5.674097008141352205e-01 3.254423174187909273e-01 7.359141017380962380e-01 6.965605641394738701e-01 8.404898962848514898e-01 7.117736072398441749e-01 8.719193719072508841e-01 7.818066139517567681e-01 4.257114234542428988e-01 6.341560326652422308e-01 7.435266718778117401e-01 7.094130143553105672e-01
4.804491688319227349e-01 7.102514587814302560e-01 4.119260151488950972e-01 6.203133589256480951e-01 4.621752933271145447e-01 4.715832367114996537e-01 7.743292547289489791e-01 8.073728794630541383e-01 4.107475825975447359e-01 1.155043034318936346e-01 6.446774734622912062e-01 4.324023501255042645e-01 3.671279982325702518e-01 3.395691316743774668e-01 5.063091861870718802e-01 6.248070108274463852e-01 2.368157065632503777e-01 5.374987439436909042e-01 4.703255715366166934e-01 3.708198683421720654e-01
3.735117373171764066e-01 3.700747411930042641e-01 3.249295307135185440e-01 5.934608205046457696e-01 4.447087421907464089e-01 4.331678491050659496e-01 7.456476587936683442e-01 7.522575174899009953e-01 3.607628644659535699e-01 1.929690173078129900e-01 5.023155258293539038e-01 3.798744319318443918e-01 3.561679632754673475e-01 2.780875781022464910e-01 4.188739058230120937e-01 6.213004156525251398e-01 2.009547869810214271e-01 4.026744960981882837e-01 4.253341414637317186e-01 3.496798411428383435e-01
7.288564614244142925e-01 7.749862473298214649e-01 5.961787773536957324e-01 8.327635164277937818e-01 8.196497238338303903e-01 8.622550184266878359e-01 8.887727183829289279e-01 7.844629730523006161e-01 8.855092908446680067e-01 9.382029597209545768e-01 7.245112902109083208e-01 7.298447058433470414e-01 5.021088348779513266e-01 6.860861716169019964e-01 5.943017090946778325e-01 7.694724973348260333e-01 7.168688570494230472e-01 9.062341634420911785e-01 7.776725444347883931e-01 6.117177027607237916e-01
6.149091639899727513e-01 5.149977099959753835e-01 6.256473008660327073e-01 4.174857071964389599e-01 5.131585873453203828e-01 4.991768089638857764e-01 3.123195247519208184e-01 3.476235553271588841e-01 5.216736835216653212e-01 8.750094157146529605e-01 6.562787523255650957e-01 6.418983524414745290e-01 5.865088585026088097e-01 7.052036095518364744e-01 6.057177195139298309e-01 3.740295441739533988e-01 6.993463315241909006e-01 4.912327244635111834e-01 4.318648606261298872e-01 5.822407890483323190e-01
3.325674333491231982e-01 5.465551913852229049e-01 6.118994246137404724e-01 2.901800288746008705e-01 4.725970862666686867e-01 4.023166974942022911e-01 1.754165515628205441e-01 2.845177576736814817e-01 5.794802843827052685e-01 6.912468330858652088e-01 4.075327984965103623e-01 3.960900522075521124e-01 2.450270221435383033e-01 3.735464904488681737e-01 2.494461015106105017e-01 2.391811092988921916e-01 5.953294874339856158e-01 4.002377647190271670e-01 3.237894708224881013e-01 2.423251918712453767e-01
6.489093425859632225e-01 4.659672326532004472e-01 5.354229159287929862e-01 7.464596628322327510e-01 6.151574174355540769e-01 5.881038403734317743e-01 7.898790824900008278e-01 7.178471857349829621e-01 4.733104318751787387e-01 3.291899057522501004e-01 5.855458680300890117e-01 6.492118725734273843e-01 6.874636974352785757e-01 5.841666261923961212e-01 7.386561571438243767e-01 7.044668894575875084e-01 4.220068688206540242e-01 5.414540088491224257e-01 7.097961039803845074e-01 7.868757718876835394e-01
3.820295784849230269e-01 4.408532313678347192e-01 3.534859426183961095e-01 6.178495905097801666e-01 5.717921919794386465e-01 3.903768257707933564e-01 7.984024498197127562e-01 6.881373879341484701e-01 3.865116958613866727e-01 1.956846302604921539e-01 5.339499460083738658e-01 3.874949906195454541e-01 3.522565119423526903e-01 3.538331650084111657e-01 3.927856653847495716e-01 4.281999894155556485e-01 2.016743767992404957e-01 4.200505066092721784e-01 4.256959644020687494e-01 3.332467783286913177e-01
4.681255287247224062e-01 7.788443454455400428e-01 4.636883474748775269e-01 7.669100952583123298e-01 4.676118588592672043e-01 4.663277156866847406e-01 6.816931889985370363e-01 9.008593599357598292e-01 4.733068219371696639e-01 2.673300070924455873e-01 5.511066072781841685e-01 4.838493221188786553e-01 4.243063533497826167e-01 4.661766132928394923e-01 5.794278886805722673e-01 5.671983328598074747e-01 3.265123941457171441e-01 4.883720905623289976e-01 5.144689396950545834e-01 3.795510560590442672e-01
2.706669926120136571e-01 2.508601162483615199e-01 3.949663673646934270e-01 2.365745044310871292e-01 3.458436223983632485e-01 2.961529044336089767e-01 1.185143056682491647e-01 5.058517518009227054e-02 4.512955985082581223e-01 6.525487940520154906e-01 3.039686238580341926e-01 2.684540430963509028e-01 2.287839902517463109e-01 3.229536270122380648e-01 1.194888216369496270e-01 2.045231779250076265e-01 5.729063574721112717e-01 4.082192624794944713e-01 2.619407866236340143e-01 2.732988565846826701e-01
4.893849394358945615e-01 7.584764283782851058e-01 3.980135803349171830e-01 6.597893599706033951e-01 5.301599532309916318e-01 4.682510789557043918e-01 7.984897789157315851e-01 8.916195804313461482e-01 4.526799948178828470e-01 1.995986846497545819e-01 6.077858683699416398e-01 4.186630049974087719e-01 4.252851731717647854e-01 5.444405971920608378e-01 5.640469174012856524e-01 7.175487761164581757e-01 2.181107992581418076e-01 6.182608345404754235e-01 5.363002728660749563e-01 3.382840801568215428e-01
5.646596555913696580e-01 4.887653554378450504e-01 6.068556948785670535e-01 3.655678553547742071e-01 5.572319937297883774e-01 6.369619628545933887e-01 3.047147864321835264e-01 3.178615810833485544e-01 5.624268606206749288e-01 7.727115503364683224e-01 5.332698761827536771e-01 6.772364152624065214e-01 5.840216397300969087e-01 6.931766473000652296e-01 4.759864026156551131e-01 4.859066423437929938e-01 6.609995184220949227e-01 4.345789690077152545e-01 5.377379496281069482e-01 6.491971172331397755e-01
7.609177215839870723e-01 9.138114923117154342e-01 7.670753013770221784e-01 8.415939082612756694e-01 8.773748894724322511e-01 8.577153638931597213e-01 8.892262566708453164e-01 8.328499931742316953e-01 9.083249039295235860e-01 9.143796539206238139e-01 8.168000634957683914e-01 6.594602117074954695e-01 6.298128197577990139e-01 7.392726321979365967e-01 7.687379176947130022e-01 8.854964552507590403e-01 8.928472693267449634e-01 1.000000000000000000e+00 7.389131514696349878e-01 5.987974477065466372e-01
0.000000000000000000e+00 0.000000000000000000e+00 1.181295379897986664e-01 1.228324292117342030e-02 0.000000000000000000e+00 0.000000000000000000e+00 3.112852944583805598e-02 4.225659499289766315e-03 0.000000000000000000e+00 4.429927343951799937e-04 3.276044811622660924e-02 0.000000000000000000e+00 1.320166651132862259e-02 3.499590666338913553e-02 0.000000000000000000e+00 2.455356408183905284e-02 0.000000000000000000e+00 0.000000000000000000e+00 5.550443451677666840e-02 3.163724338916742290e-02
1.844165388649402215e-01 2.070477150884402970e-02 1.571187764998988878e-01 7.558275920431417605e-02 7.329297444366622560e-02 1.331552194399380218e-01 2.263186701396083245e-02 5.971288229836145545e-02 6.571777641681170179e-02 1.856371610812785067e-01 9.595026142137112746e-02 3.103974657808350468e-01 3.230146088582683817e-01 2.328891580523881621e-01 3.326153921076058784e-01 5.784754089397589616e-02 2.272995104421765278e-01 8.246623971060410008e-02 3.499549143277597141e-01 4.113883388056929213e-01
7.391911127808079573e-01 8.176968953026553244e-01 6.528388819864957560e-01 8.819988052863969585e-01 8.335908887886638308e-01 8.675059969508115421e-01 8.596687596153678168e-01 7.727253576180209693e-01 9.763056439093797945e-01 9.248750167196302385e-01 8.348861705298032954e-01 6.051151142127535465e-01 6.041886697902559833e-01 7.457548638976339017e-01 6.406827171255715658e-01 8.539419650130835038e-01 8.172924941567347723e-01 9.092394026381325212e-01 6.309925967852514361e-01 5.930500296673020255e-01
5.170963454214179134e-01 2.781068097928111604e-01 6.050407869114885484e-01 3.143589873788040778e-01 5.718088038455670929e-01 4.235710949473869280e-01 2.756997427167607317e-01 1.392026260604586341e-01 6.169434386957063365e-01 8.055761502562186482e-01 3.325771183155317723e-01 5.024046455067480155e-01 6.832663844097282002e-01 5.030779540532459571e-01 4.430336248332880089e-01 3.747617535094828201e-01 7.005025509281591622e-01 4.892698563680918378e-01 4.374820224542723124e-01 6.783729502560356117e-01
7.009282832521228634e-01 5.289134227520599918e-01 5.150962779094914179e-01 6.301905491738206688e-01 4.314931925180783834e-01 5.493299854373571156e-01 8.256917999734550984e-01 7.955677021765948931e-01 3.820154645187017195e-01 3.264938176873744546e-01 5.466952297407291494e-01 6.833849782238953230e-01 6.880819038311686286e-01 6.161922998739276514e-01 7.396907474663809712e-01 6.957592257589144680e-01 4.367276907027881627e-01 5.580830736434050365e-01 7.200079203247863324e-01 7.285465080403699112e-01
2.607518505445133306e-02 2.209145298351128106e-01 9.373833499298861449e-02 6.925059564318711280e-02 5.381004143061234035e-02 1.209906554166448878e-01 1.697574294679543919e-02 6.886125627157682616e-02 9.792309915538370546e-02 2.692272411215779204e-02 1.106846615979358572e-01 9.120189856363336567e-02 0.000000000000000000e+00 1.786326687930618329e-01 1.486085125128402962e-01 5.150201181102125048e-02 9.568413609104564621e-02 6.394158040899433626e-02 1.073737214308908006e-01 0.000000000000000000e+00
2.669069105593957492e-01 1.618134307741193878e-03 1.737063719745136348e-01 7.138581260789005067e-02 1.435471944955975243e-01 1.531883917960452091e-01 1.002831355034379396e-01 1.006751428413624194e-01 9.441259649174209290e-02 1.199957339567627596e-01 9.413948459429673232e-02 1.853674645092095452e-01 4.031586515095904044e-01 1.377852177888966578e-01 2.982949761959446389e-01 1.387980091300645979e-01 1.490131257156628308e-01 3.339769356963975117e-02 3.024897107555261089e-01 2.744470497767769190e-01
2.478890666871977067e-01 7.885090446962431110e-02 3.097789288934911234e-01 1.757017975507096652e-01 1.122099789854671820e-01 2.134568909552154170e-01 2.071048931144677807e-01 1.006412232184140942e-01 0.000000000000000000e+00 1.541168111488638304e-01 9.828028090560188279e-02 2.698354631538146808e-01 3.619296083726063484e-01 1.477544235536128459e-01 3.040404599937194807e-01 1.231268756563508593e-01 3.383163062303192747e-01 4.382533244296697716e-02 2.031936602497149136e-01 4.189519667266989322e-01
1.000000000000000000e+00 9.967033449499339559e-01 9.607894352008987671e-01 9.866622459597005346e-01 1.000000000000000000e+00 9.785957454646214693e-01 9.197204719633998993e-01 1.000000000000000000e+00 1.000000000000000000e+00 1.000000000000000000e+00 1.000000000000000000e+00 9.809771808884034661e-01 1.000000000000000000e+00 9.062395580473643353e-01 9.647597314871113605e-01 9.890262351770390259e-01 1.000000000000000000e+00 9.733392690262837599e-01 9.552326453828705599e-01 9.884757050918449028e-01
3.897182243144178826e-02 1.903257876474760135e-01 1.151993281185166862e-01 1.644292612665956277e-01 0.000000000000000000e+00 3.944540136119216445e-03 2.557740504043019142e-02 9.070801306516514118e-02 1.535657839442191031e-01 0.000000000000000000e+00 1.122736146551456399e-01 7.874566457547958753e-02 4.957139928516224314e-02 7.356883560451159265e-02 1.178154493181134965e-01 1.141812477298626283e-01 2.185993827221313635e-02 0.000000000000000000e+00 2.082717669847956171e-02 1.289233134381450804e-02
4.207398946808178081e-02 0.000000000000000000e+00 0.000000000000000000e+00 0.000000000000000000e+00 0.000000000000000000e+00 4.505443963423879511e-02 8.038328255532339178e-03 0.000000000000000000e+00 4.458033308836623770e-02 0.000000000000000000e+00 2.171927593319814345e-02 0.000000000000000000e+00 7.420194375335324721e-02 0.000000000000000000e+00 5.016583088373523236e-02 4.639826532444012164e-02 2.543315758900787163e-02 0.000000000000000000e+00 7.709241011940259902e-03 0.000000000000000000e+00
2.847274211464847493e-01 4.751111659411389465e-01 4.058663819942285866e-01 2.885941028060183822e-01 4.033749124852331058e-01 4.766573428210016949e-01 2.048413948849280575e-01 2.296131876057664334e-01 5.521823306745273774e-01 6.920023818290944595e-01 3.679428610912704456e-01 3.999841307763020160e-01 2.684402390094988156e-01 3.872587318883711771e-01 1.616324143500891264e-01 1.830512907186542804e-01 5.854698569885556925e-01 4.448146991364985148e-01 2.723273726560361818e-01 1.186937489792085770e-01
2.817997296556944975e-01 0.000000000000000000e+00 2.015050516405060832e-01 9.451858182607188186e-02 1.149668105873564994e-01 7.607420800230790814e-02 7.452178815098735309e-02 7.023054158935408686e-02 5.451248139679840815e-02 5.178978005865442213e-02 6.814658204408496900e-02 3.083517491121888221e-01 3.699673677912058145e-01 1.374561457506615070e-01 2.538784905518273183e-01 1.797769990978718702e-01 2.323175243884544328e-01 1.106284390205384757e-02 2.984193913935219156e-01 3.142338887017901428e-01
5.039375608905811710e-01 5.055837514936077914e-01 7.114588377312430767e-01 4.622938626419160757e-01 5.534896769629998881e-01 6.394853899515690054e-01 3.794022328207529715e-01 3.664204237056584157e-01 6.120642285878041822e-01 8.017252074734474432e-01 4.760827434366183830e-01 5.664282334428066834e-01 5.991747503187229151e-01 6.977628439366323487e-01 5.824662838899918871e-01 4.337555998414370229e-01 7.215904320467800837e-01 5.289120328080575417e-01 5.187623265137690787e-01 6.060535469983031609e-01
7.781198412538481435e-01 7.389615502421669202e-01 6.800533959386988458e-01 9.132813330234161864e-01 8.863950434424268110e-01 7.382542524857669264e-01 9.490947854358399161e-01 7.728528485530237191e-01 8.395810925808961933e-01 8.797096281214740188e-01 7.450660103212070062e-01 6.115628257845915350e-01 5.908948979713211092e-01 6.457181402674367909e-01 5.983095962195121853e-01 7.342569541013770351e-01 8.328492440083719028e-01 8.573237226694091495e-01 8.308478807896653162e-01 6.190570575747238458e-01
3.354575271613470244e-01 5.556426909646098311e-01 5.426233195481193761e-01 2.525295057596299020e-01 4.270163186451993997e-01 4.781227639259247875e-01 2.044614733641749726e-01 1.663651419301992174e-01 4.673914470287711120e-01 6.572539582363345900e-01 3.517359922367412350e-01 3.212805721596911357e-01 2.515180339408852328e-01 4.018448819940155792e-01 2.899197422033763516e-01 1.988838039901828225e-01 6.130576999440602304e-01 4.620000001745072082e-01 3.134474052711756498e-01 2.650212762756242180e-01
1.428909964952546907e-01 7.500536669888699381e-02 2.765262635403734071e-01 1.412329467592097210e-01 1.718622563967734107e-01 1.395458275539203097e-01 4.027400663815458581e-02 1.790930876428876994e-02 3.386478742486521976e-02 7.614567007367215035e-02 3.799113785731049464e-02 2.113286433545192300e-01 3.660920576518594260e-01 2.096111937380231716e-01 2.142564252333089558e-01 1.265858295943894651e-01 1.509559918305098392e-01 9.427661299143780260e-02 1.950374711302382547e-01 4.189761966127318327e-01
3.046339664644735490e-01 2.185697307428768887e-01 2.702273110416081314e-01 1.485905603367084216e-01 1.507575159458739988e-01 2.127245790759115240e-01 1.227309550373966024e-01 1.747965859000522315e-01 1.423255402185577001e-01 1.112657865298476850e-01 2.640810064208333197e-01 3.535913422941227569e-01 4.620250272162005900e-01 3.101534645630038001e-01 3.006919303943677568e-01 2.618688947276275325e-01 2.493782611825430540e-01 3.276344204864014426e-02 2.238282957306764465e-01 4.852786022223619100e-01
9.961422461516139526e-01 6.799340154655434398e-01 8.225664554648152160e-01 1.000000000000000000e+00 9.151764439567056098e-01 9.102501688860903384e-01 9.742819584225114182e-01 8.690995804426533411e-01 9.672583441142262872e-01 1.000000000000000000e+00 9.859838747039575413e-01 1.000000000000000000e+00 9.219842893017489160e-01 9.427393667738910299e-01 8.437429994928826726e-01 9.698860391409395154e-01 9.365064363252209034e-01 8.949263469506242297e-01 9.827392193207826754e-01 1.000000000000000000e+00
1.000000000000000000e+00 1.000000000000000000e+00 1.000000000000000000e+00 9.768636852867881304e-01 9.769248351238841721e-01 9.970609982863219978e-01 9.524218996214655064e-01 9.899350915582906252e-01 1.000000000000000000e+00 1.000000000000000000e+00 9.892419977494272265e-01 9.316085037015500170e-01 9.536161540258614178e-01 9.640614664685708268e-01 1.000000000000000000e+00 1.000000000000000000e+00 9.997822181334133917e-01 9.712515206418752545e-01 1.000000000000000000e+00 1.000000000000000000e+00
