9.183039564177217784e-01 7.565363418343814539e-01 9.463870848903175315e-01 8.694467327131447654e-01 9.561845301637581507e-01 8.267189951329776409e-01 9.190594372079106122e-01 9.980280053080983205e-01 9.513451606477197897e-01 8.291805471139119810e-01 7.389865023382923281e-01 9.915395781355279547e-01 9.905183900529638263e-01 7.280466233685592981e-01 8.300947960390764324e-01 7.423005063302478002e-01 9.967870550744122315e-01 9.471085740184638224e-01 9.973968131509627355e-01 9.898586500316925996e-01
7.995752407420144703e-01 9.539462151715615290e-01 8.894683145424072679e-01 8.219060888813609633e-01 8.599540025958453127e-01 9.078646936805169210e-01 8.897708569374856991e-01 8.672347391137559258e-01 8.551993149191280397e-01 9.096004489578618513e-01 9.093621713446579102e-01 7.348846361234979696e-01 7.546424115709857716e-01 8.560161016862202210e-01 7.391614224758011886e-01 9.388113742127124350e-01 8.358322095072644453e-01 5.444298557090293533e-01 6.883492540285982564e-01 7.129704612990734880e-01
0.000000000000000000e+00 0.000000000000000000e+00 0.000000000000000000e+00 0.000000000000000000e+00 0.000000000000000000e+00 0.000000000000000000e+00 2.274944032911013422e-03 0.000000000000000000e+00 3.407957787173610670e-03 1.053745152184177268e-02 6.220870383980602394e-03 0.000000000000000000e+00 0.000000000000000000e+00 8.287424903470078097e-03 1.704624367203711258e-02 0.000000000000000000e+00 0.000000000000000000e+00 4.263083187970993782e-02 4.831104985707154048e-03 0.000000000000000000e+00
4.279635684522227757e-01 3.733580185347928904e-01 3.214276327193537064e-01 5.098253221852063755e-01 4.493148615660634282e-01 3.337635231818490977e-01 2.774705871025932025e-01 3.492266331925043543e-01 6.245371674593196420e-01 7.587564008582661224e-01 5.125590998595215275e-01 3.899029247047319235e-01 3.581995507907788090e-01 7.029262825789966973e-01 3.111573202726654608e-01 3.681008413590998174e-01 4.366621361810610891e-01 3.592587341927689915e-01 2.411281383075805362e-01 3.367477849953699476e-01
2.201627217590313712e-01 2.705596821490955373e-01 1.643882698220034411e-01 3.278001717166604267e-01 1.531052064459811068e-01 2.661268188944623803e-01 1.955504841639912894e-01 1.101265382933073467e-01 1.948022490959010200e-01 2.436057803066889738e-01 4.028732862613902399e-01 2.915513801010284345e-01 2.558031954418128473e-01 4.087962466397070393e-01 4.466907170242026548e-01 2.514047672206217721e-01 1.480352129453720855e-01 5.160336470652658880e-01 3.165003262938296813e-01 2.925059677353348264e-01
1.773901660365044264e-01 4.426027832929292638e-02 1.291025894548912256e-01 1.857284590211385200e-01 1.498481373141095918e-01 1.159560182945129220e-01 1.272526215332051847e-01 1.176925564109177758e-01 1.639989843673168857e-01 3.820417653826253812e-02 7.292579361217176037e-02 2.896256559557723875e-01 2.559171249417140914e-01 1.838550596379441571e-01 2.670401101321710491e-01 5.463381254036724088e-02 1.947519452437185550e-01 4.462344927798109762e-01 3.041181806425176104e-01 2.868547282363307915e-01
3.307316208272920166e-01 1.670089085301144638e-01 2.687805622671386452e-01 3.831179700159096368e-01 4.297664602909658238e-01 2.274925941508018079e-01 2.721729923774405813e-01 3.510567146203802946e-01 5.657161761766879016e-01 6.027769004507160799e-01 1.954685020591313271e-01 3.988522124129929014e-01 3.067095613047891023e-01 4.616150325486685357e-01 1.487236384816588430e-01 2.053184600926768744e-01 4.418398143889295526e-01 3.110414931989888832e-01 2.160341258203404002e-01 3.732950240069310976e-01
4.368945490488896910e-01 3.526925381519721014e-01 3.277891406481842074e-01 5.196568822240668073e-01 4.306212262815402037e-01 3.551872216913966596e-01 3.046156712116863119e-01 3.551760406592758268e-01 6.676616744466352671e-01 7.533525041594766325e-01 4.712404475664738746e-01 3.796332652077321068e-01 3.612159138310274686e-01 6.909576870627719414e-01 3.188115010582353026e-01 3.785520213379746646e-01 4.553764776192077424e-01 3.697380667048739689e-01 2.651263764820595004e-01 3.814727055138558698e-01
0.000000000000000000e+00 0.000000000000000000e+00 5.431346710175283254e-03 6.962678819580684492e-03 0.000000000000000000e+00 0.000000000000000000e+00 0.000000000000000000e+00 0.000000000000000000e+00 0.000000000000000000e+00 2.670926700915906378e-05 0.000000000000000000e+00 0.000000000000000000e+00 1.008356812147876563e-02 1.748770141769874498e-02 9.187433479729114130e-03 5.958916489923929416e-03 0.000000000000000000e+00 0.000000000000000000e+00 0.000000000000000000e+00 5.916472030753293886e-03
2.138548941285582095e-01 2.280009856836215654e-01 1.311189949649918252e-01 3.239951428378734510e-01 1.850965809463976930e-01 2.460150416540269891e-01 1.989179718331741675e-01 1.133502285729142411e-01 2.517289392436735662e-01 1.705877228096255582e-01 3.508717462267461618e-01 3.143522305235233461e-01 2.541497686172793369e-01 4.359655578724108138e-01 4.494129360182528288e-01 2.381738091895845566e-01 1.374210108651043871e-01 5.229884020207625772e-01 2.859547661853500955e-01 2.869330692406697469e-01
4.308436475693215861e-01 3.655234336048590049e-01 2.957195430005919445e-01 5.410530297275349954e-01 4.121896311191454165e-01 3.385995902135673918e-01 3.137662612420957231e-01 3.613244253694626318e-01 6.406983484609911628e-01 7.332854696283848117e-01 4.676208505441164509e-01 3.893966063615603157e-01 3.661562972542798944e-01 7.286974492768626410e-01 2.845946815389765461e-01 4.175921364779583422e-01 4.260716718686311522e-01 3.354928589518727522e-01 2.466446697587750259e-01 3.442307487646108499e-01
2.632431738828779899e-01 2.697847642508542920e-01 1.402386019894339420e-01 3.429466782117689960e-01 1.528539183026420833e-01 2.503409155207795833e-01 1.874869916587143248e-01 1.255524203096611280e-01 1.694360163818049436e-01 1.948263004947735078e-01 3.907726031973938197e-01 3.048514998718131475e-01 3.279033584506584331e-01 4.315132224740731992e-01 4.366495194115023182e-01 2.668307535033525579e-01 1.076476405359834132e-01 5.065464708455195142e-01 3.463723826050168486e-01 2.771311502533354010e-01
9.294906755072118720e-01 7.754151910730067154e-01 9.597517412894354116e-01 8.592847379328713009e-01 9.608275565645898464e-01 8.577376884911421806e-01 9.257331976349026936e-01 9.835569501202411358e-01 9.183930553825455645e-01 8.369825309923211165e-01 7.142797450511716439e-01 9.822204255537817508e-01 9.474427670145343372e-01 7.259069511125451069e-01 8.453266757395936359e-01 7.747704893818972982e-01 9.991029402010885851e-01 9.480200551567955491e-01 9.992534533281581810e-01 1.000000000000000000e+00
4.176842140195131114e-01 5.701596649646129000e-01 5.527464826461813141e-01 2.688970410424824098e-01 3.911683822341077144e-01 5.264866392688990482e-01 5.259335126378945624e-01 5.680796530426130975e-01 2.391752471414254344e-01 2.086256833903157859e-01 4.047464623410612639e-01 2.792399082261203813e-01 4.112395808143510245e-01 9.181093146570193375e-02 4.030169532479197514e-01 5.154483311298885262e-01 4.169526974377074646e-01 1.748928009175711173e-01 4.432499658499549633e-01 3.574424715023538091e-01
5.561571068034274479e-01 2.032188988187001999e-01 4.167799602256581082e-01 5.996552550662974657e-01 5.462498306146116311e-01 3.473496720310962349e-01 3.613395575709664187e-01 4.092824070756586052e-01 6.900583140095027934e-01 6.213963527516883634e-01 3.135928936756454122e-01 6.467967876521355519e-01 5.523638082197446231e-01 6.215038854267151969e-01 3.935319636485500872e-01 2.639565272043475908e-01 5.528061645077323449e-01 7.312339268884776589e-01 5.201062830592195763e-01 6.760422286749496745e-01
0.000000000000000000e+00 0.000000000000000000e+00 0.000000000000000000e+00 1.432796887184836256e-02 7.834306402130388966e-03 5.302608957461437712e-03 1.083721146745896327e-02 6.212211119030577530e-03 0.000000000000000000e+00 0.000000000000000000e+00 0.000000000000000000e+00 2.547976626227888529e-03 1.002099684330560146e-02 2.781405742050245197e-02 2.381729744739452537e-02 0.000000000000000000e+00 0.000000000000000000e+00 0.000000000000000000e+00 0.000000000000000000e+00 2.355430295185095835e-02
4.241346699746955662e-01 5.788749200714093934e-01 5.797755935791234494e-01 2.950071565294214437e-01 4.291429175450183209e-01 5.318963915238975604e-01 5.702057582666978375e-01 5.066147871078202636e-01 2.341638232905228767e-01 2.176140873125646247e-01 4.182978152840766128e-01 3.321372143976448199e-01 4.176193212420489242e-01 1.387397817454859850e-01 4.109493200768909449e-01 5.356935166890371969e-01 4.458602706039396235e-01 1.706616375629299853e-01 4.590780296130151927e-01 3.298555008592382598e-01
7.427063202146093612e-01 7.454253254029569176e-01 8.368827718182597630e-01 6.532329261055442871e-01 8.403913051441357362e-01 7.741983517868405995e-01 8.275660609177355465e-01 8.932459095110654168e-01 8.055387211313842499e-01 7.429261117818790616e-01 6.321309674851659510e-01 6.851290605901977360e-01 7.273984778606690238e-01 5.310864082986729295e-01 5.370386468905400390e-01 7.224719767009090132e-01 8.571582655008259666e-01 4.567952129380607462e-01 6.734765293010537279e-01 7.233781729029404861e-01
8.664810154015714638e-02 2.178532116730735324e-01 3.978071408093898642e-02 1.257755440426216453e-01 2.817692495654885304e-02 1.508121607597894820e-01 6.574050618756301090e-02 0.000000000000000000e+00 5.574283116790632736e-02 1.761466552822750220e-01 3.050460802331901311e-01 1.248347026820091632e-02 6.543764828264880817e-03 3.036524757208791114e-01 1.617008151344941913e-01 2.052793579744301433e-01 0.000000000000000000e+00 9.041374604869002740e-02 0.000000000000000000e+00 8.946951310090949308e-03
7.476010399988163302e-01 7.332711783631409297e-01 8.502495720679876801e-01 6.626648158279233591e-01 8.577936288066310144e-01 7.901337311017978537e-01 8.150472239732987623e-01 9.078520956765201433e-01 7.895668794211109232e-01 8.059401266206771552e-01 6.187945360410342932e-01 6.747000959910387508e-01 7.056696602183638589e-01 5.719116782249089592e-01 5.415519023743824434e-01 7.169262137834842008e-01 8.350143244951983013e-01 4.491820724584114077e-01 6.721989423144343334e-01 6.973679610462739653e-01
1.641981577171355289e-01 6.814201363542696233e-02 1.398395336938485223e-01 1.713917029768785572e-01 1.251585260128077470e-01 1.450132385778103439e-01 1.142324241346908548e-01 1.058526041845379712e-01 1.281433083164134901e-01 3.118487201592357039e-03 9.767966510930900514e-02 2.780315688203350843e-01 2.513953874613424344e-01 1.866108947467138568e-01 2.570194903072148263e-01 1.011060063287474720e-01 1.173391245113357406e-01 4.742345493240902599e-01 2.934221829474363830e-01 3.130525333568243140e-01
5.580024424316430975e-01 6.333509914109632932e-01 6.705243019262244752e-01 4.950035930124960792e-01 5.924676960368093770e-01 6.331372540684236938e-01 6.968873152300388840e-01 6.052324823583458135e-01 3.826954527093985314e-01 2.635593297239446908e-01 5.175800918655908411e-01 6.029444291947669843e-01 6.479414782616282897e-01 2.685219892634658212e-01 6.626536914506651055e-01 6.117207557234518589e-01 5.613592762950380122e-01 6.306790965837020257e-01 7.562302104301246164e-01 6.056969621131264025e-01
6.270608815593740060e-01 8.406080487515626976e-01 7.253751186443428978e-01 6.120808391196181919e-01 5.969445494362516369e-01 7.698887816947791451e-01 7.472751985713645961e-01 6.484677152878273176e-01 4.137805774814072857e-01 4.391985177550815078e-01 8.162247251749232824e-01 6.130102356778462935e-01 7.059248329718036397e-01 5.609235122225678660e-01 8.549455045282869925e-01 8.364626574607715304e-01 5.443239245541448001e-01 6.690555563194895417e-01 8.016439333452243243e-01 6.364579572198212354e-01
3.974049297055858021e-02 0.000000000000000000e+00 1.684626787987598268e-02 0.000000000000000000e+00 0.000000000000000000e+00 3.655792801339428216e-02 0.000000000000000000e+00 1.394445472370345329e-02 0.000000000000000000e+00 0.000000000000000000e+00 1.107696920819159665e-02 1.695601937114970745e-02 0.000000000000000000e+00 5.703749683797039102e-03 6.406645754582700886e-03 1.114823028888066100e-02 0.000000000000000000e+00 0.000000000000000000e+00 0.000000000000000000e+00 2.435886644436534298e-02
6.438646951698343557e-01 8.740912774724360901e-01 7.144631077919766371e-01 6.174282178047628689e-01 6.361422069756775821e-01 7.402628332568405023e-01 7.709364004653895819e-01 6.437557269046113584e-01 4.450555702218036980e-01 4.096320685425476338e-01 8.030858007468660853e-01 5.774560520054612400e-01 6.467604914511675407e-01 5.489203799507759163e-01 8.468275398090346906e-01 8.242349576172286474e-01 6.084435595280818232e-01 7.125321755293825277e-01 7.903707732076050707e-01 6.486656241998532968e-01
5.372738317279550646e-01 1.655732308735378688e-01 3.987575979091740330e-01 6.137429676978884974e-01 5.886390029212583697e-01 3.558359267396324355e-01 3.725919222902257522e-01 4.946335100156522557e-01 7.021349043555391578e-01 6.120632375451519058e-01 3.062209731642770993e-01 6.715610996766502305e-01 5.808298533208881009e-01 5.974875498717902023e-01 3.963121574420283566e-01 2.053478600427435796e-01 5.415771714001932358e-01 7.558986928510937897e-01 5.409747020756510150e-01 5.963339680422843347e-01
5.061712185463775882e-01 2.026126451801026074e-01 4.242895947684928726e-01 5.837540076414989842e-01 5.738098687454690205e-01 3.492292528514090444e-01 3.702641786724980566e-01 4.663189390458244432e-01 7.044318340677537815e-01 6.152711671649977454e-01 3.005354744949575996e-01 6.451756855663983714e-01 5.517914962415864100e-01 5.862567991627553043e-01 3.862253248835241237e-01 2.595432210867923417e-01 5.680427384118547085e-01 7.253133560787542455e-01 5.237145779093729248e-01 6.551265152178441520e-01
1.000000000000000000e+00 1.000000000000000000e+00 1.000000000000000000e+00 1.000000000000000000e+00 9.814578230625368160e-01 1.000000000000000000e+00 9.835559678051447596e-01 1.000000000000000000e+00 9.885891830664509383e-01 9.980268740626796475e-01 9.697962086918014979e-01 9.729460631477966359e-01 9.711859467549764924e-01 1.000000000000000000e+00 9.921935506306009955e-01 9.650847022930247876e-01 1.000000000000000000e+00 9.862625162105136400e-01 9.971732761637144282e-01 1.000000000000000000e+00
3.302230957828395930e-01 1.616399347804833020e-01 2.827713568076498096e-01 3.695134176748621213e-01 4.241781045272597361e-01 1.967889538611147515e-01 2.604495464748018407e-01 3.368568104247283146e-01 5.854429725615928337e-01 5.781740826354718754e-01 2.150934330721991639e-01 3.685244752181621175e-01 3.314697146160356378e-01 4.477548748019564706e-01 1.582411100149582750e-01 1.577618407637344233e-01 4.105525529195443446e-01 2.844051805423623014e-01 2.059216091006924598e-01 3.257547564040935706e-01
2.563783449931911762e-01 2.720530305452712461e-01 1.950947001629761701e-01 3.022837438406338340e-01 1.756038307887120287e-01 2.461562049615616532e-01 1.970736270020258252e-01 9.940998673788301043e-02 1.932441569511917090e-01 1.866267070140247286e-01 3.960576953315201321e-01 3.014430672585921567e-01 2.740606512389112126e-01 4.917716639496203523e-01 4.692534560912323682e-01 2.899907282990014656e-01 1.634073631792331560e-01 4.986780922504876479e-01 3.376261610253250556e-01 2.875394921933739356e-01
6.380320568288649907e-01 3.756857766632376583e-01 4.473981719879985830e-01 7.044002868051907340e-01 6.255807166818110332e-01 4.863061812300135678e-01 4.350612152422503320e-01 4.673953090206290351e-01 7.757362727025394200e-01 7.921469738139552685e-01 5.824101385784627993e-01 7.083346984523004597e-01 5.773130800963984788e-01 8.938759436325538488e-01 5.570647372592200108e-01 4.188811621247803263e-01 5.768006152640940964e-01 8.155227487035946465e-01 5.413727652058286655e-01 6.102977737518899826e-01
4.980878535141797792e-01 8.236158007111039625e-01 5.890524277740473158e-01 3.987736382204182806e-01 4.314779087406112046e-01 6.404017330681406328e-01 6.269517627516499880e-01 5.662519658071167861e-01 3.061046652795226808e-01 4.087711124711148059e-01 7.071835997231706861e-01 3.800531004032919880e-01 4.330359185137270250e-01 4.005492720458867506e-01 6.087007321784299041e-01 7.565377982720102867e-01 4.286120397310041463e-01 2.245315919996589138e-01 4.994217977172171752e-01 3.444645677854746846e-01
5.476499728500756614e-01 1.508795498205863506e-01 3.771673672983736902e-01 5.827733739616959285e-01 5.508543010883014679e-01 3.682112439692450945e-01 3.580925381657089623e-01 4.480934228400658692e-01 7.176907180415077470e-01 6.028959581770697573e-01 3.279250616065323420e-01 6.407241850974825237e-01 5.771876373822746320e-01 6.278668319237961093e-01 4.274812461509282513e-01 2.333712483843239649e-01 5.291309894190453500e-01 7.453033520421945557e-01 5.230962399248293426e-01 6.036821106821852467e-01
5.381097332962246904e-01 1.940943164537785592e-01 3.998318244794639709e-01 5.620491200624676553e-01 5.659848435841308145e-01 3.484296250132493666e-01 4.156880204866657547e-01 4.384735811019478957e-01 6.919940639548031180e-01 5.987813677951706604e-01 2.887242175910444408e-01 6.674336352404072192e-01 5.965957639097742016e-01 6.131793504480358425e-01 4.274495674066881024e-01 2.394586613969163780e-01 5.688349650585913242e-01 7.528615681576982244e-01 5.127490463533567189e-01 6.309770324900612071e-01
6.057759203990287222e-01 4.481780519445029976e-01 4.662498648438537785e-01 7.334080910059985747e-01 5.703951800026783037e-01 5.000866737255371675e-01 4.387600208265569623e-01 4.723579422816247542e-01 7.351596969904363732e-01 7.706776679005742370e-01 5.821540353651731836e-01 6.851810681160214189e-01 5.998568835905233598e-01 9.080589338033889790e-01 6.047357210859226617e-01 4.644624918300590544e-01 5.673457054786783527e-01 8.619665942644290091e-01 5.619087335768931935e-01 6.750050058665021391e-01
9.136165043233490657e-01 7.690858750585820580e-01 9.310035049223388537e-01 8.639040354355094209e-01 9.804137811557456228e-01 8.693372181002506638e-01 9.331402532685272311e-01 9.970669562081250215e-01 9.590298629153374277e-01 8.244222665324196786e-01 7.234143596922116837e-01 1.000000000000000000e+00 1.000000000000000000e+00 7.027336930473234711e-01 8.324726985126291723e-01 7.680039386689424541e-01 9.930429520270478427e-01 9.497220415583176312e-01 9.653440883584920584e-01 9.906166359195450744e-01
8.009929937446162718e-02 2.027765517861715439e-01 3.748113665225502600e-02 1.291930200131233830e-01 2.731453044322617457e-02 1.397174612676377881e-01 7.780179906685169566e-02 4.551984694111031043e-03 8.355352866237694687e-02 1.550271402244071672e-01 2.800617983393827171e-01 6.035176274353893505e-03 4.546331751203166321e-02 2.887478869653082869e-01 1.532248363628195553e-01 1.846476294688903785e-01 0.000000000000000000e+00 6.083562612885982240e-02 1.251043352914008207e-02 1.150770997105964033e-02
4.860808736880643521e-01 8.176612802667539981e-01 5.886375604271860684e-01 4.012498895407188848e-01 3.887880304997899383e-01 6.444341087878977525e-01 6.458777326769000737e-01 5.514528111878436167e-01 3.202806537419568556e-01 3.726506219217094462e-01 6.902508689111774842e-01 3.154076420904211031e-01 4.365720208448909956e-01 3.796248056255871473e-01 5.815003782886287720e-01 7.365088243634002607e-01 4.486651162221144129e-01 2.171525542555259036e-01 4.719195284978752181e-01 3.657426039972357934e-01
9.360945076168742940e-01 7.838004117971302254e-01 9.963843698256611425e-01 8.601928813539951868e-01 9.937546370486750602e-01 8.541472034170232153e-01 9.514337472371596771e-01 9.925760136331187589e-01 9.463047749031409106e-01 8.468363597030542644e-01 7.210758351492184692e-01 9.762519877390772871e-01 9.935983768653200432e-01 7.327103417390266049e-01 8.367479765582657159e-01 7.843329769324615119e-01 1.000000000000000000e+00 9.654496961616253481e-01 9.534649009267676112e-01 1.000000000000000000e+00
5.092317931004410880e-01 1.626417141542532141e-01 4.153282046938453487e-01 6.211200936955972862e-01 5.894218436277198769e-01 3.463597694754000367e-01 3.606438968281083235e-01 4.601299714877201130e-01 6.670913011027345130e-01 6.350099115183103216e-01 3.220785770663850411e-01 7.001164945141713503e-01 6.001145014431525926e-01 6.144817020299760957e-01 3.921955562938641005e-01 2.548047773773696734e-01 5.646358193220903932e-01 7.705048245333830925e-01 5.069283672790739770e-01 6.206228554914844375e-01
5.384507082652626453e-01 1.993122847816660159e-01 4.307117119169952546e-01 5.692271561162693949e-01 5.800745070954951288e-01 3.929919677074755757e-01 3.764981480447172624e-01 4.562905676707035840e-01 7.076082697366939955e-01 6.028132603617271101e-01 3.145990979044280267e-01 6.902584662119782832e-01 5.736472873117580695e-01 5.756370187494298518e-01 4.484914699226520973e-01 2.522621933488781165e-01 5.579710363078252966e-01 7.962098361015140791e-01 5.474765750205767834e-01 6.574224359094663628e-01
5.724494507481130423e-01 6.234127098414503632e-01 7.133417058403572764e-01 4.876375890696147408e-01 5.982277421439663456e-01 6.582635207451863479e-01 7.059625701545613197e-01 6.317063552727191222e-01 3.838221677991561220e-01 2.819557178286690169e-01 5.348391202263962363e-01 6.061063430818960374e-01 6.789880282653495414e-01 2.949027038772865650e-01 7.052472172459594013e-01 6.393214605954495866e-01 5.691896595846712703e-01 6.453956530600007957e-01 7.549397307584390093e-01 6.244547102960016360e-01
2.265320447857445685e-01 2.341041011583413489e-01 1.463605948466818740e-01 3.221047786041040806e-01 1.919597059772714109e-01 2.586220100461690818e-01 1.801919402695860151e-01 8.826115719721347452e-02 2.009635691667317203e-01 1.999486415410897111e-01 3.888508882517351939e-01 2.887019125623345173e-01 2.679717910101406253e-01 4.639865571645690467e-01 4.221627896692021209e-01 2.700225492621444734e-01 1.940658828482455522e-01 5.206936692814544410e-01 3.242175291738240150e-01 3.304302956275001479e-01
6.087737656312389722e-01 4.120859451958637232e-01 4.636670704131757303e-01 7.059474064394056780e-01 5.803237978735638070e-01 5.222127968325352976e-01 4.522796811361940450e-01 4.767598080681128558e-01 7.371046922062410856e-01 7.783992941143598188e-01 5.528015223156108604e-01 6.768617236008193094e-01 5.695389515094497757e-01 8.649139802596372828e-01 6.190691080477705999e-01 4.296892129557111084e-01 5.867669005214136702e-01 8.150320182760096843e-01 5.438553746427233770e-01 6.713411530648226710e-01
6.167105366151041101e-01 8.579442927507983097e-01 7.165518063440394769e-01 5.917172822230563067e-01 5.864259106267754040e-01 7.488617133188264496e-01 7.341838864609695481e-01 6.430912678169491414e-01 4.662112626309337649e-01 4.066263331053414087e-01 8.148670677296664389e-01 6.502857653683163930e-01 7.045547740104346479e-01 5.664487267116453673e-01 8.842058752103083563e-01 8.096120343206820724e-01 6.033264366927221234e-01 7.639776209933377693e-01 8.024269624108194554e-01 6.639765792408021117e-01
5.578298462519956091e-01 4.119761804547947270e-01 4.126863554679403023e-01 7.206758877981037648e-01 5.630248330123959200e-01 5.140921352908789377e-01 4.328497717296306280e-01 4.798127741877560859e-01 7.972680616484898453e-01 7.785326355095756323e-01 5.924095363814317894e-01 6.981911991443066068e-01 5.718866718819654027e-01 9.199933025757248695e-01 5.938243991047728043e-01 4.353215732282110784e-01 5.634962118086181970e-01 8.148363425826270490e-01 5.232100755384582191e-01 5.974152640228790334e-01
5.039101333237921976e-01 2.018094308744135257e-01 4.195750377291755928e-01 6.101706187432202055e-01 5.746000284844553496e-01 3.621751474303475105e-01 3.417250002290811439e-01 4.545958498042437790e-01 6.743716929024279327e-01 6.358173150946969665e-01 3.137719658037011472e-01 6.254031780494997417e-01 5.695825771963547446e-01 5.963613063343587983e-01 4.108020016822186982e-01 2.306164452314792834e-01 5.486781018036364088e-01 7.605003575694717632e-01 5.226172442589597233e-01 6.909333140792113248e-01
0.000000000000000000e+00 4.432655840424773799e-03 0.000000000000000000e+00 1.645798022292760052e-02 9.189956816827073854e-03 9.587978184141094339e-05 3.528626689112819570e-02 0.000000000000000000e+00 5.368775727687302886e-04 0.000000000000000000e+00 3.632366102298504457e-02 0.000000000000000000e+00 0.000000000000000000e+00 0.000000000000000000e+00 0.000000000000000000e+00 0.000000000000000000e+00 0.000000000000000000e+00 1.492307324016560119e-02 0.000000000000000000e+00 3.392871754796084136e-03
1.000000000000000000e+00 1.000000000000000000e+00 1.000000000000000000e+00 9.793463613144440805e-01 1.000000000000000000e+00 1.000000000000000000e+00 9.804304230533258391e-01 9.589907455656744295e-01 9.974387515750745559e-01 9.863546830015265110e-01 1.000000000000000000e+00 1.000000000000000000e+00 1.000000000000000000e+00 9.926247806806060003e-01 1.000000000000000000e+00 9.964194115765540039e-01 9.969859388404843648e-01 1.000000000000000000e+00 1.000000000000000000e+00 9.990670663377504424e-01
3.515833668931667710e-01 1.778975050158078108e-01 2.914311379537117275e-01 4.172197390833941033e-01 3.966613171546903294e-01 2.220670155470731988e-01 2.417444556920936571e-01 3.799233087594379721e-01 5.516435652727559313e-01 5.832937685004452311e-01 2.128561598291698609e-01 3.932617490218832113e-01 3.115014025215033788e-01 4.724881299295092818e-01 1.181255462817336344e-01 1.998027163696471931e-01 4.284762786551278846e-01 2.976108732173624039e-01 2.134113541795162883e-01 3.087972065568871383e-01
3.480627167753160278e-01 1.505420197462244980e-01 2.788223958014749981e-01 3.946106650710687891e-01 3.978282454771255305e-01 2.609198338975151632e-01 2.348659843141301662e-01 3.465229670122029204e-01 5.688456646890494017e-01 5.450911115874994550e-01 2.111245273910299924e-01 3.620389774411443828e-01 3.372419151276728755e-01 4.350194315740819606e-01 1.580336108517454985e-01 1.860329001400354565e-01 4.304292380811685637e-01 2.854889204144150372e-01 2.310738108701878568e-01 3.502255445991987459e-01
1.000000000000000000e+00 9.813279483993673225e-01 9.565288601293575610e-01 9.845857305482897948e-01 1.000000000000000000e+00 1.000000000000000000e+00 9.783780094500392766e-01 9.870860888719243942e-01 9.728560788127280645e-01 9.883548848402072817e-01 1.000000000000000000e+00 1.000000000000000000e+00 1.000000000000000000e+00 1.000000000000000000e+00 1.000000000000000000e+00 1.000000000000000000e+00 1.000000000000000000e+00 9.906979418147024985e-01 1.000000000000000000e+00 9.721147781227360563e-01
5.867918628918750157e-01 4.129673180494679019e-01 4.743674083315397860e-01 6.911780914410819987e-01 5.744146694395365627e-01 4.692508363672937000e-01 4.281204969763419133e-01 4.599347955755901385e-01 7.426314217790758176e-01 7.683630059258311773e-01 6.056090840049538349e-01 6.765664910092404893e-01 5.874236598485952365e-01 8.972269131186619839e-01 5.906072623248060927e-01 4.676506376823056921e-01 5.658666037583799380e-01 8.168562691576682910e-01 5.549424968240596057e-01 6.410725427293106904e-01
4.013133513457242119e-01 5.772885787687592751e-01 5.682151662472147979e-01 2.741929078731249469e-01 3.919141718989095358e-01 5.208591323515723293e-01 5.463070794213966686e-01 4.871283507391811485e-01 2.415402237616149639e-01 2.239526186753647563e-01 4.214581714376146038e-01 2.892493505312307422e-01 4.310065142276641170e-01 9.690426648573841062e-02 4.303120702071214776e-01 5.566030317291390528e-01 4.164876967721564127e-01 1.679618678265379639e-01 4.433900959013246101e-01 2.960467673829016988e-01
4.493044500870350122e-01 3.511733544727135281e-01 3.281677755043574951e-01 5.435351807260250245e-01 4.501671998931240926e-01 3.443288549114996155e-01 3.182580909490365095e-01 3.444714573892093679e-01 6.335956301763331355e-01 7.539592220643750453e-01 4.534377300968686075e-01 3.844077923109638917e-01 3.696957092710553838e-01 7.329476178487766003e-01 2.854936913333041004e-01 4.029451223247222380e-01 4.176134019129489339e-01 3.318437940963551713e-01 2.470612904022978229e-01 3.908809529502892954e-01
7.802976765217968236e-01 7.419155300036384126e-01 8.526832502461083596e-01 6.453706708062412201e-01 8.254101907292831219e-01 7.510326103531949071e-01 8.115818195302855198e-01 8.892651184256280539e-01 8.009490654507406271e-01 7.923324670972970996e-01 6.270066848852114960e-01 7.194579663629930844e-01 7.382745889398135697e-01 5.625808022021199228e-01 5.728426439704072948e-01 7.160532027996907578e-01 8.612792922962217990e-01 4.682637317269858768e-01 6.460876458857016669e-01 6.847202429092037468e-01
5.747903443567047299e-01 6.225145380649811377e-01 6.775078352521062275e-01 4.620256640425908223e-01 6.035163360633569729e-01 6.580803243901057753e-01 6.971733747809968351e-01 6.429693987110980391e-01 3.839929331603305074e-01 2.794939571428957659e-01 5.035711273292031720e-01 5.670786672823434627e-01 6.482880755977677989e-01 3.190172944364622065e-01 6.597006661744215794e-01 6.022929805113275137e-01 5.659435196447981653e-01 6.048947502596153658e-01 7.744706410233950233e-01 6.608891037939623736e-01
1.780828856313030062e-01 0.000000000000000000e+00 1.336565993597538526e-01 1.733947310111737528e-01 1.492620880411154594e-01 8.128444429280490269e-02 1.445526867694256201e-01 1.106842930131891195e-01 1.352937331867167803e-01 6.855305241291165252e-02 8.334666204249888133e-02 2.827329744356980035e-01 2.667570917435767019e-01 1.714249081689831755e-01 2.820024584062065798e-01 5.187947099819406604e-02 1.387273476093543179e-01 4.477650948318416257e-01 2.959754864985877365e-01 3.333173146561097533e-01
6.802611665759904502e-01 8.696245483087106098e-01 7.406429762022188612e-01 6.314935321163953619e-01 5.994973421888847298e-01 7.481100101200042207e-01 7.394737285695949236e-01 6.066908993077281265e-01 4.046292052284862217e-01 4.586902614829764246e-01 7.886534303296828252e-01 6.170702578474694944e-01 6.738254892029710286e-01 5.549203484604999792e-01 8.392802496808722257e-01 8.323972225427167526e-01 5.708232760733880085e-01 7.378437387066343334e-01 7.818607962571028080e-01 6.763498436771070432e-01
2.146511936867820380e-01 5.605434886730754906e-02 1.437169591495476295e-01 1.793083671165814907e-01 1.649778223571184699e-01 1.125721926632183012e-01 1.041214529385670884e-01 1.143534018315534445e-01 7.839734812860726931e-02 1.811143230524184244e-02 6.258731514260880424e-02 2.939025266065415920e-01 2.696580336480656759e-01 1.255014569104444810e-01 2.434307993435704531e-01 8.298953513402326787e-02 1.359362191067834402e-01 4.377433446058566768e-01 3.287196384802270610e-01 2.798300132181283928e-01
8.289221281339210767e-01 9.943485127793452172e-01 8.629879414581409502e-01 8.014390360391073775e-01 8.277954330420784768e-01 8.886532687673075470e-01 8.799002745663349057e-01 8.727683993404881102e-01 8.675899548872222367e-01 9.826485931588762046e-01 9.109448562588593479e-01 7.390814485630433639e-01 7.421425341197291914e-01 8.467587538645645617e-01 7.718895473901677962e-01 9.712076670988838423e-01 8.450102630279063831e-01 5.263600350344995737e-01 7.029480686787491495e-01 6.987169035458739019e-01
9.296773582245603240e-01 8.087621873743147116e-01 9.561222509387766744e-01 8.657056475298749998e-01 1.000000000000000000e+00 8.836483772458679775e-01 9.362785977256901093e-01 9.864778353844507741e-01 9.710554192256263262e-01 8.455769483019200949e-01 7.521611698098024101e-01 1.000000000000000000e+00 9.546559288851672598e-01 7.325408488095980220e-01 8.185378402332298409e-01 7.345721906841651272e-01 9.800046780459822360e-01 9.620770177219015729e-01 9.700159821472867927e-01 1.000000000000000000e+00
6.369779220454044886e-04 5.456672646645706337e-02 1.781423280224191151e-03 0.000000000000000000e+00 0.000000000000000000e+00 1.459013793575858649e-02 0.000000000000000000e+00 0.000000000000000000e+00 0.000000000000000000e+00 1.528455601955763105e-02 0.000000000000000000e+00 1.638766070193408905e-02 3.408329216164356773e-02 0.000000000000000000e+00 0.000000000000000000e+00 1.043828652123218563e-02 0.000000000000000000e+00 0.000000000000000000e+00 0.000000000000000000e+00 2.602933635878090790e-02
1.000000000000000000e+00 1.000000000000000000e+00 1.000000000000000000e+00 9.634545225877944041e-01 9.567284430260616368e-01 1.000000000000000000e+00 9.764000169992630429e-01 9.937997054551626075e-01 1.000000000000000000e+00 9.743840325931762969e-01 9.753747298001300692e-01 9.524764680374940840e-01 9.946200940583744821e-01 9.904618348463882782e-01 1.000000000000000000e+00 1.000000000000000000e+00 9.707574813831399974e-01 9.636206240632462228e-01 9.709416913193167353e-01 9.930660406687096264e-01
5.046240239359651714e-01 1.928356328609226733e-01 4.184237731016374195e-01 5.925287871334483647e-01 5.407089464327090589e-01 3.603311585568867992e-01 3.732230491835887287e-01 4.989580707990234898e-01 7.084637652189363921e-01 6.066541236827195371e-01 3.186548607254985899e-01 6.502052117099478279e-01 5.948331153910597635e-01 6.070650205939148725e-01 4.083861007939254550e-01 2.650429532257642107e-01 5.716223457850285739e-01 7.590379674968353862e-01 5.027546382713452555e-01 6.649630673904300959e-01
6.321943668959044693e-01 8.507857077906982868e-01 7.207522478524754916e-01 6.044496543808149935e-01 6.050187779355107320e-01 8.006252475762288823e-01 7.288136754605608614e-01 6.913559259403224688e-01 4.447987601091842880e-01 4.275733773243661218e-01 8.101731340613232968e-01 5.924790670483977006e-01 6.515756441138541577e-01 5.117903530505103493e-01 8.560743896397101649e-01 8.384293263644719829e-01 5.663537087117785918e-01 7.029723295673081518e-01 7.890024442436689434e-01 6.514212073952225790e-01
3.636083922684761882e-01 1.768492285161588351e-01 2.722067208545391193e-01 4.072662558594281057e-01 4.207391223695856053e-01 2.543577736109483567e-01 2.519441962807960067e-01 3.192077212453174884e-01 5.845385092143234873e-01 5.630320943133444445e-01 2.265695142995221012e-01 3.335054084590619583e-01 3.106222439558616322e-01 4.415979796550498215e-01 1.692641376931512398e-01 1.733732787331420389e-01 4.421569222281681033e-01 2.780584166435942084e-01 2.114942767960390491e-01 3.640790611027893697e-01
4.627606303080994965e-01 8.148483246133593205e-01 6.094814498002910641e-01 3.940245240619913436e-01 4.505520749758498145e-01 6.767853242913990375e-01 6.604179740767606166e-01 5.750105022306007951e-01 2.946878106838676237e-01 3.536909157064676013e-01 6.804153778436685673e-01 3.201298045438562001e-01 3.987338645728201181e-01 3.512014063097657623e-01 6.007791260340769046e-01 7.848125733998798648e-01 4.256850345999186325e-01 2.209282571292346398e-01 4.641085934728274021e-01 3.412098255714650641e-01
5.086472263186372356e-01 2.084246699894427846e-01 3.936832094603005539e-01 5.965207752778021177e-01 5.500149246177520324e-01 3.807919455389749963e-01 3.549926178856920855e-01 4.431644968285878283e-01 7.245206453000917479e-01 6.435853360432286507e-01 2.651336175918901361e-01 6.545269796265570372e-01 5.608638420813026881e-01 6.246632196945901550e-01 3.892103955638564483e-01 2.426244708403030859e-01 5.235096602071036553e-01 7.563656146825303850e-01 5.004996498354001844e-01 6.483749110272192251e-01
2.137994371738709543e-01 2.495406819142728660e-01 1.480499010101952173e-01 3.185078193941959235e-01 2.082677033983409420e-01 2.448930630846760936e-01 1.703724171506981466e-01 1.098747029636980566e-01 1.858442610109524440e-01 2.196676464319187172e-01 3.687182420855604215e-01 2.894256264007811219e-01 2.471141397513422211e-01 4.639973851729123910e-01 4.465718113870070782e-01 3.076843180413874057e-01 1.339463660723465288e-01 5.385196961286882189e-01 3.567055170977808110e-01 2.733065862221619180e-01
1.417235077526385334e-01 7.901354710694988293e-02 9.605515728681723875e-02 2.012976463523117598e-01 1.833953095741159833e-01 1.356806436703559826e-01 1.083976749242394205e-01 1.279574551634521384e-01 1.556566442374180959e-01 4.805075383444427223e-02 1.098786529667955814e-01 3.284114916932874273e-01 2.570219229268156380e-01 2.199859841703331320e-01 2.717617802790642245e-01 6.647164236608002486e-02 1.418584069982768148e-01 4.559990248031806637e-01 3.441582631027322314e-01 2.716473146718669240e-01
9.285383275542840043e-01 7.726938029109526873e-01 9.871457069941959039e-01 8.806643798406156298e-01 9.923047109273834820e-01 8.843521791041274449e-01 9.368024046131089300e-01 1.000000000000000000e+00 9.308991179876711097e-01 8.292088186531896277e-01 7.133872055877992224e-01 9.758296661670623484e-01 1.000000000000000000e+00 7.153395937834973184e-01 8.330414081247051739e-01 7.792309561836714416e-01 9.808810623574493182e-01 9.087172249761646947e-01 9.726599741466568361e-01 9.899228050328779949e-01
0.000000000000000000e+00 0.000000000000000000e+00 0.000000000000000000e+00 2.573987191555392878e-02 3.530208684461959290e-02 8.000670502996109698e-03 0.000000000000000000e+00 0.000000000000000000e+00 1.291758515685094942e-03 1.123379801029554190e-02 0.000000000000000000e+00 1.486561777434260850e-02 0.000000000000000000e+00 1.180153367844308764e-02 4.753446883206963007e-03 0.000000000000000000e+00 3.364562165439784897e-02 2.036673144813762673e-02 2.400127870289138227e-03 1.927402778425106600e-02
4.747830396354679183e-01 7.969189936962236542e-01 5.849100239307615245e-01 4.121109664763502045e-01 4.101302257471890478e-01 6.427775013369110280e-01 6.331202478876120088e-01 5.368812072790707379e-01 2.932716659755100208e-01 3.834619644813299089e-01 7.233631863431005948e-01 3.461482603988583762e-01 4.134271517853866373e-01 3.965287437082548605e-01 5.767399932943197971e-01 7.406627015187172702e-01 4.425488271069862312e-01 2.385532860416235412e-01 4.670398034573133295e-01 3.703197859867478625e-01
6.298246630305803784e-01 4.134413460233573034e-01 4.593870071223791762e-01 7.184661650555188572e-01 6.029067199042619229e-01 5.366987980364933408e-01 4.405094802119970399e-01 4.654215989186904490e-01 7.922229852757923796e-01 7.515295746704782065e-01 5.841909814498964515e-01 6.791084650311941528e-01 5.756625593220345838e-01 8.925189561612864031e-01 5.596697286242439118e-01 4.616633855307885059e-01 5.886804095102232681e-01 8.112107269235948603e-01 5.688155648402666298e-01 6.199338409905840175e-01
3.774401606578825508e-01 5.690613643427638868e-01 5.416505886806709524e-01 3.162181164398214506e-01 4.359595631955894834e-01 5.423289221466242038e-01 5.778193441097513317e-01 5.351566164850737328e-01 2.391284030883368550e-01 2.013321845337228966e-01 4.408658864573012370e-01 3.042930778297294747e-01 4.227626802625030766e-01 1.053146953114868500e-01 3.962698806451486755e-01 5.430601059049013912e-01 4.187669158550572646e-01 1.870473116677142389e-01 4.539006449041371183e-01 3.681247861237868513e-01
9.947019223493348550e-01 9.828335022865397619e-01 9.692276729931807999e-01 9.867006592968315948e-01 9.748636911614940725e-01 9.985970652892997013e-01 1.000000000000000000e+00 1.000000000000000000e+00 1.000000000000000000e+00 9.634620416443067104e-01 9.869078546189613554e-01 9.910929059043936951e-01 1.000000000000000000e+00 9.496189092278523036e-01 1.000000000000000000e+00 1.000000000000000000e+00 9.940429201529970005e-01 9.920902011919194852e-01 1.000000000000000000e+00 9.758066708280238588e-01
8.822060157247301193e-01 9.379338868034019505e-01 8.550532758150304335e-01 8.202091475899492279e-01 8.546754896177882754e-01 8.798011587636010988e-01 8.984137777503286015e-01 9.027729841505750530e-01 8.855985306505160803e-01 9.555790315148935399e-01 8.716995954173041294e-01 6.994973847684020640e-01 7.676089382620407964e-01 8.048309544216534217e-01 7.239622119030495462e-01 9.406126118158284477e-01 8.554969222681962915e-01 4.926905271357170379e-01 7.157501523569043123e-01 6.974683127497817159e-01
0.000000000000000000e+00 0.000000000000000000e+00 0.000000000000000000e+00 6.935161993516894552e-02 0.000000000000000000e+00 3.137176639508586218e-02 1.370491391655629700e-02 0.000000000000000000e+00 0.000000000000000000e+00 1.257474093454557379e-02 5.273494038002190035e-03 2.538086620451845271e-02 0.000000000000000000e+00 8.044305671680296310e-04 0.000000000000000000e+00 2.117497629014005942e-02 1.615169138096978277e-02 0.000000000000000000e+00 0.000000000000000000e+00 0.000000000000000000e+00
3.438978335471339909e-01 1.336056103892146740e-01 2.950951064471186158e-01 4.095096104602515830e-01 4.406222160720935643e-01 2.528720450461219849e-01 2.074601211555134606e-01 3.635420182197603434e-01 5.470371287044734077e-01 5.663877470673119863e-01 1.645263905493499768e-01 3.927187821430608294e-01 3.323818971898692132e-01 4.288062758544065600e-01 1.210132593314561245e-01 1.660583764434559184e-01 4.517048338966335175e-01 2.723156853272825084e-01 2.361539995782791501e-01 3.391194081885397504e-01
3.984736483222944825e-01 3.894509262500112090e-01 3.333125180974606527e-01 5.158229283635534790e-01 4.066413403097797752e-01 3.908581281245278038e-01 3.419979764177850101e-01 3.605828627004379339e-01 6.339006266392407385e-01 7.492792395788238080e-01 5.080559164218432233e-01 3.830077859450968236e-01 2.883695885827002314e-01 7.275523603412287210e-01 3.136831830330270021e-01 4.167616178688162698e-01 4.521608153451263656e-01 4.153889350692095417e-01 2.184612824664061703e-01 3.598518146701077391e-01
4.480052537326925099e-01 3.846918916372976671e-01 3.224809283218424416e-01 5.283147478592202795e-01 4.610750913882329383e-01 3.059754522284408029e-01 3.340293375269521858e-01 3.895612656360393777e-01 6.340466986553938700e-01 7.373263170222520424e-01 4.852936060260445994e-01 4.199942501333805422e-01 3.431949831850337751e-01 7.114530423005517301e-01 3.183659197312687095e-01 3.686045188813147355e-01 4.015567939247671192e-01 3.487569600212919174e-01 2.595280806209827040e-01 3.142744210537902760e-01
2.251963339379884355e-01 2.564212575359503532e-01 1.541410980104618300e-01 2.744881121267771507e-01 1.749616492187440198e-01 2.420819681555814173e-01 1.742526580171430417e-01 9.502823249797710814e-02 2.109252114656475496e-01 2.294667205035919866e-01 4.027189692615418815e-01 2.759361248535549538e-01 3.041144674740161591e-01 4.694543321955904069e-01 4.461725672427319100e-01 2.964702393093983090e-01 1.620156849788753350e-01 5.262162439872096753e-01 3.437844966950879266e-01 2.945001890627056973e-01
8.210636821273160635e-01 9.486452506834169851e-01 8.842770546420922750e-01 8.601644620127127938e-01 8.284481351766164181e-01 8.422473042792011366e-01 8.708741491213334296e-01 9.215615045016840590e-01 8.680494129353515387e-01 9.545621129611807643e-01 8.917732835030808269e-01 7.297133142160164843e-01 7.258735995483727166e-01 8.284886026329796316e-01 7.551094254875208023e-01 9.356175448731818278e-01 8.546138980771543769e-01 5.213933993616670648e-01 7.185188160156622539e-01 6.963512250907402112e-01
5.748200820009260470e-01 4.260967434074130478e-01 4.381607699719306526e-01 7.217494537680479993e-01 5.481301695873935786e-01 4.954553675966802406e-01 4.204349541488945907e-01 4.568432457291523030e-01 7.986174693637715372e-01 7.919388758683991725e-01 5.926338906524186712e-01 6.817984044033966740e-01 5.881407239013494159e-01 8.991754686789762419e-01 6.122327776031935009e-01 4.151053712216072333e-01 5.860577562986765132e-01 8.224122549343459987e-01 5.358522163192146470e-01 6.707578395482780564e-01
2.464361742790989740e-01 2.736626605359454567e-01 1.633713194587967377e-01 3.250147037454716448e-01 1.800517235583982967e-01 2.461077208875815381e-01 1.852182107925732790e-01 1.186762174447783258e-01 1.865995661086664315e-01 2.315476074679668206e-01 3.651998745322261875e-01 3.024238258922550826e-01 2.567618264560123653e-01 4.496783073230044558e-01 4.468792681133268441e-01 2.526967923713697162e-01 1.618156456477857219e-01 5.315124771019469341e-01 3.255292330178808369e-01 3.260072758404158888e-01
4.491286685763413167e-01 3.413075311608709805e-01 3.244071920509554730e-01 5.358028266101154680e-01 4.335360769372923473e-01 3.477833421904201194e-01 2.991769857961227297e-01 3.854259593426599406e-01 6.621883438657939491e-01 7.704465670643134700e-01 5.097773953004623992e-01 3.582625550448151897e-01 3.678934826845298711e-01 7.294656672902495309e-01 2.845013091554114970e-01 3.661133317687839117e-01 4.511832814500505995e-01 3.720321548142279111e-01 2.600645944452449343e-01 3.841799044531732377e-01
6.018311206770402544e-01 4.230558472573108797e-01 4.338797533440061360e-01 7.054727986808916329e-01 5.714476627869534697e-01 4.568571587403896794e-01 4.187865943969150129e-01 4.879152456499062929e-01 7.447831203828011448e-01 8.027222513096823331e-01 5.783339168868432134e-01 6.660695745193011552e-01 5.664919559624375101e-01 9.211961148300076285e-01 5.808357924444844667e-01 4.681446408174555485e-01 5.601207009263563519e-01 8.127020871116875655e-01 5.386687194711747839e-01 6.772095977270260470e-01
6.606022126751477652e-02 2.226975577784979232e-01 5.540676650065375075e-02 1.300040579855301637e-01 8.769291623996902998e-03 1.179687361679902513e-01 8.858702247924590822e-02 0.000000000000000000e+00 6.237704171260377572e-02 1.631868743174205716e-01 2.881240359605983792e-01 3.880783783623586308e-02 5.386583753557175336e-03 2.718401042637809129e-01 1.289866790507478433e-01 1.728061636552397085e-01 1.181104898974914483e-02 6.843927269208517628e-02 5.298251963352706290e-02 1.248442268362022836e-02
5.218637939392771763e-01 2.127276561590427106e-01 3.972896067442636681e-01 5.599099474436629587e-01 5.772833856750853032e-01 3.846773260538141059e-01 3.508690744010986573e-01 4.718213481243957452e-01 6.940351646706912625e-01 5.873393884349475957e-01 3.232969959092676371e-01 6.648486348219623254e-01 5.410584924557091391e-01 6.311264422498901183e-01 3.827538218190734698e-01 2.457214305223071604e-01 5.494321759295955898e-01 7.327412526497472101e-01 5.094912043366566223e-01 6.502229990224538403e-01
8.401885062194394127e-01 9.536717602021445028e-01 8.672941493766912480e-01 8.090606423179080853e-01 8.427477348396890111e-01 9.125099554491949982e-01 8.660117299749474640e-01 8.952656857609803120e-01 8.533293168049238542e-01 9.693734080942120190e-01 9.060812506374654740e-01 6.767344443421904332e-01 7.638234629422829824e-01 8.232837104450125842e-01 7.479239607820610258e-01 9.441742716033292293e-01 8.661975927547027609e-01 5.516478729396091518e-01 7.008173670089512530e-01 7.132679766288254619e-01
1.069698914473474483e-01 2.147817973178159645e-01 2.978789224040161165e-02 1.258210281372064698e-01 3.953984334414320512e-02 1.246730413096371476e-01 4.460418810867547434e-02 0.000000000000000000e+00 8.178181080334445685e-02 1.309100185330704935e-01 2.936092047715698761e-01 2.604626069842675556e-02 1.394571427219577081e-02 2.826520593875558318e-01 1.548810582281678616e-01 2.369704598572946463e-01 3.132106958708161942e-02 5.840311825023883352e-02 4.543708473142486770e-02 0.000000000000000000e+00
9.993893029632763825e-02 2.542639024443775209e-01 4.258565470104598571e-02 1.358601691670912881e-01 0.000000000000000000e+00 9.442849789225304935e-02 8.728892140157855362e-02 1.151103011846163135e-02 4.165182790555076175e-02 1.610533826362937626e-01 2.458460152824683553e-01 1.654662766793213446e-03 1.825500132632893249e-02 2.743371933536524754e-01 1.624109913305916419e-01 2.174005088809277675e-01 0.000000000000000000e+00 4.358366802789986200e-02 3.730137284500206762e-02 0.000000000000000000e+00
4.181550802073100148e-01 3.752942084360407216e-01 3.015086489191861618e-01 5.280111335402427608e-01 4.229809731565931652e-01 3.585927899351228909e-01 3.381028439092632620e-01 3.217700736159191388e-01 6.457293416942915254e-01 7.231400032177930370e-01 4.931237225602990160e-01 3.852169772699011729e-01 3.353718884076610784e-01 7.239844824229809683e-01 3.360887349750706909e-01 4.046242461670634949e-01 4.101518680210031187e-01 3.340792251565561366e-01 2.437910269160121490e-01 3.478103715648486749e-01
4.968981043281144871e-01 2.042068952214880773e-01 3.937873456493599655e-01 5.760114554998477798e-01 5.804827893185875443e-01 3.391605615212507918e-01 3.596665507699820519e-01 4.666239016765953984e-01 6.817251251172538051e-01 6.300124820566705974e-01 3.518872432512726300e-01 6.929409234813643792e-01 5.743149718476050491e-01 6.250368450162481215e-01 4.101032905935129702e-01 2.373869430181214102e-01 5.611567913664531337e-01 7.546501203666402535e-01 5.384694319343629187e-01 6.837386607608897382e-01
1.007102669168224995e-01 2.081552718364864385e-01 1.360009241230644011e-02 1.346398699912355335e-01 0.000000000000000000e+00 1.377143169508697196e-01 5.856939341869060039e-02 1.003141467571625964e-02 3.275407513249747882e-02 1.727159324318033318e-01 3.016781404822453383e-01 5.103519849117839347e-02 0.000000000000000000e+00 2.904183627801316669e-01 1.706493244404090059e-01 1.959809716791310052e-01 4.043329815739585276e-03 8.773296637886668359e-02 4.016789253299880846e-02 6.968078179818111562e-02
4.908345866914458067e-01 2.158890717518658353e-01 4.058849971624247099e-01 6.049638078987442658e-01 5.458016529634637237e-01 3.718535215895245050e-01 3.627652998275214813e-01 4.596458274796400012e-01 6.725012792293929564e-01 5.845894553990703679e-01 3.182037619409599505e-01 6.417788540430805488e-01 5.662925616763263559e-01 6.270901120571362730e-01 4.014912953461196587e-01 2.724805655365426516e-01 5.494035145682907295e-01 7.794270510833845034e-01 5.417116698714724565e-01 6.442550031755024387e-01
1.000000000000000000e+00 1.000000000000000000e+00 1.000000000000000000e+00 9.942666026999030793e-01 1.000000000000000000e+00 9.753239986082129498e-01 1.000000000000000000e+00 1.000000000000000000e+00 1.000000000000000000e+00 1.000000000000000000e+00 9.994805080963413690e-01 9.765853753686318806e-01 1.000000000000000000e+00 1.000000000000000000e+00 9.904544223813339654e-01 9.630119529051327509e-01 9.859608232221536150e-01 9.973171210661091468e-01 1.000000000000000000e+00 1.000000000000000000e+00
9.135505727052519731e-01 7.804817821214737883e-01 9.814600022890322961e-01 8.293301042308758309e-01 9.917545304372412662e-01 8.784102858883000575e-01 9.536873528280337409e-01 9.822292045757754497e-01 8.887692896843070178e-01 8.630530586462300535e-01 7.157954952440749308e-01 9.800920863343417500e-01 1.000000000000000000e+00 6.967445498308998397e-01 7.927301030081186362e-01 7.867685961149983864e-01 1.000000000000000000e+00 9.283041508269286313e-01 9.193391041522152030e-01 1.000000000000000000e+00
9.383314139592145997e-01 7.783497420247411647e-01 9.741442058010424399e-01 8.598446952764392526e-01 9.825235928851878686e-01 8.612600399336417523e-01 9.198599623817160786e-01 9.912184180942196221e-01 9.036676795693405762e-01 7.920058356536699984e-01 7.612915608726190664e-01 9.624955041798148869e-01 9.567791916606458447e-01 7.547279964880740932e-01 8.288033888467073451e-01 7.845464433880500188e-01 9.637739444526451926e-01 9.437006122729635349e-01 9.536648340606840302e-01 9.694747177980976849e-01
