4.241264449532642367e-01 4.260038257550061713e-01 2.062423455167574637e-01 4.103813819149855768e-01 3.371315532695077222e-01 3.587167833745941170e-01 1.752545473893794559e-01 5.138528839326209630e-01 3.600691830222103040e-01 3.832051027293486567e-01
6.115204071101891792e-01 7.054470156186311014e-01 4.872843381471960167e-01 8.789184501851315945e-01 7.845592742164625433e-01 8.765328525334993293e-01 7.107257308449406175e-01 8.391216636960030506e-01 7.396562406109434828e-01 5.910380529072690736e-01
8.372037479151723804e-01 6.280253778436214462e-01 6.652940500242399136e-01 5.909918728839947955e-01 4.645351674074660320e-01 7.248982651420512457e-01 5.024528940708063995e-01 6.499964528632597993e-01 7.577660890639243974e-01 8.075051163780728736e-01
7.242965769545607335e-01 6.310269810478107422e-01 6.370000370070030282e-01 7.730996027477349264e-01 8.856752759164742139e-01 7.478439097646204514e-01 7.071635690970824450e-01 8.991568403025375078e-01 7.798963225465199711e-01 5.958126213841663521e-01
6.316783328467030501e-01 7.293142062067328180e-01 5.026188300223843886e-01 9.479523141847321366e-01 8.170934292032323576e-01 7.218049831339493627e-01 6.978017116280115228e-01 8.927590334847279596e-01 7.566609665280237262e-01 6.102151844251624269e-01
6.195301785370372905e-01 3.881634119489697499e-01 3.369786303892031154e-01 5.547926924817569994e-01 6.821866277327617301e-01 5.545563614925224094e-01 2.592652735226771421e-01 5.590039507708994826e-01 6.242077539537371766e-01 3.260053671904959982e-01
7.667885923404973436e-01 6.654688510919188893e-01 6.254789717524723569e-01 5.706172507629553303e-01 5.011506382416472949e-01 6.606224741625524866e-01 4.375364685562706524e-01 6.957117285908286375e-01 6.171328924855616904e-01 7.069949729389551907e-01
4.744369624820016229e-01 3.006144010457582061e-01 2.047829823362355417e-01 4.066014180321659843e-01 3.207613011919356327e-01 4.993544726493525099e-01 2.222367460933269145e-01 4.991707773250604330e-01 4.764823827509566123e-01 2.689623605996243061e-01
6.829030904665447377e-01 3.907809552870841752e-01 2.871331788752257697e-01 5.662316100023333520e-01 6.515228942819761837e-01 5.216019774826039512e-01 1.828468042067721289e-01 5.579311305908901675e-01 4.648808570457697020e-01 3.993309051058667736e-01
6.124128424561769979e-01 9.540214694731088407e-01 9.548009694495809274e-01 7.407015805396774955e-01 5.740699075449022803e-01 8.094744476286707124e-01 7.884412075966540367e-01 6.734554227070191912e-01 6.228673846010227555e-01 7.910863601926096944e-01
2.738262089352967443e-01 2.904208058191872777e-01 1.485166918200280517e-01 1.584417761499840316e-01 2.610646467649035962e-01 1.715031091901128013e-01 1.321834190948915355e-01 3.209352676705499730e-01 3.678156089060891087e-01 2.816439650564311892e-01
9.286314839687284106e-01 1.027375774933111829e+00 9.113351403219435154e-01 9.470087384658125718e-01 1.039443771249414450e+00 9.990900055201035190e-01 9.921564173483627957e-01 9.957561511045057712e-01 9.834936249358132709e-01 9.941609313055626007e-01
4.694960368339807788e-01 2.336578230399909972e-01 2.657386839719179661e-01 3.649196452852910277e-01 4.928761763990775480e-01 2.453732275575368771e-01 1.688858560846097367e-01 3.730304776170801362e-01 4.071694865709390432e-01 2.777411158392362744e-01
3.950173843701104137e-01 6.374049972725926994e-01 7.428676326043223144e-01 4.753130240975195209e-01 4.317133576614745616e-01 4.723671930401846519e-01 7.403798029775938705e-01 4.546241969340863442e-01 5.374494059389752776e-01 5.671793039615556919e-01
1.311801613218257501e-01 3.736152537950036545e-01 3.353909981601019830e-01 3.353008305166626513e-01 5.435653617440732166e-01 3.190779544343964047e-01 5.020177063946588136e-01 3.716861806209036390e-01 3.002558545591194061e-01 2.785906220932485855e-01
7.780068492451609474e-01 5.348645746123706912e-01 6.600358194595251637e-01 4.985516882941710692e-01 7.672390797557916420e-01 4.032232029081735947e-01 3.902576145055974277e-01 4.471831319444851127e-01 7.015761711627578334e-01 5.884088315484505838e-01
3.118084741362705525e-01 6.293389426868014613e-01 4.436398136207009291e-01 6.378277333423365558e-01 4.262190920970779229e-01 5.279606687541513743e-01 5.663594558183175920e-01 6.692401288573209817e-01 4.541346938217067364e-01 5.626542066708105638e-01
9.102990314450039033e-01 1.013049601351114104e+00 8.381879597695822692e-01 9.167430613606719625e-01 7.307891077854342665e-01 9.668532726949429223e-01 9.323191753908200985e-01 9.780933416196376795e-01 8.828390737679361333e-01 9.306967458795053494e-01
1.886035630342436376e-01 2.702020781726695020e-01 4.107176431331911459e-01 1.647688073225974659e-01 7.399190103303782129e-02 1.698518619556706466e-01 2.837166201971824120e-01 2.097575663747757724e-01 2.553897030000887303e-01 3.451708340334513347e-01
8.497848741705831266e-01 9.982910148907745418e-01 9.868317149711969272e-01 9.031728138471505352e-01 6.697147814903647856e-01 1.004773445771866891e+00 1.037668694743278275e+00 1.015965868099749869e+00 9.156248225028104093e-01 1.055845564074079368e+00
7.476952323217184171e-01 8.582238674596186501e-01 9.571810247802755578e-01 7.957340070521997655e-01 9.512925202297189964e-01 8.565314742884596599e-01 9.269859080551475783e-01 6.894208763385861749e-01 9.145668133462908633e-01 7.277473889824036535e-01
7.083314011251298226e-01 5.371045841153354594e-01 6.630750339453519437e-01 5.405789298741345839e-01 7.692997598434584416e-01 4.689858342196610019e-01 4.531250303990010941e-01 4.288484227849319597e-01 7.408795616989867217e-01 7.572089848832119774e-01
1.507363595543632917e-01 1.342094396228580566e-01 8.397302310750071053e-02 2.780506243795315968e-01 7.320844499204662292e-02 1.621416126208747310e-01 1.875941806354115005e-01 1.678293488885577167e-01 1.540033330550983348e-01 1.457566047452525937e-01
6.075674811039426526e-01 4.447871756406716059e-01 5.294021226415427384e-01 3.812014602236560856e-01 5.451594604117004916e-01 4.508327901685917349e-01 4.443039551131062193e-01 3.031122407700101440e-01 4.317725820015971827e-01 6.453014206372720274e-01
1.986254059076981715e-01 3.526764207342624191e-01 2.594033338824173196e-01 4.477327199198305463e-01 4.819002413493405634e-01 3.679739800493178614e-01 4.628898285083009601e-01 3.686703887545749736e-01 3.606118979068628772e-01 2.835713551938463528e-01
4.892798041664768727e-01 3.596642490168492357e-01 5.060983687410690601e-01 3.752325972381525543e-01 1.538826593930797126e-01 5.414118565057045585e-01 2.950831186097844783e-01 2.912553708569807220e-01 4.821064109427848354e-01 5.219244564341154469e-01
6.410404565662062293e-01 4.757092193235301081e-01 5.534026082362579757e-01 3.478887961727754607e-01 5.686054851128237164e-01 4.246633386883307271e-01 3.862087003343918079e-01 3.467596310709709639e-01 4.972748194372125230e-01 5.904920360122755119e-01
2.984641517224197460e-01 5.879634737885891527e-01 4.702060962724801119e-01 5.776204426342853582e-01 4.823740579026599140e-01 6.054866465467635406e-01 5.717334539531505611e-01 6.218657663623740062e-01 5.196585306993564135e-01 4.376585693848870640e-01
7.595285003298549720e-01 9.389292456878952642e-01 9.500331175178002852e-01 8.520446057868208412e-01 9.049684301979690204e-01 8.381056579272129214e-01 9.632451985054901744e-01 7.304319722841173812e-01 8.507300515051920975e-01 8.070889286861117062e-01
6.525913770325637575e-01 7.249496394998304893e-01 5.230084577304199289e-01 8.453412823483483773e-01 8.628145690117928757e-01 8.036454572715970857e-01 7.747227959218813131e-01 9.378447780760359453e-01 7.809202901947274178e-01 6.684635949300357094e-01
6.174165758320652175e-01 7.578408353491518090e-01 8.582921992474178419e-01 7.265226385166070333e-01 5.275657689552037954e-01 7.407411141250861419e-01 7.470894683409683434e-01 7.531764686449973212e-01 5.324766652945475132e-01 7.520615142617312898e-01
2.966341715119452105e-01 4.444789303577577622e-01 2.888432850694990228e-01 5.057521049901196886e-01 3.561555192459002761e-01 5.664009534762106668e-01 4.519003435686818615e-01 6.168518444354988972e-01 3.950410899367186035e-01 3.813681884531604505e-01
6.467318002906763397e-01 7.295325949778718178e-01 5.019361136920421629e-01 8.668495257750645777e-01 8.635799553276100049e-01 7.584026415085182160e-01 6.175974765143339429e-01 8.384893919752117730e-01 8.731278472743755348e-01 5.551377669926146341e-01
8.078613061547628149e-01 1.023064379097701648e+00 1.066242173038848051e+00 9.213430504564806833e-01 6.177879890063014967e-01 1.008907806206115643e+00 8.809580228843937322e-01 1.014492045984488389e+00 8.281178888252284098e-01 9.897060649921984865e-01
2.376287058525506368e-01 1.939155559025798337e-01 2.263030420595766312e-01 2.699513040123545093e-01 2.676268557266908710e-01 2.700116019532805001e-01 6.574423652712975408e-02 3.333603176634714060e-01 2.770698750744567396e-01 2.329159532410631783e-01
6.080087864575468570e-01 5.085292218804906561e-01 5.542602612495666214e-01 3.703910364282846923e-01 4.459705858007058099e-01 4.338594898528337351e-01 4.239061868863357452e-01 3.683425610131604855e-01 4.354765645945619101e-01 5.325979102351791061e-01
8.370284001165551047e-02 3.563918464431936606e-03 -2.155612785532326492e-02 1.681547266182179673e-02 1.816069476005166290e-03 -2.296956122347074830e-02 8.581855267023768760e-03 5.442110738527197733e-02 2.568529053932824477e-02 -9.881007982150162572e-02
7.768006398414728508e-01 1.015777980520679025e+00 8.737435348906159582e-01 1.057371579864803568e+00 6.173073580327549381e-01 1.011496300562768846e+00 8.775703372252086076e-01 9.300959690695507209e-01 8.423523868063208520e-01 9.317390099387394820e-01
6.094979888043313698e-01 8.903945178451654341e-01 8.776648267606135256e-01 6.872801286218137573e-01 6.075985316246169665e-01 7.975823392896439490e-01 8.446574892973546245e-01 7.779635033597482874e-01 7.046271313148990689e-01 8.323342949236736121e-01
5.467686670537671434e-01 2.621989455738694685e-01 4.784902545760607584e-01 2.043713865367518534e-01 4.347197500940989112e-01 2.735885935713090467e-01 1.468720996546782065e-01 1.334416253633444738e-01 4.320613494027747969e-01 4.260632438572063418e-01
2.209524240957347063e-01 2.589342894868436606e-01 1.636612215744254750e-01 2.295733314988034901e-01 2.170457400812037529e-01 2.785769087630747820e-01 1.222666971335593239e-01 3.748159815056745225e-01 2.976565829968459975e-01 2.446721145916644358e-01
7.713146382163913461e-01 9.449557962240789921e-01 9.575773229092978678e-01 9.689948807374340056e-01 6.454566316953935790e-01 9.224811170901430213e-01 9.933992389824973790e-01 9.559515494401138458e-01 9.785915348893085008e-01 9.306189183056985392e-01
4.551041905115578157e-01 5.849034005904814038e-01 4.549145068529622526e-01 5.580200810291525704e-01 7.904523192786496733e-01 6.072417837880912383e-01 6.610744765619106511e-01 6.700237736964849145e-01 6.173521917600549580e-01 5.194787650646540689e-01
4.431369830242917751e-01 5.677508797320222067e-01 4.918274916569416177e-01 5.444806885926515294e-01 4.742714026693040097e-01 5.893619629673252369e-01 6.432961062252144924e-01 6.825283760879401473e-01 5.375731353504948906e-01 4.428059099492157591e-01
1.720637575513609685e-01 1.816984576192225143e-01 1.848449065908545560e-02 1.188547699537519931e-01 6.246429225415569414e-02 2.281714325187414738e-01 5.169181716674097621e-02 2.594732462419448993e-01 8.961459852302991469e-02 1.558638882387697600e-01
1.919941427608934381e-01 -6.482115806669075386e-03 7.529925681703267260e-02 8.542727214117758205e-02 2.325273144614145027e-01 -1.303226552437030950e-01 8.039740775011280927e-02 1.873674281965199973e-02 1.365618591299112838e-01 1.141477493774228080e-01
3.596967841043847702e-01 5.897455523773986741e-01 4.013969341979133909e-01 4.609025323360523840e-01 5.376296998659464421e-01 5.196687506385375688e-01 6.739755060372146778e-01 6.224581387746710437e-01 5.290755970814409181e-01 3.876444273134367902e-01
4.009518157124284943e-01 2.802655378059134561e-01 4.491469691752502102e-01 3.070946184388594347e-01 4.511100782409417920e-01 2.273905528471636128e-01 3.686434259258500878e-01 1.559226730477987211e-01 4.046918024214692378e-01 4.921641271109816196e-01
7.909142958766898213e-01 8.656070948000691434e-01 9.797100716412916466e-01 9.318659710833843146e-01 6.997367738976162377e-01 9.974958551457988598e-01 9.508143232881838269e-01 1.020396885399870834e+00 8.754735490918066354e-01 9.471762027130259387e-01
3.048258246992046616e-01 2.775471046775784822e-01 1.009344229913447522e-01 2.340580772250647756e-01 3.105685495377035754e-01 3.000624007393297155e-01 1.096725242778702342e-01 3.180634690357490579e-01 3.105257247906781370e-01 2.174216839890435182e-01
5.048560314626167056e-01 5.620949745171465173e-01 5.591826985749003276e-01 7.011918077678361838e-01 7.388492209183399329e-01 5.842788221311202568e-01 5.005778240023162073e-01 6.208756528814122211e-01 5.968630346028632738e-01 4.021002736368293751e-01
6.024832968273826639e-01 6.212204762154850402e-01 8.838373834099289006e-01 5.924499070608318929e-01 6.968932903828082281e-01 4.964009175206583468e-01 7.556177815320110902e-01 4.190876953598340338e-01 5.350779883846493723e-01 6.034957618838785454e-01
2.783488187433371119e-01 2.397182406677725031e-01 1.803713984509803525e-01 2.636294714512120163e-01 2.651892297967248791e-01 2.753581851346036391e-01 1.401219430788985254e-01 3.913133984816110633e-01 3.489769232886104078e-01 2.423230384569006191e-01
3.189239203208686368e-01 3.609498384172945551e-01 3.965729616419557124e-01 2.379492897399283491e-01 8.812614533067393563e-02 2.876275427825724096e-01 3.518989694894584241e-01 1.437414188410220395e-01 2.602532481459496339e-01 4.322943717625741811e-01
9.509695519272148845e-02 2.833409254973037750e-01 4.033885379986580366e-01 3.800254107021321381e-01 2.322727601725196045e-01 3.889221329875376387e-01 4.057365773712734436e-01 3.867345360841004664e-01 1.331853102377264508e-01 2.668225573564445563e-01
7.770526121665777275e-01 1.073875681980279273e+00 1.033154594251292080e+00 9.264510287872214089e-01 6.886618546284756226e-01 9.828671472713180757e-01 8.951556548803948354e-01 9.664834028498574536e-01 8.312689865029974090e-01 9.397736968968450899e-01
4.361325674536187802e-01 6.409942068162656215e-01 7.615807237488235737e-01 4.559092854229178093e-01 3.280478024892532485e-01 5.391804998031450857e-01 7.072963801644031046e-01 4.256004287857413915e-01 4.548378962702751549e-01 5.863024465297809185e-01
5.109572946423849293e-01 4.013233726202756202e-01 4.134655998718311243e-01 2.922074707743188005e-01 1.500732698057713477e-01 3.909641507105700020e-01 3.464200582174220000e-01 3.166285932409921289e-01 3.815047118516054492e-01 6.153746655271612465e-01
4.025891114370563351e-01 6.554666894158807100e-01 5.201800183109626108e-01 6.048295732708431904e-01 7.725837139154074773e-01 5.831327688039787960e-01 6.122608958618988018e-01 5.980162649998842506e-01 6.941656166862441024e-01 5.643855110463670277e-01
6.690873151839688004e-01 2.741245534694423669e-01 2.355882672502777053e-01 5.129771521808909052e-01 6.567830921565241953e-01 4.852267695075082043e-01 2.824043114279308764e-01 6.392871010162967105e-01 5.762066391146094535e-01 3.474162419109986799e-01
5.146873709698575050e-01 6.301004486651109460e-01 7.277058782472218823e-01 5.421646269152927688e-01 6.867844514556327162e-01 5.695850661998728137e-01 8.077246695658486519e-01 4.902093878956267914e-01 5.901755388378703282e-01 6.932348612093303108e-01
7.498463604489323808e-01 7.762609754959663988e-01 9.500167552333609322e-01 7.237438269024741855e-01 7.251680872420430690e-01 6.708042444741616483e-01 8.805757393059382432e-01 6.532872855751958863e-01 7.502622714045876773e-01 7.983291257205654690e-01
9.437521294286557727e-02 4.494615486589910169e-01 2.909353081311427669e-01 2.920598689691690786e-01 2.114448763663960840e-01 2.702911445580739036e-01 3.957256915601498060e-01 3.239757044109359274e-01 2.377644471989944219e-01 2.064819127100913920e-01
4.892157397826785159e-01 6.376033266393474896e-01 5.853071368401816521e-01 6.694215059950180402e-01 8.048556096804280191e-01 6.009245896789178198e-01 6.303701490370025029e-01 7.184525782502229063e-01 6.283231427495141741e-01 4.167751263995524980e-01
1.517305230093112245e-01 8.510908986432358381e-02 2.147452127006511252e-02 9.826338234468055821e-02 3.691643424350705138e-01 7.598249774155407810e-02 6.488076261216328688e-02 -4.913003945985577187e-02 1.506235785590711029e-01 7.497847367253585027e-02
7.194262235043791254e-01 5.904832880696477826e-01 6.860346363823150995e-01 5.543687039116362847e-01 4.297777004361189590e-01 6.833277669449555614e-01 5.447103272060601631e-01 6.225826274676541372e-01 6.743419897291121901e-01 7.009361670250183751e-01
7.212771397504278426e-01 9.705799459209478730e-01 9.684606938018919253e-01 9.743931181405005582e-01 6.639049020506276877e-01 1.006271337031150681e+00 9.184423602214908389e-01 9.672045657190955215e-01 8.532801132883646167e-01 9.705502412405527801e-01
3.766931107592830230e-01 1.105651661222204624e-01 2.086131560241592520e-01 2.678861818104332215e-01 3.562705949604199618e-01 1.889195589791005658e-01 2.275206237540052523e-01 2.255523328383778336e-01 3.808729251579977548e-01 1.794531451100691843e-01
2.162096908608399648e-01 3.840627783857344379e-01 3.558876176823703164e-01 4.962194097807840487e-01 2.703987140791275223e-01 5.097536282650284578e-01 5.186230270647538276e-01 4.993985848108950520e-01 4.132667267073517614e-01 2.894028944804200032e-01
2.316656127802272924e-01 1.359046809149023760e-01 2.027187593232340768e-01 1.982571865414633205e-01 2.211221194376034593e-01 2.798966322199919476e-01 8.501148975306196953e-02 3.636239823923174130e-01 3.011399914174977543e-01 1.051477441308091704e-01
8.311465651789236020e-01 9.057330404845111982e-01 1.007210413476719912e+00 8.033270087512892621e-01 9.201197455774154932e-01 7.016909904125933073e-01 8.897214919255763688e-01 7.659112546262569765e-01 9.031171441990670790e-01 8.041133423614409415e-01
7.961581974312043064e-01 7.450462361011248591e-01 8.416739144015502605e-01 7.621390820910992625e-01 7.505398721234480819e-01 7.407683409892303894e-01 9.496843176685467736e-01 6.785826881016127077e-01 6.577091111072275176e-01 7.762803156594223486e-01
7.021639388966529616e-01 7.070763585552007902e-01 7.198954446194345547e-01 6.658276309054625974e-01 4.247650654985815621e-01 6.978227191743896496e-01 4.715652855490364281e-01 6.003462199921811848e-01 6.617131187839194739e-01 7.113642582954978755e-01
4.586604589259374309e-01 2.902328911652278243e-01 3.808860086792157928e-01 2.991969096631914571e-01 5.920020846896482114e-01 2.317593595921036698e-01 3.334627796977213676e-01 2.731245606260016001e-02 3.897006507819628651e-01 4.391723056456851570e-01
6.116481577092441890e-01 4.950805556551357567e-01 4.057513965804913081e-01 6.193861321717193391e-01 5.657765403241047375e-01 5.020407153070118866e-01 6.526341848653648414e-01 5.216031293325893436e-01 5.085193269597438892e-01 4.301687623466644572e-01
2.449749646089807442e-01 3.601184253423288517e-01 3.637599886201948185e-01 4.358032090210141596e-01 3.163795695010354625e-01 4.660333262016526090e-01 4.929198383330112843e-01 5.904741763709815405e-01 2.969157839143055644e-01 2.995289932188814341e-01
8.198908087613991924e-01 7.268520105658248243e-01 6.689797731962284777e-01 7.457957844624615307e-01 9.136478001926108261e-01 7.858198377976196580e-01 7.850328936679320524e-01 9.611722056994642660e-01 7.415620436637845314e-01 5.903884037913850191e-01
1.070228903786666130e+00 1.079689715979972764e+00 9.492771882271444639e-01 1.013490002471985063e+00 1.019597640433445473e+00 9.506677065949662442e-01 1.023552586472779691e+00 1.018692397163742713e+00 1.001383670062419462e+00 1.048208618031597261e+00
-3.351901671470655653e-02 5.186960304630906793e-02 4.159415915338050135e-02 1.039488854586550909e-01 -6.348065878232812820e-02 8.174432927947496152e-02 -3.025191588252178210e-02 -7.303227675367114646e-02 -6.875660245852537045e-02 -3.948555115164809753e-02
6.265573043757732830e-01 7.507775838756187703e-01 7.508840129891983795e-01 6.467098629055696435e-01 4.054005801359107930e-01 7.777250194945306561e-01 8.317285737924471345e-01 7.315427883643632612e-01 4.805876182172278410e-01 7.459930114422257397e-01
5.245769917316344122e-01 5.894508110770920739e-01 8.044257874700527777e-01 5.218399854664217408e-01 3.523446008749494540e-01 4.842139886429735474e-01 6.941617467039266076e-01 3.856130562696231112e-01 4.335552530587409858e-01 5.247674698610207411e-01
5.250648203999069841e-01 6.098145839755835240e-01 4.504642963810526202e-01 7.053860255500786769e-01 8.096299631325778456e-01 5.121924036706073657e-01 7.378170196251327972e-01 7.632920065845192337e-01 5.650701736949537146e-01 4.267424666508907727e-01
5.201133113828753096e-01 7.120814006571212218e-01 5.382298466246001611e-01 7.265262873658546727e-01 5.466926818422295220e-01 7.829157188031641290e-01 7.225695030776591032e-01 8.416326422939465202e-01 5.886668293370429517e-01 5.335111880099215886e-01
2.862064979020524369e-01 1.650638428423215898e-01 1.231339840637951932e-01 2.840517906278344218e-01 2.606961241860510370e-01 1.861807782544163681e-01 2.311210560784258961e-01 4.067668897118085769e-01 3.508609597244037870e-01 1.976015876824472051e-01
2.054255363127872047e-01 3.699176977547949940e-01 4.701222894330822633e-01 9.298176621190602786e-02 9.307243457503486250e-02 2.592181074003180319e-01 2.541000520228841042e-01 8.370475196190677036e-02 3.269436402045043932e-01 3.438903615110097123e-01
4.555265024225208514e-01 2.602474611329561038e-01 4.850968863150581512e-01 2.440524632516321291e-01 5.676935217921303956e-01 3.015808755722994006e-01 3.104975266753769447e-01 6.627237763065896292e-02 3.209590232187666814e-01 4.990780864066398648e-01
4.583759905195270434e-01 7.017070252821117071e-01 4.534725198344948249e-01 6.060329564507771494e-01 7.873756694069130591e-01 5.272972328948345444e-01 5.871290807983788884e-01 6.607697564342006613e-01 6.200004110839388849e-01 5.119158370789052004e-01
8.430750001734327315e-01 8.387567079818389892e-01 9.527679834591542551e-01 8.105190603791854187e-01 9.456974099536755718e-01 7.105185553953818900e-01 9.125950814020570290e-01 7.702132662852181344e-01 9.722688311085349033e-01 8.623554643444986123e-01
6.454115693249665719e-01 6.945009461351908664e-01 8.652306445087905029e-01 6.555109713166329399e-01 6.411812259999480901e-01 7.272653927916979955e-01 8.612109111022878682e-01 5.997109562796204552e-01 7.108705713899777789e-01 9.085222041576110907e-01
2.796216294468583663e-01 5.721727753676876249e-01 4.929902534280856674e-01 5.552683923972424607e-01 5.206196823041636668e-01 5.832876924090178994e-01 5.975184657514632791e-01 6.710798682545159322e-01 4.856927043082391315e-01 4.409426093042206340e-01
4.218154160852951584e-01 1.802796031162147150e-01 3.058476073007611040e-01 3.070543174646606088e-01 5.975654847417730675e-01 1.909397629823766929e-01 1.549232429360938301e-01 3.665065173033749124e-01 4.334102213529062442e-01 1.187257933304759483e-01
4.642038833867087044e-01 6.045976692706110933e-01 5.451908362774424699e-01 6.726489654589851153e-01 7.172882826617830165e-01 5.516550231911414581e-01 6.242698816150521468e-01 7.923195975292449678e-01 5.791304581787624084e-01 4.269177238955367826e-01
4.418209145024474815e-01 3.122087506303657389e-01 4.322362686925952935e-01 3.420028015068112270e-01 1.165437057158370954e-01 5.117375050932079228e-01 3.791916940594910468e-01 2.832009935128332878e-01 3.187190867915908887e-01 5.291654185148831901e-01
2.945539407757125638e-01 3.258261509736143924e-01 4.541494795789760008e-01 2.320428542819311102e-01 1.512175866387484302e-01 2.441500058837360321e-01 1.653442446374229213e-01 1.364960610941113039e-01 2.525442171266197855e-01 3.431551701516402653e-01
7.436294590260210668e-01 9.455930322863850268e-01 1.033003393712075502e+00 7.829057333449800371e-01 1.050662237627215667e+00 7.083423324406472599e-01 9.094478637345586591e-01 8.199970019454538850e-01 8.276956036310150200e-01 9.312571157600517679e-01
4.767248825687556146e-01 5.351797472532144884e-01 7.162732205664918972e-01 5.903401801110197411e-01 4.062309272919822356e-01 4.579185675761587859e-01 7.704967320412073883e-01 4.060832660527657900e-01 3.757259736153139018e-01 6.789886298901581796e-01
6.836794777969958936e-01 8.463800012819081564e-01 8.353222278486603924e-01 7.692876848348625396e-01 6.479829285697165098e-01 7.642937279977514153e-01 9.023628863861024030e-01 7.925366049888743492e-01 7.106374997446627262e-01 8.535295802613197536e-01
7.752253488326624753e-01 4.228018092972954944e-01 5.611927557748225270e-01 4.527856542390782391e-01 5.905901267810085287e-01 4.256530015621973750e-01 3.857891707030107753e-01 3.927696067728169149e-01 5.754888694492206191e-01 5.991655844809027354e-01
4.422189180272749209e-01 4.385754038677192046e-01 1.647065265263975009e-01 4.020386328506146967e-01 3.110207605069931769e-01 4.798330073150979258e-01 1.995544528468341516e-01 5.948578390648757708e-01 4.117264198628554084e-01 3.123833273512895969e-01
4.217778069101633664e-01 4.122475577236136002e-01 2.696022009734443947e-01 4.994529259012454592e-01 3.071678990925039154e-01 5.765978338087012212e-01 2.626051338624626474e-01 5.571014521811485931e-01 4.290600332979396803e-01 2.906800612411322704e-01
