5.993318471597525177e-01 4.566394941718043277e-01 2.619452597659341908e-01 2.650077181786413272e-01 2.204352350978532327e-01 5.262335961586178668e-01 1.304222156556477177e-02 9.962088145177550036e-02 3.733449749192247480e-01 4.611002851206331132e-01
3.524336519860701289e-01 5.489999506694593912e-01 9.123867777853474914e-01 7.791984599728010163e-01 7.530227943983764938e-01 4.533673424185979406e-01 9.687503473988261504e-01 8.017036683268097264e-01 5.625426105024546874e-01 5.538519747716176278e-01
9.076934775498612940e-01 6.840121321650376451e-01 6.842315217404304484e-01 8.431112426445935837e-01 9.341884100695689863e-01 1.000000000000000000e+00 8.361513074688008418e-01 9.716954604057326250e-01 9.414038546150632625e-01 8.984257923020027015e-01
4.115235822702101309e-01 5.790834198754560846e-01 7.926343584469945913e-01 7.370366066289614215e-01 8.789632641427059800e-01 4.922247178567919490e-01 9.195572094197528301e-01 6.924331784819565128e-01 6.967988823455444347e-01 5.494914091289835323e-01
2.888059772012033788e-01 5.202926134833613103e-01 8.533316732533465787e-01 7.270887376593361262e-01 8.368858881749354772e-01 3.840247389767624253e-01 9.904254711489777208e-01 7.878189436498032050e-01 6.170495505305446660e-01 5.599491879379492332e-01
5.696211296038158900e-03 2.450512659170647756e-02 2.179418436389080060e-03 5.568394076549648686e-02 0.000000000000000000e+00 0.000000000000000000e+00 0.000000000000000000e+00 9.952260557130910082e-03 0.000000000000000000e+00 2.016372847096962670e-02
3.831413645512713462e-01 5.954006992820169986e-01 8.437480527084306736e-01 7.952629343740512669e-01 7.843654109092226268e-01 5.038143515306673370e-01 9.351275533842708931e-01 7.166553080205645410e-01 6.587485576030420731e-01 6.381011396838953686e-01
0.000000000000000000e+00 3.094989129916698167e-01 3.926773692850271669e-01 1.890232101219241345e-01 0.000000000000000000e+00 2.989723771674241554e-02 1.479480874153469017e-01 0.000000000000000000e+00 9.496608663541673823e-02 9.359919152697593336e-02
2.054609345447478211e-02 2.710911126721300413e-01 3.091250103810716521e-01 7.029941011885837421e-02 3.150989775617774047e-02 0.000000000000000000e+00 1.173905816417513126e-01 4.331521607850120914e-02 5.699782995644917666e-02 2.343908764955252716e-02
5.758085465633517863e-01 6.193175341836962833e-01 5.300349000914011954e-01 4.160997295998077328e-01 2.111350874903545616e-01 4.629619971265735989e-01 1.583000712787853703e-01 1.035250033569835998e-01 3.854462695289333496e-01 5.143922169168925196e-01
9.327322660479010485e-01 7.753840053498668450e-01 6.861635437512419999e-01 8.863480353811297174e-01 9.885454980149031012e-01 1.000000000000000000e+00 8.766313469086172150e-01 9.084399414733363987e-01 9.101945032851306294e-01 9.554085285605457001e-01
3.284487227961576106e-01 5.837648047515899830e-01 8.987352711766251057e-01 8.520133408955665733e-01 7.049955328644195163e-01 4.935027533491171958e-01 9.749092189771457750e-01 8.144602960462791197e-01 7.471083183352913437e-01 6.138601167825606941e-01
6.521142413983612718e-01 6.932704068550902265e-01 5.247990799920085880e-01 2.622490936538596218e-01 1.919537983117516611e-01 5.245667906266009428e-01 1.848485348215966884e-01 2.413484794209493911e-01 4.679156134989754801e-01 4.980653111096641217e-01
0.000000000000000000e+00 3.570680600916167208e-02 1.507114024717579395e-02 3.128515548787558220e-02 0.000000000000000000e+00 3.726158417573236653e-02 0.000000000000000000e+00 8.754328043516904079e-02 0.000000000000000000e+00 0.000000000000000000e+00
3.439638184993781267e-01 3.949420212300625566e-01 5.708130059946620039e-01 5.886442283598719571e-01 8.697311099273513646e-01 3.933989466020318404e-01 7.960262058587909140e-01 7.572428135541724448e-01 5.875196895170766709e-01 5.461877038107788573e-01
6.003170530294670293e-01 4.389159757935366390e-01 1.126334941535808570e-01 2.477739787583797537e-01 1.388516049000721730e-01 4.753530025500439793e-01 8.159226985384757103e-02 2.131939495499088066e-01 3.869582986561619364e-01 4.456144127920750875e-01
1.000000000000000000e+00 1.000000000000000000e+00 9.664597602105455820e-01 9.859204279159803352e-01 9.665222802125851276e-01 9.076407218305218016e-01 1.000000000000000000e+00 1.000000000000000000e+00 1.000000000000000000e+00 9.777698803156906759e-01
5.890001864911830198e-01 5.830029722352664256e-01 4.568824699114498733e-01 3.699317314464168893e-01 1.936152548928153916e-01 5.221995477271226260e-01 1.455811363802707314e-01 2.120039107887260466e-01 3.963569615168112681e-01 5.774455758067549294e-01
5.522096016049860001e-01 6.714219416818435482e-01 5.514375021836425139e-01 3.973862737310349114e-01 2.574742422092968774e-01 4.766024531882568915e-01 1.516765328960608950e-01 2.660129918876703026e-01 5.004092627051974773e-01 5.303328183001587703e-01
1.000000000000000000e+00 8.521454544712063761e-01 6.459866162648032484e-01 8.531526723478490837e-01 9.854588507665223984e-01 1.000000000000000000e+00 8.670596536052289638e-01 9.418872350843647823e-01 9.240636234522212611e-01 9.669578873518485107e-01
6.470555667871262795e-01 6.566485397349629549e-01 4.166750159473847082e-01 3.578130615712195040e-01 2.209878962616813602e-01 5.639442495772311048e-01 1.396376782067649258e-01 2.637465266582673662e-01 3.616799279929080457e-01 5.601612701721127019e-01
3.734318823584091285e-01 6.394211976563722866e-01 8.950224473084158472e-01 8.459999556823754041e-01 8.221745906628097345e-01 4.018677545683699281e-01 1.000000000000000000e+00 7.932176655429385992e-01 6.703900727480128774e-01 6.752466192165899050e-01
9.645700912956537421e-01 8.098211019100276520e-01 7.392261153447665656e-01 8.258251212552680798e-01 9.983574763552635067e-01 1.000000000000000000e+00 7.940175634078003863e-01 9.603137832178927358e-01 8.351385350527241735e-01 9.344136298528618045e-01
3.789728294985832968e-01 6.097272180836014188e-01 7.764781599270843548e-01 7.242436812018085979e-01 8.254434952690139493e-01 4.699950914186273310e-01 9.588188084224126273e-01 8.783919610422441515e-01 6.703802876100526387e-01 6.508737777879746167e-01
4.594612740946962814e-01 5.233343992693276769e-01 8.689537002276015443e-01 8.603775060570777455e-01 7.947038123120120368e-01 4.017359682499300200e-01 8.819099535123028355e-01 8.599552811557557019e-01 6.521441213210024124e-01 5.424119044361170872e-01
5.851197004445918282e-01 4.292706668408123316e-01 8.558166885815290947e-02 2.074116152589302875e-01 5.746829194742908431e-02 5.467401482455950257e-01 0.000000000000000000e+00 1.471968502695350511e-01 3.963303525182146902e-01 4.288888762684170963e-01
6.512525394522660216e-01 5.102295855458216511e-01 7.322967504594236898e-02 1.720705458056223380e-01 2.726561465242150484e-01 5.666645180969142048e-01 0.000000000000000000e+00 1.855023375509362304e-01 3.328202547488574026e-01 4.543501879497380269e-01
6.167103997529990167e-01 5.955838741037881023e-01 3.914769828121918427e-01 4.299443440858858878e-01 2.283012372970670556e-01 5.239784655814072600e-01 2.151232710337245280e-01 2.397113978207315033e-01 3.540652081033494603e-01 5.728287522190264047e-01
4.131095777352150056e-01 3.565422189884925319e-01 5.334623420787552028e-01 6.541434873767615343e-01 7.471141994581983470e-01 4.173696610364240889e-01 8.571461838010133727e-01 8.600557460330956472e-01 5.490993439369642459e-01 5.643161987950390257e-01
5.861638282104866260e-01 4.177256737310422463e-01 1.492923933819621796e-01 2.778097372315178615e-01 2.330614584799801103e-01 4.596742131039777690e-01 2.444482818350058803e-02 2.365928548655930885e-01 2.748112333409701291e-01 4.477659277818233363e-01
4.993784000802793388e-01 6.025207600098497762e-01 9.191300513572272513e-01 7.636616746668732914e-01 7.934432939580714494e-01 5.480039419344214791e-01 9.055214101858864995e-01 7.839149311613117233e-01 6.003027471872814935e-01 5.608868063329240927e-01
9.273060569998330394e-01 1.000000000000000000e+00 1.000000000000000000e+00 9.888597934601675021e-01 9.704161600922692754e-01 1.000000000000000000e+00 9.827298756242446309e-01 1.000000000000000000e+00 1.000000000000000000e+00 1.000000000000000000e+00
1.000000000000000000e+00 9.372053934735465885e-01 9.720787581198027105e-01 9.526453204977998190e-01 9.742188662581406922e-01 1.000000000000000000e+00 9.837179663893009796e-01 1.000000000000000000e+00 1.000000000000000000e+00 9.814569269365140958e-01
3.627036333230399534e-01 5.588632977511736044e-01 8.642588215766047188e-01 7.030246617625954819e-01 7.648493478495240749e-01 4.179683273618731709e-01 9.961047070212024623e-01 7.880744940362924833e-01 5.866608514665323515e-01 5.507024968705871437e-01
6.955781590719301022e-01 3.956686434088229620e-01 6.475197753000129508e-02 3.193455273910542624e-01 1.992353362975811670e-01 5.232984992090788934e-01 3.194768939347564923e-02 2.540088098464939881e-01 2.719960657536770743e-01 4.743558147949755166e-01
4.639976288876294930e-02 2.707315015042928152e-01 3.794685321080153995e-01 2.087120289343131763e-01 0.000000000000000000e+00 6.392712284472901185e-02 1.284015391535865136e-01 0.000000000000000000e+00 0.000000000000000000e+00 1.775151557618911413e-01
6.310686956708947415e-01 6.091451535639675896e-01 4.719788069371902983e-01 3.727905021804154284e-01 1.807141613924171386e-01 5.653967849216857688e-01 2.167832347611175214e-01 2.097324195197705077e-01 5.031113992294977688e-01 3.788157793000052065e-01
8.530946519518159965e-01 7.784981731370373970e-01 6.913870990524717541e-01 8.164339202438657406e-01 1.000000000000000000e+00 9.485990618655503193e-01 9.211257879305195795e-01 9.450961754031531603e-01 9.930841022243688254e-01 9.197979648939683672e-01
6.525204357753091600e-01 6.865171499812854350e-01 4.503676210550709436e-01 4.240479833653027497e-01 1.870527786097493095e-01 5.263252018565740542e-01 2.004628966403002033e-01 1.966825988097682665e-01 3.901963633836588174e-01 5.258929359812033466e-01
5.772185679131632829e-01 6.766753580565194603e-01 4.563678981234161602e-01 2.940133169503790223e-01 2.059543529685150254e-01 5.530942863647504426e-01 1.645737443274478684e-01 2.562748304130210153e-01 4.036204037346478590e-01 4.539352808469195866e-01
9.492343309445026023e-01 1.000000000000000000e+00 1.000000000000000000e+00 9.327589405334243411e-01 9.893861076883747607e-01 9.941469498184664078e-01 1.000000000000000000e+00 9.363295249704813861e-01 1.000000000000000000e+00 9.500276842857319215e-01
1.000000000000000000e+00 6.935279406323091589e-01 5.974258674258430268e-01 7.958261850572921903e-01 9.453523041684512851e-01 9.547723012198094938e-01 9.053472969130984538e-01 9.856575665765838767e-01 8.841331754306908097e-01 9.943141484806037322e-01
7.103360464898457183e-01 3.959801064404562809e-01 9.185126152418872369e-02 2.693571262122015364e-01 2.562162183335251475e-01 5.074459550087644377e-01 4.144019947884838850e-02 1.126012021863321416e-01 2.930524775926650061e-01 4.215875879538399373e-01
9.111532578527050674e-01 7.625609184145432096e-01 6.375492116595964376e-01 8.938121538583047032e-01 1.000000000000000000e+00 9.845166544163764799e-01 8.342984800080827101e-01 9.036172700275365566e-01 9.487622598032914301e-01 9.144583654647089332e-01
6.174615681985669013e-01 4.304217390077674232e-01 1.134955195783565463e-01 2.592093832789835739e-01 2.711182239677212280e-01 5.074162481949804349e-01 6.224187333961964108e-02 2.801766347394888945e-01 3.361909487685885156e-01 4.554366489599835366e-01
9.839057512558359031e-01 6.223431812233310989e-01 7.284182483161228960e-01 9.061796882228585481e-01 1.000000000000000000e+00 1.000000000000000000e+00 8.253951381858904979e-01 9.048315046053655442e-01 9.345186566853517229e-01 9.118244318967823059e-01
4.603519854630505614e-03 0.000000000000000000e+00 0.000000000000000000e+00 4.073779452218712765e-02 1.084028900683109420e-02 2.579299058783720774e-02 4.129979066536740989e-02 4.948733552657268164e-02 2.246818802630880241e-02 0.000000000000000000e+00
0.000000000000000000e+00 1.281965440948927282e-01 3.170310187903495613e-01 1.262190203954915158e-01 0.000000000000000000e+00 0.000000000000000000e+00 1.074572207864610413e-01 4.741485846383979019e-02 2.596610327036461691e-02 8.977056631207121218e-02
6.039059580067430710e-01 6.112920624796241986e-01 4.206998051827362528e-01 4.026095506069828356e-01 2.365906548236656470e-01 5.125775376052209564e-01 2.607886028764822006e-01 1.452985455495650891e-01 4.018667239665439928e-01 4.558926269956009025e-01
9.329403624124856798e-01 7.678902101535212132e-01 6.153903020278485014e-01 8.704803252932976632e-01 9.183898002677962635e-01 9.765282986936101306e-01 8.489446647038296767e-01 1.000000000000000000e+00 9.015273816600787304e-01 9.833260616095698126e-01
6.131593241053505672e-01 4.491077362697104558e-01 1.375544026568043809e-01 1.971026545474656722e-01 1.243376471391515470e-01 5.883613864587216025e-01 9.315148963800630455e-02 1.554224556799041201e-01 3.085864256471060885e-01 4.575023132790492775e-01
1.251467659235392521e-02 2.137639098553704431e-01 3.539798876169833464e-01 1.352057999655608966e-01 1.862228772893696066e-02 0.000000000000000000e+00 7.429042564997825893e-02 6.643769621695809480e-02 1.647984880550850961e-01 2.882013533701976993e-02
3.044711430744060920e-01 3.474776096752433263e-01 4.616416767722872905e-01 6.966274846001543342e-01 7.750673127238826288e-01 4.323705827821886505e-01 8.067830788374942275e-01 7.618698588388340687e-01 6.304385773905503143e-01 4.342426582536794699e-01
3.955039639567788368e-01 5.979060519659299411e-01 9.220304053753818341e-01 8.964423997331043559e-01 7.804982447090444975e-01 4.815227300909971642e-01 9.074930019695047756e-01 7.427214726330868544e-01 6.081148415569854748e-01 5.020994030950043374e-01
5.635466876527635283e-02 8.078245410689416373e-02 0.000000000000000000e+00 0.000000000000000000e+00 0.000000000000000000e+00 1.477771861409217340e-02 5.361455804976722472e-02 0.000000000000000000e+00 3.398326040483398008e-02 0.000000000000000000e+00
4.293302031689960052e-01 3.033932924657240515e-01 5.414905713411999333e-01 6.699883027246780198e-01 8.934027123975107898e-01 5.053238736430669675e-01 9.192163984176027203e-01 7.719281975892449132e-01 5.348082020768133438e-01 5.005983627135621727e-01
5.497146729868624959e-01 5.976763995122394979e-01 5.090216866667244267e-01 4.177242076182572372e-01 2.275768666896211545e-01 4.847887436345604817e-01 2.063671728407741046e-01 1.784529296172465140e-01 4.863175257142965391e-01 4.639107186624362167e-01
0.000000000000000000e+00 1.965646827547535558e-01 3.551336555361376268e-01 1.352075039174594207e-01 1.414111497343109869e-01 2.929852990156275525e-02 1.169985438106016379e-01 5.783256923904900315e-02 6.866908210944017155e-02 1.150009036498537418e-01
6.009438201258011647e-01 7.104256317688624200e-01 4.146808723591751122e-01 3.676157772808034685e-01 2.278809515305400546e-01 4.928492644881775075e-01 1.839116520615135808e-01 2.682296538518861295e-01 4.470744311599416099e-01 4.934373356250655873e-01
4.340252311504161353e-01 5.531559121414376667e-01 7.472428747744017663e-01 7.731059909375099792e-01 7.954564549750013924e-01 5.702797440571667487e-01 9.713340904987266544e-01 7.694708458136831908e-01 7.213025709182059320e-01 5.986208856294543690e-01
0.000000000000000000e+00 1.669243612453734649e-01 2.977380255083694749e-01 1.753432500923240434e-01 7.510057235642081386e-02 7.366251369008482153e-02 2.009189807081426804e-01 0.000000000000000000e+00 5.283141888535178993e-02 1.021185667511856909e-01
6.671100808502106183e-01 5.854628431823202250e-01 5.032243943440370959e-01 3.238156080342414755e-01 2.923269266581715597e-01 5.314153253187020587e-01 5.885069880366128325e-02 2.760935776105975514e-01 4.034778054008984483e-01 4.722910558083989740e-01
3.603928132490664682e-01 3.269820270368534176e-01 5.732322440687902532e-01 6.913915647133764830e-01 7.241776292863768560e-01 3.751092142050056477e-01 8.043791478117761073e-01 8.372981076390833000e-01 5.556423219563604299e-01 4.286753491891044376e-01
6.190918818948383251e-01 6.595898072448838079e-01 5.053660841087624922e-01 4.300479263024626908e-01 2.255288460172863441e-01 5.981088088906894029e-01 1.576163194462106010e-01 2.372742060060089031e-01 4.275631956359970953e-01 4.381918412718853739e-01
1.000000000000000000e+00 9.461041033648273091e-01 1.000000000000000000e+00 1.000000000000000000e+00 1.000000000000000000e+00 9.769082910860398261e-01 1.000000000000000000e+00 1.000000000000000000e+00 1.000000000000000000e+00 9.592773664727651806e-01
9.760083196980195996e-01 7.282877790045693134e-01 6.899748530628214693e-01 8.541484559282218614e-01 1.000000000000000000e+00 9.894499799947544805e-01 8.308329106091028038e-01 9.514321208655143192e-01 9.486867913260319529e-01 9.639725840257157286e-01
2.067326351879659671e-02 0.000000000000000000e+00 1.085690760581948903e-02 4.978433726066441335e-03 0.000000000000000000e+00 0.000000000000000000e+00 1.760251953850960893e-03 0.000000000000000000e+00 0.000000000000000000e+00 1.577580932123561278e-02
4.468634330423666978e-01 5.209315852797848923e-01 8.249275567981033674e-01 7.505827601392898174e-01 8.433099641151398096e-01 4.599636465385369410e-01 1.000000000000000000e+00 8.054542576734047277e-01 7.014994334192853342e-01 5.422524177973796489e-01
3.691235035156039124e-01 3.197391167719664251e-01 5.312677513720182043e-01 5.627072193523422472e-01 8.156271104659995608e-01 3.560139240512949499e-01 8.878702472205246554e-01 8.027689306794141277e-01 5.720701456081420666e-01 5.047708059386184498e-01
6.910069865098457109e-01 6.085430064395058736e-01 4.846800311319316990e-01 3.411495600912108350e-01 1.316142929171405518e-01 5.815078337402572739e-01 1.507912072565202322e-01 1.633386758303362052e-01 4.216670585790430192e-01 5.486316144408172057e-01
3.725598733608576629e-01 3.472683042461673364e-01 5.146298353621628907e-01 6.881548133343882157e-01 8.199557693920546120e-01 5.094266122971620181e-01 8.609295152104119442e-01 7.660061153526398492e-01 5.279916016062736750e-01 4.817292287457473621e-01
7.070370140725182329e-02 0.000000000000000000e+00 0.000000000000000000e+00 0.000000000000000000e+00 4.369575242674753751e-02 7.143514838064633776e-02 4.781821620849142918e-02 7.390766585590686187e-03 0.000000000000000000e+00 5.980015109112425675e-02
1.000000000000000000e+00 1.000000000000000000e+00 9.925909592304985596e-01 9.470421328660046933e-01 9.985782832767078343e-01 9.915813735259370043e-01 1.000000000000000000e+00 9.737450509478545735e-01 9.590439171145613839e-01 1.000000000000000000e+00
9.879041618267262459e-01 9.971526396750876042e-01 9.745220650492917303e-01 1.000000000000000000e+00 1.000000000000000000e+00 1.000000000000000000e+00 9.825713896911578704e-01 1.000000000000000000e+00 1.000000000000000000e+00 1.000000000000000000e+00
8.729457844852638732e-03 6.441564048499669182e-02 6.005334437111042867e-02 0.000000000000000000e+00 0.000000000000000000e+00 4.874289569143971934e-02 0.000000000000000000e+00 1.001298856960265438e-01 3.158275606972613808e-02 3.498388645837356096e-03
6.168101058050337038e-01 5.184413726823575708e-01 1.729715399924719732e-01 2.084523485713693225e-01 2.108119114451375564e-01 5.610063126991290394e-01 0.000000000000000000e+00 2.553137610885962139e-01 3.287180919252230549e-01 4.199032314025902268e-01
7.979023766215567748e-02 1.880042383523856664e-01 3.354043785828522140e-01 9.803243457114624304e-02 0.000000000000000000e+00 3.503337360887863461e-02 9.063238233323368809e-02 0.000000000000000000e+00 7.354942314772128231e-03 0.000000000000000000e+00
9.308874678391338975e-01 7.031845034360031388e-01 7.295816572157836077e-01 8.704736689896022117e-01 9.261168054270895178e-01 9.747749642059748698e-01 8.912160270223801195e-01 9.300238192308979412e-01 9.707908769190112253e-01 9.186990118106691527e-01
6.712802481068769200e-01 6.353854168030992344e-01 4.420327607030580808e-01 3.457582728026531993e-01 1.575345317360956898e-01 5.137212503951114062e-01 2.136218314548753994e-01 2.043944511561908706e-01 4.523620226046586312e-01 4.711301007079744529e-01
0.000000000000000000e+00 6.706656930116364213e-02 0.000000000000000000e+00 4.473110892406351180e-02 6.965191113249004362e-02 6.680268888825634244e-02 7.052203018995477357e-02 4.161912211890830132e-02 0.000000000000000000e+00 0.000000000000000000e+00
5.690406433331428315e-03 0.000000000000000000e+00 0.000000000000000000e+00 0.000000000000000000e+00 3.526779667351431780e-02 6.536216470943910506e-02 1.310921644787438056e-01 5.634833565545134537e-02 6.279463346465771756e-02 0.000000000000000000e+00
6.572421816890788859e-01 3.796455883035613210e-01 1.973996960769530684e-01 2.012960475855714026e-01 2.383970172983726488e-01 5.144263920910867594e-01 0.000000000000000000e+00 1.205976720923250256e-01 3.191829723698170751e-01 4.526103516108660463e-01
6.147256926272823829e-01 6.164673706398532405e-01 4.354176606691056439e-01 4.127069532142171870e-01 2.100885183979769866e-01 5.301506595388491005e-01 1.338201667401640871e-01 2.470353600174357012e-01 4.169913891555767083e-01 5.011121169957803989e-01
9.878850959476874749e-01 1.000000000000000000e+00 9.742396756018945059e-01 1.000000000000000000e+00 9.608725908335097321e-01 9.748725659162996715e-01 9.561832223792077201e-01 1.000000000000000000e+00 9.383641890080707260e-01 9.466005261002182758e-01
3.236803424026809400e-02 6.912269555097229345e-02 2.156628691188808289e-02 3.515972070421889001e-02 8.699890458918838748e-03 0.000000000000000000e+00 0.000000000000000000e+00 6.709555460592105114e-02 0.000000000000000000e+00 0.000000000000000000e+00
6.612045302848280626e-01 3.549853894490372919e-01 1.294835064560709015e-01 1.633327394907046481e-01 2.316457415148222565e-01 5.396177866919306121e-01 3.247782704594512349e-03 1.643669410009680754e-01 3.502803148234021613e-01 5.171085532601878976e-01
4.121661849974317393e-01 5.417610864661298598e-01 9.183171937639903470e-01 6.258866020771828298e-01 8.027484395039866660e-01 5.415522192701400783e-01 8.983306450892308836e-01 8.189501417100014669e-01 6.300629543057080229e-01 6.017287436297279468e-01
6.022007689486381654e-01 6.438108396276581713e-01 5.375824995645013260e-01 4.445473055219841263e-01 2.860032410523984936e-01 6.013477406515542745e-01 1.595471062865847500e-01 2.202516076639953468e-01 3.508632198081585996e-01 5.783061108462390632e-01
3.736115464522867247e-01 6.122744428447848275e-01 8.863392046697693427e-01 6.955283436287199583e-01 8.478907996830005178e-01 5.251196176754426848e-01 1.000000000000000000e+00 8.821243890462918680e-01 6.454241398767944782e-01 4.829738711035718723e-01
0.000000000000000000e+00 1.896999584720251153e-01 2.902516349438769017e-01 1.335460924878366651e-01 1.192442587706250140e-01 6.480564637385144433e-02 9.209756045732325758e-02 1.630151476415191841e-02 9.942400790774891250e-02 9.131465834490956612e-02
6.189438459870169051e-01 5.899522788086334346e-01 5.490454052071160884e-01 3.821870234809121580e-01 1.886919465753131020e-01 6.166315303825485872e-01 1.884871680772012836e-01 2.049918041210951059e-01 4.916252277535616000e-01 4.900163633220787074e-01
6.145849499431903507e-01 3.913660632272457085e-01 2.070956769437510558e-01 3.062225771444445077e-01 1.473359763184966809e-01 5.876975811553644125e-01 1.158417812115345447e-01 1.484924569718745757e-01 3.098727827459588635e-01 3.835481421486784948e-01
3.964135988374076214e-01 5.902561794749369151e-01 8.402066234719038906e-01 7.347854441523524738e-01 7.725919292008102124e-01 3.978276428585000302e-01 9.735351212029070833e-01 8.020185952525505924e-01 7.544535133697962692e-01 5.938477841047341554e-01
3.090522548982466144e-01 4.335408888229552726e-01 6.680738775749608394e-01 6.367043479394505212e-01 7.899429741391394977e-01 4.473530620975043615e-01 7.698992543809032307e-01 8.948186084517046890e-01 6.097061650929639365e-01 5.210729420038959780e-01
3.189658171680179177e-01 3.824936785357090363e-01 5.468328238887312231e-01 6.519425828272378265e-01 7.889984844293332911e-01 4.315578131496454195e-01 8.905370195178090587e-01 8.808036873612086204e-01 6.189861283185771335e-01 4.604982816407545698e-01
4.263954138575508090e-01 5.771063346201436017e-01 8.536425916283127968e-01 7.678378638858872618e-01 7.794823861441942947e-01 5.211454125666623582e-01 9.879962426631393457e-01 8.796216508484574481e-01 6.332979526543215387e-01 5.752314031804883765e-01
3.492409581120813067e-02 1.549294030620037288e-01 3.730782599077517858e-01 1.292157424419567435e-01 2.757471114040142834e-04 7.932499786954509691e-02 1.751909794597232284e-01 8.707777493063210972e-02 1.384244927901546740e-01 9.473157599939441287e-02
5.084961711657808026e-02 2.130640212900234420e-01 3.635955408150558510e-01 1.265565462866937441e-01 9.150616850746375042e-02 9.499126309631522602e-02 1.832324702110926518e-01 7.199842450023230533e-02 1.250684985064647037e-02 3.719864807367438686e-02
1.264090884801613301e-01 9.669622969812066704e-03 9.116577266564286977e-03 0.000000000000000000e+00 0.000000000000000000e+00 0.000000000000000000e+00 0.000000000000000000e+00 0.000000000000000000e+00 8.832389134315351761e-03 0.000000000000000000e+00
9.398837098288593817e-01 1.000000000000000000e+00 1.000000000000000000e+00 1.000000000000000000e+00 9.909118278277103675e-01 8.896090890144872088e-01 9.698795900441339324e-01 1.000000000000000000e+00 9.652579705068535798e-01 9.442772844159300627e-01
