9.137785090984028580e-01 8.295238090275049991e-01 8.263023512959564165e-01 8.915346857423896987e-01 7.678387019023692472e-01 8.090274472540370798e-01 8.398486276956421692e-01 9.047260732426416485e-01 9.878756175582685817e-01 9.933956323332044924e-01
7.537189399018145997e-01 5.424104329725784046e-01 5.124149661779144882e-01 5.983753365553494685e-01 5.090334224252472950e-01 6.063663442167274154e-01 5.351821456583526482e-01 5.289909981688561968e-01 4.662548394930324802e-01 6.469992362471763681e-01
1.866229516247010223e-01 2.892233663699472213e-01 3.288600548971801207e-01 2.880871567713785275e-01 2.082316706999824407e-01 2.320349030557439240e-01 3.351172237913541130e-01 3.545847349943300753e-01 5.284529099912622652e-01 3.477695490199623762e-01
2.294564689278646985e-01 1.151153672927577309e-01 9.287899517569805918e-02 1.418342430674177090e-01 2.231490682161937633e-01 3.995255422135002288e-02 1.832281040078492518e-01 2.448211665890922262e-01 1.161806349857274906e-01 2.398136835184484505e-01
7.358335288652406714e-01 4.997774534701356353e-01 5.192066643639083878e-01 6.202597697460027204e-01 5.459120815858511389e-01 5.854676905717337565e-01 5.086368319823666440e-01 5.500779025267745759e-01 4.523672587890100738e-01 5.765115975335142195e-01
2.516579375108085603e-01 4.793310740462005670e-01 5.420398504455289368e-01 4.249183675611182265e-01 4.745311663804565594e-01 3.990916397793496384e-01 4.466586916677182661e-01 4.803421005157407220e-01 5.307502110773207882e-01 3.965925874359523817e-01
4.856968253837332661e-01 4.248567450899028985e-01 4.780268782856886833e-01 4.449445681527356977e-01 4.427867640521658821e-01 2.261168626096531631e-01 4.549834487414795570e-01 6.364901307039267930e-01 6.210412740852842006e-01 6.058889113563611373e-01
5.626153967726004179e-01 6.308138458309245911e-01 5.712194081484719410e-01 5.493154300181337657e-01 5.329420914336321369e-01 7.319657105912767969e-01 5.234982929653254624e-01 3.646502152277408260e-01 4.174519715289082833e-01 4.186677872284421675e-01
2.688224451315979202e-01 1.378316816464771333e-01 1.269048151709121774e-01 1.966673933960597642e-01 2.204672969070018140e-01 3.871806940787867607e-02 1.621870416394322889e-01 2.520436860970178272e-01 1.757567989401231656e-01 2.640098594959692235e-01
5.380420486314689832e-01 5.935870581960787096e-01 5.460444758211662197e-01 5.905289494673059414e-01 5.942692990781053286e-01 7.374133094767625352e-01 5.374312642786464034e-01 4.323786803533458678e-01 3.867869862347964038e-01 3.794305230654894667e-01
2.712518521640843727e-01 9.597216113987694364e-02 1.220970505345642942e-01 1.369202841691931904e-01 2.445059978466076755e-01 6.300509140081837767e-02 1.808321863265980323e-01 2.686984037743198050e-01 1.283450065083040215e-01 2.565106950219170345e-01
7.527603577996350159e-01 9.402567022445518230e-01 9.025393672787632715e-01 8.361396954759178213e-01 7.628277483938229464e-01 1.000000000000000000e+00 8.062920090408011164e-01 7.247134597105463483e-01 8.848749922861856021e-01 7.534529899361616101e-01
0.000000000000000000e+00 0.000000000000000000e+00 0.000000000000000000e+00 0.000000000000000000e+00 0.000000000000000000e+00 0.000000000000000000e+00 0.000000000000000000e+00 0.000000000000000000e+00 0.000000000000000000e+00 5.095501188208022281e-02
3.637951099102909036e-01 2.795235103672383259e-01 2.559838012879155356e-01 3.016058486986079590e-01 5.047413361545389776e-01 2.453372200255048707e-01 3.358939982282695969e-01 2.995549196838752648e-01 1.954069095895806241e-01 2.558604025446915564e-01
7.367903258082262319e-01 5.137136763343623791e-01 4.830610908565031170e-01 5.993718442972104654e-01 5.175770228599866352e-01 6.296219790025446850e-01 5.269238108619044292e-01 5.595600417527375470e-01 4.918590946628764171e-01 5.980756526578765442e-01
5.688971144885722475e-02 1.592315406789566457e-01 1.521891120604186298e-01 1.205536942754488472e-01 2.594269824371600031e-01 1.842755149176859564e-01 1.551759091969832360e-01 5.673322415891569881e-02 3.288093771136865739e-02 2.469370366042535070e-02
5.047287508181694804e-01 4.043948054346269139e-01 3.930337188722773933e-01 4.489646839725428551e-01 3.176785391784766044e-01 5.430232164279078511e-01 3.692242106558388803e-01 2.811780964599257526e-01 3.497407064638829999e-01 3.527782666694260771e-01
6.419978505109126266e-01 7.103772727503013806e-01 7.401140649916939651e-01 7.106138101414148922e-01 5.243493162110175465e-01 7.840779831134473410e-01 6.363113818671572997e-01 6.414947729291973211e-01 8.222380614909197138e-01 7.428284793742284675e-01
5.330349546098269720e-01 6.297141447064529274e-01 5.557871145563094695e-01 5.487387673061484561e-01 5.268665369001871435e-01 7.544650355124101759e-01 5.387720440414122125e-01 3.855945276998859472e-01 3.996640372897755644e-01 3.953856067792392293e-01
5.687572600547201318e-02 1.379600702131313916e-01 1.669803655297777134e-01 9.686005377141247707e-02 2.486806959214386270e-01 2.153603164289674132e-01 1.816377468542879348e-01 1.131480258918519527e-01 9.415720276063654914e-02 5.882400930654378690e-02
0.000000000000000000e+00 0.000000000000000000e+00 9.589059517590939330e-03 1.714998048747680762e-02 0.000000000000000000e+00 0.000000000000000000e+00 0.000000000000000000e+00 1.987611537522759528e-02 0.000000000000000000e+00 0.000000000000000000e+00
4.476617096136999985e-01 3.826337722421794818e-01 4.570684289259875910e-01 4.145591560453780744e-01 4.073064386496368372e-01 2.436076532873749367e-01 4.550641132311916692e-01 6.164836365695495202e-01 6.247188830683981786e-01 6.158383338889285019e-01
9.276665432184207916e-01 8.306023105500380810e-01 8.953936225712825214e-01 8.595297637157406356e-01 8.002374669988469025e-01 8.340179805500198551e-01 8.238158442717899987e-01 9.162085826752605078e-01 9.570931447481471066e-01 9.606492068366953019e-01
6.521602350240472967e-01 7.388565561046731567e-01 7.535640414753147498e-01 7.326935031595342984e-01 5.137327457580742607e-01 7.419461713604068587e-01 6.813205738410439416e-01 6.717305061710850955e-01 8.263297902000874551e-01 7.430015097258464429e-01
1.136614679252428116e-02 0.000000000000000000e+00 0.000000000000000000e+00 0.000000000000000000e+00 4.551752899282309915e-04 0.000000000000000000e+00 0.000000000000000000e+00 0.000000000000000000e+00 1.461563931295072408e-02 0.000000000000000000e+00
9.315927683786450197e-01 8.477669550484024930e-01 8.466835865706425768e-01 8.771972770725102730e-01 7.420964643681580153e-01 8.064433354432042345e-01 8.360716604521634121e-01 9.053579347002127520e-01 9.226562381273301083e-01 9.807866506930621453e-01
4.527911021258425595e-01 4.104016250410116307e-01 4.611492747872141251e-01 4.389275208009730256e-01 4.229716776923092003e-01 2.286228177282167984e-01 4.689469677267008585e-01 6.274622288801222636e-01 6.140375313938195578e-01 6.095917993314025063e-01
2.486753574702174341e-01 4.710172431956567984e-01 5.111344011092602280e-01 3.837598310706311633e-01 4.749244857363560390e-01 3.838431525164804348e-01 5.042347211733388956e-01 4.356740393824429791e-01 5.215364856974225027e-01 3.856948769969168467e-01
2.240305099597850458e-01 9.359822614143034625e-02 9.283138477559804702e-02 1.589294840680455234e-01 2.418148012858423457e-01 3.300183362699190409e-02 1.579059966250956348e-01 2.711571044874532821e-01 1.392581460651277636e-01 2.650809310831689358e-01
8.395018969068672732e-01 6.862052817424579843e-01 6.489343866117586179e-01 7.101220438632237508e-01 7.924913721727180338e-01 7.896699892543006527e-01 7.008358757255250815e-01 6.162474276093768966e-01 5.379638449959740498e-01 6.221152268221582515e-01
4.447594975609224788e-01 3.877764216705628098e-01 4.985429327638421504e-01 4.362959848096616411e-01 4.762492432845188972e-01 2.446150300365208252e-01 4.638636670980577636e-01 6.234432739210648000e-01 6.186689180457486392e-01 6.248277809207237743e-01
1.664983717230423821e-01 3.192445927653284055e-01 3.459757531015617560e-01 2.726304635002900767e-01 2.097271064114444306e-01 1.987944453177719895e-01 3.280106181530608733e-01 3.712032526863393578e-01 5.197460845865535806e-01 3.458134036132938238e-01
4.598332068813205109e-01 4.144234891855987368e-01 4.741251839463583306e-01 4.252399315069792518e-01 4.191966807554697860e-01 2.355059671647655450e-01 4.783444723748075389e-01 5.925387566655144767e-01 6.085409393361888020e-01 5.952846185438320781e-01
5.142757140408056316e-01 4.179881679935978367e-01 4.225628573184538328e-01 4.807436365730827776e-01 3.182383728437839232e-01 5.913772936052972273e-01 3.703102165289626213e-01 3.130760427781251187e-01 3.434496959513399506e-01 3.948145789627850455e-01
1.000000000000000000e+00 9.651084763019531776e-01 1.000000000000000000e+00 1.000000000000000000e+00 9.812817715462638368e-01 9.906445022652308197e-01 1.000000000000000000e+00 9.988173633361818737e-01 1.000000000000000000e+00 1.000000000000000000e+00
6.914744652531980285e-02 1.828597792443312220e-01 1.372497555241622702e-01 1.113960948936370682e-01 2.856698668851870848e-01 1.783777215214784329e-01 1.625782469312727907e-01 1.003183643221172150e-01 3.430189234674635435e-02 5.376872153211469108e-03
1.609143302450561919e-01 2.987487272095618596e-01 3.608917294977613266e-01 2.690556451947642702e-01 2.255185538532769596e-01 2.143040549633555558e-01 3.079972531464355567e-01 3.597992958004391228e-01 4.858870243423476509e-01 3.913375552006761460e-01
9.498816045148296139e-01 8.407260738360721186e-01 8.800784195414326216e-01 9.054032356605724585e-01 7.462235921949744721e-01 8.208362592887838982e-01 8.109957725677152673e-01 9.337460216807373925e-01 1.000000000000000000e+00 9.733554873026789567e-01
3.673159807691765422e-01 2.844807447566387038e-01 2.284516045867228395e-01 2.582297276608923053e-01 4.852475219768197512e-01 2.651006597217012151e-01 3.246035492762978092e-01 3.262704627739363428e-01 1.550058726135407627e-01 2.472651316632653029e-01
4.933049025795369635e-01 5.792290187637295640e-01 6.003580720568679752e-01 5.328739730038291045e-01 7.601980106362887790e-01 4.462312592918870058e-01 6.571915557190324275e-01 7.096083095444956079e-01 6.659184557118175141e-01 6.352387404892071432e-01
5.402979479873887270e-01 5.718025672159698924e-01 5.314309881141220382e-01 5.737776347820220391e-01 5.489234631049989543e-01 7.659720196028213524e-01 5.189234055394464917e-01 3.960151022812831156e-01 3.686021571979092304e-01 4.186217105088272938e-01
2.469918781608300973e-01 4.964048984812555187e-01 5.113611261399215735e-01 3.997352821318308491e-01 4.889699968588333556e-01 4.182871094429965741e-01 4.757262937082269993e-01 4.490766505719196444e-01 5.225564892612879486e-01 3.917438265861752367e-01
2.897326087754613644e-01 4.469205472306826410e-01 4.766022877732974949e-01 3.986497282648607254e-01 4.490542223652622122e-01 4.110828249632735854e-01 4.886138778004704419e-01 4.316401775021749820e-01 5.059351869521357958e-01 3.815528225112532201e-01
7.812398078548029590e-01 7.286097321210271982e-01 6.242808979810449133e-01 7.496987277613782474e-01 7.773111040676569106e-01 8.168481833900040900e-01 7.179118947619343993e-01 6.647986772347584949e-01 5.245992122632787691e-01 6.276677652678420705e-01
7.160876654540913044e-01 5.342713237953846672e-01 5.329282158144912351e-01 5.990040849469121520e-01 5.346546504577596171e-01 5.864307433499816868e-01 5.078813098720960095e-01 5.549544562805216463e-01 4.630944705494378089e-01 5.875376991791059211e-01
1.000000000000000000e+00 9.866486937327960671e-01 9.806532360335974419e-01 1.000000000000000000e+00 1.000000000000000000e+00 9.997019387973425930e-01 1.000000000000000000e+00 9.867229738692298024e-01 1.000000000000000000e+00 1.000000000000000000e+00
5.025722016721899665e-01 4.198918324350766063e-01 3.893341615182659976e-01 4.227271620398579954e-01 3.308591640976535908e-01 5.823406289374654099e-01 3.684440730112915618e-01 2.598897717007229158e-01 3.670625889213884330e-01 3.852992580132382772e-01
1.019221577844957316e-02 1.419334757091333596e-02 0.000000000000000000e+00 1.107298763225375918e-02 0.000000000000000000e+00 0.000000000000000000e+00 0.000000000000000000e+00 3.387337242961018793e-05 1.365265070281306350e-02 1.576084207329018355e-02
6.188921914538590974e-01 6.141683761720987400e-01 5.772289707460251940e-01 5.508784702533296995e-01 5.424115974242098570e-01 7.548093067692366320e-01 5.174381817744230228e-01 3.743363451159513744e-01 3.637047103588044172e-01 3.952453549024469437e-01
2.843765508227462102e-01 8.495439756153116972e-02 7.820277622839737208e-02 1.602763494402061617e-01 2.096882697954480512e-01 5.445105023830446728e-02 1.711445260909750521e-01 2.716785876870673189e-01 1.125792925383618109e-01 2.492938844620175010e-01
4.458338595323745879e-01 3.594506977000435644e-01 4.702519578138892320e-01 4.265573315884382266e-01 4.521394619956522476e-01 2.450544074634396496e-01 4.465221199302357724e-01 6.021406484398215131e-01 6.289925720666527109e-01 5.697818739141016220e-01
2.491946409923137262e-01 1.314015846475965199e-01 1.172739964388162526e-01 1.163748086497748691e-01 2.516542625087156981e-01 3.103705704551162556e-02 1.593691062130764835e-01 2.434362181331651553e-01 1.147470644209696577e-01 2.481657147164814115e-01
5.801492509725694746e-02 1.648023427474846203e-01 1.343032594057790574e-01 1.130612072335883678e-01 2.771554890717127240e-01 1.839465362634331025e-01 1.736040385645644668e-01 1.017393430976086532e-01 4.987956914141986747e-02 3.965899610876649772e-03
9.943943917336370841e-01 1.000000000000000000e+00 1.000000000000000000e+00 9.963882983703422624e-01 1.000000000000000000e+00 1.000000000000000000e+00 1.000000000000000000e+00 9.794444379504502196e-01 9.976548671808335156e-01 9.932786105009336897e-01
4.663872206432561618e-01 4.057495610732805291e-01 3.951136282713831882e-01 4.738422492629859595e-01 3.107408245259057344e-01 5.695298352692040877e-01 3.725936677020652565e-01 2.896090021433983530e-01 3.628039410087825489e-01 3.620234343441676717e-01
8.158331131548747228e-01 6.881834390870942286e-01 6.384728935659489402e-01 7.112905857635078988e-01 8.041383903970449332e-01 8.244241543620384194e-01 6.580156479858233487e-01 6.619683468607477916e-01 5.189502105035147528e-01 5.962566377242700666e-01
3.278378547553127409e-01 3.043302107708812376e-01 2.847131031669086210e-01 3.076514094415767619e-01 4.490623346906624791e-01 2.156145759410623142e-01 3.400299176593356010e-01 3.458550736078109811e-01 2.057016739951101902e-01 2.630382032057928532e-01
6.690303221833359126e-01 7.236886220407643400e-01 7.549153925435471146e-01 7.507820734910436444e-01 5.184054446127565052e-01 7.670724122265020206e-01 6.767815310939626627e-01 6.390562447697345494e-01 8.294823247175699965e-01 7.186021105588231705e-01
4.972428208633143387e-01 5.643056005857125523e-01 5.973252130725862363e-01 5.270353933292966087e-01 7.239096961164458444e-01 4.585240974041541739e-01 6.820139002425932295e-01 6.884355734653930803e-01 6.847044125166463768e-01 6.468050127491761225e-01
7.437141905884726567e-01 5.292262965646896689e-01 4.836006513925800721e-01 5.947919458682889848e-01 5.132361333129699110e-01 6.255653688777889077e-01 5.512369806012774598e-01 5.367195842185508159e-01 4.810022381593263563e-01 6.119657376518936598e-01
3.422548341434921704e-01 2.778187103073787578e-01 2.404628145367276315e-01 2.770736480516421407e-01 5.069295834674815149e-01 2.304873278422487348e-01 3.533874295173993763e-01 3.656593596659863388e-01 1.826488009101721877e-01 2.954345596069577473e-01
9.466495035148425607e-01 8.431901457648710574e-01 8.800414505002456256e-01 8.778620494124399487e-01 7.323268748907468817e-01 8.161669029996864166e-01 8.346596673207548056e-01 9.206260357281222939e-01 9.528187185783379975e-01 9.703047989121170724e-01
5.448288797744574863e-01 5.821812033141884335e-01 5.443427452377376241e-01 5.498427695417581473e-01 5.515226129247035036e-01 7.269601088760011542e-01 5.198279469995795710e-01 3.943040056306617025e-01 3.657280342820281582e-01 4.200022214798083131e-01
0.000000000000000000e+00 2.440215094362452666e-02 0.000000000000000000e+00 0.000000000000000000e+00 0.000000000000000000e+00 8.558883837388477772e-03 0.000000000000000000e+00 2.100702924001138228e-02 2.314489770860443923e-03 9.772975358886566016e-03
8.973160106525067681e-01 7.931228435536560317e-01 8.596830897435576713e-01 9.255961346963786918e-01 7.499047601264278162e-01 7.797713713980864991e-01 8.290904792627460385e-01 8.779627112577871317e-01 9.394654699898685735e-01 9.934934070890689695e-01
3.483663139030758193e-01 2.630981097975511052e-01 2.174350699259546549e-01 2.545950787508654556e-01 4.922101724513707754e-01 2.526315611883181989e-01 3.123434950516096875e-01 3.292012232874083066e-01 1.670654440308889377e-01 2.830191206041893781e-01
8.164670788142434077e-01 6.869247564716299825e-01 6.695846083064720400e-01 7.320752013981823847e-01 7.592037850612981531e-01 8.101094483851530859e-01 6.499026724924844567e-01 6.526404066732016673e-01 5.019765169633526591e-01 6.509933953209168234e-01
3.296239832795762603e-01 2.858424207980924669e-01 2.315840292283685431e-01 2.620293895498994052e-01 4.948965145658790754e-01 2.452613440412632073e-01 3.290878710608795554e-01 3.561055521147288294e-01 2.014925898512875124e-01 2.410962453330749988e-01
6.897727520074209417e-02 1.633579805258057460e-01 1.422201663728839272e-01 1.213776808599501128e-01 2.746934495787118902e-01 1.944687108241019424e-01 1.482495053751072545e-01 1.051793317319573290e-01 2.765021187987289422e-02 1.713296066095245512e-02
2.578500781586376966e-01 1.240555573145346313e-01 1.065225232615605866e-01 1.275936986231530346e-01 2.022490903671044782e-01 5.838037453021342749e-02 1.317172863403396066e-01 2.748453408939250386e-01 1.218067407407728564e-01 2.429288744505977704e-01
2.381975021934847059e-01 4.915886121927661168e-01 5.197603510391789472e-01 3.652579366649533199e-01 4.869619800982725177e-01 4.143490437734313470e-01 5.247967005777144367e-01 4.403430821282177110e-01 5.528417265205314290e-01 3.608020606751599080e-01
4.387119369585577022e-01 3.886061744815870189e-01 4.529340978330259615e-01 4.263553268734092128e-01 4.627686888308334412e-01 2.771772027518832338e-01 4.486282307763687638e-01 6.168702990293272181e-01 6.151651243365654498e-01 6.233244420780517103e-01
6.572866024154514486e-01 7.328413212455997527e-01 7.832223462208229847e-01 7.208496185403356904e-01 5.201069427732061268e-01 7.626225334288060376e-01 6.816983407896209934e-01 6.520009905143462348e-01 8.509053399871271406e-01 7.444468554649553704e-01
1.000000000000000000e+00 1.000000000000000000e+00 9.733839473587606594e-01 9.930017129040107360e-01 1.000000000000000000e+00 1.000000000000000000e+00 9.713323669658326942e-01 9.898586656695914643e-01 9.924541483269841979e-01 9.909056039274780625e-01
6.614902140468847946e-01 6.982101882106177548e-01 7.526285580219493898e-01 7.565377051540153053e-01 4.752211472988199792e-01 7.906377907673342031e-01 6.642282156044534425e-01 6.490092506355470414e-01 8.160686316521813533e-01 7.344756418904095918e-01
7.544485981890735049e-01 8.827863309639496503e-01 8.757208832889266104e-01 8.579175343941690679e-01 7.994971368314647275e-01 9.799977277961963162e-01 8.253508841617834824e-01 7.672351660918813598e-01 8.496037711928086100e-01 7.397574678215195210e-01
1.819382755293623144e-01 3.212598028094026392e-01 3.215112362514019884e-01 2.742617064833712814e-01 2.194533250169770633e-01 2.311435472391395463e-01 3.091165461861601349e-01 3.847736021469471690e-01 4.976027489971443507e-01 3.399880034682716268e-01
4.550259830693229035e-01 4.315246802333962961e-01 4.075430628228872698e-01 4.902765795098315005e-01 2.834874612250963266e-01 5.793177411843624114e-01 3.609589084575424156e-01 3.116984777248530958e-01 3.083308167287801549e-01 3.891205395698800196e-01
4.219201525038338563e-01 3.701026852358466623e-01 4.110970780655329171e-01 4.343429442342156555e-01 4.668519482334289039e-01 2.285417217143607682e-01 4.729765410322724906e-01 5.885549100367802877e-01 6.164804042358272840e-01 5.748595975186510110e-01
6.717137489701366926e-01 7.108895580059814145e-01 7.489471101377118689e-01 7.172822268453868944e-01 5.233932675307431115e-01 7.739819765925390893e-01 6.480616705259500954e-01 6.479352422624440333e-01 8.349938711297912874e-01 7.322043782571091564e-01
3.388280181925686363e-01 2.399160824324753361e-01 2.529829185722743401e-01 2.439017171723608379e-01 5.041007930729035635e-01 2.736590057924503938e-01 3.113926489611925641e-01 3.335066112046643494e-01 2.015876051835014671e-01 2.613390183374717513e-01
7.469356374820096400e-01 5.421679977264687311e-01 4.834967046577111072e-01 6.062196369437270471e-01 5.371771899352357771e-01 5.928160215429616464e-01 4.886171093480882188e-01 5.610853508973204784e-01 4.623203190969411014e-01 6.250109796225097325e-01
5.417122652868584520e-01 5.675083003559331374e-01 6.303001252353194195e-01 5.309981035190930454e-01 7.050002933849127684e-01 4.494119551760145104e-01 6.517483042720071396e-01 7.067156750197011172e-01 6.378051221973410900e-01 6.054357581515068532e-01
3.604422121949298341e-01 3.029692116922398926e-01 2.488151373900996666e-01 2.478133339439234917e-01 4.640544181195097040e-01 2.286967599935423034e-01 3.129531238803386350e-01 3.436252122558708932e-01 1.963349079129932395e-01 2.611759189289806216e-01
8.193603518105395667e-01 6.993108700490064944e-01 6.120858884582141002e-01 7.099889833786107163e-01 7.828965076462488515e-01 8.261394673325251903e-01 6.821366906171648647e-01 6.557053599802979971e-01 5.242485936567544691e-01 6.302766555779704127e-01
2.121168576950697715e-01 3.300692775012876723e-01 3.634865525742364545e-01 2.866123731375948003e-01 2.252759156127756568e-01 2.309378000737627723e-01 3.255990081175432760e-01 3.738356236297360469e-01 5.028629773500116196e-01 3.717790169323061389e-01
6.790451868195027663e-01 7.320127066571251451e-01 7.302227584099570956e-01 7.349084914453452022e-01 5.130337028645267639e-01 7.220850490413933676e-01 6.756060150394868069e-01 6.350570660473439100e-01 8.148932474832274453e-01 7.060599146281482108e-01
5.276378050783182561e-01 6.335673417045435407e-01 6.009131354020011972e-01 5.566396547888214918e-01 6.750508316102913353e-01 4.721518037753003050e-01 6.270576130443626939e-01 6.961803147334064690e-01 6.663029508091503628e-01 6.414538877965330066e-01
2.736175649990367775e-01 4.715399683257479047e-01 4.696796052136834043e-01 3.880773459259524438e-01 5.004220239546439686e-01 3.828937382628397335e-01 5.001419867149899945e-01 4.411167735552343760e-01 5.159321420869460439e-01 3.906720093392928028e-01
4.903278065571915756e-02 2.174134212681738121e-01 1.477849641715354156e-01 1.258863096629904144e-01 2.731215108320294016e-01 1.964291027543529355e-01 1.809324000153370304e-01 8.275531686856037183e-02 4.659835932362911548e-02 1.074991882567444615e-02
5.700627774146492799e-01 6.228639805590255873e-01 5.093543157002693444e-01 5.518646713833681439e-01 5.547607944728445428e-01 7.735003742718785658e-01 5.279980265362561598e-01 3.762686113177260427e-01 3.877730109930538349e-01 3.954203408682711585e-01
1.930082041085700306e-01 3.291849091675715377e-01 3.412121722072818941e-01 2.760903876645969812e-01 2.223922301100655641e-01 1.983009148190528759e-01 3.098569336446266309e-01 3.569325025730776813e-01 4.924108496163318027e-01 3.732182477247707464e-01
5.731392198300312435e-01 6.050673350754944835e-01 5.546343781222925484e-01 5.403147684631487424e-01 5.682571878020620249e-01 7.839784801150596616e-01 5.372818434486565931e-01 4.166689696872087900e-01 3.593343798885607621e-01 3.549805916702462594e-01
1.999293702696322561e-01 2.669824548227827665e-01 3.500163631681548759e-01 2.597517487100373113e-01 2.059064112737196139e-01 1.989797763970303224e-01 2.740755796009492484e-01 3.377902947753307350e-01 4.902941467543158738e-01 3.530641719169088644e-01
9.856465608136938394e-01 9.787791342108506099e-01 9.982542333043911142e-01 1.000000000000000000e+00 9.883055669644825736e-01 9.795818677031666866e-01 1.000000000000000000e+00 9.829735244780876124e-01 1.000000000000000000e+00 9.749632010610729260e-01
3.600901700458929433e-01 2.913089238259470304e-01 2.321732155782980922e-01 3.209119471025484449e-01 4.736765161299004712e-01 2.410575133053212415e-01 3.174472394778609652e-01 3.393579197059362618e-01 1.703151946085401935e-01 2.510708961154667351e-01
4.470496123404426037e-01 3.848237018836116463e-01 4.610531389786298728e-01 4.145288209569792381e-01 4.683758339852341912e-01 2.997955712320978794e-01 4.709546531266165514e-01 6.775047746630065149e-01 5.900404635238587492e-01 6.110276426542654571e-01
8.029636022697203002e-01 6.989769905564642283e-01 6.504013842696894088e-01 7.592058665227016112e-01 7.648246641135439949e-01 7.803024553827616616e-01 6.738819307294676708e-01 6.235249491661063459e-01 5.188893050673407670e-01 6.048011166789235560e-01
7.262727234293631096e-01 5.080925621267229353e-01 5.360816193212181169e-01 6.307067012583852383e-01 5.197249405655005594e-01 6.078533233862738472e-01 5.323583220826244577e-01 5.188725681871535489e-01 4.754244139649259626e-01 5.953740549185816411e-01
7.318726184380969224e-01 5.438605120773536417e-01 5.038565132461290119e-01 6.247235465206844029e-01 5.662376379202687104e-01 5.651185294082627930e-01 5.230103003002485318e-01 5.306708264184345492e-01 4.621226533127417158e-01 5.957119055023341048e-01
1.000000000000000000e+00 9.847788260598397958e-01 9.835397857532766075e-01 9.912954453765034923e-01 9.778656993270202769e-01 1.000000000000000000e+00 9.909897101717753953e-01 9.641457439065670432e-01 1.000000000000000000e+00 1.000000000000000000e+00
3.388544844217709073e-01 2.729213592815530331e-01 2.382792922513941869e-01 2.642916776017474878e-01 5.009695279356883857e-01 2.701288931004813820e-01 3.339401981584462775e-01 3.490890636732466579e-01 1.418110306434468282e-01 2.884867587833049307e-01
4.403706621889512673e-01 3.776232279454181939e-01 4.380210426537838875e-01 4.142099537535205434e-01 4.251187488062986297e-01 2.347401314654461169e-01 5.082525486267006620e-01 6.029318468744239157e-01 6.358852690803136198e-01 6.226274814158154758e-01
2.546417676477236713e-01 1.094326153984795658e-01 1.036153242055902618e-01 1.897661564812923030e-01 2.447605233746048548e-01 6.539468050949520661e-02 1.819792621973551905e-01 2.528519048253928814e-01 1.484014441460445033e-01 2.543056930432542884e-01
9.183600520483137242e-01 8.324594279913298811e-01 8.666675360145690288e-01 8.900040946198721770e-01 7.371379311645679389e-01 7.880797774648459209e-01 8.340120795540342247e-01 8.994277687724353543e-01 9.543257178667231555e-01 9.852401600962312767e-01
6.962908356759983652e-01 7.221759501277723592e-01 7.679578597531283579e-01 7.347075995736339626e-01 5.286221953152351327e-01 7.555412226917472829e-01 6.736298695013119842e-01 6.674267482730517065e-01 8.492477269923022209e-01 7.073791196837520001e-01
9.880351117102444958e-01 9.994045617366761336e-01 1.000000000000000000e+00 1.000000000000000000e+00 1.000000000000000000e+00 9.949478341002016002e-01 9.864802927956608514e-01 9.569189170919579768e-01 1.000000000000000000e+00 1.000000000000000000e+00
4.068916060971641269e-01 4.087125596289197249e-01 4.918847956305659741e-01 4.704900509910463491e-01 4.447554983390932803e-01 2.319555487060739329e-01 4.644302726399881509e-01 6.165768661280792706e-01 6.230960602684725291e-01 5.907395125524066426e-01
2.596412891046196991e-01 6.907059819094996111e-02 1.305880404325828748e-01 1.313715388805152540e-01 2.111792679107782345e-01 2.992398210157123928e-02 1.909607126245120301e-01 2.504695942080427673e-01 1.141483788760632029e-01 2.245115667223468447e-01
2.707810841909086830e-01 8.771291556332747041e-02 9.279626481312384934e-02 2.041077311555771212e-01 2.377375663102385683e-01 4.006265787847135967e-02 1.680276118446628331e-01 2.446368720475443626e-01 1.395122324326988628e-01 2.818381922328936362e-01
2.569751478844479187e-01 4.742170153800677745e-01 4.824972195039193834e-01 3.683918933189119782e-01 4.828301094585489284e-01 3.682086709363923682e-01 4.706933289226422068e-01 4.718019557010185716e-01 5.405045520380027391e-01 3.858810394818401046e-01
8.114123008508619117e-01 6.881601556464056468e-01 6.584379804753537346e-01 7.117454812509296236e-01 8.032500208964079569e-01 7.925260985997814034e-01 6.808229984691275272e-01 6.924033878468772718e-01 5.471647055728103837e-01 6.709314891648153756e-01
4.354772257900868526e-01 4.113186584793846468e-01 4.254053476417919977e-01 4.416749487524906370e-01 4.463379438291114609e-01 2.624198230821395694e-01 4.487212096965673136e-01 6.199916385107788752e-01 5.819104925186272537e-01 6.408083327600635482e-01
3.967885263558696557e-02 2.278346518731356740e-01 1.179233735294095697e-01 8.987288207978448573e-02 2.713282807741760339e-01 1.679541611921087640e-01 1.541565049343228966e-01 1.103226442516495598e-01 6.299597656872282792e-02 1.273816208840608012e-02
6.766520914488423077e-01 7.100783146751616925e-01 7.706708069112142567e-01 7.209303211413888857e-01 4.965011063551666992e-01 7.649684433503386449e-01 6.488274828581287457e-01 6.402068125622659700e-01 8.192654576276781064e-01 7.292666151027487054e-01
5.213677415430769679e-01 5.470614875553687639e-01 5.626725698327857961e-01 5.513003507718680085e-01 7.106243745491187536e-01 4.616994576562351571e-01 6.499017523744341496e-01 7.518700022034778829e-01 6.658849523355153677e-01 6.445308354185385058e-01
9.619503885030776802e-01 8.531468905920119861e-01 8.931196029261443403e-01 9.015851121651130562e-01 7.153349713627157325e-01 8.021720049649707640e-01 8.120370326176060694e-01 8.998125661638008976e-01 9.498325318244064119e-01 9.621161960536139812e-01
4.920490178366015988e-02 2.140447670797043234e-01 1.454152259947527059e-01 1.181747682781921494e-01 2.669160848270399899e-01 2.017722427280065067e-01 1.759845491080618551e-01 9.141627332332789846e-02 4.348646253800451250e-02 2.021944272783914379e-02
1.000000000000000000e+00 9.980724136103982236e-01 1.000000000000000000e+00 1.000000000000000000e+00 1.000000000000000000e+00 9.986157664466650541e-01 9.552915822873402352e-01 9.953081269059765868e-01 1.000000000000000000e+00 9.968820539605188769e-01
4.934020990280921226e-01 3.825704058566780641e-01 3.858836636469853421e-01 4.424163826581556935e-01 3.252401214073523672e-01 5.016035108954697286e-01 3.612787317482809013e-01 2.611903958814735249e-01 3.275057177235564665e-01 3.984643790633916605e-01
4.439630295933373882e-01 4.436743870024698055e-01 4.151573896988424162e-01 4.403175697744120543e-01 3.210448564469542965e-01 5.622356045429562910e-01 3.455780815648938353e-01 3.188185399193773084e-01 3.665387372447978520e-01 3.636762911192326087e-01
1.848410063618504684e-01 2.971183230429255695e-01 3.700620898443820472e-01 2.700618563619207602e-01 1.923134805310990902e-01 2.008726521560952050e-01 3.039679153800223799e-01 3.192101005504987543e-01 5.107002093147022803e-01 3.476613576021713170e-01
5.479874836905126445e-01 5.740097104473514955e-01 5.418425099008928880e-01 5.365999875814212450e-01 5.399691795620055190e-01 7.592238030739465460e-01 5.596401659549936625e-01 3.523899896661373821e-01 3.907158487946752468e-01 3.977850928901741634e-01
6.414314598790672450e-01 7.106236014176307014e-01 7.994112467742243711e-01 7.465597317654604215e-01 5.376186219848663184e-01 7.587595248915349755e-01 6.888432797859951329e-01 6.433331307529883691e-01 8.282514765861959116e-01 7.448801787455577861e-01
4.651319167909549468e-01 4.213039066036878832e-01 3.946877463908227690e-01 4.722910363174112613e-01 2.983113095057361996e-01 5.844415047091597870e-01 3.906674168608880171e-01 3.203835945947511865e-01 3.327000726311120649e-01 3.584299069616740940e-01
7.651567192933593775e-01 9.154077608886165285e-01 9.059051221789574670e-01 8.486653026298719427e-01 7.669403418634123115e-01 9.813331464968444440e-01 8.464718232456781566e-01 7.096817553857081018e-01 8.572519496791559668e-01 7.517787141641325555e-01
2.513232842718365889e-01 9.315625752230130563e-02 4.972320590671663876e-02 1.850108309943500340e-01 2.391313804630224027e-01 2.810211110093604331e-02 1.844804894937002726e-01 2.229397232371352344e-01 1.184019532518769818e-01 2.496134199774675544e-01
1.000000000000000000e+00 9.875370946933763605e-01 9.859947569319521543e-01 9.739893702551923882e-01 9.943981687894654087e-01 1.000000000000000000e+00 9.975493055115935981e-01 1.000000000000000000e+00 1.000000000000000000e+00 1.000000000000000000e+00
1.000000000000000000e+00 9.811614858427233354e-01 1.000000000000000000e+00 9.758808203167813611e-01 9.861172570235510193e-01 9.930097535399439179e-01 9.912657256496735236e-01 1.000000000000000000e+00 1.000000000000000000e+00 1.000000000000000000e+00
3.418349313037533088e-01 3.141781788786250917e-01 2.432875124725212002e-01 2.954096057312957102e-01 5.126684088903991077e-01 2.719686090773963949e-01 3.255098214431597081e-01 3.434536387545213953e-01 1.717040958188473243e-01 2.884038439879609284e-01
4.802259476621925649e-01 4.183325121367170718e-01 4.016081965034933865e-01 4.472115683586214696e-01 2.927771546704703298e-01 5.537367516947762081e-01 3.657760403873940303e-01 2.481015234496834476e-01 3.492792608068933102e-01 3.605469566327003661e-01
4.694761716518563999e-01 4.239049592988997639e-01 4.383351169531696234e-01 4.279773783184267488e-01 2.933409535944723756e-01 5.529726822642809791e-01 3.427503796138855474e-01 2.889064622758787393e-01 3.351983744121899145e-01 3.693225748855477053e-01
7.004373976786949507e-01 7.063709627032960237e-01 7.565571237404314919e-01 7.006177013100071127e-01 5.081330851075316346e-01 7.562435994676124373e-01 6.611713178842214544e-01 6.837795493329906771e-01 8.296172204482785695e-01 7.444354200996554649e-01
9.676487594011794480e-01 1.000000000000000000e+00 1.000000000000000000e+00 1.000000000000000000e+00 1.000000000000000000e+00 1.000000000000000000e+00 1.000000000000000000e+00 9.995924793966582955e-01 1.000000000000000000e+00 9.653381036661734527e-01
1.000000000000000000e+00 9.858791877292214512e-01 9.692261609431662706e-01 9.794851671632842649e-01 1.000000000000000000e+00 1.000000000000000000e+00 9.784965156068442527e-01 9.978878329478833020e-01 9.825627462034776105e-01 9.962402886753087827e-01
7.571386292642995341e-01 5.306836629022395613e-01 5.130941469431689050e-01 5.950867960438801507e-01 5.267591219685203718e-01 5.767210889140426122e-01 5.371827603349200730e-01 5.623670456148858188e-01 4.680596695482827085e-01 6.334521371580149607e-01
0.000000000000000000e+00 0.000000000000000000e+00 1.835411067610653174e-02 1.816445087401471342e-02 1.945068708204575163e-04 2.973558015374563532e-02 0.000000000000000000e+00 0.000000000000000000e+00 0.000000000000000000e+00 1.181618945150060378e-02
5.231761537102067594e-01 5.688370079972094873e-01 5.896715946982816758e-01 5.394106440504057298e-01 6.816727580832567801e-01 4.158573562797943657e-01 6.295163666932792612e-01 6.790869150072050831e-01 6.654934757864513495e-01 6.176308465619766430e-01
5.494025006733744831e-01 5.874675465516198125e-01 6.101385659070519552e-01 5.470035868236104992e-01 6.826062081893975453e-01 4.474216204565151234e-01 6.325944976901448635e-01 6.622370774790731218e-01 6.489087527473362815e-01 6.151348381374953656e-01
1.699654022735872516e-01 2.782982594987608027e-01 3.467836460562738754e-01 3.153101488153645660e-01 1.877667571307535810e-01 1.931722143761622767e-01 3.111946356549668002e-01 3.673274358082146418e-01 4.942445772376073965e-01 3.980780490510238412e-01
7.321574627015099423e-01 9.131275092468766896e-01 9.141560191286017822e-01 8.140209646963961765e-01 8.188196830453388086e-01 1.000000000000000000e+00 8.153938887043595818e-01 7.205003633420149489e-01 9.114650692820697175e-01 7.685327495639645567e-01
2.428131891243254237e-01 9.250599729348783773e-02 1.300447658769909309e-01 1.529901739228179958e-01 1.810973858852831797e-01 4.247135116692154350e-02 1.818780998385586545e-01 2.597435908809571647e-01 1.339371996222937511e-01 2.031441445398250445e-01
5.148848002743604546e-01 5.555888302538177781e-01 5.912446407187533781e-01 5.462731695813061172e-01 7.080843140429357030e-01 4.415782488462045019e-01 6.528191558324496491e-01 7.078235069681474423e-01 6.727216273347480513e-01 6.450806972164706554e-01
2.423887236551311997e-01 4.647485011960128531e-01 4.924241752068167499e-01 4.091924691632788935e-01 4.802810868080727436e-01 4.231404832247017134e-01 5.099913020816777554e-01 4.803023688199252739e-01 5.156072051735008932e-01 4.166847823437425657e-01
3.659919502671016844e-01 2.600430278242809035e-01 2.405113016113356317e-01 2.736129694932711298e-01 5.032371387540585106e-01 2.275079869677295585e-01 3.613500142103999169e-01 3.582299248040975992e-01 1.953533435926418371e-01 2.575680105021733168e-01
8.160846019945138252e-01 7.138296881489110124e-01 6.556180631532116942e-01 7.534075263583254189e-01 7.595941630366496167e-01 7.748529092266852603e-01 6.979919308496262964e-01 6.281112913870042780e-01 5.173683856108431955e-01 6.358836288282015969e-01
8.123194616468494278e-01 7.020126078691796279e-01 6.318291494683899723e-01 7.024619683645871859e-01 7.818526882279744905e-01 7.686433333018666270e-01 7.020637593217841088e-01 6.261492599751634636e-01 5.211213720611947986e-01 6.206781850118893162e-01
3.125230274657403995e-01 2.984272456734467505e-01 2.450621730734977022e-01 2.915228452251600322e-01 4.674101220479022212e-01 2.468722006315858530e-01 3.188110339657474479e-01 3.510630499419564177e-01 1.688638600115026089e-01 2.833646198044418307e-01
9.956168464324780532e-01 9.792551188909813797e-01 1.000000000000000000e+00 9.712156658446402524e-01 1.000000000000000000e+00 1.000000000000000000e+00 9.878774694568531745e-01 1.000000000000000000e+00 1.000000000000000000e+00 1.000000000000000000e+00
3.556587638113090089e-01 2.442945016161532090e-01 2.638794059720694918e-01 2.231455560718036135e-01 4.757327150755058520e-01 2.578055545262442627e-01 3.180987069874232631e-01 3.596479366918836074e-01 1.749882950133295201e-01 2.514864538106518776e-01
2.728768523120140843e-01 1.126368670745773876e-01 9.747679436179755574e-02 2.041135441967866226e-01 2.287893745465676976e-01 6.168787255583957352e-02 1.377046824036691763e-01 2.405598743949688145e-01 1.501894413891710078e-01 2.240672229946067406e-01
4.965584663038699609e-01 4.219510720487321120e-01 3.917134453387894899e-01 4.610255406336765671e-01 2.805076896880134285e-01 5.368199184279009994e-01 3.623298110554218909e-01 2.766318374634060273e-01 3.361037825942370660e-01 3.157964841397570277e-01
1.000000000000000000e+00 1.000000000000000000e+00 9.868735278517383191e-01 9.755233807148779857e-01 1.000000000000000000e+00 1.000000000000000000e+00 1.000000000000000000e+00 1.000000000000000000e+00 9.970466665671873230e-01 1.000000000000000000e+00
5.695170929355404255e-01 6.322184322323615158e-01 5.420681297140020893e-01 6.033822821440536499e-01 5.919545169615139102e-01 7.619768400304911538e-01 5.348961860578586025e-01 3.958806658954600599e-01 4.042058308678757039e-01 4.012312747303570792e-01
0.000000000000000000e+00 1.852374152668811655e-02 0.000000000000000000e+00 0.000000000000000000e+00 9.119727123655808898e-03 3.223025345841261380e-02 1.453377627124050444e-03 0.000000000000000000e+00 2.121495010535264306e-02 1.019132160008281648e-02
3.111105911414719927e-01 2.663002704248699781e-01 1.994445181284081881e-01 2.513789706694117276e-01 5.092394612539408172e-01 2.233529365325674365e-01 3.287427316760673235e-01 3.529380798981637257e-01 1.661973860057109342e-01 3.131323100279412852e-01
5.003583026191625871e-01 5.472629278829984623e-01 6.058659590782273785e-01 5.616202473286261432e-01 6.869031420465036009e-01 4.672389225221156295e-01 6.348624757881217162e-01 7.008043168083432084e-01 6.943042273304670386e-01 6.217642209043355850e-01
4.376082600506367437e-01 4.028264803057199361e-01 4.316394264225779653e-01 4.607153681407139545e-01 4.576775062607731925e-01 2.555141361963113034e-01 4.761903882822927647e-01 6.310090761234551371e-01 6.227866692959160844e-01 6.030921131539895841e-01
7.968020745228940882e-01 7.122172695718238522e-01 6.607388924587167534e-01 7.490001806486967784e-01 7.452984415125051276e-01 8.088384239651357221e-01 6.883356255731177820e-01 6.536821702553717861e-01 5.195641119276748210e-01 6.490105432294858145e-01
4.806907042049861079e-01 4.614617860028634722e-01 4.505502457680352069e-01 4.692661133917809257e-01 2.918707649918043656e-01 5.435013325875270862e-01 3.783149714138323572e-01 2.442909231257150982e-01 3.029714078409029288e-01 3.812527530744168058e-01
8.177288483426932153e-01 7.222109896313458899e-01 6.678103136215931546e-01 7.483015079918775569e-01 8.049917010281796292e-01 7.758848071975167349e-01 6.918696877713969018e-01 6.567580203267835426e-01 5.394808739618823790e-01 6.585696886648078063e-01
3.179090244550052402e-01 2.976891004977070820e-01 2.503990437682123149e-01 2.790151949489778072e-01 4.845779304828649603e-01 2.351949392681282336e-01 3.172813832360981690e-01 3.392936523052092479e-01 1.656724331251028248e-01 3.090276315258568274e-01
1.000000000000000000e+00 1.000000000000000000e+00 1.000000000000000000e+00 1.000000000000000000e+00 1.000000000000000000e+00 1.000000000000000000e+00 9.885901963037216911e-01 9.887040197365332128e-01 1.000000000000000000e+00 1.000000000000000000e+00
5.595026731106832463e-01 5.799429462017924308e-01 5.829762345496311005e-01 5.486585190994925920e-01 7.233912141395997253e-01 4.351816714520234108e-01 6.609064162766957740e-01 7.153047555710413397e-01 6.348009702645261987e-01 6.558132834610086448e-01
6.624101565385742685e-01 7.264475242423515944e-01 7.430115910372304677e-01 7.106907893189245984e-01 5.183216019557379539e-01 7.438308805212701103e-01 6.746420213833584922e-01 6.504571977595362542e-01 7.927949284115238804e-01 7.329255448978767573e-01
1.000000000000000000e+00 9.902615314360747600e-01 1.000000000000000000e+00 1.000000000000000000e+00 1.000000000000000000e+00 1.000000000000000000e+00 1.000000000000000000e+00 9.927744139659731015e-01 9.812900370702299924e-01 9.878144539406414903e-01
9.678593603058399664e-01 1.000000000000000000e+00 9.942388893840691244e-01 9.693858789856136804e-01 1.000000000000000000e+00 1.000000000000000000e+00 9.908003455233330703e-01 9.850439731421858358e-01 9.941730713428524879e-01 1.000000000000000000e+00
7.205726029311078362e-02 1.684953598112503004e-01 1.457610928841717723e-01 9.087301217026767797e-02 2.224577054666785070e-01 1.999824783945270690e-01 1.765463236475534325e-01 1.129007408467280482e-01 6.530531609966497286e-02 4.032397725102046526e-02
4.524391998787932051e-02 0.000000000000000000e+00 1.397920571616190991e-03 1.509687724691828603e-02 2.451856982639304475e-02 8.740317510370207085e-03 0.000000000000000000e+00 2.698102156831931955e-02 1.621964193071303087e-02 0.000000000000000000e+00
9.215245336523171238e-01 8.008350164504977053e-01 8.933187905051201971e-01 9.025992206302351217e-01 7.455954826704841443e-01 8.049357086281443419e-01 8.293851799985016982e-01 9.277348984036856150e-01 9.269233799591051204e-01 9.576280504930517745e-01
8.000796572965094278e-01 7.050772773587381526e-01 6.084138759131629826e-01 7.337641083399417674e-01 7.720312260546507988e-01 8.068384441191378542e-01 6.581732667266264603e-01 6.441130189170531928e-01 5.197752247863126618e-01 6.844952593245156036e-01
4.984153268096064293e-01 5.763190081334015336e-01 6.069082167324273414e-01 5.374591285653245176e-01 6.735896213323190329e-01 4.286188307197029701e-01 6.395006815570596359e-01 6.971860541021107638e-01 6.749474182954902091e-01 6.291641184722412961e-01
9.108804598079098813e-01 8.694223078508190872e-01 8.845323269085659801e-01 8.651720484530571742e-01 7.520426081841555810e-01 7.783251109692376213e-01 7.894325056703203058e-01 9.378848873672550601e-01 9.652690588755380441e-01 9.703779205265703478e-01
9.060612343389634615e-02 1.782049788602764195e-01 1.447772164627981195e-01 1.214397480775514654e-01 2.665915256698979108e-01 2.064324247296422110e-01 1.709617576343527012e-01 8.074395767274662739e-02 3.867846532824478767e-02 3.979301826984241175e-02
8.933403417828426063e-01 8.163453370535915798e-01 8.795914983555461752e-01 9.183712755643074210e-01 7.319138156712179377e-01 8.319302723154805568e-01 8.016738471864519600e-01 9.353269973411422189e-01 9.388412520623763413e-01 9.360789167298338986e-01
6.572388510309229437e-01 7.330742597998212151e-01 7.831662083755753789e-01 7.421197925325972999e-01 5.014942471765805321e-01 7.830147650621814837e-01 6.715481115021990632e-01 6.416130495934022626e-01 8.221270454575181352e-01 7.430560928187663894e-01
4.637616957487821212e-01 4.081834511150571054e-01 4.405578323743531977e-01 4.440036832947817924e-01 4.513658714546500139e-01 2.648222711516982075e-01 4.461466605782558603e-01 6.331266897989258347e-01 6.078413670460257601e-01 6.048943879497532539e-01
0.000000000000000000e+00 0.000000000000000000e+00 2.297035664204957403e-02 0.000000000000000000e+00 0.000000000000000000e+00 2.352114864592032631e-02 2.690307214057287635e-02 0.000000000000000000e+00 1.050242985381267570e-02 0.000000000000000000e+00
5.169342165384109844e-01 5.560537093846427137e-01 5.965440277319115081e-01 5.427185895024552176e-01 6.887886990405998056e-01 4.401241516941234444e-01 6.152707187957469070e-01 7.170289538242402561e-01 6.403867934959477370e-01 6.115807655748960459e-01
9.070542155256263728e-01 8.387761974327624381e-01 8.804412677454547254e-01 9.090891536496781278e-01 7.173448585744406358e-01 8.174293593812348435e-01 8.225489854952880986e-01 9.409270792140602691e-01 9.401473956911927665e-01 9.974249023770389577e-01
3.382176680261812507e-01 2.901089845909076148e-01 2.536551456053682818e-01 2.289716128349376101e-01 5.067814656146560903e-01 2.545762469161638175e-01 3.288130178391918124e-01 3.209864635006152156e-01 1.370858938787765657e-01 2.777874397611599933e-01
7.173097943416404387e-01 5.375253978190778215e-01 5.151525652265036559e-01 5.789822165611128169e-01 5.037979671711052543e-01 5.886937471328543836e-01 4.974281306262445246e-01 5.652011886222534365e-01 4.882712774616250750e-01 6.214212250525817938e-01
7.527287452282799274e-01 5.407329112296533902e-01 5.046768786923403471e-01 6.096181977050817435e-01 5.292233918806537041e-01 5.746256614930400630e-01 5.291298111195016363e-01 5.246438777033832768e-01 4.894735299788178229e-01 6.125667522975436485e-01
2.579751065344552674e-01 5.761130288310817998e-02 9.065089834161342564e-02 1.469146678875647427e-01 2.401794808468618037e-01 2.530292005890008925e-02 1.524604881343415708e-01 2.193112325549891606e-01 1.410741470428202304e-01 2.343280669678320383e-01
1.000000000000000000e+00 9.994973105337032759e-01 1.000000000000000000e+00 1.000000000000000000e+00 9.922649619135199828e-01 9.900168389060004515e-01 9.877801775937947726e-01 9.859758502901301291e-01 9.938108097402218455e-01 1.000000000000000000e+00
2.306287010320813013e-01 1.219420758303458030e-01 1.116351958720742527e-01 1.727649603105547160e-01 2.527849389265272029e-01 5.548796629519721357e-02 1.624015596771686831e-01 2.474498121610874402e-01 1.058889782723116402e-01 2.417430749040630489e-01
7.269447967792740384e-01 5.160241453688252378e-01 5.023389587149801327e-01 6.041746091885904502e-01 5.253479234742557402e-01 5.959698686395628053e-01 5.066200266302203215e-01 5.451158463332057558e-01 4.726654594325345737e-01 5.998198010825992466e-01
2.014074827310874949e-01 3.030118843528656347e-01 3.719295207288528804e-01 2.980192675812829983e-01 2.045387111441597239e-01 2.621970656607697236e-01 3.337307043424367348e-01 3.384742885818060043e-01 4.640775494423424741e-01 3.689462806282143292e-01
4.569438779317877564e-01 4.051537707759930163e-01 4.578682017383746694e-01 4.387003551724934503e-01 3.842635534091449756e-01 2.431638857333985049e-01 4.610046906028574254e-01 6.337802788514436125e-01 5.950651566645539514e-01 5.917031103787777635e-01
2.722664351610039613e-01 6.452360867474575545e-02 9.813708494605799526e-02 1.735173953515281031e-01 1.793470166051846504e-01 9.792516401738528969e-03 1.465243297287066593e-01 2.578092355049851903e-01 1.661468935828205318e-01 2.544459558866530302e-01
8.036506018805857077e-02 1.621040141987973304e-01 9.407203566725182153e-02 1.125211059920877138e-01 2.598988592852100044e-01 1.970438292824888971e-01 1.562915803013210925e-01 1.197126428383505359e-01 4.413591724810496386e-02 1.124839770631718208e-02
7.078410838356115065e-01 5.131114588442872160e-01 5.144779190018521353e-01 5.751512694448258634e-01 5.402038577781195228e-01 6.185990325841809190e-01 5.599233437841127925e-01 5.453283710091102465e-01 4.786247314030312450e-01 5.754464028123241759e-01
2.725301567487534160e-01 4.917514825516384747e-01 4.643761417628643473e-01 3.846189960409363562e-01 4.792366560642582485e-01 3.968038950911053075e-01 4.912625902295906233e-01 4.320483378273308750e-01 5.147202261630532405e-01 4.014144450864590152e-01
1.990915784427773616e-01 3.235119698619257078e-01 3.384852206278418651e-01 2.728813349296356772e-01 2.104853854115346090e-01 2.184461214064850332e-01 3.379824665016028518e-01 3.946827176368011281e-01 4.983331789013167867e-01 3.700735471313975067e-01
7.473850858010455678e-01 4.996643560997855449e-01 5.275322385692228222e-01 6.242640493137937563e-01 5.269957927818548216e-01 6.177539178773014950e-01 5.288496691080138978e-01 5.584587264267537599e-01 5.000631793527027247e-01 6.075847767793368659e-01
1.922069676874579580e-01 2.900877157399467388e-01 3.192235892736828839e-01 2.842940239542539049e-01 2.154208195551784166e-01 1.903974076105886537e-01 3.299139530989282365e-01 3.824153358108430267e-01 4.829992400845267708e-01 3.620129020004258513e-01
6.534665261085581545e-01 7.165393084130384782e-01 7.233641496296527862e-01 7.371358193926803581e-01 5.160496321920525764e-01 8.023832331592212208e-01 7.009828189704573331e-01 6.508116654409449309e-01 8.339684637640222276e-01 7.177004868786018843e-01
2.031735896189003077e-01 3.450103144788344012e-01 3.367080181690760288e-01 2.654747377072061987e-01 2.386388497621841909e-01 2.370812364919492043e-01 3.344128040430108806e-01 3.692027795330178330e-01 4.714625334349785701e-01 3.578496385431232940e-01
6.340176742755865291e-01 7.394514551025845872e-01 7.449236079315527670e-01 7.256104521054952405e-01 5.213923017780367486e-01 7.629435789621843433e-01 6.839468518609462810e-01 6.535956094543834416e-01 8.092973545348551845e-01 7.236677355923344379e-01
4.376504785443348644e-01 4.079670563125425975e-01 4.639755586508095275e-01 4.555119967840651207e-01 4.160101311930553547e-01 2.532533275899825354e-01 4.565159746609176450e-01 6.013594334286030962e-01 5.991415333574446889e-01 5.737832307497972018e-01
