2.176031059769515941e-01 1.733437215101185647e-01 1.105316970253871350e-01 2.646001498604486635e-01 4.770071885316078120e-02 5.415671098435861225e-02 9.736308602368237697e-02 -4.462493739271628651e-02 2.658751375897888125e-01 2.176165887418967868e-02 -9.323940410512693289e-02 8.761755630065598544e-02 3.254722169701172729e-02 3.089820752110214452e-02 1.727822312160783302e-01
5.328352592628322615e-01 4.627739431161116412e-01 4.558786285466688848e-01 4.525307238330515958e-01 4.684402463864229538e-01 3.506577190367995422e-01 3.315599405888056128e-01 5.056399327951006661e-01 4.881272798325635431e-01 5.889537559128732447e-01 8.014690117723418661e-01 2.448044353126585526e-01 6.118190480828515909e-01 5.892178715563610725e-01 4.797308148033350705e-01
1.169504365345981900e-01 1.172737389981914624e-01 4.104229527923757836e-01 1.226390609004985588e-01 1.342883909046294899e-01 8.972727495546040100e-02 2.622092108861893145e-01 1.302417714140370886e-01 1.940361364454377680e-01 2.497337983692010654e-01 9.905310648475719459e-02 1.462261013278265687e-01 2.056942080548150587e-01 3.310509359811701913e-01 1.336517394058170660e-01
2.597924600406175677e-01 2.939780625782758006e-01 1.078906473947471995e-01 3.397736656797114563e-01 2.313435114904996703e-01 1.518789298368043439e-01 1.419978691226830014e-01 3.053726016922211906e-01 2.983988067342205897e-01 5.439200686133629503e-01 5.699978624390915627e-01 1.303655659449826365e-01 3.901770477884042854e-01 2.094615037935257384e-01 4.836984851757143433e-01
2.272577943079907015e-01 1.487842277580444239e-01 4.660101526701256325e-01 3.756516161849776103e-01 1.929216017702486963e-01 2.061208245003525452e-01 2.991968265977301700e-01 1.349500899815640753e-01 4.100877606915563911e-01 3.224426598451730075e-01 1.506512388318149431e-01 2.251458837174608318e-01 3.754423556201221812e-01 5.706311420367224940e-01 2.423140875127237082e-01
7.657587852787552940e-01 8.043751189164271009e-01 5.818297464645800776e-01 5.382612555157827439e-01 6.975201218864086616e-01 8.566516270332877880e-01 6.804014636022119866e-01 8.166723756460235739e-01 6.143846402709728372e-01 6.580072591681361827e-01 8.440192171824564271e-01 7.776854538549177187e-01 7.142260307391689045e-01 5.238561756576534112e-01 7.267389491220724862e-01
7.452585967825631208e-02 1.115298408032948385e-01 5.040177672947850768e-02 2.478592748433697257e-01 2.830478544619515965e-02 4.961976493670956084e-02 5.301099194748444543e-02 1.403294177116270504e-02 1.943233191656506542e-01 8.198196052468950668e-02 1.199390554221801825e-01 1.733586613326433823e-01 8.708678623309321076e-02 1.614487440172671928e-01 1.317977783585999596e-01
9.970597285489872785e-01 1.043014636698445186e+00 9.174338037214541108e-01 9.504303371771323228e-01 1.055202923515223823e+00 1.050747254570884026e+00 1.014235235084443243e+00 1.034310532468109223e+00 9.686850283091897884e-01 9.926342703286827884e-01 1.016926678563600639e+00 9.548415501165175012e-01 1.058322052544086400e+00 1.046209460317935713e+00 9.293462854301701714e-01
1.677162917077628657e-01 7.978370740640944314e-02 -3.379895209478790685e-02 3.207347956957232182e-01 5.415853336214387914e-02 1.232726022998110460e-01 5.753945459656042982e-02 -4.120831756778688820e-02 1.933420204021343292e-01 9.792617478096607431e-02 1.635722630199305805e-02 5.518179102511232281e-02 -3.890879285686717204e-03 1.550616351686175676e-01 1.115337388034169513e-01
7.258108730552118582e-01 7.956469214923908018e-01 1.001500253675710495e+00 7.691910803347939973e-01 6.591103710214403222e-01 7.651176629475827662e-01 8.085052437074479181e-01 6.864062080194207605e-01 6.115596166140510048e-01 6.470310340957617923e-01 3.134267635443946931e-01 9.121610264695345638e-01 6.238196967329147080e-01 8.393646212681048491e-01 6.053973226824868048e-01
1.054454789412936355e+00 9.997501100175986144e-01 1.037679991501716747e+00 1.010223076921067609e+00 1.006612201789033767e+00 9.876735096848520135e-01 1.142747119318645144e+00 1.056246625045978105e+00 1.066587707530172846e+00 1.036523711532754355e+00 1.004107747450141641e+00 1.072519523754496884e+00 1.036574592253793892e+00 1.078770704018647164e+00 9.820368916624363509e-01
7.283147973914004814e-01 7.885165891352550194e-01 5.059237950063987244e-01 5.815346477154026417e-01 7.411266106775384888e-01 8.511020911519427967e-01 7.412604616815307024e-01 9.641111943628342118e-01 6.011497383490252977e-01 7.282862987269347332e-01 8.060508061174055383e-01 7.545053615320284068e-01 7.560231379188497858e-01 4.995160671667389640e-01 7.956699682663870288e-01
1.794338780065826144e-01 9.665852186877009478e-02 5.400964871561639846e-01 4.672567380201241294e-01 3.830437733862134264e-01 2.027608406523286610e-01 2.124949755435492915e-01 1.294569098300830112e-01 3.429732290000062633e-01 2.921425287406984594e-01 3.111953637097844005e-01 2.506434327789420768e-01 2.666849568690703443e-01 5.169750105062923540e-01 2.715853543789888969e-01
5.718002297446347360e-01 5.489740543865773148e-01 5.281191316629196830e-01 5.691601866093602968e-01 4.459997335391793771e-01 7.095652353271406643e-01 6.900132774230863797e-01 5.195846365709297920e-01 4.539133122267166587e-01 2.967054155755707856e-01 1.774584497593043875e-01 7.867784287266801346e-01 4.044359680472406349e-01 5.533142021399879429e-01 6.001592677641036655e-01
8.984518309661631008e-01 9.345456834467839036e-01 6.135054859845878727e-01 7.855223544624287957e-01 8.362952106107596206e-01 9.491856487353306226e-01 7.635585729726866999e-01 8.333560642758196524e-01 8.524264924435590585e-01 8.089632301098764744e-01 7.774080201340127783e-01 8.165026160003835409e-01 8.177038793863589117e-01 6.298433816502635452e-01 9.378762747994846549e-01
-1.102280595691083886e-02 1.007514318624171124e-02 -2.291396861111085620e-02 3.943672680014842502e-02 1.658234333728458854e-02 -4.704961241667787730e-02 -7.151441343183459476e-02 2.291672846541424960e-02 -8.115414487200478533e-02 -2.366361396149247939e-02 3.965610768400896352e-02 -2.724023347954394880e-02 -2.771239171786335151e-02 -2.529486804910783398e-02 1.151949760122505245e-02
4.870698271945423374e-01 3.856472827676307169e-01 5.025779503363703160e-01 4.941949884115091618e-01 5.668547593561793496e-01 4.130982979650760778e-01 3.486694955100155813e-01 4.802148788695874693e-01 4.801006880532956433e-01 7.318847737402210951e-01 7.603681939171536008e-01 2.904823796074461617e-01 6.361162445567576373e-01 5.404742629467199633e-01 5.228040423757824851e-01
4.262854514271071649e-01 3.490827873188493413e-01 4.625073729858660831e-01 4.887839754116399260e-01 5.061564974305148290e-01 2.823604545263265209e-01 3.426912892241764652e-01 4.944086613848656109e-01 4.860437927256927026e-01 7.407743944923395052e-01 7.815283603150083858e-01 2.782842852618604423e-01 5.908111843903938176e-01 5.839186617624029241e-01 4.029379006999997404e-01
8.818985953822047197e-01 8.415805899383753674e-01 6.136121889614654101e-01 8.371707723108693378e-01 7.108278889917796217e-01 9.215429119664002577e-01 7.394831233549379323e-01 8.595347579743319866e-01 8.650706611075669183e-01 8.102023940956238901e-01 8.363059750825522221e-01 8.055576493821716699e-01 8.036155157305476804e-01 5.361347637549831457e-01 9.209375571535391991e-01
7.451348506375276015e-01 8.257669125918767339e-01 4.816623009800381494e-01 5.583177324652776052e-01 7.461858383196379174e-01 8.050461143039898682e-01 7.151270892158174686e-01 8.321035157907080704e-01 5.870826900583702157e-01 6.838555255601037608e-01 8.081840349327026329e-01 7.004107470932815493e-01 6.922386435026365303e-01 4.908661421464758368e-01 7.481958571649961476e-01
6.052028672982010526e-01 4.456164086388069157e-01 5.959379412974128432e-01 8.310085387795977940e-01 5.023062134636819831e-01 3.348046842250633204e-01 4.459094317555848952e-01 4.506838485465847199e-01 6.759502731762896399e-01 7.434676118111250842e-01 8.116829753245420331e-01 3.732365717019889284e-01 7.499530550781718929e-01 6.776179799104080637e-01 6.354932730895860304e-01
9.580143242271511872e-02 1.149824620892514054e-01 1.025662199940217956e-01 2.882404764283464926e-01 7.897092511258352321e-02 8.814238000992696831e-02 1.067518310813626164e-01 2.845150245323984500e-03 2.052232652623054987e-01 2.140235737821437334e-02 3.151788253374095128e-02 1.079719971943507162e-01 2.251102999628553161e-02 9.151620540719059005e-02 1.041697281276856568e-01
8.697742153170975321e-01 9.921842541274267235e-01 6.425559188419353029e-01 8.665014078723736191e-01 8.061656708992966935e-01 9.457561913527352537e-01 7.890454291089079586e-01 8.649371799596484722e-01 7.803735228155872505e-01 8.057671068267633352e-01 8.156096697152569464e-01 8.779954423156677290e-01 7.931214991480134424e-01 5.845051447597792160e-01 8.247201305847781105e-01
7.408194398466623198e-01 6.622894816040688637e-01 9.186209144545749439e-01 7.343559994329713625e-01 8.116360341100152809e-01 7.556124998480614474e-01 8.400609371214630139e-01 6.542786888534777301e-01 5.934363711728076751e-01 6.415384969228214995e-01 3.725453341179024713e-01 8.743715528677423743e-01 6.483456259830985280e-01 8.647888484717799473e-01 6.581153661279343092e-01
3.082798327673540451e-01 3.324577644258691067e-01 8.602164422849058190e-02 2.518452418632482481e-01 2.642502027976923462e-01 1.952921347163676380e-01 1.305788660716681315e-01 2.696570524802952007e-01 3.658025693010393820e-01 5.211049450406852745e-01 5.874603568788320240e-01 2.039210524690491244e-01 4.359294177863051178e-01 1.577937726816355246e-01 3.385378122312351912e-01
8.426588268746835197e-01 9.716658943570031237e-01 9.181983595296324685e-01 1.026702389931612114e+00 9.549314996799862509e-01 1.004620707681133540e+00 1.038482454725613735e+00 9.550014242598343639e-01 1.021884314621517298e+00 1.040842130919122699e+00 9.324629351741959837e-01 9.925477298705941420e-01 9.659436715775703286e-01 1.004747361784513959e+00 1.022988793395241069e+00
5.405902887391934586e-01 6.844266356471341295e-01 4.855619840597587000e-01 5.381920931405113073e-01 5.033137543057517593e-01 7.546367503150165357e-01 6.265381904308907624e-01 5.423775641146354465e-01 4.114766504760894450e-01 3.133578743950384271e-01 1.714071722826240041e-01 7.262838928369466096e-01 4.292972494317798260e-01 4.845654252478507895e-01 5.938496592042704636e-01
2.646002072477821598e-01 3.958145642594261271e-01 6.957357800683713900e-02 2.744652011860367891e-01 1.551825234050120961e-01 1.428135547573638198e-01 1.373992212670309965e-01 2.694435641431846551e-01 3.846173306153243265e-01 4.100725515251067987e-01 6.410272864757631250e-01 1.568425754990625254e-01 4.327935014335897446e-01 2.009268871276403690e-01 3.981496970980041850e-01
5.599032888799488905e-01 3.588106846370014424e-01 5.047069566015494058e-01 5.072933743732805922e-01 4.472489370811391085e-01 2.744999602806256211e-01 3.140050867974594762e-01 5.126151010662343133e-01 5.413937212946980937e-01 6.856836961207540826e-01 8.964209369603171051e-01 3.318485178776353073e-01 5.568975183187114819e-01 4.913421576728923545e-01 4.694659077785306445e-01
6.205716253560209505e-01 6.710932045208354291e-01 4.791065482431454137e-01 5.676196344135300276e-01 6.447140122452570399e-01 7.231180747114936969e-01 6.743537077637585808e-01 5.665095689143008206e-01 4.629835678606388782e-01 3.036081518646826516e-01 1.210314927341573227e-01 7.214120907100416424e-01 4.365964454094272695e-01 5.195613790807125376e-01 5.601579382186222533e-01
9.266580342597362518e-01 9.765794112066114030e-01 1.087804237734380841e+00 1.048164869788820841e+00 9.975841502074641598e-01 9.127993442554064307e-01 1.003768026136649061e+00 9.859748816030254881e-01 1.031744854117699450e+00 9.891147136800143569e-01 1.013359534576588672e+00 9.291933638253585537e-01 9.486502869232806834e-01 1.013967425779042086e+00 1.067125952870567662e+00
6.869618539157222870e-01 6.150118979124483687e-01 9.779715548341402220e-01 6.732144195666756037e-01 6.966488981131175873e-01 7.175561101347739390e-01 8.444036943566828324e-01 6.725494194339890486e-01 6.274360144070642020e-01 5.571130516437632352e-01 3.791443675088779219e-01 8.615772577131510790e-01 6.261481419483519995e-01 7.623571172515037908e-01 6.992665489358549369e-01
3.885813729396532801e-01 3.195741530749857673e-01 9.128137717815248964e-02 5.506777455029844281e-01 3.508972718909586508e-01 2.525099591459887272e-01 1.393386092207013482e-01 4.373751829699145111e-01 6.465299681160728840e-01 3.979500107118117969e-01 6.166499308319624006e-01 1.773736581824865988e-01 4.797559347315110134e-01 2.079404539420754983e-01 5.035190271658814831e-01
1.084501853928636628e-01 4.024386894620247956e-02 8.204525945929765085e-02 2.793629147272146951e-01 2.700304984229646987e-02 3.264144210700917204e-02 -2.158842196627314830e-02 9.109472233778975747e-02 2.458788406241191882e-01 6.102903613745942757e-02 1.053353603540895314e-02 1.346636854663871841e-01 -4.117030734403596265e-02 1.768261623631824653e-01 1.174034761434823576e-01
9.120084425097478853e-01 9.111415312494945962e-01 5.301061444268264644e-01 8.986544951193005115e-01 7.102747059192444645e-01 9.318338639053448391e-01 8.220894435004114653e-01 8.216112703645540583e-01 8.469400794464931881e-01 7.651091540385003276e-01 8.106724351808547446e-01 8.830460721387726197e-01 7.149372027979552513e-01 5.707231919161962486e-01 8.624804537650978542e-01
7.784656224018534632e-01 8.134635222218365991e-01 4.514544447536972815e-01 5.240523421851663866e-01 7.790776105627595927e-01 7.801834714004098892e-01 6.681160580764051726e-01 9.648075837662437593e-01 5.775843697720682846e-01 7.750971250886015129e-01 8.688353336918442915e-01 8.701718669983372623e-01 6.433968178390399029e-01 4.859103431451145538e-01 8.408400765880634786e-01
2.761695471521011802e-01 2.015669829450712214e-01 5.012486151000817847e-01 4.284905940152948789e-01 2.424592218045962810e-01 8.130714071989285363e-02 3.722051646765239807e-01 1.681925683917315506e-01 4.275692173420546638e-01 3.559178365354438434e-01 1.289684356711749136e-01 2.155663600348841635e-01 3.374093095744640225e-01 4.361039287074806037e-01 2.332304021967908647e-01
6.561579600529305889e-01 8.165693546000812875e-01 4.631791926285810934e-01 5.643457182396022231e-01 7.608115208581758271e-01 8.021962000759312872e-01 6.753524337111627140e-01 7.912334092309470934e-01 6.941858196407925119e-01 7.248304641657603575e-01 6.957603768485502993e-01 7.800384748295554616e-01 7.010987657562506303e-01 3.912827879738600689e-01 8.023874619340987113e-01
4.978562392641169287e-01 4.279684534956380015e-01 5.694679394578321396e-01 7.160730049025380017e-01 4.080195670605891722e-01 3.729209359669746204e-01 3.373790211552523122e-01 4.764927137553439107e-01 7.789886908550438527e-01 6.896560129392786953e-01 8.409005351429605923e-01 2.888881214973130218e-01 6.477763495464290422e-01 7.656799292084548458e-01 5.440347087264518766e-01
5.068808728769537142e-01 4.752221117459501931e-01 5.606478488005718352e-01 7.512243905299981206e-01 4.907123134932322439e-01 4.028081799862948120e-01 3.895816809547176796e-01 5.786257653200792550e-01 7.559674825635153139e-01 6.524804710266968177e-01 8.790766916459546998e-01 3.797177900843184961e-01 6.700083794976833262e-01 6.937979264163242066e-01 6.400069575185634019e-01
1.081217370957772150e+00 1.007276158955206835e+00 1.032632607759794707e+00 9.897137909842568249e-01 9.351861481546608346e-01 9.771675369412112788e-01 1.091245689788306938e+00 9.679585843571263393e-01 9.473093331168026543e-01 9.998334379001132532e-01 1.052874576463368683e+00 9.820162669765118979e-01 9.860893421082563837e-01 9.821286433377566238e-01 9.888143387938242990e-01
4.558935023804672193e-02 7.279697875704924104e-02 6.697561933751899899e-02 3.566427432238110651e-01 1.374344308242955448e-01 -4.093492489082397462e-02 -1.446922679784027471e-02 5.294527802164784511e-03 2.707983236877771760e-01 3.185631863662959778e-02 1.240328350517747209e-02 1.052229215998878309e-01 2.746268389558918083e-02 8.933661863080788468e-02 1.151543019135491119e-01
7.638804608486270409e-01 1.023228717716405889e+00 6.587037002458762114e-01 8.509625277506727148e-01 8.280113341801833560e-01 9.359694901399445710e-01 8.268120969697708711e-01 8.224266175969837667e-01 9.235436817683999600e-01 7.322953827819158601e-01 8.286197159434244286e-01 8.592086075867815254e-01 8.165427397349188654e-01 5.346248593825713158e-01 9.504271527562214716e-01
5.032936067811585312e-01 4.497082960193344303e-01 5.475425053446301149e-01 4.693109093071624049e-01 5.214642177318241645e-01 3.221929071704698888e-01 3.350656720920551779e-01 5.109265276236496511e-01 5.121295606169572467e-01 7.155737676871829489e-01 7.979306836831574490e-01 2.624837443515216640e-01 6.364249478584361741e-01 5.063361661265813884e-01 4.023114139215251961e-01
2.572447979466878087e-01 2.374073917337167217e-01 7.082310049645060279e-02 2.914168415899016651e-01 2.931994325536788626e-01 2.398469029068029668e-01 1.974972297982020564e-01 2.580584818122806934e-01 3.911970623627248900e-01 4.364151600364261085e-01 7.774955180662427301e-01 1.836570291448216818e-01 4.499643432942825316e-01 9.831733983667464982e-02 3.420021885072422885e-01
7.384423924063456823e-01 7.618368876161965009e-01 4.447008775243524448e-01 5.248510063903647493e-01 7.670580621906476493e-01 8.741412767137559658e-01 8.064004202316117365e-01 8.338631494080117612e-01 5.516368003764633432e-01 7.477709779650016930e-01 7.837020829309291337e-01 7.727987298472169808e-01 7.534750380872003994e-01 5.151089255147343060e-01 6.654724675482213136e-01
2.848285700163276646e-01 2.051977195141791166e-01 4.072044351008655139e-02 2.070152292035487007e-01 2.264144074091410386e-01 1.853717756033899100e-01 1.131684233320486149e-01 3.634242246158883027e-01 3.794523851774266321e-01 3.878618730461970143e-01 5.941126113502794848e-01 9.256233204152844452e-02 4.072145803202727454e-01 7.769746238261208970e-02 2.994472036269039683e-01
6.406981448588240369e-01 6.351375622242322327e-01 8.943520223160883464e-01 3.795710485399509948e-01 6.194092203852243905e-01 7.343167835254368336e-01 8.192106037793258633e-01 6.260256367117077447e-01 4.738833023746460427e-01 5.218307297043346393e-01 3.246620909401216615e-01 7.549697154588137504e-01 5.878668810798717281e-01 7.346044288100381792e-01 5.202584529006540892e-01
6.025072935038285893e-01 5.215868356355255475e-01 6.451654945607623315e-01 7.704884724680324259e-01 5.030783509744884974e-01 3.757268111258141863e-01 4.203166732488113344e-01 4.795349694305606203e-01 7.729924584546820077e-01 7.573510294556462519e-01 8.309238406025990509e-01 3.873680157087148745e-01 6.472559499339927136e-01 7.423333861901130204e-01 6.162688579395199096e-01
6.847360878270161155e-01 7.373974757617622888e-01 9.676819227071711271e-01 7.725148511743619162e-01 8.808418781255407115e-01 7.966373734935620066e-01 8.585874676286061602e-01 6.394797062530714893e-01 6.099291710768131036e-01 5.463983560698193465e-01 3.830832202215299076e-01 7.649719057961470448e-01 6.586812692218605436e-01 8.609174777592485395e-01 7.021119036775496092e-01
9.321534322248216098e-01 8.969844053590422250e-01 9.529566405614994240e-01 7.035771990705542711e-01 1.002954147201239099e+00 9.037461629165992605e-01 9.428674710448115004e-01 9.847726622699712884e-01 7.921556319366137577e-01 1.057689290443768027e+00 9.378058978704214566e-01 8.946635387218563329e-01 9.460070253772221438e-01 8.092819129316158877e-01 8.845466917969128096e-01
1.435842501368090607e-01 3.786196258935345393e-02 4.067676184041982279e-01 1.395092965148871100e-01 2.714550420691450028e-01 1.018549026735336427e-01 1.709159550166223229e-01 8.041032615322953048e-02 1.823920118559885228e-01 2.404196070099397509e-01 8.847635012233268093e-02 1.403767324718033782e-01 1.501926550939771399e-01 3.535058512744673753e-01 9.058553984435918638e-02
8.083310311999106768e-01 8.474638377929104571e-01 6.207755411913594701e-01 9.076331655247019681e-01 7.317175637348900530e-01 8.789506654989415191e-01 7.494255084112144694e-01 7.673970571526376183e-01 8.102579211466323095e-01 7.058195284521050494e-01 8.565070510536965109e-01 8.637859291805937145e-01 7.016897769775761740e-01 6.311883781849276787e-01 8.854709531330544614e-01
1.655694006410338148e-01 1.525860834456710391e-01 3.958070409201958628e-01 1.164162568081994892e-01 1.729238431122444297e-01 2.159697002222725482e-02 2.208605956809469306e-01 1.120662273483120919e-01 2.529219369506182091e-01 1.548683698907767636e-01 1.022682613375167360e-01 1.526772991449038552e-01 2.760661441206846423e-01 3.858660070334691827e-01 4.038227717158230506e-02
1.909865947970723343e-01 3.269369088633971576e-01 2.728977193238069782e-02 2.764348161488778266e-01 2.669171357770439013e-01 1.544313469579585707e-01 9.666072676941267483e-02 2.406326326255123216e-01 4.249916617877385061e-01 4.965376235721469245e-01 5.624252880106557217e-01 2.241251532647745570e-01 4.437636682602144056e-01 8.126621371206950439e-02 2.835793057432972053e-01
1.846080614648222262e-01 4.786798092210485522e-02 9.422639295537484083e-02 2.083589847341980605e-01 8.507406542823889306e-02 5.103500649899036373e-02 4.277246900058316592e-02 5.219450026524211084e-02 2.288232349301094759e-01 -4.302084056483794494e-03 4.297338760380240569e-02 8.413726509263005915e-02 -4.691509203909545456e-03 1.770850136437723266e-01 1.794474245262026590e-01
5.873511906043534792e-01 5.588390277221636504e-01 6.076865457907687507e-01 7.969000002920150205e-01 5.432617668130435007e-01 3.275174874598071884e-01 3.558750804893314745e-01 4.742345658642072026e-01 8.063818955016964773e-01 5.871616509754323809e-01 8.743445015082338401e-01 4.137901414832904079e-01 6.164041546906402491e-01 7.460307516648609916e-01 5.984765092154845645e-01
8.284056023042430938e-01 8.788692295949123157e-01 6.291093247695022095e-01 8.478473049116598270e-01 9.015272070783145741e-01 8.545593922103478235e-01 7.829078123847367232e-01 8.242181962615259261e-01 7.928408163973243994e-01 8.366369434371986324e-01 8.352493757282452025e-01 8.874502256348142382e-01 7.957137734211845448e-01 6.053994274824157085e-01 9.523294888251411239e-01
1.879269243641841225e-01 1.228532432195007795e-01 9.493908795463118500e-02 3.031398338950911930e-01 5.408943814264097899e-02 9.793924557263476716e-02 6.751803896865185561e-02 4.997074087013009952e-02 2.498355593632369254e-01 -6.078480186128269736e-03 -6.799000392332311959e-02 1.232110528786615200e-01 3.532065176767384962e-02 1.754983814962563227e-01 6.094145881903237361e-02
4.619175207137573569e-01 5.437636204413553997e-01 4.446764736887694469e-01 3.938733544528300601e-01 5.187637033949628051e-01 6.131906925152210697e-01 6.185710812295577288e-01 5.852234009849481833e-01 2.300487236743803121e-01 2.806089706635818137e-01 1.610123694182562792e-01 6.881626344467334233e-01 2.925511735806177738e-01 3.252331099328149011e-01 4.453801935694627900e-01
3.352734669731081696e-01 4.375320081229195912e-01 4.029146358528360450e-01 2.516687243942860586e-01 5.998242332159449131e-01 6.818302568592057300e-01 5.927819818885246006e-01 4.889401874919922508e-01 2.409046005111592503e-01 2.556030333845781266e-01 1.410496975508103434e-01 6.342908238262470189e-01 3.630344256246871293e-01 3.579586633433015086e-01 3.607470984407415426e-01
8.605398412794394991e-01 8.844479044445401339e-01 6.404080567582333128e-01 7.666779614854251079e-01 8.182549259566249678e-01 8.992158725092052052e-01 8.158547012247310271e-01 8.121916745411070782e-01 8.126681406014801823e-01 7.505378325418596841e-01 7.905059438369451685e-01 9.099350213884513927e-01 7.128360387597419967e-01 6.437817074710673326e-01 8.921652594686367843e-01
9.679532210542578230e-02 -3.640255598623758429e-03 -3.120575615624435195e-02 1.218419490217693968e-02 -1.157700749675797253e-01 -7.675575964348584079e-02 2.637375339055623991e-02 4.822945086413262319e-03 -3.581430893684638128e-02 1.465324615477354292e-02 2.210711509093420124e-02 6.832914862114311538e-02 -5.082001870197103144e-02 -5.180206502082249781e-02 -4.227560675538072354e-02
2.616776561070007778e-01 5.615462174922306593e-01 5.147113483106290355e-01 2.036815456107133326e-01 4.123132509956794478e-01 6.269156350293575430e-01 4.952192049595690038e-01 4.600185956208682203e-01 1.779327335905681040e-01 3.189184421141935677e-01 1.234423412217986737e-01 6.338914292842640075e-01 3.758189345478454291e-01 2.570112331619045509e-01 3.464932607602543291e-01
4.860578499463596436e-01 5.662464734149661449e-01 4.347820988030192124e-01 4.876141476541635544e-01 4.253964795672149357e-01 7.640483352830149677e-01 7.053289285597271752e-01 4.574724458396079996e-01 4.087790981684281122e-01 3.266876639544527561e-01 2.015631483322408990e-01 7.278782940492219966e-01 3.968606429858771434e-01 3.780332546766456137e-01 6.112343111743163693e-01
6.403847592288447466e-01 6.733474967928442245e-01 8.683616165450837032e-01 4.914252985812696539e-01 7.105195917519355753e-01 7.252654514278381592e-01 7.492137638135070166e-01 6.334483942788453614e-01 3.629989823913585822e-01 5.069344940366025121e-01 3.665706072020807893e-01 7.665937456504396952e-01 6.057563661297404867e-01 7.077785091907821124e-01 5.912398675677146276e-01
4.390482428488413635e-01 6.045399702070473058e-01 4.839547155788832544e-01 2.672183285003084108e-01 4.246456776888203333e-01 5.834247802643925951e-01 7.101553310101687000e-01 5.432538363486110189e-01 2.189455988789593410e-01 2.771691377695043035e-01 2.901744397321816549e-01 7.635151832161245489e-01 2.526584944016779244e-01 3.752559795690484923e-01 4.610643810609283966e-01
1.861218650256233897e-01 7.592337045837072029e-02 1.295470494919900017e-01 2.541188580212794812e-01 6.107353756978646520e-02 1.181047601933352398e-01 1.145195456058577810e-01 -6.121999445299574488e-02 2.585971441744132626e-01 1.490220196621087068e-01 -3.361051150282550609e-02 7.173959085259644375e-02 9.163854867044636532e-02 7.137745519200033861e-02 1.605077839685771224e-01
1.939385173142635921e-01 9.939402375140489465e-02 4.767465247740191869e-01 1.513429193793265903e-01 2.004894479870215629e-01 1.276657621505715157e-01 1.595734953013558943e-01 1.317237039085085715e-01 1.261019133507838286e-01 2.738781835239506579e-01 2.356048742744892566e-01 2.077935962170343598e-01 2.566921358655583352e-01 3.921775578381486160e-01 7.728512953482914727e-02
-2.474134663406048554e-02 -6.007985521095238202e-02 -6.319854317339872185e-02 -4.393429339966225394e-02 -4.035088965564520569e-02 1.105588583999431336e-02 6.953168661207602408e-02 3.459630168359301150e-02 -2.366334606128450008e-02 2.249922356063905129e-02 3.917612879802205919e-03 5.060564237562889534e-02 5.452014619405583240e-02 -1.267376201753624976e-01 -3.087889408376313233e-02
8.034740817007759439e-01 7.538459360707602253e-01 8.743785271810462500e-01 7.479834819934676471e-01 7.803616244614808295e-01 8.462436162262716444e-01 9.289870345010613484e-01 7.091940866539304666e-01 5.692626067498223197e-01 4.790782335138825676e-01 2.045860074432297171e-01 8.301281415917673989e-01 6.525105220132119133e-01 8.119703553019796960e-01 5.939547043738766519e-01
2.903092664487544328e-01 1.546874577625052816e-01 4.301707120528519002e-01 5.232345132916161878e-01 2.693270697932071411e-01 1.559554077215352108e-01 2.962333944168950572e-01 1.011372527516818803e-01 3.697450081104687869e-01 2.204959578418214661e-01 1.623178329719369428e-01 1.302362642783285729e-01 2.963496058582089643e-01 4.589249290236234735e-01 2.349713053416869479e-01
6.226911678925288740e-01 6.302546242087623263e-01 8.828460050123386749e-01 5.220283074260005929e-01 6.842442661494092526e-01 6.805728223831380985e-01 8.386885969176935962e-01 6.014363251063099547e-01 4.494981375376365662e-01 5.106850312139498138e-01 3.081532352514834150e-01 8.135442436248783160e-01 5.970165116516203963e-01 7.338757403305219418e-01 5.069603656221208787e-01
5.269198810995304738e-01 5.721580771336047810e-01 9.061726805465980528e-01 3.808973399767400236e-01 7.378979805981377149e-01 7.674377048827867309e-01 8.219708115971111617e-01 6.511682217339257450e-01 3.077476649292765210e-01 4.994572146474938190e-01 3.914121031387522986e-01 7.706328805068575205e-01 5.573010463107276324e-01 7.233249048143230997e-01 5.480846579048237466e-01
3.599674848322103049e-01 1.873182385900033775e-01 5.144697256206196556e-01 4.313142878637356570e-01 2.441780841952622960e-01 2.432884300802354571e-01 2.580208388270865405e-01 1.832690352389876320e-01 3.974150900188299640e-01 3.388601119891686553e-01 1.677869199573614190e-01 2.842461940069122561e-01 3.442203750248393757e-01 5.898435790281801872e-01 1.846528822332162145e-01
3.789612570532303049e-01 3.545945226729321775e-01 2.259354045949258927e-01 5.809063649068111346e-01 3.372563253974805164e-01 1.896173430906836765e-01 2.375175024162402559e-01 3.282385009573177137e-01 5.403982551480853713e-01 5.550428749788651750e-01 6.155856682886766684e-01 1.932532267953278593e-01 3.649013219439463107e-01 2.520477094721226274e-01 5.868918098180551102e-01
8.075405993734865451e-01 8.972527673402336257e-01 7.074448006438607273e-01 7.943448225604372581e-01 7.527598987145882603e-01 9.081624066425084685e-01 7.174238323839249309e-01 8.859059119370498170e-01 8.028678073195337772e-01 7.929637725642230128e-01 8.824968105113558670e-01 8.290006469643912412e-01 7.175689049515089346e-01 5.846131705290171787e-01 8.517143205022805752e-01
5.220867010464260716e-01 6.148139013284352750e-01 4.671128908164601246e-01 5.422210438633013885e-01 5.058498738554794150e-01 7.674492506022891902e-01 6.328265887224839847e-01 4.941940382399178655e-01 4.991126717770786314e-01 3.165508493394304512e-01 2.454060077388947048e-01 7.366658367631352400e-01 3.355435985308046209e-01 4.386570241220073552e-01 5.132710003609998184e-01
6.607054208303314580e-01 7.777467662882729948e-01 1.034348166901813082e+00 7.013819210679692606e-01 8.018978112619248311e-01 8.575353541581709482e-01 8.691575885637182752e-01 7.708645828765631203e-01 5.747706010914477304e-01 5.128198458111459246e-01 3.563885772357626158e-01 8.681212974530889692e-01 6.008323550690894965e-01 8.653637279411491301e-01 5.613019833803040148e-01
1.011443869533356077e+00 1.094918899508087407e+00 1.034912407175419879e+00 1.012281282301009444e+00 1.131239078897068318e+00 1.042281186781071511e+00 9.684610603075040069e-01 9.618576000776088986e-01 9.650873188446663642e-01 8.836067274415103645e-01 1.113520207190032085e+00 1.035756095401002774e+00 1.069955080045324802e+00 1.052056304911776818e+00 9.980125457935017375e-01
5.953720775207431704e-01 5.747239398050567605e-01 5.397995454837419826e-01 6.862185517206176311e-01 3.976769949676430271e-01 2.530910089614882286e-01 3.418361882889544567e-01 4.435227034282993586e-01 6.898112016814652581e-01 6.195368455551085729e-01 8.001520961170589530e-01 3.889266574753241223e-01 6.276863700730398454e-01 7.370511872255701702e-01 5.904223146415921164e-01
6.112246021422639286e-01 6.369860226654783242e-01 4.600842190387156028e-01 5.590229617682193064e-01 6.164581594160202238e-01 6.896051661395654619e-01 5.596903344233887800e-01 5.907081046115203460e-01 5.039974632012177436e-01 2.981733279773642331e-01 1.485984327155001061e-01 8.138617902543240357e-01 4.739835341143956438e-01 4.291296166051923877e-01 4.893951625862491550e-01
7.713728580970828919e-01 6.863755880906009521e-01 8.669554805673084230e-01 6.523182682821447864e-01 7.434226293315410183e-01 7.663021446324157493e-01 9.201103434038191420e-01 6.911148514427867262e-01 5.910790211827361418e-01 5.210336660796253128e-01 3.398438128283744475e-01 7.821284019195731130e-01 6.346424651271548312e-01 7.788079546830695143e-01 5.817577484804319354e-01
4.400539591082082147e-01 3.571838136719872048e-01 1.132649227391071545e-01 5.532239800922794659e-01 2.373836008718192558e-01 2.749750199219404556e-01 2.179124313028780735e-01 3.563565083417600809e-01 5.045901950343584241e-01 4.770462839712713010e-01 6.572275849549675808e-01 2.441796229035823884e-01 4.885021357847300072e-01 2.585905357601824273e-01 5.299976319417682991e-01
5.356119711080969958e-01 6.398109098885201851e-01 8.385332361059532058e-01 4.765570728876469819e-01 7.592582744706573017e-01 6.989523863197728559e-01 7.394598520074364689e-01 6.200871227127354723e-01 3.942751987810602099e-01 5.093230358098562727e-01 4.037555829768065818e-01 7.290543568543280673e-01 6.713628675639176091e-01 7.999666685684305723e-01 4.850900119689575685e-01
1.296909315366873428e-01 1.484399107544057683e-01 1.106529501219450373e-01 3.084088138993407724e-01 1.771705892676931487e-02 2.410556644637577156e-02 7.927088368228227266e-02 8.177699594444916287e-02 2.482050168182642069e-01 -7.480049985817056879e-02 -5.068018770531643354e-03 1.619633789781688982e-01 -5.477678088158505904e-02 1.004256607111718297e-01 7.671985453519508669e-02
4.014705515395302626e-01 4.335921178527216702e-01 4.586565617073488088e-01 4.434094022660374224e-01 4.336087904368066681e-01 3.305307107954789658e-01 4.610406916798699406e-01 4.382114733740285484e-01 5.307852322505171028e-01 7.694589538321604527e-01 8.112452480706541236e-01 2.785099593454105626e-01 5.710634445513456114e-01 6.102354355252671558e-01 4.573519609754176374e-01
7.520686734776789173e-01 8.404309940982702676e-01 5.995757325700110663e-01 5.847669729222926271e-01 8.574493954297707221e-01 8.336027998598030120e-01 7.170129015688725405e-01 8.570530616406206725e-01 5.519898324911459708e-01 7.220419933589073969e-01 7.835576727578084100e-01 8.511753700562942893e-01 7.218792799535969085e-01 4.545033721701534635e-01 7.220558920915096657e-01
2.764228328455460293e-01 1.707083026840673645e-01 5.108759550366128721e-01 4.209182557022052018e-01 2.034899412283724118e-01 1.863950796958985523e-01 2.021652800295229979e-01 7.008227267439087749e-02 4.242270732095380636e-01 2.219394999251321499e-01 2.016920290379794201e-01 1.214846491286390162e-01 2.683617656763456205e-01 5.460101609149990987e-01 1.960219875552917934e-01
4.179386143939304299e-01 3.728814086726393029e-01 5.978230646609367094e-02 5.578687793684397045e-01 2.569681379308926261e-01 2.277180216892072395e-01 2.276715749781112186e-01 4.591300592225488475e-01 5.664715269054514390e-01 4.364390309174804305e-01 6.030358028360447431e-01 3.210427813091292770e-01 3.986884824412204043e-01 3.346026184546056492e-01 5.194881650989700006e-01
6.436910428864288658e-01 6.761060558292341094e-01 9.699802434429316556e-01 6.590464976491940963e-01 7.981505630638425774e-01 7.398734410751962587e-01 9.030161404045896623e-01 6.189240690394975930e-01 6.513778385847518448e-01 6.185594734492740887e-01 3.593915410647503528e-01 9.124112127486377899e-01 5.747919899544410294e-01 8.856250980206761270e-01 5.768391907365080229e-01
3.319225461782870923e-01 3.140970386680894122e-01 6.253135110936668128e-02 2.967235873009853586e-01 2.683109660322526846e-01 1.567167966320336947e-01 1.918166302147767954e-01 4.145301987169450753e-01 3.493565681902686126e-01 4.534631604074419453e-01 6.488716764178525942e-01 1.372281213845646664e-01 3.297212941276507214e-01 2.733906873697225515e-01 2.933257800994651943e-01
6.557178287868539179e-01 6.864753085601205118e-01 9.752478029280102767e-01 7.864002367770701607e-01 7.155903095714282180e-01 6.895289592435025483e-01 8.422272389593150610e-01 6.454428701075700658e-01 6.126700214164981784e-01 4.776292774919842499e-01 2.634303052375636667e-01 9.070254147923525467e-01 5.999546548761190978e-01 8.591468472706730308e-01 6.849301600951199775e-01
5.307961330369860287e-01 6.898638682092561591e-01 5.680504503118450899e-01 5.664141556323074589e-01 5.686234072759764890e-01 7.635361110741460955e-01 6.503603712503945866e-01 5.827164780277940270e-01 5.580728593701484996e-01 3.607741679397316048e-01 2.537403460364173191e-01 6.886992765895785240e-01 3.373021129859100631e-01 4.395453298465731851e-01 5.833750856441987098e-01
6.008806610576687968e-01 6.151058735405645628e-01 4.615276162132116999e-01 5.743439029177429545e-01 5.528761829388031401e-01 6.639459815983963509e-01 7.431099348694507611e-01 5.224020675843601413e-01 4.304771620918280695e-01 3.617160546479022409e-01 1.556168520673080202e-01 7.706982718500665630e-01 4.028863761236546326e-01 4.519320476214108151e-01 5.493577485063922961e-01
1.025639008441070615e-01 1.010754740513806343e-01 3.580986449289730311e-01 1.538324079372301034e-01 2.375427764168556444e-01 4.801073773602704958e-02 1.823835219010821462e-01 1.299675992412249736e-01 1.124391493234772055e-01 2.329823341720118901e-01 1.483268494063079979e-01 1.050539937087143494e-01 1.145247721616296510e-01 4.293045930058997928e-01 1.052323671581900794e-01
8.327729270419290675e-01 8.943720351363297905e-01 5.645326451450156657e-01 8.080337723215523793e-01 7.947705276126153517e-01 8.154913736905257116e-01 7.820567811588551299e-01 9.452944070417449440e-01 7.574130466045521093e-01 7.620171748797206490e-01 8.665955422065685365e-01 8.318234398361078474e-01 7.242258551659918053e-01 7.436035339059008376e-01 8.458735053606941667e-01
6.082829967998861775e-01 5.839076592490384243e-01 5.060785585209109927e-01 5.577468240521957776e-01 5.331748743528608170e-01 7.225298465130786107e-01 6.946893170886245805e-01 5.195384046784746745e-01 4.909988634591179180e-01 3.634111170922707523e-01 1.883519319188102781e-01 7.394212364706974627e-01 3.949931837173144555e-01 4.909142541645560298e-01 4.748606311541577196e-01
2.604080859962565886e-01 2.228213958127249206e-01 4.805203410383394047e-01 5.076705771929970190e-01 1.566195943356253062e-01 1.084713340397784054e-01 3.100637902253033928e-01 1.673397515896306309e-01 3.821401227111413390e-01 2.456265674511205199e-01 1.121350165369000423e-01 1.647774165446606043e-01 2.402968035469010832e-01 5.933251027774649744e-01 1.831602288491022690e-01
9.368348876890024712e-01 9.607123126424751414e-01 6.494306941051852800e-01 7.911852671610585253e-01 7.111788231597682142e-01 9.074029518530186689e-01 8.705423713796403007e-01 7.854340570931075405e-01 8.683561475003402919e-01 8.304128695674138916e-01 8.151072806349468625e-01 8.107484452651552154e-01 7.410578570728298953e-01 5.392149695676193843e-01 8.866530667671950194e-01
