1.000000000000000000e+00 1.000000000000000000e+00 1.000000000000000000e+00 9.799394981043321184e-01 9.889280717353619021e-01 9.830423226458807617e-01 1.000000000000000000e+00 9.824747149945832758e-01 1.000000000000000000e+00 1.000000000000000000e+00 9.702605490855733539e-01 9.914158150243040923e-01 1.000000000000000000e+00 1.000000000000000000e+00 1.000000000000000000e+00 9.893377994691735511e-01 9.869857192551640956e-01 9.833780754370757826e-01 9.836273182411054972e-01 1.000000000000000000e+00
8.256380727389401875e-01 9.224804979963958651e-01 5.801981325022175229e-01 6.222086865427947089e-01 5.649178431477815954e-01 6.203436490867271225e-01 9.146090252645414642e-01 4.239577789042466849e-01 7.487049341075330267e-01 6.930362559544301915e-01 7.594328508019120294e-01 8.655691963271997524e-01 6.435899369161658390e-01 5.288782010433543679e-01 7.112978979463795426e-01 5.647236527741869017e-01 7.524710631829232277e-01 5.893598700129872858e-01 4.308719147796896132e-01 8.144277753067744596e-01
8.619842194031702709e-01 8.928030970813095601e-01 5.617364375178512947e-01 5.893375734936919796e-01 5.852796471503525222e-01 5.861893399347405387e-01 8.997777613444589706e-01 4.194761988687111254e-01 7.658974154614976992e-01 6.987056623676876077e-01 8.011243068692913694e-01 8.658203558536028410e-01 6.067393104724043695e-01 5.438767547610036113e-01 6.857538494037057619e-01 5.809853883766730176e-01 7.226669989970739838e-01 5.825002204302793807e-01 4.651446381536750163e-01 7.640566669164405855e-01
5.818373775397381875e-01 8.621972773772743626e-01 5.753398214368419250e-01 5.081881680786928257e-01 4.823953757168823464e-01 4.154921489106602750e-01 6.723649144636617558e-01 3.745846535371334385e-01 6.956804728023470163e-01 5.479344427249521754e-01 6.143251842584553923e-01 6.296470633016363339e-01 3.866392728863092820e-01 3.669074583797730660e-01 6.822991282086214859e-01 4.208691712337792601e-01 2.991190110143088221e-01 4.645631140971576145e-01 3.485938519487115639e-01 6.794168623596750223e-01
2.794163084993514512e-01 2.990264937831726977e-02 5.656568976406220473e-03 9.403167714545972167e-02 3.616653298372302788e-02 2.055324695064160989e-01 2.286648427648333148e-01 2.210051546337559597e-03 7.416198005643618099e-03 2.014785679271774987e-01 1.902913289096475613e-01 2.618053793128706785e-01 1.843935930136645363e-01 1.645569720272564984e-01 8.417599408638692937e-02 1.825650480367133344e-01 4.404443915841600998e-01 1.061645340127242709e-01 4.609319770203618855e-02 1.180064300398192267e-01
4.278958167177346894e-01 9.247844389733783643e-02 4.686208455186010036e-01 5.167708358267266711e-01 5.426176920452711050e-01 5.995795771054729384e-01 3.465757715648394299e-01 5.883685005078124197e-01 2.911407846098602592e-01 4.771300696948919673e-01 4.187211412706184910e-01 3.938434475349172348e-01 5.806594092963625053e-01 6.109295465467203812e-01 3.432800797924236980e-01 6.103385430888258467e-01 7.266852084540402767e-01 5.209207183629280813e-01 6.326480269630457842e-01 2.944093829693731901e-01
1.828753346048097791e-02 1.581594673140766837e-03 1.669017592716790996e-02 0.000000000000000000e+00 1.905466236269012792e-02 0.000000000000000000e+00 0.000000000000000000e+00 1.181740981905440510e-02 3.939467056444430175e-03 5.952455272291407896e-03 0.000000000000000000e+00 0.000000000000000000e+00 0.000000000000000000e+00 1.024197522000706850e-02 0.000000000000000000e+00 0.000000000000000000e+00 2.455141450275240972e-02 0.000000000000000000e+00 1.686494092526238595e-02 2.006575026146153670e-02
4.354344303173360298e-01 1.424289116144871470e-01 4.812817377179532397e-01 4.596423513502594926e-01 5.114942165131098895e-01 5.900673563052909465e-01 2.926865248876566183e-01 6.273092769347745623e-01 2.673695060761100972e-01 4.694873601189132883e-01 3.884710521407142014e-01 3.971947414317343883e-01 5.934868703144089430e-01 6.208351671680705230e-01 3.542457877813662837e-01 5.905514886084299864e-01 6.992475545921608138e-01 5.221572472995718028e-01 6.161306399689908675e-01 3.093151371920682680e-01
1.514836269610746744e-01 1.048866470400414419e-01 3.915387012161052338e-01 3.670487022271429756e-01 4.462622729266086941e-01 4.123690044956269118e-01 1.150375141952500041e-01 5.974433571267807608e-01 2.170151868789704230e-01 3.223801044779955327e-01 1.947394448989236415e-01 1.569478754311639523e-01 4.508640854128385111e-01 4.512684046476861943e-01 2.727557700518294381e-01 4.123296014165354628e-01 2.683355397267954690e-01 4.348747947634701294e-01 6.017547067422441831e-01 2.267766126536276405e-01
8.283593351700100360e-01 9.031779503467256554e-01 5.663993181738112836e-01 6.226768730667230356e-01 5.385161787197365602e-01 6.021198792456193827e-01 8.950731786813596047e-01 3.851827327083762742e-01 7.293935843890767545e-01 6.949228126158917274e-01 8.076713519130391816e-01 8.509605231363233102e-01 6.092092331983768316e-01 5.200555125677155388e-01 6.790028220923884916e-01 5.736390501464651015e-01 7.623137337342663633e-01 5.621608116247288622e-01 3.946689754302694086e-01 7.907768963650803062e-01
9.285006197519542551e-03 5.045058274621119082e-02 0.000000000000000000e+00 0.000000000000000000e+00 0.000000000000000000e+00 2.258361475990222286e-02 4.543337861978948011e-03 0.000000000000000000e+00 2.165920204401759058e-02 1.945579415516081670e-02 0.000000000000000000e+00 2.729426913030235258e-03 1.065953005867332180e-02 0.000000000000000000e+00 2.521416179981329428e-02 0.000000000000000000e+00 2.423095003955713991e-02 0.000000000000000000e+00 0.000000000000000000e+00 0.000000000000000000e+00
8.342067155931103262e-01 9.028498537715720085e-01 5.492600327283818640e-01 6.289111721579547787e-01 5.398300599402607869e-01 6.012766709253190012e-01 8.793137891283473451e-01 4.261041482367066702e-01 7.525501187656452595e-01 7.139264841494831204e-01 7.946126316809254408e-01 8.248910705325485093e-01 6.006912395922464620e-01 5.941660958707447593e-01 7.145322634815591822e-01 5.727401361742647801e-01 6.774336666248579331e-01 5.590539276939868740e-01 4.181644842497148629e-01 7.539128188370816108e-01
6.762647006707236397e-01 9.710246223489001904e-01 1.000000000000000000e+00 8.880511570669282762e-01 9.247883278659901896e-01 7.681289096851205978e-01 7.613425292930212640e-01 9.618475107366243337e-01 9.604476165171955682e-01 8.415764549659887628e-01 8.021501780515071234e-01 7.022653905704703270e-01 8.169395870919478053e-01 8.179851989070718865e-01 9.367873320986366270e-01 8.114067499026347274e-01 5.572440939516857261e-01 9.070212244533342183e-01 9.316685016896266713e-01 8.855106760760532714e-01
0.000000000000000000e+00 1.522927871533440863e-02 4.496159784102350676e-02 0.000000000000000000e+00 0.000000000000000000e+00 4.192565587555636270e-02 2.202636927413343174e-02 0.000000000000000000e+00 9.777430050318622681e-03 0.000000000000000000e+00 0.000000000000000000e+00 0.000000000000000000e+00 0.000000000000000000e+00 4.710066215730226297e-02 2.428330590603767700e-02 0.000000000000000000e+00 1.512370610805723395e-02 1.590927103979685245e-02 0.000000000000000000e+00 0.000000000000000000e+00
4.145288905426579018e-01 9.010363885407884910e-02 4.417648384731042155e-01 4.578667484200019122e-01 5.241923401577780472e-01 5.652258005444561473e-01 3.387842803813043702e-01 6.253694857992529998e-01 2.906147658041720594e-01 4.423179894179569693e-01 3.545801339233483063e-01 4.392754771513017187e-01 5.746869444992454001e-01 6.492860916679842331e-01 3.458043091805935165e-01 5.883687895275864221e-01 7.107259021050834624e-01 5.514695299232211800e-01 6.731710759036501068e-01 2.895355731422216139e-01
8.868267427935707659e-01 9.012486579695568878e-01 5.949683976336724855e-01 6.358343005619210286e-01 5.548101418934425766e-01 5.744939621700771992e-01 9.092385312073775205e-01 4.635542229103928880e-01 7.463220506308770874e-01 7.129572595752153852e-01 7.577226180633827024e-01 8.645031632046182857e-01 5.955322684151475032e-01 5.286979364523672897e-01 7.368666521092177568e-01 5.847048101369027862e-01 7.810708924287037558e-01 5.695335160032664046e-01 3.996290338992802837e-01 7.798476004446943666e-01
4.186020495099472272e-01 1.163616990017219410e-01 4.419730848646624133e-01 4.642649872454019944e-01 4.922885611879628254e-01 6.013557221193952529e-01 3.446653417575129552e-01 5.836293049453876725e-01 2.703494209433730533e-01 4.381489608238187672e-01 3.877846409956431373e-01 4.040949371306626348e-01 6.012337063727682951e-01 6.046790033274964671e-01 3.292511098962880300e-01 6.279209812101227417e-01 6.733565450389785711e-01 5.206411482961176285e-01 6.517749292048455878e-01 3.138655994814433248e-01
7.229877592653125573e-01 1.000000000000000000e+00 9.337776480673810608e-01 8.912561682563693299e-01 9.340370330678552380e-01 7.672460533993824550e-01 7.859315768996604223e-01 9.766906787923256283e-01 9.799524127357899239e-01 8.532047621171010565e-01 7.916050361394506574e-01 7.392142086710037363e-01 8.340716983434411924e-01 8.498328868063891317e-01 9.804240978686487029e-01 7.862146107283113361e-01 5.790398836911222480e-01 8.932055813831182300e-01 9.035138105473280445e-01 8.957442162147777331e-01
3.096245347735340214e-01 7.246168605958558384e-02 5.709701489625347570e-02 9.294204121534926921e-02 8.750037755812523077e-02 2.166629333673730506e-01 2.172122497626346183e-01 0.000000000000000000e+00 2.050448043656615330e-02 1.407441185121817984e-01 1.800052920596221517e-01 2.410262534890548203e-01 1.815437038128644986e-01 1.593751442541298247e-01 1.916492644602297776e-02 1.947186609799103074e-01 4.132729583429975984e-01 9.440208474831672525e-02 5.465301556249901188e-02 9.300489957831729881e-02
7.026044251300306298e-01 9.482884976542783617e-01 9.562265325262822024e-01 9.322383392576114591e-01 9.121664641299348508e-01 8.340374691690725095e-01 7.667133894337393452e-01 9.706994877736082605e-01 9.910348750279399654e-01 8.588495895052965512e-01 7.929778708163420786e-01 7.233379889172759647e-01 8.150805866236162656e-01 8.535179447002902986e-01 9.783677346897962090e-01 8.369469051384873515e-01 5.803823556717049303e-01 8.807621170313647552e-01 9.068643128758911987e-01 9.597966615013052705e-01
5.917474702937730591e-01 8.718946420054042301e-01 5.227064107027475925e-01 5.489420920131883319e-01 4.580784713399537744e-01 4.263071396981959471e-01 6.711277483750536232e-01 3.691888683878290500e-01 7.467889342703984967e-01 5.355066288601011415e-01 6.150196652511216167e-01 5.760647145385870971e-01 4.690185819169628290e-01 3.568896522773824520e-01 6.818636640636506208e-01 4.147698871991221670e-01 2.698701761796467591e-01 4.300366230720581440e-01 3.778038471354510652e-01 7.012441358351924059e-01
7.031883548047452859e-01 9.954011733343738344e-01 9.823514624038121035e-01 9.014719209548530676e-01 9.466096392628384759e-01 7.755970787908585962e-01 7.915046873472457722e-01 9.521438160681591212e-01 9.876897596467573148e-01 8.247990180404745075e-01 7.807837212274522098e-01 7.345156940626186293e-01 8.279919986562089829e-01 8.720269338007716753e-01 9.662901154130875137e-01 8.199314052615632731e-01 5.860619493905618871e-01 8.887325214147677732e-01 9.300741971040461520e-01 9.031587399616380907e-01
7.245270598432722586e-01 9.661229623619560503e-01 9.532528008679030940e-01 9.106155435988342317e-01 9.272268384993526125e-01 7.943116368740404942e-01 7.604838121761345882e-01 9.749554472018604478e-01 9.496852512419329262e-01 8.497604251222288241e-01 8.096129749802352116e-01 7.197566940327408958e-01 8.282360385960275684e-01 8.582527197848103251e-01 9.779622330735626701e-01 8.356125528425202287e-01 5.744657091996584475e-01 9.074619585090859530e-01 9.803798126875689078e-01 9.025320798511372589e-01
5.914914585274513303e-01 9.050057661293877675e-01 5.698894442601197818e-01 5.273746359489287494e-01 5.055597013130775919e-01 3.823072320200339158e-01 6.713373070286023925e-01 3.644937935822768482e-01 7.133263774893521258e-01 5.641802495462926448e-01 5.841225739960730357e-01 5.837683526719469329e-01 4.080062208614621544e-01 3.597866646405066815e-01 6.796670926419955405e-01 4.012478356037093019e-01 2.934421412619088732e-01 4.715769623238441621e-01 3.669051052536963509e-01 7.230569605638587083e-01
9.969901363885241841e-01 9.733095826410074203e-01 9.830772046600639857e-01 9.977151820965045603e-01 9.720387479001713071e-01 9.802131792879440475e-01 9.939531313474500029e-01 1.000000000000000000e+00 1.000000000000000000e+00 9.986358204919654202e-01 1.000000000000000000e+00 9.885895239657103151e-01 1.000000000000000000e+00 1.000000000000000000e+00 1.000000000000000000e+00 9.970247192615261378e-01 1.000000000000000000e+00 9.959450423576521327e-01 1.000000000000000000e+00 9.861540225867067022e-01
8.531153652354566130e-01 9.132818229395586185e-01 6.203498893013577042e-01 6.018334255211813533e-01 5.127312360116964562e-01 6.016255261976933832e-01 9.034714179178664484e-01 3.685939605668197006e-01 8.021106923873517758e-01 6.947524641950301172e-01 8.384357916197255900e-01 8.451327655392413263e-01 6.129354939632460919e-01 5.470932625182879372e-01 7.429573552688442106e-01 5.851335056277900959e-01 7.311335427414659138e-01 5.717875808201934307e-01 4.288599161117147007e-01 8.005605908269791682e-01
8.491389111725214933e-01 9.019463411975844336e-01 5.916514288929669574e-01 6.067391829295931682e-01 5.013303319408209946e-01 5.968869992146823567e-01 9.105864566143758720e-01 4.239798001208989753e-01 7.446122170681117591e-01 7.073003446193792954e-01 8.307470835520208707e-01 8.658422948527387808e-01 5.433046358448456736e-01 5.523207474189238964e-01 6.831612419450098228e-01 5.683874396102913673e-01 7.533440022161336236e-01 5.567800306689161260e-01 4.117255614287913534e-01 7.617329179628277158e-01
9.867998145413435784e-01 9.821260847003371319e-01 9.809789277893790072e-01 1.000000000000000000e+00 1.000000000000000000e+00 1.000000000000000000e+00 9.794025792036736844e-01 9.886434496595434274e-01 1.000000000000000000e+00 9.874744659507781464e-01 9.882546794284495784e-01 1.000000000000000000e+00 9.872524379282555662e-01 9.825406284730150430e-01 9.650147746763062528e-01 1.000000000000000000e+00 9.964425354975159355e-01 9.885710375166842923e-01 1.000000000000000000e+00 9.952597161980143436e-01
9.784097532568603039e-01 9.981127145293020586e-01 1.000000000000000000e+00 9.861168689364327999e-01 1.000000000000000000e+00 1.000000000000000000e+00 9.728630639021291771e-01 1.000000000000000000e+00 9.951934014633571080e-01 9.915095106858216045e-01 1.000000000000000000e+00 1.000000000000000000e+00 1.000000000000000000e+00 9.756135418905083068e-01 1.000000000000000000e+00 1.000000000000000000e+00 9.931001220517278183e-01 1.000000000000000000e+00 1.000000000000000000e+00 1.000000000000000000e+00
2.879379733739946823e-01 0.000000000000000000e+00 4.864185011787890145e-02 9.740627947156250965e-02 9.318098601735051723e-02 2.179609209077018606e-01 2.102179192357485904e-01 3.362201039306121630e-02 1.736779491919857379e-02 1.647813056654203745e-01 2.236865828509574938e-01 2.756314567833623164e-01 1.985736558163412324e-01 1.941490403368995310e-01 6.257886236857855555e-02 1.582193445672706034e-01 4.483037100187989843e-01 1.138964376529865430e-01 9.121840804590279628e-02 9.991280657770221230e-02
0.000000000000000000e+00 0.000000000000000000e+00 0.000000000000000000e+00 1.551837139453964703e-02 0.000000000000000000e+00 0.000000000000000000e+00 0.000000000000000000e+00 0.000000000000000000e+00 1.015012263644828744e-02 6.853707774423538866e-03 2.937553456182090753e-02 1.754851436021987940e-02 0.000000000000000000e+00 0.000000000000000000e+00 0.000000000000000000e+00 3.965800325796465554e-03 0.000000000000000000e+00 0.000000000000000000e+00 0.000000000000000000e+00 0.000000000000000000e+00
1.666985963360301248e-02 0.000000000000000000e+00 3.799193636660261331e-02 1.799360112953970027e-03 1.749515153908738976e-02 0.000000000000000000e+00 0.000000000000000000e+00 4.061071338540891279e-02 2.473115217844938651e-02 0.000000000000000000e+00 0.000000000000000000e+00 2.202741179502498703e-02 0.000000000000000000e+00 0.000000000000000000e+00 8.897383022563664506e-03 7.146115505809081010e-03 0.000000000000000000e+00 5.068705095268758766e-03 1.565502135754313212e-02 2.088779828070238750e-02
8.534999794680886431e-01 8.835191512893474375e-01 5.862345669122681624e-01 6.207627969556432923e-01 5.192006211575238561e-01 6.150606054659589761e-01 9.173656276250105046e-01 4.174210792232504463e-01 7.304960678988053902e-01 6.595665185060894942e-01 8.212538641332911560e-01 8.784173949732040354e-01 5.864093339709739450e-01 5.690274376040991289e-01 6.819510066826141026e-01 6.072204750503442661e-01 7.367213348774860338e-01 5.614041606723332301e-01 4.326409632060906341e-01 7.618853276896800919e-01
6.093561104557636554e-01 8.918380658344710055e-01 5.470860796661763947e-01 5.159538965573025049e-01 5.012258343076960720e-01 4.084898642522967194e-01 6.384506701865126921e-01 3.952263549936169129e-01 7.129890191714121084e-01 5.662425351540391061e-01 6.078351634698760941e-01 5.838699689385871139e-01 4.121286126714823195e-01 3.836314083774228223e-01 6.516792356736683667e-01 3.938373147415581976e-01 2.698885514015584852e-01 5.444619054049393281e-01 3.589682710416081668e-01 6.370124865420494498e-01
7.079621773709645627e-01 1.000000000000000000e+00 9.409650274340424225e-01 8.869875160135267667e-01 9.168560985732444601e-01 8.130880015463964883e-01 7.965386916449826993e-01 9.468687822942881693e-01 1.000000000000000000e+00 8.782409355280257346e-01 7.819950862470965713e-01 7.215918087413807358e-01 8.014398861114871986e-01 8.283281441251522104e-01 9.740137223935323441e-01 7.984066280066276500e-01 5.576038467768079654e-01 8.696374286278302224e-01 9.369287929298691919e-01 9.133750917622672771e-01
3.752482287104282888e-01 1.076156334503084455e-01 4.364145295408995984e-01 4.936412817593073821e-01 4.922547805559866485e-01 5.899962694047786727e-01 3.382334089841323999e-01 6.088529552499255537e-01 3.111196070989190043e-01 4.625354459243611882e-01 4.286528880135128117e-01 4.299491900953399393e-01 5.840118493949549849e-01 6.176937774869278863e-01 3.460187680702677127e-01 5.656447216257518562e-01 6.844384093426901794e-01 5.261026148193689300e-01 6.378155565758714118e-01 3.412193522148506131e-01
8.164035064009540488e-01 9.038804727067694111e-01 5.789589231866063557e-01 6.211176715006866411e-01 5.547814464537398349e-01 5.980982242080162825e-01 9.098244938954577199e-01 3.971420272741262858e-01 7.313013773424376085e-01 6.718475737850547747e-01 7.931236956696919860e-01 8.836816368395374877e-01 5.829043754085756479e-01 5.659569336853629284e-01 7.307121972058414627e-01 5.716329078500045346e-01 7.011637550258151830e-01 5.296209332879371345e-01 4.252512782920462309e-01 7.325200415502114426e-01
2.665936999165466892e-01 3.911003364018027229e-03 4.079589662544846895e-03 9.322101465697470168e-02 8.138701344245118097e-02 2.073304260509197527e-01 2.531383581010763217e-01 0.000000000000000000e+00 3.946063251574750269e-02 1.414249140650456205e-01 1.844450076888159429e-01 2.891389215966841952e-01 1.892064397928742980e-01 1.845003700348708808e-01 5.392411014651814910e-02 1.904081103137409414e-01 4.420888969649637845e-01 1.094418212238377069e-01 7.360850519538593428e-02 8.869650309214277550e-02
5.459465625410325762e-01 9.045671652265392382e-01 5.647994408285423873e-01 4.914702729826639360e-01 4.841956760494803280e-01 3.684995324212720913e-01 6.901942656152175726e-01 3.591369787834932104e-01 7.254923725067158324e-01 5.102281370679042638e-01 6.015179029608108685e-01 6.012398952259256912e-01 4.066641206012309717e-01 3.632785226335775719e-01 6.728848151115183196e-01 4.367635331412942357e-01 3.086447182912455123e-01 4.962073218654746709e-01 3.594377849473735509e-01 6.804502609297858884e-01
5.863409699137180908e-01 8.792363561238616398e-01 5.736269963045909082e-01 4.984578961755940507e-01 4.646102514816762841e-01 3.773231215099753788e-01 6.465407972686717519e-01 3.691852537097307096e-01 7.341794861424746355e-01 5.203200625307988769e-01 6.077905573907866899e-01 6.241018399378770454e-01 3.784310506997090040e-01 3.749389018001117457e-01 6.511046125347859093e-01 4.088657491396965327e-01 2.705902504220515925e-01 4.787820984212758368e-01 3.502811073933038144e-01 6.898326690796833249e-01
8.462648097349112497e-01 9.475388555654713496e-01 5.948160284307340007e-01 6.274433664955838541e-01 5.740797573808638088e-01 5.649346885339311397e-01 9.079744600530411658e-01 3.961303206265842092e-01 7.289036679865429358e-01 7.034429873848574433e-01 7.844558504706294899e-01 8.624091751463807132e-01 5.909787482414039506e-01 5.537632484388465004e-01 6.796241164402112567e-01 5.454781743231618130e-01 7.013929783815707752e-01 5.614561071566847028e-01 4.241428124308931902e-01 7.940021025970733781e-01
8.134750307418959769e-01 8.890389093334223336e-01 5.993971616502034028e-01 5.973826179926851054e-01 5.556680232431607802e-01 6.197070078509128166e-01 9.207413155770203250e-01 3.817601350535144711e-01 7.556276811890884071e-01 6.956242603368653077e-01 7.813237748865363708e-01 8.389002468833929305e-01 5.927558241860040322e-01 5.475401582536516543e-01 6.873738319533193586e-01 5.718226821490750567e-01 7.062479317370337073e-01 5.962243525037382863e-01 4.502794024586240784e-01 8.009112017372533865e-01
8.683620020559360553e-01 8.896930824560799200e-01 5.890024174049566241e-01 6.065312676710573614e-01 5.229903238104496310e-01 6.047311210314911811e-01 9.019080405934750688e-01 4.114036205285195313e-01 7.210081227129560011e-01 6.997306368985078961e-01 8.177933719488872377e-01 8.578626139830781705e-01 6.115187579789255201e-01 5.597155141154982472e-01 6.886357886833232023e-01 6.000388738173250136e-01 7.142076036402845718e-01 5.679380915510351402e-01 4.087676917753784167e-01 7.598916202350944893e-01
1.928428899954353487e-02 0.000000000000000000e+00 0.000000000000000000e+00 0.000000000000000000e+00 1.396091277833436291e-02 0.000000000000000000e+00 1.748245041567463931e-03 0.000000000000000000e+00 1.982918388829390047e-02 3.040753837151502145e-02 0.000000000000000000e+00 0.000000000000000000e+00 0.000000000000000000e+00 0.000000000000000000e+00 2.735479289146857881e-02 0.000000000000000000e+00 0.000000000000000000e+00 2.789289170240035962e-02 2.350743555859735254e-02 2.980498038518669852e-03
3.038002894326011227e-01 4.702570381609101624e-02 2.500722401424559926e-02 7.703307334430545272e-02 6.859676703675643417e-02 1.692281358514823031e-01 2.177660662793247104e-01 3.363687587958099495e-02 4.141656434361236372e-02 1.353114748854384597e-01 1.861618135412935471e-01 2.874656816240453439e-01 1.643776877868913522e-01 1.621064806060612262e-01 4.139950873722438029e-02 2.027416655953067359e-01 3.960305352971576487e-01 1.338699245153024409e-01 4.099697142223807100e-02 1.188961235616846912e-01
5.716801290507607103e-01 9.019385583665517903e-01 5.362699122480872882e-01 5.097297451998831219e-01 4.940577046784528359e-01 3.669792076826849936e-01 6.555073034742007199e-01 3.619040304994078916e-01 7.403048298088205081e-01 5.196695476509823886e-01 5.874289650717817723e-01 6.209393356826388155e-01 3.956929067719664461e-01 4.095951763666405010e-01 6.476147747776617170e-01 3.659948122450296659e-01 2.999792706996069480e-01 4.553435118469502663e-01 3.828542501872120862e-01 6.854044886892044497e-01
0.000000000000000000e+00 1.208098059273484196e-02 2.507184649175487820e-02 1.322072417402039152e-02 0.000000000000000000e+00 0.000000000000000000e+00 0.000000000000000000e+00 0.000000000000000000e+00 0.000000000000000000e+00 0.000000000000000000e+00 0.000000000000000000e+00 0.000000000000000000e+00 1.746372737854555435e-02 1.627904549123291786e-02 5.142690045989657677e-02 0.000000000000000000e+00 0.000000000000000000e+00 0.000000000000000000e+00 1.048579435468807025e-02 0.000000000000000000e+00
2.683652359528776454e-02 3.644882636675598423e-04 3.018905542970337988e-02 0.000000000000000000e+00 0.000000000000000000e+00 0.000000000000000000e+00 0.000000000000000000e+00 1.575657449851980071e-02 3.164026018659719247e-02 0.000000000000000000e+00 0.000000000000000000e+00 1.914792265500398633e-02 0.000000000000000000e+00 0.000000000000000000e+00 0.000000000000000000e+00 1.022204189990929581e-02 4.875773791877703600e-02 3.742954207677181167e-03 3.201755355499158462e-03 3.205532853377069454e-05
1.317032993757079051e-01 1.115686338468027672e-01 4.015458419149625646e-01 3.895564369092057722e-01 4.441313154756169057e-01 4.032422798122371477e-01 1.285822053428565537e-01 5.830306559071805061e-01 2.247199053590036855e-01 3.036184713021395365e-01 2.037586709897319381e-01 1.292462888605509785e-01 4.019768491873240146e-01 4.362681555823849089e-01 2.907328973282570783e-01 4.164845708894900356e-01 2.643371547087188800e-01 4.492105058814862550e-01 5.863437059034848353e-01 2.155907540769644304e-01
9.781982622613670797e-01 9.758990036102931365e-01 1.000000000000000000e+00 9.727569878991920715e-01 9.999554226491753628e-01 9.747904718540317814e-01 1.000000000000000000e+00 1.000000000000000000e+00 9.729038826239257975e-01 1.000000000000000000e+00 9.611120713792744574e-01 1.000000000000000000e+00 1.000000000000000000e+00 9.991659297965179709e-01 9.856928533381071889e-01 1.000000000000000000e+00 9.793867552641579710e-01 9.419505490515924784e-01 1.000000000000000000e+00 1.000000000000000000e+00
5.625575143791899935e-01 8.956102794075653240e-01 5.509413118635481110e-01 5.167333008114742832e-01 4.914092827700489718e-01 4.133305649652866398e-01 6.818705126207216249e-01 3.942702905859383211e-01 6.947408242454407024e-01 5.351003798329462269e-01 5.386113978637653288e-01 5.818581755218782403e-01 4.090769616549556620e-01 3.596641715555562446e-01 6.645898369453125953e-01 3.776313640053270970e-01 3.269712560197636231e-01 4.474964718371900463e-01 3.639390176692361978e-01 7.219894018551866743e-01
8.568639969766419506e-01 9.042782733274112861e-01 5.991900830431935443e-01 6.220609925135872631e-01 5.618415927865361148e-01 5.902162359191284180e-01 8.914381337352044188e-01 4.431662577943124015e-01 7.119652771620595955e-01 6.901250659979344393e-01 7.700358664658564223e-01 8.520377397615876980e-01 5.803397627092187205e-01 5.147193669116272297e-01 6.627712470227585806e-01 5.747376580148692016e-01 7.043120382347491937e-01 5.895618902516647220e-01 4.116106015944437369e-01 7.709568920343774501e-01
2.650507065543662999e-01 2.380156591029747304e-02 6.546728991908565276e-02 8.582767339179298016e-02 6.813234869776603475e-02 1.927502191381284813e-01 2.094448670048159045e-01 3.074018238549001969e-02 1.102693462625158917e-02 1.570316353658119668e-01 1.678030658551144250e-01 2.613508084799078257e-01 2.137114758269884618e-01 1.631365671313521060e-01 6.612713063803354885e-02 1.672391595686577859e-01 4.384241991335856015e-01 3.343769252417139182e-02 3.703371370699415355e-02 5.496950411293436561e-02
7.211916440707972775e-01 9.949838373706059169e-01 9.838910792364295999e-01 9.112910613676655780e-01 9.304645892897639436e-01 7.786427734615145591e-01 7.725244399164217235e-01 9.696302226917783429e-01 9.921625038708351552e-01 8.363374693788385716e-01 8.155157280019917909e-01 7.127597620659080757e-01 8.005771548762855572e-01 8.361410912851853228e-01 9.492977295027424933e-01 8.520085726307208285e-01 5.769710112044471595e-01 8.977993315246436401e-01 9.158929449095747355e-01 8.667251283495823744e-01
2.471575428240948558e-01 2.668064360260841844e-02 5.663388653695759778e-02 9.809570501935648001e-02 8.332848915760275588e-02 1.798973032013685969e-01 1.668999470023609932e-01 8.311468541384415404e-03 3.553161748180121149e-03 1.660982661917075609e-01 1.974577340305950779e-01 2.698307183631235007e-01 1.770972305668086777e-01 1.770761850822286931e-01 5.962510727641414515e-02 1.702689264782262790e-01 4.342437122969904917e-01 1.157413235600822238e-01 3.732838857806765331e-02 1.015797826343983051e-01
1.329058796067809078e-01 8.461911468717388252e-02 4.016880022513585335e-01 3.693707397515427759e-01 4.290066268403640026e-01 3.837775121368860454e-01 1.025207056165604591e-01 5.860956187972555798e-01 2.891514482335016401e-01 3.329185790391276378e-01 2.074764433136057074e-01 1.105052625859564708e-01 4.258771192442875608e-01 4.261939648299363226e-01 2.942929143584167573e-01 4.193282385414846547e-01 2.779854440789027992e-01 4.570855041932689877e-01 5.536623109073763871e-01 2.481248704065529831e-01
1.000000000000000000e+00 9.589381924081736841e-01 1.000000000000000000e+00 9.732709374577787065e-01 9.812988140979193030e-01 9.868446830267844083e-01 1.000000000000000000e+00 9.821284856487867421e-01 9.958903900051896407e-01 9.855595986570768741e-01 1.000000000000000000e+00 1.000000000000000000e+00 1.000000000000000000e+00 1.000000000000000000e+00 1.000000000000000000e+00 9.839684374033472736e-01 1.000000000000000000e+00 1.000000000000000000e+00 1.000000000000000000e+00 9.751480217834221920e-01
4.155997008255271075e-01 1.488048362788033929e-01 4.519932091873978264e-01 4.499931675736033032e-01 5.542156102716365718e-01 5.783064931933964425e-01 3.069336584692680114e-01 6.036039748313781761e-01 2.657629176136003801e-01 4.461267113983301558e-01 3.848812271779428751e-01 3.958783251082557131e-01 6.204595220053502613e-01 6.555848383823504877e-01 3.189099429813197495e-01 6.149819071189049913e-01 6.764016870062914411e-01 5.346659228156545041e-01 6.528633979548764676e-01 2.960600288648010392e-01
1.215364338294243618e-01 8.779312497469404786e-02 4.280017118047144131e-01 3.762894628073079617e-01 4.534456468104053894e-01 3.853296162630439614e-01 7.480610333963387537e-02 5.920206341153106955e-01 2.578946991380495768e-01 3.034850448410442714e-01 2.344249336264017658e-01 1.681430180444370426e-01 4.218233329920055286e-01 4.489256955648586733e-01 3.177828292697740253e-01 3.747829412974243990e-01 2.828214757974171212e-01 3.951751404508961341e-01 5.792425304897610427e-01 2.075294882839056332e-01
2.692798814296837873e-01 6.913785804614838715e-03 0.000000000000000000e+00 9.747818609227687503e-02 3.052888942480639842e-02 2.456914340740373182e-01 2.259255788580685764e-01 5.447214457495236362e-02 0.000000000000000000e+00 1.709255524851415187e-01 2.083359774826370192e-01 2.501954652967282033e-01 1.622375170178142756e-01 1.849875226842708498e-01 3.704422289367529514e-02 1.738776042840386449e-01 4.113167565231342637e-01 1.132676937261232891e-01 7.950944584142656535e-02 7.591522119358766474e-02
6.814974587390792982e-01 9.864428000350558001e-01 9.267511471949707591e-01 9.007543522325984764e-01 9.897898100171883540e-01 7.840097381431432311e-01 8.220922467842328718e-01 9.384840103066178774e-01 9.784156139979833799e-01 8.390954101642315033e-01 8.172620076896338626e-01 7.165955637305813086e-01 8.158651573179275251e-01 8.474877527460784599e-01 9.380327823013545618e-01 8.547991969473678342e-01 5.905390472293078341e-01 8.943211005372236899e-01 9.120338222809433182e-01 9.018362318710596570e-01
0.000000000000000000e+00 3.796293127788524097e-02 8.474655943002777636e-03 0.000000000000000000e+00 0.000000000000000000e+00 1.603177629892127073e-02 0.000000000000000000e+00 0.000000000000000000e+00 0.000000000000000000e+00 0.000000000000000000e+00 0.000000000000000000e+00 1.872125489069555171e-02 3.652547560325297791e-03 0.000000000000000000e+00 0.000000000000000000e+00 0.000000000000000000e+00 0.000000000000000000e+00 1.400640568677692828e-02 3.995261812394289985e-02 1.850956923424988687e-02
9.744185664756508380e-01 1.000000000000000000e+00 9.875482002031930051e-01 1.000000000000000000e+00 9.826414384586817929e-01 9.931757352891532609e-01 9.966891905765518089e-01 1.000000000000000000e+00 9.763032254275554322e-01 9.759431536307349164e-01 9.704594761082858678e-01 9.830125443978696698e-01 1.000000000000000000e+00 9.748966173845018401e-01 1.000000000000000000e+00 1.000000000000000000e+00 9.804489994783972540e-01 9.858887644328743205e-01 9.489064838157956761e-01 1.000000000000000000e+00
3.209725542355028605e-01 1.585469463100800183e-02 4.437247874372952233e-02 7.139301169573930572e-02 7.742887236622329750e-02 2.000799249546434400e-01 2.141478533904579151e-01 4.490480852156277652e-03 2.831587059037992196e-02 1.435190932176149403e-01 2.041168098251574248e-01 2.527379768361443513e-01 1.570719429023926528e-01 1.686740217097038030e-01 5.582881242021667245e-02 1.739813749191648773e-01 4.363951320689715696e-01 8.913823346734280062e-02 7.633030518169545142e-02 1.063295765899282125e-01
2.668997376579260172e-01 7.623473745041568772e-03 1.717048020142223144e-02 1.022733622385356700e-01 9.946298279422541300e-02 2.440314865126251287e-01 1.940548130987360953e-01 3.739110725932356244e-03 0.000000000000000000e+00 1.687030784135273020e-01 2.260215265147581809e-01 2.716509502551507915e-01 2.191859590211100439e-01 1.762118447700291024e-01 6.287272288973350109e-02 1.841575998339737563e-01 4.250406131432226675e-01 1.138817796935054777e-01 5.065822698097545429e-02 1.120122957863252527e-01
1.304737446479274920e-01 8.362085761462312306e-02 4.229597607884250099e-01 3.797781134600222708e-01 4.465702576493929543e-01 3.960207072733414324e-01 1.046325607357123932e-01 6.088393793475369575e-01 2.740702408945472901e-01 2.800429384784920428e-01 1.991659844144173241e-01 1.581254659575910271e-01 4.166727384044748850e-01 4.481745805387986614e-01 2.970682348543387530e-01 3.972164564808327025e-01 2.709754853891224169e-01 4.407340278447572368e-01 5.820092760304452773e-01 2.478165761988412319e-01
4.218910232589306863e-01 9.975739217503076794e-02 4.619992980992228548e-01 4.687567957364289772e-01 5.093458111135210631e-01 6.090290642887776773e-01 3.074121001730475977e-01 6.145050440880736042e-01 2.622663756981160610e-01 4.850356898179604692e-01 3.991094309414464636e-01 4.054832855088476573e-01 5.988278648814772120e-01 6.650285557955258886e-01 3.721490841795378479e-01 5.974536355454461711e-01 6.617825757151657440e-01 5.038324328968961652e-01 6.346236138133374283e-01 3.252105190129002676e-01
4.320124164051271087e-01 1.215908072260272477e-01 4.727335626651682499e-01 4.528847586949168447e-01 5.188771759068918632e-01 6.145818759193230063e-01 3.456392913508562481e-01 6.048692655431430198e-01 2.598767301124395579e-01 4.817233954149737207e-01 3.943078371729490383e-01 4.042120509755040003e-01 5.594061017807812064e-01 6.183392478359495126e-01 3.570552629257162103e-01 6.079792370575290983e-01 6.957024467226124997e-01 5.482322219721168510e-01 6.324154452690391448e-01 2.834735881927890055e-01
7.061144405766639487e-01 9.654413207099427074e-01 9.683605336797126428e-01 8.821232247329160447e-01 9.500291217328294957e-01 8.153416893063238913e-01 7.662482077501800992e-01 9.483451972579931555e-01 9.801290627633658659e-01 8.326841149393579000e-01 8.183176359387464016e-01 7.405488960901344120e-01 8.389114797592384098e-01 8.045907271272395578e-01 9.539900414862171329e-01 8.242657196628254690e-01 5.456610879711277784e-01 8.802949837792317656e-01 9.312322362087778194e-01 9.127805127632484528e-01
6.216291831275669866e-01 8.943327542986800882e-01 5.492234492804521917e-01 5.087639200567989350e-01 4.889601277498388798e-01 3.763009616967329940e-01 6.578443837857911314e-01 4.020055843210066371e-01 7.482189254488187391e-01 5.025848241843633435e-01 6.132324943187329458e-01 5.825969278752267666e-01 4.457763172547618002e-01 3.825897458754899949e-01 6.253818280353566905e-01 3.991446600646214593e-01 2.876229885772400019e-01 4.774693095884291472e-01 3.706008479233219299e-01 6.965229694749073275e-01
6.116954301926245119e-01 9.167809008361401668e-01 5.131752885175645540e-01 5.316323833084590778e-01 5.042603926266461256e-01 4.326245120150796764e-01 6.848776069187553217e-01 3.860220862786867824e-01 7.448400839328069845e-01 5.475826117403843618e-01 5.940507060988157173e-01 5.995099724779140438e-01 4.098347498074357831e-01 3.747524753229408701e-01 6.504278038247163218e-01 3.943453637913643672e-01 3.117055407298809921e-01 4.834885282776194559e-01 3.473423214185681895e-01 6.698827523194338385e-01
7.094879853380596790e-01 9.920614568446310955e-01 9.560712184880116871e-01 9.022352340101407187e-01 9.432700622766334586e-01 8.166156314124164428e-01 8.044650031621185526e-01 9.718219667301277731e-01 9.917351652235224524e-01 8.885534504858666471e-01 8.301184095198792523e-01 7.422963195384340018e-01 8.517089899168898137e-01 8.076653862665302830e-01 9.993800308640922170e-01 8.032719123674211259e-01 5.955958357200364928e-01 8.905162840936632351e-01 9.674944717445542741e-01 9.032936806611560066e-01
4.224224873236598343e-01 1.318048146639139995e-01 4.499131447923835903e-01 5.106991820142894323e-01 5.109482741273962958e-01 6.102656790999638758e-01 3.269941069193781358e-01 6.344947854038839319e-01 2.803901859393472251e-01 4.429365781537538682e-01 3.801583076709879050e-01 4.270940990049102992e-01 6.092396517597467032e-01 6.568321596952506614e-01 3.458050428613542171e-01 6.192164887812230400e-01 6.918852250743321441e-01 5.323517315733002908e-01 6.362568437850558700e-01 3.369290451593127678e-01
1.749415670790397531e-02 2.008622399503868627e-03 0.000000000000000000e+00 0.000000000000000000e+00 1.441841163447782001e-02 1.330221951282889274e-02 0.000000000000000000e+00 1.514224189015452721e-02 0.000000000000000000e+00 1.129171170435978172e-02 0.000000000000000000e+00 1.109320906551451713e-02 1.064369309587413423e-02 1.059054793267782263e-02 0.000000000000000000e+00 2.746955400619825738e-02 4.783864427131465091e-02 8.059115482698785832e-03 1.294106596034306361e-02 0.000000000000000000e+00
7.551749853489944098e-01 9.726182735700351634e-01 9.739924141440307048e-01 9.029029397225570852e-01 9.180659358049764185e-01 7.742398427387958693e-01 7.594601678024351932e-01 9.338563920993917522e-01 9.793383489380428353e-01 8.353366757301640133e-01 7.973580637550675698e-01 7.095674619415062168e-01 8.299563546522196189e-01 8.247529330838265782e-01 9.266241932042033058e-01 8.055381839818406275e-01 5.529134194000278058e-01 8.865184262746295119e-01 9.436658512412322564e-01 9.060478811111245534e-01
2.596307882961160218e-01 2.711909836958156447e-02 5.547793297084569614e-02 1.047753602064238204e-01 8.828559555843090711e-02 2.022078407149638657e-01 2.281568595138800670e-01 4.141964149344077445e-02 1.263608412271419353e-02 1.364036512239532040e-01 1.635688870064223588e-01 2.814324748314129820e-01 1.802021141854696917e-01 1.791217597620174962e-01 3.611193518241746780e-02 1.905744861651172406e-01 4.215664976384128626e-01 1.124305029628955982e-01 4.068525611252886420e-02 1.082189368069662039e-01
1.377801352326530337e-01 5.994109728793909492e-02 4.128306875591074565e-01 3.583169799779699627e-01 4.874568296617485252e-01 3.969932590632989644e-01 7.932533958452714362e-02 5.858760156205093939e-01 2.238656069018954420e-01 3.118472424888358296e-01 2.277637353532807885e-01 1.326534427683801198e-01 4.164216437162903683e-01 4.265515761867786915e-01 2.489194010299805859e-01 4.291143684717033668e-01 2.706472503258280371e-01 4.451604759342142614e-01 6.092859286219611814e-01 2.035968540154179107e-01
1.534514173761152289e-01 1.178295923115064148e-01 4.190599005774567343e-01 3.879462644313396158e-01 4.620937730591763715e-01 4.029165683193483005e-01 1.294935587665179688e-01 5.492332311068477413e-01 2.387917898795784699e-01 2.994769791971187423e-01 2.070250849051613884e-01 1.348587610353379762e-01 4.320202594986635170e-01 4.882113977280858608e-01 2.962376747654541509e-01 4.114499492239844236e-01 2.588174056651322275e-01 3.947999009445760099e-01 5.488563793688672199e-01 2.163297100528142614e-01
3.188269296501304861e-01 5.428911133408188816e-02 2.071944826592861041e-02 1.080632250955253643e-01 5.696505524507941565e-02 2.159950656447719441e-01 1.797443641936723735e-01 5.873754668977428095e-02 0.000000000000000000e+00 1.539439608694823380e-01 1.528007413723247998e-01 2.435583339207425813e-01 1.485256173087307618e-01 2.062482347866735344e-01 9.956822476662054167e-03 1.635280280362805816e-01 3.892602250128380792e-01 1.070580344587650223e-01 5.458659357882642005e-02 8.340255488536377215e-02
2.386473953484569144e-01 6.521765198611659264e-02 3.777399692449607410e-02 1.049892977064933730e-01 7.223427290510348042e-02 1.878264172501530049e-01 1.870066350090129614e-01 2.690298482814102582e-02 0.000000000000000000e+00 1.341759739848085164e-01 2.274855036371880579e-01 2.798438360596076091e-01 1.719670598485371071e-01 1.537615768976045849e-01 5.107662928220021298e-02 1.792133237879301177e-01 4.299773117118874666e-01 1.218094319890505040e-01 4.817642713557018785e-02 8.828426602660655043e-02
1.310789738600764143e-01 9.998214690993982579e-02 4.399448652144563598e-01 3.956093278574263072e-01 4.694358066275355901e-01 4.030081641665024250e-01 9.340545019855743536e-02 6.224208338473183888e-01 2.916428358786985475e-01 2.958102959086383876e-01 2.075907464296216642e-01 1.598720725202640858e-01 3.848335500236963469e-01 4.488471468041692614e-01 2.912992153595214684e-01 4.138469041943688698e-01 2.664338023694776125e-01 4.536645551920929220e-01 5.639946176185712812e-01 1.831350498929853465e-01
8.339370720149408278e-01 9.028032305063447005e-01 5.372776195505005736e-01 6.284514307650685971e-01 5.409162578200278348e-01 5.526719235261254859e-01 8.739248887788042541e-01 4.194187666187995100e-01 7.358288533903056816e-01 6.901710111054525365e-01 7.935461028781237713e-01 8.561116603368214006e-01 6.029109333153492845e-01 5.339774287169876121e-01 6.844385152691372376e-01 5.411425652282230159e-01 7.320199311914368234e-01 5.894291251849165247e-01 4.424680004991615734e-01 7.712976147252668113e-01
0.000000000000000000e+00 7.080618733095032057e-03 9.127463988552119226e-03 0.000000000000000000e+00 0.000000000000000000e+00 1.356762069781918684e-02 0.000000000000000000e+00 0.000000000000000000e+00 0.000000000000000000e+00 3.477825401343218742e-02 1.125598701529392960e-02 2.298776867424864867e-02 7.891463818934033037e-03 3.080642461030594359e-02 0.000000000000000000e+00 6.523774504135652040e-03 0.000000000000000000e+00 4.644425838436671422e-02 0.000000000000000000e+00 1.893891811718555196e-02
5.818783576592272411e-01 9.033666312159303047e-01 5.554547798800429925e-01 5.416998096871495916e-01 4.704326092185405761e-01 4.267409698983966049e-01 6.724176269233828052e-01 3.756914004704240972e-01 7.247414654706941795e-01 5.558265262876984636e-01 6.473851659724724206e-01 5.677653665240673941e-01 4.344524025304182246e-01 3.596073829078955675e-01 6.883559560693163215e-01 4.361252546228379101e-01 2.438842860606655893e-01 4.350685859338814798e-01 3.808491417206140150e-01 6.988421834037815694e-01
0.000000000000000000e+00 0.000000000000000000e+00 0.000000000000000000e+00 6.616970440769409482e-03 2.484378444258400487e-02 2.037933723752302292e-02 5.126146556690343824e-03 4.154172267860883200e-02 1.527834569707405216e-03 0.000000000000000000e+00 0.000000000000000000e+00 3.786148424203058128e-03 1.770591572724119003e-02 7.829990867939057644e-03 0.000000000000000000e+00 7.409562079573001579e-03 0.000000000000000000e+00 0.000000000000000000e+00 2.252450713697399035e-02 0.000000000000000000e+00
7.377069887458680419e-01 9.842076807165653918e-01 9.561187755193532034e-01 9.130129799778132771e-01 9.577802697804289611e-01 7.838344034395634541e-01 7.979890952470057863e-01 9.673566165269641415e-01 9.648878504406092071e-01 8.408004613998841803e-01 8.083440225537832369e-01 7.216338563424958830e-01 8.017999136933868787e-01 8.037861438365636602e-01 9.711641398059922548e-01 8.211402153352023170e-01 5.380037089787308435e-01 8.725950205529598991e-01 9.765146164382113581e-01 8.943763469760617202e-01
0.000000000000000000e+00 0.000000000000000000e+00 0.000000000000000000e+00 3.625481890173975607e-03 0.000000000000000000e+00 0.000000000000000000e+00 0.000000000000000000e+00 0.000000000000000000e+00 3.608951158780309559e-02 3.231462950939983057e-03 0.000000000000000000e+00 0.000000000000000000e+00 0.000000000000000000e+00 0.000000000000000000e+00 1.107800430405943629e-02 0.000000000000000000e+00 0.000000000000000000e+00 3.337978213786842955e-03 0.000000000000000000e+00 0.000000000000000000e+00
3.305165292878701755e-01 2.213455645141522432e-02 4.192956111033802752e-02 9.345511904526582203e-02 8.858693642048157124e-02 2.023934760925836518e-01 2.463198527924683745e-01 0.000000000000000000e+00 1.749134469337909614e-02 1.918129834586814186e-01 2.439260800053174028e-01 2.308949951134297573e-01 2.094525027574009046e-01 1.637609852570347801e-01 5.386949810186289489e-02 1.891682858012072033e-01 4.492277332778949472e-01 1.180312886201526912e-01 6.603836216449390784e-02 7.760139095141033172e-02
3.849475721127607608e-01 1.110908006614930443e-01 4.833161242261357904e-01 5.045960769811095314e-01 5.182365085309366126e-01 6.098576683373028162e-01 3.334837287739321754e-01 6.096499558535086738e-01 2.844935130119723987e-01 4.741877058416323343e-01 3.977127117057647765e-01 3.876237320905197570e-01 5.666212747460617205e-01 6.392885169494975095e-01 3.424670947390906495e-01 6.027964737011137775e-01 7.413688422474585815e-01 5.516889956134015671e-01 6.461646115619141817e-01 3.251992209085489138e-01
6.154585429383814255e-01 8.916715230037940421e-01 5.500869366744615130e-01 5.375757404672960593e-01 4.640243379120524425e-01 4.047508580005399481e-01 6.699886532821056617e-01 3.747687732027030205e-01 6.932921974316794689e-01 5.271673796781848331e-01 6.024355964538412600e-01 6.109060363477554212e-01 4.004403259523649505e-01 3.865067217519350118e-01 6.666455248613191165e-01 4.145109634869877935e-01 2.722555120065702772e-01 4.610620446567816333e-01 3.464799088145410488e-01 6.786976203351500203e-01
7.014716053509322258e-01 9.736439511259344926e-01 9.224170931962247799e-01 8.919365048667720064e-01 9.064252405432232651e-01 8.240816441023071093e-01 7.596490501361686798e-01 9.933899790214758552e-01 9.690237897782418841e-01 8.367058246886732720e-01 7.752211124367285322e-01 7.038815159934941335e-01 7.688824357222809880e-01 8.471923709015107828e-01 9.400377950602847310e-01 8.448172143181700289e-01 5.543484157228287801e-01 8.703243215050397996e-01 9.196112630721586800e-01 9.045272334923059043e-01
4.341841887070420070e-01 1.207439400241638178e-01 4.352685905598117078e-01 4.884966494947002302e-01 5.233281297509626562e-01 5.965989731016797526e-01 3.390214834241919162e-01 5.954816801346504151e-01 2.505812597146296339e-01 4.850316841189215578e-01 4.052286510596302405e-01 4.051669402248032625e-01 6.151791700043490740e-01 6.306704948371185671e-01 3.655988177908185977e-01 6.079105649842769798e-01 6.830990688598332916e-01 5.017686106044975114e-01 6.283073689677720619e-01 2.956140924681117110e-01
2.694911848012848110e-01 3.516634521545207448e-02 4.710170767574640288e-02 9.508718245731076490e-02 7.847415374294737511e-02 2.094047695179490076e-01 2.416654940477777902e-01 3.347216337835155070e-02 5.156106675755696769e-03 1.591030351066917703e-01 1.901788835683987933e-01 2.964790480261747518e-01 1.878551793229877587e-01 1.542191882564454553e-01 4.079956108520012975e-02 1.406221379477763933e-01 4.347002696393469368e-01 1.175445136786432421e-01 6.386044170171417678e-02 7.052661245215154084e-02
4.209481199849316457e-01 1.508157932521308475e-01 4.549205442984559644e-01 4.816490863880481532e-01 5.250801635404058754e-01 5.948255726118492070e-01 3.026615860711536210e-01 6.186423710345662075e-01 2.545507664873967180e-01 4.885837903209558908e-01 4.282635328751386306e-01 4.146483572031612330e-01 6.222885730223706169e-01 6.318991659914063863e-01 3.181430629653508868e-01 5.943478705080070812e-01 7.149644510625162708e-01 5.047744950621606552e-01 6.389565360657337711e-01 3.101480621694514550e-01
4.241410042081767418e-01 8.337564684742770904e-02 4.422365791475344476e-01 4.812511426178470164e-01 5.290678716451693298e-01 5.804763038768030459e-01 3.239205550308218440e-01 6.225237049878603601e-01 2.906510779281558654e-01 4.587271895732576987e-01 4.410899191902442062e-01 3.980276440701709939e-01 5.721666571530086287e-01 6.185805534277576401e-01 2.993758837260645511e-01 5.918989372900882451e-01 6.934389390077039250e-01 5.361034608934541756e-01 6.219286198373501495e-01 3.136213267007088024e-01
2.821180181556953714e-01 0.000000000000000000e+00 7.411586356680285870e-02 1.039249037126701858e-01 6.998938546262049865e-02 2.295165537789150556e-01 2.176348357818447821e-01 2.957017712296959935e-02 4.393837787002967399e-02 1.336630188748061110e-01 2.074382898218689320e-01 2.403202990336171796e-01 1.906839623850303533e-01 1.494706236509324715e-01 2.993335752653777243e-02 2.024769407772702701e-01 4.655874608293643080e-01 9.870033860031376949e-02 1.016600383655065221e-01 1.057542681636042398e-01
7.102001883555884021e-01 9.819339569012354163e-01 9.627583434912957427e-01 9.085031928771361009e-01 9.385265452049612600e-01 8.201909874211188445e-01 7.607950871671159687e-01 9.561532692640722919e-01 1.000000000000000000e+00 8.716182449266697274e-01 7.813467442658421636e-01 7.411226859928623512e-01 8.134523174994543471e-01 8.502487683985089362e-01 9.780512936655640921e-01 8.074044598003297102e-01 5.849109037261618349e-01 8.593316854777446334e-01 9.491282359311776773e-01 9.201622049413574755e-01
3.256366449410342256e-01 3.722191833999006355e-02 1.789088773972102170e-02 1.139997820115919297e-01 8.227858888702459239e-02 1.847491362233363299e-01 2.236134061706423759e-01 4.075589295620441616e-02 6.412049840813724422e-02 1.752871859376440300e-01 2.072532289952700446e-01 2.517278440622364166e-01 2.130917020068041623e-01 1.500214137712448659e-01 3.017747209261244928e-02 2.107170175486136054e-01 4.416159985670262689e-01 7.383770126123608002e-02 2.846221765212471333e-02 9.858823918812315013e-02
0.000000000000000000e+00 0.000000000000000000e+00 2.541844099897030973e-02 2.381314687044289169e-02 0.000000000000000000e+00 0.000000000000000000e+00 0.000000000000000000e+00 0.000000000000000000e+00 0.000000000000000000e+00 2.703917000087378841e-02 0.000000000000000000e+00 0.000000000000000000e+00 0.000000000000000000e+00 5.615397580011791470e-03 0.000000000000000000e+00 0.000000000000000000e+00 4.714718187843551164e-03 1.338206762472151506e-02 0.000000000000000000e+00 0.000000000000000000e+00
7.073685628845116646e-01 9.820796455441654915e-01 9.477100816178508635e-01 8.918031484644167728e-01 9.773495006990766676e-01 8.187173917207369866e-01 7.929025259595684494e-01 9.656232989256509081e-01 9.846349355106212009e-01 8.340662778339138494e-01 7.934625338395642213e-01 7.574395701495232336e-01 8.441335564631547994e-01 8.213453925612703710e-01 9.713994496305533577e-01 8.163891615992243667e-01 5.449967233620964802e-01 9.144208216676100731e-01 9.434971748331281161e-01 9.102566341311219000e-01
