4.525489722560845918e-01 5.576445773007838724e-01 4.664283745240616064e-01 6.289386763439592798e-01 4.666575409686218312e-01 5.521383177324072911e-01 5.368359450341874117e-01 3.224782233836130385e-01 7.273530507971203152e-01 4.846749572185898858e-01 5.287876046063327840e-01 4.312674706909462863e-01 3.715224374558515619e-01 3.871545722731582484e-01 2.922815137080269632e-01
2.570841649557940867e-02 3.405550195741117309e-02 1.537698972941271003e-01 1.211209242864609986e-01 1.432595564053620318e-01 8.579355071955882539e-02 5.194036983570400612e-02 3.328668364940198243e-01 2.399364330639394347e-02 1.308021771768666519e-01 1.121415508887964735e-01 5.080832279069510959e-02 9.623226617969041219e-02 4.324007419135743324e-02 8.610194679156364661e-02
-2.632868363118141472e-03 4.061378915008597573e-02 2.756110079802303464e-02 3.631336421014130789e-02 6.979367883126767758e-02 4.562390520448621895e-02 6.719917511498350871e-02 7.808664751260041559e-02 5.785616671729937321e-02 2.872050491432471403e-02 7.626608896675543536e-02 2.876422309644369180e-02 1.101305512339958298e-02 2.302417876202419653e-02 -2.537875318444904327e-04
-1.098241771708313025e-02 -1.290946691829026639e-03 3.530497901035833941e-02 4.542543671817878687e-03 1.640158129186319869e-02 -3.798613421350522518e-02 1.321000647467215905e-02 2.169588159500492053e-02 -1.195252198509370520e-02 -1.903922100905782247e-02 -8.547151056343536835e-03 3.408365108492542039e-02 -2.339238512339974346e-02 4.689982273472616953e-02 1.990431104474122900e-03
1.399494020978729603e-02 2.197187543550130351e-02 -8.533231589744420462e-03 -1.242014703467801684e-02 -7.017620899869180494e-03 3.156636212303386840e-02 7.564832035864770855e-03 9.613856740991617508e-03 2.188337055068472620e-03 -2.579948196452795314e-02 -1.848120811425438270e-02 1.438729477609733062e-02 9.218626632209918695e-04 -1.994591809738605406e-02 5.241850843450879607e-03
4.284919600782965410e-01 3.945625831966396158e-01 3.713206197006921339e-01 3.089940617671350087e-01 2.803944529735225011e-01 4.210674910404257343e-01 3.966848189360481225e-01 5.353498567426390187e-01 3.304898416784367021e-01 3.589143658146106142e-01 4.343125544409814354e-01 1.896853941202915339e-01 4.165618589169806651e-01 2.895812497900865368e-01 1.929537361774449067e-01
5.030112076191853854e-01 6.219396827584441345e-01 6.181557948617802944e-01 6.973499494926660436e-01 5.924444740307448498e-01 6.358242059602114971e-01 5.848718721858072733e-01 6.358018749709242190e-01 7.154982715331117404e-01 6.162990377633177363e-01 6.275303095102808815e-01 5.572691895966305209e-01 4.779916734873343453e-01 4.191335042824830825e-01 3.938524649624418061e-01
9.993880715622535660e-02 2.566843308240903676e-01 2.152779298022667598e-01 4.152642888285362210e-01 2.901992714556101971e-01 2.488850019607526942e-01 1.712528168210188939e-01 1.122312046167732308e-01 4.014482425660019227e-01 2.900352002630514625e-01 1.907840497255855472e-01 3.394135140121228855e-01 8.818831707023933042e-02 9.679872244314759178e-02 1.996420288504096030e-01
7.570401992493562549e-02 6.725567794326288429e-02 1.193252598217323934e-01 1.169031543740748080e-01 1.364038039385976064e-01 1.138659444589552039e-01 8.250488957084091413e-02 3.469344379839590098e-01 2.242816646655092921e-02 1.167351104375637244e-01 1.232393947643993515e-01 1.042118358068162970e-01 1.262043040827540152e-01 7.990394361598530948e-02 6.477929124597642252e-02
6.152527351968281044e-01 6.399121614049568807e-01 7.294365015652243267e-01 7.415923427787090016e-01 8.086378806144756126e-01 6.033684418566314100e-01 5.476672284660691892e-01 7.338834695184839330e-01 6.606177433481086325e-01 7.237817333239878748e-01 5.718367186591365448e-01 8.548646869440978957e-01 6.853209169011937885e-01 6.770178750169917326e-01 8.532530543571458237e-01
8.537156880002105819e-01 7.713428438852417690e-01 6.337750262366889098e-01 5.559760238913441510e-01 5.890662226106155863e-01 7.266640426083105231e-01 8.124221614891757870e-01 5.985499168287499172e-01 6.092098982430695919e-01 6.738036588244147307e-01 8.265448107323162263e-01 6.160805587290327789e-01 8.282998113199965262e-01 9.109102179378880670e-01 7.515487616261506965e-01
4.604895234923086500e-01 5.507492647371410310e-01 5.796023441117128527e-01 6.840023187958050865e-01 5.700148303292238428e-01 6.265477839403392757e-01 5.460123900068029057e-01 6.369344827148798460e-01 6.977175095255175874e-01 5.972882880850425291e-01 5.058840522441382381e-01 4.937736691373221243e-01 4.844470825903995359e-01 3.465240493542991462e-01 3.508170270631869592e-01
5.195896236894911313e-01 4.073169871764215633e-01 5.651045026522952819e-01 4.130118676813402390e-01 5.359998807806241050e-01 4.220501248620302515e-01 4.840821263586680967e-01 6.444106986691536809e-01 2.736524793517160492e-01 4.616789389928719345e-01 4.561051546397374423e-01 5.341283443567317324e-01 6.013073925058994851e-01 6.494976810433900072e-01 7.013172539010112949e-01
9.369096980228521776e-01 7.267958640293807893e-01 7.669278390354014041e-01 6.394269041542358645e-01 6.835623647863946495e-01 7.987190226598509524e-01 8.088471856365161416e-01 8.749320928931380026e-01 5.921931376621784038e-01 7.021937114162548621e-01 8.463922644926621386e-01 6.659079447819941100e-01 9.061908986034625801e-01 9.511792366739180160e-01 8.146032387107926542e-01
9.374929346361635663e-01 9.511489658899091593e-01 8.790714194018698358e-01 8.492382164129512745e-01 8.814312406441885406e-01 9.082927795375754787e-01 8.229039295994209358e-01 6.220974150096501010e-01 9.181676933854692191e-01 8.559457318136237669e-01 7.732805157918385408e-01 8.816421551214342900e-01 9.161259204909325549e-01 9.119898534117861777e-01 8.985896794325083370e-01
4.364676196420172460e-01 3.747730081714638062e-01 4.037289375374776834e-01 3.640980437731095587e-01 3.160872354425330322e-01 4.447618754372404393e-01 4.379272639183399707e-01 5.134768614772207140e-01 3.355095513617156744e-01 3.518350325456711669e-01 4.487230694721255908e-01 2.164494372008124445e-01 4.172834452407829242e-01 3.313030893638907459e-01 2.063491822793142028e-01
4.185094168519400970e-01 5.465541700627761790e-01 4.659675299566936046e-01 5.322655988866857868e-01 4.561983928314204961e-01 5.364123591964248261e-01 4.592816988450791893e-01 2.812421738866669463e-01 6.412513233909982180e-01 4.980864730625886860e-01 4.182717015686366335e-01 3.993048098154506342e-01 3.961048478113333715e-01 3.289991188889043183e-01 2.887364458192744898e-01
8.715489484252886276e-01 7.583964144884925984e-01 6.671784148248002255e-01 5.721487984172239916e-01 5.844642299855891121e-01 7.687075200207735826e-01 8.074882864902948043e-01 6.181706289151662759e-01 6.183729381641133171e-01 6.017806900070818976e-01 7.927516760931831996e-01 5.781871020084208279e-01 7.824984299640785901e-01 8.974288359342263988e-01 7.808671478118646148e-01
1.002813590073028838e+00 1.002617726007874133e+00 1.019037261590637122e+00 1.014414776828163944e+00 9.916021982583880234e-01 1.021980332582204776e+00 1.020330430577599978e+00 1.004229732167559730e+00 1.016456367800173677e+00 1.015298940929877380e+00 1.008620300305001827e+00 9.893489189588495769e-01 1.039153375130656087e+00 9.795601242925616736e-01 9.660636563496642903e-01
7.176141453929474334e-02 3.806728868439025054e-02 1.525079640762107558e-01 1.043925863261520454e-01 1.177100404213746315e-01 1.093459282746965799e-01 8.141340449078693364e-02 3.402528119355662239e-01 -1.243809851940451752e-02 1.231580931439433396e-01 1.150095502340155451e-01 4.497613515422853314e-02 7.020377616515670327e-02 4.308406109326438221e-02 6.561711747304858899e-02
5.941043253550013642e-02 6.966488491701319785e-02 1.195744559590019435e-01 1.072795969664938481e-01 1.139466188203614033e-01 1.096106010241586631e-01 3.440156458746863877e-02 3.000631728963097378e-01 4.379574560952892437e-04 1.078469746179367278e-01 1.320318633467338632e-01 8.608844656172939813e-02 7.871838653150366183e-02 5.019469069960282026e-02 4.145849914430274619e-02
1.639489493796984221e-01 3.436202750006011608e-01 3.057110313900991416e-01 5.056566228546476305e-01 4.305583289238406608e-01 2.631081059673021083e-01 2.903155040109998697e-01 4.179088614149703007e-01 4.156962606386958581e-01 4.003478341757715220e-01 2.905788943644945221e-01 4.496371780447883104e-01 1.975384757114659606e-01 1.334884173473858404e-01 2.551145627315357101e-01
8.758734988259692100e-01 7.429131231885527376e-01 6.856771267685373150e-01 5.696220150779103264e-01 5.460388503140355398e-01 7.153797041765729281e-01 8.266504653643775846e-01 6.105463635862593552e-01 6.269903103963488933e-01 6.506994960835715824e-01 7.728316331763469549e-01 6.212681205953846098e-01 7.909173851641737585e-01 9.299680324663514019e-01 7.403355350273471691e-01
5.490381381497960733e-01 4.096110910367529168e-01 5.525491602810121972e-01 3.915758279990412261e-01 5.305099738703605849e-01 4.690166611417492248e-01 4.198271280165208341e-01 6.544619356239496089e-01 2.879727627918360344e-01 4.668734190377330506e-01 5.087804444808673443e-01 5.577689331668784778e-01 6.054755981969581757e-01 6.320460118755100165e-01 6.580905727517266657e-01
3.949561947403370521e-01 3.608200947739983455e-01 3.892786827797057869e-01 3.481276428303456405e-01 2.945527188130176999e-01 4.209613273256876398e-01 4.384146282464439492e-01 5.631831835207272707e-01 2.946700129222709075e-01 3.689000661634315170e-01 4.559859998497580724e-01 2.092629077207741051e-01 3.966950347722994485e-01 3.332508980042989122e-01 1.884397043382054771e-01
3.739332588044578243e-01 3.176441867536717312e-01 2.577889733050337528e-01 2.273244036695425130e-01 1.551580646598269553e-01 3.431921281219032505e-01 3.202739790904200468e-01 2.221547268300810007e-01 3.129132789664369474e-01 2.457609809398561551e-01 3.285945335464434125e-01 1.084448243438695669e-01 2.973010915813456001e-01 3.082190811086776838e-01 1.203945571673148834e-01
1.170147482052545235e-01 2.996368502497938069e-01 3.547383554981322074e-01 4.762281065956444626e-01 4.038624014466321022e-01 2.850493625101192530e-01 2.673400827124739476e-01 4.499556452870911438e-01 4.006344976897929233e-01 3.827503437860242941e-01 3.159862807719075461e-01 4.371008400297227148e-01 1.865858728792352816e-01 1.529888480362546765e-01 2.791106937681265276e-01
5.829578185879660257e-01 3.784134180808177428e-01 5.577682858140711186e-01 3.703419043038614911e-01 5.133373450923470749e-01 4.543221518425488159e-01 4.070754175295715482e-01 6.667141592083615231e-01 2.987705727864069516e-01 4.838874911035592752e-01 4.964806728530570812e-01 5.294139354458798907e-01 5.873092653520791684e-01 6.224014768092273053e-01 7.071645964424587705e-01
6.983046530033751309e-02 2.266071515787949076e-01 2.107413011614318876e-01 3.068252683754107979e-01 2.831227205818263037e-01 1.890475434084638306e-01 8.703202325627440450e-02 4.770406583418364266e-02 3.839922475822381553e-01 2.848062567552284152e-01 1.236765304801565324e-01 2.991646010378972154e-01 9.008345622028930688e-02 5.072256056598724305e-02 1.681336318502920368e-01
6.126206035072852274e-02 2.575027301478354236e-01 2.044277693911264182e-01 3.410157729929371717e-01 3.195212610811764553e-01 1.912273403152414952e-01 2.024036222074653835e-01 8.978974238512880957e-02 3.925098203028735688e-01 2.863603752856758167e-01 1.453697809242454064e-01 3.583169077080774478e-01 7.682140684572019707e-02 8.381821661101751531e-02 1.724260265923593938e-01
9.251848237172031197e-01 8.900739711026309786e-01 8.489315883127813711e-01 8.202046291200373318e-01 8.973717165173422661e-01 9.040778025001804385e-01 8.302367955158378443e-01 6.583628191785164674e-01 9.396685051595971006e-01 8.809379069975160625e-01 7.861153357874303138e-01 8.617061568141953787e-01 8.906517033721608190e-01 9.046475748450980570e-01 8.929803964944063033e-01
4.839397055166443362e-01 3.622178855956918464e-01 4.294930005104677928e-01 2.599725200259868085e-01 4.309464959234344805e-01 3.405205572382064005e-01 3.545949324343025122e-01 3.429215143190171844e-01 2.780104458875439222e-01 3.751500242079689462e-01 3.841726099004587613e-01 4.604036438509311879e-01 5.193592663562599521e-01 5.952836403775795260e-01 6.028051312089323099e-01
1.002286414032201645e+00 1.026886273201884414e+00 9.996566461056232145e-01 9.964945470224807478e-01 9.771951860296758108e-01 9.828822305081367228e-01 9.672364237505869378e-01 1.006177470021641263e+00 1.030665513349983353e+00 9.940780667425629380e-01 9.831064786242412756e-01 9.980807897474258672e-01 1.029323375056526935e+00 9.794868287569817866e-01 1.005909441535929982e+00
5.927870990581917549e-02 2.198104318974191673e-01 1.945820501644002776e-01 3.300015331613079250e-01 2.744542347820219108e-01 2.186799259625795966e-01 1.150898798095517095e-01 4.681968898740466317e-02 3.695436877589602376e-01 2.236013771959511065e-01 5.510956990363025110e-02 2.955553341633550546e-01 1.181966661657525008e-01 4.612798481788311922e-02 2.116948895079239501e-01
1.064810610515547762e-01 2.704425533320477526e-01 2.185976478203595363e-01 3.804732876482946335e-01 2.969741532378025184e-01 2.529399180642214473e-01 1.888179640013365468e-01 1.082376427827314025e-01 4.200154316716816494e-01 2.956398116282178967e-01 1.688306617453963765e-01 3.531940534648755903e-01 8.387111975609840009e-02 1.096697217229739285e-01 2.045173422733465307e-01
5.579098347839185346e-01 5.941329296194410858e-01 6.145840327381857371e-01 6.404628756807292378e-01 7.298933936028142444e-01 5.454904792372015088e-01 4.910951343784258905e-01 4.339939755219122119e-01 6.659527534807903049e-01 6.159116282035844714e-01 4.497900310387397682e-01 7.562234780515790789e-01 6.211595489134997816e-01 6.074609356820587225e-01 7.641167051795841880e-01
4.279909346905914069e-01 3.787639825856958797e-01 4.024023822425515928e-01 3.603717260563443769e-01 3.269286801155080746e-01 4.538102062041536322e-01 3.848515698698348197e-01 5.149030440349420257e-01 3.239932820842114647e-01 2.981221632058887461e-01 4.410626775337941341e-01 2.021595199569269363e-01 4.001483524739742892e-01 3.539491228931123668e-01 1.942309646071639639e-01
9.507112926834861977e-01 9.517721132852109411e-01 9.784678665344413995e-01 9.381803647798828694e-01 1.021611575051842413e+00 9.401937413252244857e-01 8.901460438417059251e-01 9.500203624760537036e-01 9.545024085628446286e-01 9.938691074848640117e-01 9.189815277043239528e-01 9.336747651100226753e-01 9.997878447151896664e-01 9.452116495280215025e-01 9.776111505031084281e-01
-6.606347470109659795e-03 2.876261716460920895e-02 -9.997340368340136563e-03 2.943986364653737586e-02 -9.365164630550319030e-03 2.258859730103235375e-02 6.992595426277772863e-02 4.014643456532578786e-02 3.034567599815165759e-02 4.337125895425721772e-02 1.060245352233181726e-01 5.343020689303865783e-02 -2.224418206271607142e-03 3.850158842546386878e-02 -8.510296428757448475e-03
4.659821797586549685e-01 4.191359705187629459e-01 4.098186845372216447e-01 3.935051510284957033e-01 3.099105344264802553e-01 4.614905309136645428e-01 5.142441679918103858e-01 5.812000303781639232e-01 3.386822779982373022e-01 3.659379146807786309e-01 5.811332333258782956e-01 2.439045245711921883e-01 4.148835341583285152e-01 3.584967757142525913e-01 1.726715589355875546e-01
5.115096773384832929e-01 3.857509647667066166e-01 4.337946745085347611e-01 2.407667461513954277e-01 3.356544587711685068e-01 3.614590034874318181e-01 3.754298562647724324e-01 3.458086410879702144e-01 2.882693042915419612e-01 3.707130956224349849e-01 3.644862220365720495e-01 4.595707944015600677e-01 5.040311007952481548e-01 6.084786156113772826e-01 6.221745518765613436e-01
4.783375897806948496e-01 3.811625884225854910e-01 3.914024562710883837e-01 3.207863049828049151e-01 4.109502741127928349e-01 3.629565531170316217e-01 4.126974191649835921e-01 3.756323345278996251e-01 2.482184912625186590e-01 3.441912297375080421e-01 3.562566192428781031e-01 4.568747107541458741e-01 5.273189700311841088e-01 5.837122488326745851e-01 6.403214220602779783e-01
8.346300518425181503e-02 6.828029751684822068e-02 1.263870806999745910e-01 1.282605516484944252e-01 1.604892171591326133e-01 8.887711321426097766e-02 1.899425286137429447e-01 3.978873031769500912e-01 5.484531964443270513e-02 1.420455540652756365e-01 2.313795501730270265e-01 1.104473009665767891e-01 1.016531414241287345e-01 1.513496108286171982e-01 1.087838047027156474e-01
8.496268041081903588e-01 6.766076713437649826e-01 6.585764030192257090e-01 5.088728805247536569e-01 5.710029396884130914e-01 6.659083577412474586e-01 7.133245530028612391e-01 5.553378420153216588e-01 5.707733885823166320e-01 6.036383865662418025e-01 6.787345435777971669e-01 6.095551280259345894e-01 7.846903117467196598e-01 9.234326953628227974e-01 7.229910188771078161e-01
3.718668768308515671e-01 3.234408571204626104e-01 2.682627395779728086e-01 2.061820383198137707e-01 1.841691467881387823e-01 3.679029720609616749e-01 3.541597546670243735e-01 2.237404785683730080e-01 3.076886095334632754e-01 2.247826341356752855e-01 3.335724520264168880e-01 1.139663288599757074e-01 2.775931244676626553e-01 3.214036919839705075e-01 8.271149894700595417e-02
9.589198544709951477e-01 7.712938343396228413e-01 8.152879790184514031e-01 6.692065947669603165e-01 6.980404736944866295e-01 8.177547953817401183e-01 8.829230760481808771e-01 9.210072362628258791e-01 6.096400203029159748e-01 7.351642207991589961e-01 9.084542735766776289e-01 7.128807575524379603e-01 8.961141300918799013e-01 9.590935975905924282e-01 8.093990703504780893e-01
4.395786239988142691e-02 4.439656088977427667e-02 -2.187341963393468064e-02 8.650568847130626904e-02 -1.608516247357522772e-02 3.689319533362803161e-02 8.202072936882072451e-02 4.808256293930241593e-02 3.387590419945061410e-02 5.767216767819867418e-02 7.555445091193763174e-02 2.265753628329750247e-02 -1.859442820995497320e-02 3.259619038463422436e-02 1.511827285495923566e-02
3.741431775054237518e-01 3.211763541556420520e-01 2.836902771229757314e-01 2.739078705297493532e-01 1.934044079391732951e-01 3.902332545434594735e-01 4.372340515081291623e-01 2.434342910902448365e-01 3.235059890306695163e-01 2.349818892664528869e-01 3.962505146639602183e-01 1.499584595201376991e-01 3.073186131801396992e-01 3.291871758304300566e-01 1.577499433487035418e-01
4.951969094516059933e-01 3.998157985665519720e-01 3.959832410500280786e-01 2.738827361838639396e-01 4.043411197673911772e-01 3.523412857553258060e-01 3.646074775634244869e-01 3.379462857582767321e-01 2.596063222926155989e-01 4.005751801794742994e-01 3.765146447039204314e-01 4.274372582041513491e-01 4.953695959263445525e-01 5.740100488646947552e-01 6.306414563781252980e-01
5.622641093443565552e-01 4.177558482703269682e-01 5.227210377170721234e-01 3.957798525111744237e-01 5.239658096270453091e-01 4.365225337358292212e-01 4.469624713229486401e-01 6.942843660649222759e-01 3.068204202206847864e-01 4.774103295060140861e-01 4.983697929513146163e-01 5.635256076308516882e-01 6.028403857446910097e-01 6.239779062565791179e-01 6.972555617698954489e-01
7.395252302308026604e-02 2.474286848090475610e-01 2.371544564626272278e-01 3.137922160695270080e-01 2.717493374909175086e-01 1.769460532293976318e-01 9.680925116867795943e-02 5.815374486791656528e-02 3.680013255555764640e-01 2.780236484785705287e-01 8.950613111723505766e-02 2.966753988366853112e-01 1.251202652297179474e-01 2.600895342082937614e-02 1.770161927910250121e-01
9.959575368970465803e-01 1.003410433245158329e+00 1.006702658582617982e+00 1.022341485748504031e+00 1.025918282670205350e+00 9.427025418189332040e-01 1.013162720895620872e+00 9.980078068955532400e-01 1.028150848433224684e+00 9.710553795849384828e-01 9.823229474557462204e-01 1.001821850689250226e+00 1.001054037993672763e+00 9.973615974094034442e-01 1.031803078130769880e+00
5.232972813629596098e-01 4.249510346069295674e-01 4.234514600047639132e-01 3.356187586067767015e-01 3.650359254379269003e-01 3.564982129557345836e-01 4.684616730871485335e-01 3.975552109868518147e-01 3.490568214137263481e-01 4.255407875102220072e-01 4.711725840967243006e-01 4.952210303796379942e-01 4.782519525723741283e-01 6.613890251680235588e-01 6.767132246824071329e-01
6.565743351716146758e-02 7.900631387701502473e-02 1.477951640653725196e-01 1.738290140802524752e-01 1.825796872429523432e-01 9.133218980214322102e-02 1.623736476465085510e-01 3.786899956284057733e-01 8.759723144387521199e-02 1.293939422377178017e-01 2.086822395109169115e-01 1.218782759627096979e-01 8.410364028884939613e-02 9.928999796250929932e-02 9.939334200627505944e-02
1.151458889554709819e-01 2.720906103478979987e-01 3.579857028221942183e-01 4.285735929144490197e-01 4.257604288096832890e-01 2.703804074392895385e-01 2.230630680510007069e-01 3.751780728806991538e-01 3.931503188248868796e-01 4.041772202171997064e-01 2.224182121507929377e-01 3.652681809749909747e-01 1.856672677566985619e-01 6.050947933153220937e-02 2.674230179296478993e-01
9.678033705089903460e-01 9.698608124291991928e-01 9.938575634943053183e-01 1.053813065031736329e+00 1.030052508068018069e+00 1.020484604720099275e+00 9.581027641269249662e-01 1.013889615847068049e+00 9.844134757764307908e-01 9.816722359729975755e-01 9.768713603988438132e-01 9.977045797069625799e-01 9.888823085689739667e-01 1.008353733060207258e+00 1.027631265092188384e+00
5.806525143525391730e-01 4.395883347259558760e-01 5.413791719695068005e-01 4.484190326716806507e-01 4.809727015991258625e-01 4.972103655108678355e-01 5.795874894600916427e-01 7.483633613599655066e-01 3.345900128122394346e-01 5.160450177456389342e-01 6.080082381254942048e-01 5.675275306668023934e-01 6.103441615543693244e-01 6.792396713571546840e-01 7.160764714510167162e-01
8.505447320415611134e-01 7.063414144281568996e-01 6.736901999663673646e-01 5.560820424722782152e-01 5.854329783011774646e-01 7.148178679583682138e-01 7.955245158738850630e-01 6.049648654115111768e-01 5.933484959594178543e-01 6.164291800072104754e-01 8.113801398983685464e-01 6.242056626280865217e-01 8.091026549969124737e-01 9.166568810397940359e-01 7.592913497166701164e-01
9.505692922486197460e-01 9.030581554919341336e-01 8.465465403812306722e-01 8.374050191078276084e-01 8.553524721901675232e-01 8.819119669777961690e-01 8.293041407530634679e-01 6.036420516596158192e-01 9.339490289325693695e-01 8.209856713441922027e-01 7.484921945822794465e-01 8.498464906192430002e-01 8.774316998992864880e-01 9.373766692804286205e-01 9.155489674832002489e-01
8.365275020224220981e-01 7.509940785911090044e-01 6.321954930870624656e-01 5.462056007563621529e-01 6.019012084230709325e-01 7.171112620961953565e-01 8.333863202894641331e-01 6.113552096710485051e-01 6.218366226430745991e-01 6.114276711522282914e-01 8.004258038571795408e-01 5.849265100736970036e-01 7.982620514129068479e-01 9.121650333715209946e-01 7.430515820265877203e-01
9.537439284206663537e-01 9.826607833630129907e-01 1.005243195922019162e+00 9.486661515356492602e-01 9.936268954611229276e-01 9.914970392607928007e-01 9.105664316004732362e-01 9.348757910040939034e-01 9.529863609387606571e-01 9.723638911657576100e-01 8.818740433232483689e-01 9.425632403558471539e-01 1.019428508205204587e+00 9.648181207229754586e-01 9.522134971149658345e-01
4.297241603629567974e-01 3.731601071059846841e-01 3.927181336973624148e-01 3.399999950286650141e-01 2.720012865509254252e-01 4.008299753881218175e-01 4.341118663149644563e-01 4.966457073713643200e-01 3.135734883063116540e-01 3.191284974179505185e-01 4.433106565208067562e-01 2.000738205533814928e-01 4.124015628891923857e-01 3.222723900418669740e-01 1.786506111327731960e-01
5.492434399083290925e-02 2.844381049506607834e-02 1.402427191864078493e-01 8.566096804182637969e-02 1.507477830263204976e-01 7.263067356859537194e-02 8.306726234435368728e-02 3.006814284027103934e-01 2.154651154352792142e-02 6.219868233677072061e-02 1.358871018869255431e-01 9.660184107357730476e-02 8.385643532041675563e-02 4.707178538235844145e-02 6.844918726603099746e-02
8.385629171523979464e-01 7.111021388612336347e-01 6.441041091321285661e-01 4.724212760627775065e-01 5.697668540447738961e-01 7.128546461819008639e-01 7.147291464579191844e-01 5.383158374266193702e-01 5.993388002593703634e-01 6.065088114993755219e-01 6.957322827161860346e-01 6.034562362127738888e-01 8.187089403331777593e-01 8.708773827264471024e-01 7.201765844365831670e-01
4.324137148359067373e-01 4.063390340360045760e-01 3.544551852965429628e-01 3.531114655155254134e-01 2.947059825401363575e-01 4.118520486782386580e-01 4.022135115017368423e-01 5.445275906753235251e-01 2.649732173713491012e-01 3.244904888586891967e-01 4.551112272634217359e-01 1.720825023909775542e-01 4.041338780329135072e-01 3.087669665125763463e-01 1.809957384938629121e-01
2.984276144398152752e-02 1.373216182445140265e-01 1.407564974773098943e-01 1.337866519653125030e-01 1.249966477449340890e-01 1.086900890608303860e-01 1.689395589278398502e-01 3.895000428286794492e-01 7.163332687803619647e-02 1.381897425817384395e-01 2.253867718370491102e-01 1.450711448950394167e-01 9.715041182309606949e-02 8.535178396451119365e-02 5.726580499931503698e-02
4.216332778545503479e-02 4.611149632853737967e-02 1.233020386664133161e-01 1.208806793594375817e-01 9.585915877608196245e-02 1.217256364654689671e-01 7.066737859392320520e-02 2.978072092707291785e-01 6.427753916886243257e-02 9.742588357686708667e-02 1.381945253075772539e-01 9.719485541014555308e-02 1.302074175830516545e-01 3.495570513078627428e-02 7.992414101731680487e-02
5.900009319213397330e-01 4.137157522175046731e-01 5.751928062507805084e-01 4.099322378832196412e-01 4.838337736001772083e-01 4.639544800712380179e-01 5.488520826486474880e-01 7.223307726040911758e-01 3.192053448993430464e-01 5.284695413917507301e-01 5.948835892233641509e-01 5.926662629061122400e-01 5.955751871756179705e-01 6.716477762810877383e-01 7.334855904108203983e-01
5.594772596985611024e-01 5.663685628134342842e-01 6.155787773537468865e-01 6.128171356722418306e-01 7.072546297744863875e-01 5.396786539712842279e-01 4.666719299440506008e-01 4.278246676113280911e-01 6.591590971770608931e-01 6.188782883804465618e-01 4.732043202004717619e-01 7.722628151119311779e-01 5.819941248608316853e-01 6.151856768100556483e-01 8.130104220365597101e-01
9.302879290140789736e-01 7.801124776762603519e-01 8.228799915110386332e-01 6.261433968010916562e-01 7.282125885762036344e-01 7.694616064642372244e-01 7.688779176092557233e-01 8.996703210678391738e-01 6.103792822508051774e-01 7.181196860714008645e-01 7.933474887621511096e-01 6.661873004650943342e-01 9.165121642051494710e-01 9.245705285797044537e-01 8.269313188839305662e-01
9.046028608512087787e-01 7.464587723347795301e-01 8.011801532176568985e-01 6.124546621916600042e-01 7.060566170917996764e-01 7.881173675585159133e-01 7.778750386623357604e-01 8.719260408572943044e-01 5.655887210232551920e-01 7.060470372826684882e-01 8.479781357847488987e-01 6.664087803183029735e-01 9.114355318658545757e-01 9.060501497129236359e-01 8.445336649762728021e-01
5.897675129171210395e-01 6.567530806700956347e-01 7.609912648280366954e-01 7.536672815072756881e-01 7.959501743150035891e-01 6.133844375167566421e-01 6.343620200573979462e-01 8.249135464789163485e-01 6.992418123756344306e-01 7.878756543664491296e-01 6.833356643130735764e-01 9.021975197415934566e-01 7.106747544384577342e-01 7.190187299560266698e-01 8.972678947317801468e-01
6.113451870722624859e-01 6.083284602033558475e-01 7.324114603934243073e-01 7.023920279034425729e-01 8.216885763693851930e-01 6.136115481852333353e-01 5.656818260122249420e-01 7.149582532127773948e-01 6.488259514953643725e-01 7.318949189852204107e-01 5.864106414898228037e-01 8.558414276663336429e-01 7.224976833579792590e-01 6.759585734564560466e-01 8.953967102141453527e-01
3.715260590908528882e-03 -7.845677602504996101e-04 6.090193009409933592e-03 -1.199703250413315832e-02 2.695611770803092028e-02 -7.195664494434888701e-04 4.046250743377249881e-03 8.445934466172637378e-03 -2.046524176278723128e-02 -2.468759168333715948e-02 -1.662854456492291952e-02 -1.956213897841379418e-02 2.355140248128694165e-03 -7.487424238517855976e-03 1.544611871110612364e-02
9.200718233042891603e-01 7.382902173732353024e-01 7.964514720284644467e-01 6.222765565093772988e-01 7.106601523017362920e-01 7.602460787971231371e-01 7.908670665030268498e-01 8.806743982850073760e-01 5.829313050194259160e-01 6.879807064015103224e-01 8.485305046194772105e-01 6.480314595248813925e-01 9.251890801474311754e-01 9.307935382317447104e-01 8.284747320995962117e-01
4.977247943661203822e-01 5.820143717544191686e-01 5.965197128891618350e-01 6.849672140695687306e-01 6.206865047443826944e-01 6.171786128255657422e-01 4.974752891120495235e-01 5.951911490177774766e-01 6.782290033298611354e-01 5.994023524271917536e-01 5.423153537475352559e-01 4.823541230218768017e-01 4.991491560492257173e-01 3.659141034073068455e-01 3.413100248987033791e-01
4.303598492173077994e-01 5.559943988217840305e-01 4.655042193769897141e-01 5.578460861834416695e-01 4.810354300289094165e-01 5.070338636293278967e-01 4.808091135556591955e-01 3.012578011967059766e-01 6.702025072455494170e-01 4.870548095094793806e-01 4.078265905875192998e-01 4.271573663889984829e-01 4.211629720979024882e-01 3.288900145575172074e-01 2.915152821472767330e-01
4.397325251987018735e-01 3.748778374380666856e-01 3.900292632106399093e-01 3.655792014117330013e-01 2.746891962408772869e-01 4.643016800647774556e-01 5.499218531119436371e-01 6.052119944362694959e-01 3.230829189937242663e-01 3.944969153937628037e-01 5.624384313076482567e-01 2.343824454514806255e-01 3.855258154150367211e-01 3.499609164913290993e-01 2.097476389547906495e-01
5.601763496755974847e-01 4.854378418317645272e-01 5.566721326001355941e-01 4.444715832524808730e-01 5.149522154480956626e-01 4.708608483249389076e-01 5.353856572023918403e-01 7.080603077233604825e-01 3.586991941794597794e-01 4.814762655873296993e-01 5.643278029060714296e-01 5.851329698049033690e-01 6.012844267592468706e-01 6.612442014420769620e-01 7.738357283379971863e-01
-8.597589580686605670e-03 -2.689075695991417422e-02 2.330328953794188335e-02 -1.163191731663714909e-02 1.416941487328162060e-02 -6.976798492442470682e-03 3.297366510766521625e-02 9.877300944852358128e-03 -1.766634153256495254e-02 -1.827289413113367816e-02 -2.108427380766443246e-02 -1.184530202412297905e-03 -1.734162744249168747e-02 2.511378516177943318e-02 6.952017228832779554e-03
3.998332146543806531e-01 3.912873031847136640e-01 2.617145037463460278e-01 2.507625028501290210e-01 2.092752732686938566e-01 3.779692375067780774e-01 4.511270636582976890e-01 2.693171018402145123e-01 3.548021879630389175e-01 3.127805484354017618e-01 4.329741160911186326e-01 1.653589277002116553e-01 2.814712739076067893e-01 2.647540087666611086e-01 1.029212967486348856e-01
5.337173106150986390e-01 4.073977738098817913e-01 5.307497418448742232e-01 3.383867199746636301e-01 5.212296198159996896e-01 4.507028812725066280e-01 4.137739579951081326e-01 7.142414981827276410e-01 3.084028190717488793e-01 4.721384426348598229e-01 4.780635994612632000e-01 5.602532275441685083e-01 5.747098250563701383e-01 6.212302245304411885e-01 6.867981007603244370e-01
5.332472149795424166e-01 4.433850073951119963e-01 5.895074840463729871e-01 4.284134199728743542e-01 5.131229017137227677e-01 4.706785242965842442e-01 4.957480859052126876e-01 7.567048040762117678e-01 3.203429296303693663e-01 5.071048149235004576e-01 6.350870666693967381e-01 5.747413589689273072e-01 6.210904914539271404e-01 6.750440288981255366e-01 7.485208639858853541e-01
3.606372973542824045e-01 3.625747315067255894e-01 2.749691559670707219e-01 2.722933925068646288e-01 1.618233798883175201e-01 3.920637584683243082e-01 4.308435535147510653e-01 2.487273101801866226e-01 3.627655632107082417e-01 2.825139356017222214e-01 4.035195838800691992e-01 1.775542717741944165e-01 2.885579081625068709e-01 3.701620372654571556e-01 1.367102228081116255e-01
4.942626903867116117e-01 3.554105078865257283e-01 3.865476999289667592e-01 2.698260495309647844e-01 4.055571424848529727e-01 3.537462453447129951e-01 3.732371691537229585e-01 3.314614701158751231e-01 2.534872669128431788e-01 3.729309770625940379e-01 3.831861289419610794e-01 4.705284067069624987e-01 5.165296450687374419e-01 6.054736374502143192e-01 5.831566207537385305e-01
8.258719037155813902e-01 7.019359614609266274e-01 6.608216393601027416e-01 5.118703004424081104e-01 5.701161343612491939e-01 7.569528966665105552e-01 7.162045574872687448e-01 5.130865331515739314e-01 5.907320618171738591e-01 5.791983275551974009e-01 6.965157054794766101e-01 5.744590359570851401e-01 7.894051436368808572e-01 8.626929304334739479e-01 7.182111770354629998e-01
4.888715218132735352e-01 5.625948898786700125e-01 5.822245360323107244e-01 6.597045304600888116e-01 5.772490340151138488e-01 6.198082032400340502e-01 5.051100878504716230e-01 5.748081713696856498e-01 6.913716703775752981e-01 5.431283707562779561e-01 5.240162527280417537e-01 4.949221197003270678e-01 4.887192109171120125e-01 4.020107825705986349e-01 3.778267505500913503e-01
9.526571326392229144e-01 9.870102932434504650e-01 8.394537679031716104e-01 8.927154380551610702e-01 8.696439116099072830e-01 8.958821859265801990e-01 9.238318457712745291e-01 6.659562590224865630e-01 9.911845600077258123e-01 8.960730865176225191e-01 9.096619801844827435e-01 8.929611278790526852e-01 8.925634809462318353e-01 9.705303493670988102e-01 9.035473121909273209e-01
7.342564240660041930e-02 5.434347791428199848e-02 1.299721329008564630e-01 8.235023350084799687e-02 1.297968682143052221e-01 8.736012944721487095e-02 7.812705080068527153e-02 2.962790335904058048e-01 -8.539954638898422656e-03 8.332267600289676446e-02 9.191010264583514278e-02 6.357202395917499471e-02 9.604917528232619073e-02 4.972259581024751629e-02 6.927257944227480091e-02
4.144436181193225655e-01 5.408108697656526243e-01 4.355296008500504357e-01 5.608881809401207175e-01 4.831408811651752289e-01 5.053436257915857599e-01 4.465266148192121309e-01 3.018743902599115292e-01 6.383875496169757469e-01 4.823151682365328652e-01 4.309598231666578183e-01 4.207955761192966881e-01 4.007533218903195915e-01 2.996142473572391829e-01 2.769465925315268140e-01
4.334456677951324943e-01 3.515846127598192261e-01 3.872235611715157955e-01 3.654915426453911320e-01 3.005692076563266646e-01 4.303731963295472362e-01 4.064271315182333422e-01 5.405852966190330955e-01 3.361692615594842337e-01 2.523892985500093000e-01 4.780912611283064662e-01 1.975160264583312730e-01 4.039263609744723205e-01 3.511479222836962899e-01 1.742977413822855148e-01
4.705862734286497123e-02 2.253451701585756639e-01 2.333392043338002320e-01 3.327006445341287866e-01 2.955002735977749206e-01 1.769058228337360983e-01 9.591011321786006849e-02 6.405768102637610095e-02 3.835714608381753932e-01 2.662245995085831818e-01 5.106216993537270737e-02 2.909916482458645426e-01 8.728203899562732293e-02 2.299665114895225668e-02 1.897854500636867447e-01
9.936013102998655921e-02 7.443715961120091207e-02 1.281204569034835317e-01 1.788367004412555472e-01 9.913022666185598852e-02 1.049922504980560778e-01 2.354392392992782912e-01 3.665140634691383958e-01 7.552102217625439318e-02 1.349342861145793881e-01 2.339423165125556758e-01 1.070491051323189807e-01 1.063560567801892509e-01 1.003771430223853039e-01 3.886612369639731723e-02
5.642520099607933881e-01 3.972638519647900268e-01 5.624711201864186494e-01 3.723663074598259626e-01 4.942586030001220321e-01 4.457668110342485890e-01 4.603024138516483288e-01 6.887512132824697986e-01 2.931368384380954040e-01 4.958744136134342062e-01 4.871908825844145641e-01 5.377431393746900934e-01 6.099383776451172690e-01 6.583999916443221689e-01 6.719898067310188239e-01
9.748164751384441606e-01 9.318604106365301343e-01 9.933315889681461064e-01 9.699834300796671416e-01 9.862061993835791185e-01 9.765440261779695374e-01 9.175604515008373152e-01 9.737075065028232279e-01 9.611726445242985140e-01 9.636341532081077466e-01 8.937021805605965818e-01 9.022215348807629542e-01 9.932757630767155010e-01 9.630010686117154162e-01 9.953165008815253456e-01
1.211176337812634313e-01 2.321188959645200667e-01 3.191310991505422190e-01 4.464877766433766881e-01 4.011926749641776535e-01 2.972423167332723937e-01 1.768946324812554483e-01 3.819460145127110962e-01 3.652007423966332489e-01 3.506648262588857312e-01 2.329957806717919966e-01 3.885430432525999178e-01 2.177695512211051954e-01 1.019682035717987822e-01 2.572039423703124106e-01
-1.500882574717892111e-02 7.316227787334408927e-02 2.264280278174342700e-02 5.484818299593285928e-02 -2.274572525489914482e-03 3.220203104273709760e-02 9.180177713035687914e-02 2.849661631109156115e-02 4.726785018967583768e-02 2.709533362648357258e-02 7.809605328297641869e-02 8.451687641407579221e-03 -6.144029542622442275e-03 6.201689024727304045e-02 1.063089158555627183e-02
9.751536003904970329e-01 9.397226205273578881e-01 1.009789152966037884e+00 9.565994666112322964e-01 9.686464290002571031e-01 9.957437024718542862e-01 8.856129111430469658e-01 9.632869866762407973e-01 9.519030324466259962e-01 9.400762269912876778e-01 9.189089609683829263e-01 9.414497361778177975e-01 9.750146561235532028e-01 9.789687740598450594e-01 9.705130032135474982e-01
5.555801351931638488e-01 4.226123631136758929e-01 5.704784783662121272e-01 4.439365103444583016e-01 5.412308423647321787e-01 4.506691455757612652e-01 5.537801302561288219e-01 6.871176981482504109e-01 3.428216309728694400e-01 5.073708783100311370e-01 5.878247509234844070e-01 5.689844140047762844e-01 6.274682617266527096e-01 6.607104910998409242e-01 7.530890086677231032e-01
9.517023519474220317e-01 9.882948824449183656e-01 8.177402052779961794e-01 9.031112023821408208e-01 9.060856018853483684e-01 9.248556021388502080e-01 9.031477001892004308e-01 6.711778471779001887e-01 9.720769520772056804e-01 8.524427332268303958e-01 8.611451751669283450e-01 9.369740467355180957e-01 9.152902338397276294e-01 9.443062305345802931e-01 9.312646009846422546e-01
