3.857700050936226921e-01 1.561370116955577148e-01 3.521278925515361480e-01 3.291033505541806625e-01 3.579493537506749368e-01
9.848256520908947875e-01 1.009695180188394215e+00 1.010748778741843878e+00 9.895307831869490922e-01 9.640543743301046575e-01
3.492586818708779406e-01 1.154900582820831828e-01 3.809102876540824134e-01 3.019747774132076623e-01 4.037239341052591413e-01
7.985216368748124238e-02 8.881336905086753553e-02 4.853864247822686773e-02 6.833639907726492269e-02 4.986238537444571961e-02
9.876745057505205150e-01 8.718502262575434925e-01 7.136919582665622874e-01 9.017960687030525113e-01 8.006691656562008319e-01
4.419052010399668676e-03 -4.583145078838040537e-02 -3.354685680063581449e-03 5.602677565535222302e-03 -1.085011668140053575e-03
1.030883606330158520e-01 7.792859108523295109e-02 4.288482898020609668e-02 1.053766577472549926e-01 1.909537821215664954e-02
1.420310102693535803e-01 1.666327012539766672e-01 3.325991143025918695e-01 1.952338015533183757e-01 2.435209906564348437e-01
5.961381766894388035e-01 7.303904156956081417e-01 3.577528597617379291e-01 5.667662615193332920e-01 4.461663563318546966e-01
1.181839096174287229e-01 9.053225099826364697e-02 1.912392012896052540e-02 6.676868176098488261e-02 -3.743293220188123605e-02
1.015851376647211035e+00 9.858912257849787864e-01 1.007900159113672034e+00 1.031133382250648767e+00 9.954285883517435263e-01
6.242489900482771636e-01 7.742647129392243865e-01 3.583366187520720114e-01 5.883880910131289443e-01 5.055527361324266833e-01
9.159947719109954312e-01 9.012629590352712050e-01 9.783001175090628720e-01 9.200396731767669367e-01 9.758382721779641500e-01
8.753255799296095763e-01 7.534491280974814353e-01 6.849343735958429713e-01 8.244189280796035968e-01 7.821519804389274189e-01
9.974483529463178400e-01 1.026314787848592536e+00 9.860612619476931684e-01 1.032172739198166322e+00 9.955527070223179065e-01
6.139790362654481276e-02 8.553684277039654005e-02 2.923063088429237455e-01 9.007987441981750443e-02 2.001927167352638981e-01
7.469480763085094288e-02 5.442692907882469566e-02 3.831065329840280254e-02 8.561934468098450490e-02 2.131671338970105717e-02
7.145308076658869745e-02 5.189192848632091792e-02 1.952487263241223236e-03 7.896968399740551814e-02 1.428215683960920232e-02
6.856076847493779158e-02 7.732494187606184233e-02 3.069144039692092707e-01 9.155123280721463863e-02 1.800356383967925133e-01
1.077069832364931784e-01 1.885395126426828161e-01 3.199466384736945890e-01 1.447771925412462135e-01 2.067978323862401657e-01
5.757690849513508180e-01 7.926659388843930731e-01 6.165431959757475822e-01 5.813739390742068691e-01 6.770372135911062461e-01
3.335434630853310184e-02 2.803961943586100181e-02 1.769802277046295808e-02 -4.390373735799649874e-03 -1.745511916309183328e-02
8.869924510450344357e-01 7.884528278743542229e-01 6.890413026321345891e-01 8.111789539141659455e-01 7.728674061935794093e-01
5.227431117174478059e-01 3.658975388665173245e-01 6.940625481626150339e-01 5.214992999528210715e-01 5.470482989617134750e-01
4.123236869617218359e-01 2.345232084801972539e-01 6.331885834038528671e-01 4.195932173062575377e-01 5.516378096813504550e-01
5.528422991564778677e-01 7.668629573964860224e-01 3.475467320253565751e-01 6.159056844473804748e-01 5.065253732150936106e-01
4.889426988519025019e-01 3.502218352319469430e-01 6.424634104211682795e-01 4.828890993795283970e-01 5.181835539017576320e-01
-1.400422535520917666e-03 6.638313518428686118e-03 9.266873288098942396e-03 2.735509697750721468e-03 1.141984472658379417e-03
8.692748714071025784e-01 8.424279091433447553e-01 6.542485084905815818e-01 8.445386026896543052e-01 8.424552616906112457e-01
6.207740587049259684e-03 -1.411967157934548509e-02 3.000062728558854086e-02 -2.119668032059597931e-03 -1.879498591633937607e-02
5.056100117764327218e-01 3.133406209950466703e-01 7.109237353596256082e-01 4.808702237088584019e-01 5.393993516695261281e-01
9.370337432698316871e-01 9.351647016900781484e-01 9.589671988756824916e-01 9.228992784119179893e-01 9.806111031613212736e-01
9.696668643787537123e-01 8.927888481127952414e-01 7.487416169867583404e-01 8.905334834021672030e-01 8.151204044402737825e-01
8.773865764779923415e-01 9.165494043119637446e-01 9.664459697265508353e-01 9.126943171083007345e-01 1.001435677793842904e+00
5.633941198396211769e-01 7.375694572024446005e-01 3.649163087194099986e-01 5.867655904695333602e-01 4.961961462236668674e-01
4.598721609294252888e-01 3.149305497671734955e-01 7.203801803556975081e-01 5.023873349478464867e-01 5.757149962967517132e-01
8.515054032182405308e-01 8.085717580994938869e-01 6.842863466143714879e-01 8.381052066580637616e-01 7.726479536277809368e-01
5.423711768890178142e-01 7.676414435961902427e-01 6.261037775239679526e-01 6.225630279075927698e-01 6.567215866882738506e-01
9.521406479324685534e-01 8.796497977732883333e-01 7.345119975415699276e-01 9.324334563541237797e-01 8.051724214092724763e-01
8.761617979418433455e-01 7.999571106023398714e-01 6.512147731915371995e-01 8.411462908652105330e-01 7.356542079099375187e-01
9.989125537590695658e-03 -1.185526069940734048e-02 -2.302314473590154256e-03 2.605131261305562371e-02 5.337937519497905348e-02
4.037068663884442188e-01 2.389514307529059800e-01 6.554559481125480369e-01 4.320719427227364129e-01 5.306096391055422634e-01
3.768032526433477414e-01 2.731882854070431521e-01 6.396476342226681266e-01 4.284267984200016421e-01 5.247970641592674124e-01
8.761879581276186268e-01 9.084712128543254162e-01 9.706000605720686014e-01 9.348093224456328620e-01 9.695724020778661023e-01
4.985954707577940903e-01 6.730933189550647455e-01 3.178024242118444587e-01 5.269409009086268858e-01 4.179071220889265525e-01
8.325869062778612495e-01 8.362929341408408268e-01 6.690670148639871195e-01 8.039648549314222237e-01 7.656192065128708535e-01
8.980077228835973147e-01 8.768746031004674979e-01 9.425782916920737442e-01 9.318100932538759817e-01 9.727579020470695781e-01
-1.022039071678723134e-02 4.100915795161683142e-02 -1.501605397090342679e-02 -1.702267834792302271e-03 1.146718499602447476e-02
9.427455855373892968e-01 9.424592805459557354e-01 7.209561697351291043e-01 8.962263517903605869e-01 8.093463324729183173e-01
-7.197698315823087070e-03 4.907426662592034167e-02 -1.066538014006164665e-02 -3.461402710211394177e-03 -1.434997573565204541e-02
2.895851308480326680e-02 6.489094140743651047e-04 -2.066221411563780481e-03 -1.139321270780402004e-02 7.568715330368686565e-03
3.744335130133819023e-02 8.649734442975104409e-02 3.128541000680331585e-01 8.837226681879957468e-02 2.010576126526573693e-01
-5.708891404946277691e-03 2.468875374123018565e-02 -1.353487263738493117e-02 -5.146658457677406526e-03 2.665103614170238541e-02
3.860027180815077674e-01 1.555725745066431909e-01 3.679734049821414832e-01 3.567972898216026922e-01 3.242007250274899777e-01
9.002982949106516641e-02 1.207922692507675533e-01 3.293046157778491828e-02 4.676785505953597044e-02 2.368915880683181846e-03
4.395313579743289067e-01 2.154288496947701081e-01 3.821934810801168036e-01 3.840675904218949777e-01 3.325313097176746391e-01
-5.709116463943618956e-03 2.870516896878646390e-02 3.129402120644474844e-02 3.150473689449251324e-02 2.376757648634199652e-02
4.579577939599464020e-01 1.939479027767036790e-01 3.998417013979520540e-01 3.538203052584158459e-01 4.007507864191443003e-01
4.696694688188488009e-01 1.773745948590246257e-01 4.078380341397294107e-01 3.855968203499219871e-01 3.764006086902664805e-01
4.561122739115579527e-01 3.355993824421587002e-01 6.849131958164027534e-01 4.978145411397666975e-01 5.819605781332906069e-01
1.447059171124761845e-01 1.941736429272289399e-01 3.276615775630065119e-01 1.515458790418740542e-01 2.304909894985164853e-01
5.156738222203147703e-01 6.849003435820564256e-01 3.183743656174016223e-01 5.396570207962033683e-01 4.661804048480470697e-01
-1.727081580759089532e-02 1.217532734968999365e-02 -1.414008114715352687e-03 4.157409813098949213e-03 6.647344719513693760e-03
9.566406140357568144e-02 8.648308967229979827e-02 1.667087788555944583e-02 5.257913974547857860e-02 3.520014702576647336e-02
5.687462770555848923e-01 7.696704334275794590e-01 6.219264011423407679e-01 6.096624613400097870e-01 6.486537740328286450e-01
9.556486505569432299e-02 9.103483624444690114e-02 1.203475014008462823e-02 7.545525860790268380e-02 -8.616235321968587074e-03
4.922177627432299252e-01 3.283468167850170927e-01 6.807846964465745776e-01 4.895814232992944937e-01 5.362230545837478601e-01
1.062697775297569008e-01 1.937341875029180704e-01 3.438546370923078466e-01 1.459198253498881770e-01 2.313504116757915952e-01
1.004122411795928427e+00 9.949176333689615515e-01 9.844402324579477614e-01 1.016145256293800481e+00 1.021996408015793723e+00
1.322845141131040181e-01 1.843349875470072230e-01 3.394709206946030511e-01 1.310830577811927244e-01 2.180777160564439654e-01
9.748037738775012784e-01 8.765940840728979611e-01 7.055138356399839328e-01 9.090373418853382459e-01 8.156976451710673537e-01
6.369513431202068476e-01 7.511826162415538022e-01 3.685562767414605201e-01 5.338114437991694494e-01 4.903141713937109181e-01
4.688120001008892479e-01 2.394971669365718592e-01 3.424097545552173272e-01 3.962907174152611178e-01 3.721181488038184382e-01
1.270591833964335692e-02 4.303912450111402159e-03 1.069580809582050887e-02 7.647560684311648441e-03 -5.282431399675061902e-03
9.751178337546059227e-01 1.006892320098818683e+00 1.043784946046063977e+00 1.009144407889104089e+00 1.032083121018987137e+00
8.792166237335065082e-01 7.901556029144245485e-01 6.834039709112874617e-01 8.506960550232159912e-01 7.896764738492878521e-01
5.466673994458274288e-01 7.674237240894413725e-01 5.989725251837307862e-01 6.058290559676214881e-01 6.139000044946647527e-01
4.469707217147698697e-01 2.066442522806666016e-01 3.784412268435246585e-01 3.846855611738264624e-01 3.462761006172516698e-01
4.795396542755904767e-01 3.412948702781570809e-01 6.913839365466535325e-01 4.831796673718472546e-01 5.797905498180448980e-01
4.218497950831527898e-01 1.972058234793465925e-01 3.651600250435788064e-01 3.664164167411859685e-01 3.512697712462545252e-01
1.046207816959893400e+00 9.864100428855108182e-01 9.810933050912591380e-01 9.850284800137470986e-01 1.015515571470211098e+00
9.192145839169526059e-03 -1.669453756903428732e-02 1.533893822150836708e-02 6.906708832803686374e-03 -7.278981369859647589e-03
4.664892046037162343e-01 2.088411469784273722e-01 3.687379871467306169e-01 4.124477456370016504e-01 3.396345488904018994e-01
3.538413156948236882e-01 2.345783500309377989e-01 6.342549058782277482e-01 4.285503841942538972e-01 5.559583674768493466e-01
9.633009213740812982e-01 1.020390652593078151e+00 1.001012918307767396e+00 1.003454507258426442e+00 9.892705038524709504e-01
1.321444077928525529e-01 1.775994734245291418e-01 3.152069873418325008e-01 2.168973381668317657e-01 2.056160228864001849e-01
1.018410842478082001e+00 1.032588869034412271e+00 9.668069124274591974e-01 9.871382842718640083e-01 1.011336582761107383e+00
5.049234432583312726e-01 6.820937663619000002e-01 3.410112385416763647e-01 5.088038546424664688e-01 4.815238731568809993e-01
9.949109091197718691e-01 1.019672043718796939e+00 1.009046698064256287e+00 1.005639433767157032e+00 1.027894346546983417e+00
1.003793291622220862e-01 1.563902037206687523e-01 3.502423112714873610e-01 1.991424042819580909e-01 2.138391471564259072e-01
8.731881422769118828e-01 8.187408615225165720e-01 6.865000306989789136e-01 8.259734032467825893e-01 8.393336058847905568e-01
1.817954623545334908e-02 -4.144886098922671847e-02 -7.110896783268755642e-03 -2.862515281154921331e-03 6.205721883126387103e-03
5.698033362236898380e-01 7.626882757361058696e-01 6.492621281122451515e-01 6.213006867081722895e-01 6.525336100887263457e-01
5.153880289166776762e-01 7.892150153926051903e-01 6.186627871110437216e-01 6.120127194260716053e-01 6.406909668712057471e-01
2.334174504025868235e-02 8.907675725379628207e-02 3.056447126385721802e-01 1.278406985680910213e-01 1.997789820585403331e-01
4.437005065663172099e-01 2.153401572471057568e-01 6.219579016260687876e-01 4.109194718478030306e-01 5.204978280435604843e-01
1.376596587027682228e-01 8.180154586143301154e-02 4.476984193023777342e-02 9.868967640707461408e-02 -1.257510925718213074e-02
3.958980680403693109e-01 1.341592440985975299e-01 3.508374645344921605e-01 3.085353363804791971e-01 2.911886739871939467e-01
5.337358207985969383e-01 3.002296935167133030e-01 7.236680106405000146e-01 4.964790121814128820e-01 5.900430595297780911e-01
5.448721449931698269e-01 8.287058974056549232e-01 6.372960638019783408e-01 5.939363987720113203e-01 6.098395365530555612e-01
1.456800062170184318e-01 1.929614513053390934e-01 3.500260122205309798e-01 1.997300030110425728e-01 1.510389546203241840e-01
5.758248253755609003e-01 8.105404073590559699e-01 6.300327910576173363e-01 6.394421965210789205e-01 6.086011025731276058e-01
4.277949847988314902e-01 2.273383308332564412e-01 6.698242904485672833e-01 3.961786386047910780e-01 5.514905502720089947e-01
7.474119080837982043e-02 7.732537184731042013e-02 1.889706737199270403e-02 1.010958885608833346e-01 1.264234712391003324e-02
1.096081351202464194e-01 2.073920705949384713e-01 3.255471683567299768e-01 1.498515382718968170e-01 2.521943552309206527e-01
4.829025730703784269e-02 1.086550393369812850e-01 2.567303023827083863e-01 6.591032864782647716e-02 1.705314724452146047e-01
4.287954131130654045e-01 2.336117496296936102e-01 3.935338538778020423e-01 3.776592599435175113e-01 3.782402264143274184e-01
4.939055781350465413e-01 6.373873252341861750e-01 3.308498355152737491e-01 5.154872743808823765e-01 4.290508121730429170e-01
9.635981420008163933e-01 8.753694924464596738e-01 6.870017065973482717e-01 8.985084070993532013e-01 8.230983940301730417e-01
9.713269119718990208e-01 8.999659168398658204e-01 7.328327676756053455e-01 9.179136598935124791e-01 8.219140511136150407e-01
3.956634990040938660e-01 2.564017001564247167e-01 6.248284059738778984e-01 3.994476877287357897e-01 5.358722966010900368e-01
5.179432125864179559e-01 6.778626826284734896e-01 3.036544727472452188e-01 5.074027262470197641e-01 4.250702510940969070e-01
3.901413753558144459e-01 1.085768572184305225e-01 3.701063599263759718e-01 3.052874158145528205e-01 3.317040120501796863e-01
5.274981429322120885e-01 3.502806945455196885e-01 6.674166833751209449e-01 4.780563929818986701e-01 5.489620648359254673e-01
6.045825940827606049e-01 7.726275652948699779e-01 3.753599804963821951e-01 6.090655082195399750e-01 5.263572833497911496e-01
8.377709684871007534e-01 7.962027979437420466e-01 6.890212859263670220e-01 8.495577417666824172e-01 8.014346927668277720e-01
4.842014167422542537e-01 3.711679630114216866e-01 6.732235992059945051e-01 5.145936510969341127e-01 5.324113334040980750e-01
3.449250574357380639e-02 1.152404466145615369e-01 2.888339022400400746e-01 1.281814013503699001e-01 2.150734651742532699e-01
8.077773719761159599e-02 8.875585301937433114e-02 2.828638597709189767e-02 6.356426121238688276e-02 3.633153366644392007e-03
1.421443987770414086e-01 1.649831286574015010e-01 3.334439291945369144e-01 1.639830490198350699e-01 2.100826372217603766e-01
3.743615617418878383e-01 2.166329480985397515e-01 6.376718274384545193e-01 4.093881975860612643e-01 5.417365174825020668e-01
4.780549390567556678e-01 2.333325351911240686e-01 4.246322230697993638e-01 3.568250192775947460e-01 3.804356287664219516e-01
1.017972074340895983e+00 9.791447135451137873e-01 1.001764035713119672e+00 9.818796289280403711e-01 1.025582673208351947e+00
1.107436222825074618e-01 1.003282406747229433e-01 4.464006183738400413e-02 5.381854091420330832e-02 1.272303692828051502e-02
5.394516873787645606e-02 1.200225569610728626e-01 2.962576527959710493e-01 6.189903564104448641e-02 1.630834313464821494e-01
8.724134877188454151e-01 7.941457323180141081e-01 6.710030827153034005e-01 8.244342771537356285e-01 7.841759581070200102e-01
1.227215309220301143e-01 2.185174214508014690e-01 3.086538199676612249e-01 1.793138867241111933e-01 2.551968849437656339e-01
4.038157010308043859e-01 1.278772838792208433e-01 3.264606242583841245e-01 3.031722489900932072e-01 3.340277169065565266e-01
1.040630239693286274e+00 1.007008426339258911e+00 1.048273920132322568e+00 1.006831991372433066e+00 9.975467036583217650e-01
4.974542689833669207e-01 3.416481033349239027e-01 6.890811828552290130e-01 4.461554735555546825e-01 5.367872394641126643e-01
5.434375579793907299e-03 -1.891922689523842585e-02 9.643983699333205997e-03 1.978781963123437543e-02 1.449035158144192439e-02
8.980258254528279416e-01 9.325496572262921280e-01 9.577384862690421219e-01 9.373020150376824011e-01 9.783938827552561834e-01
3.704983080744777002e-01 1.439056111544941563e-01 3.525983605635663598e-01 3.647737405185595416e-01 3.480496251193929691e-01
6.717457517664173761e-01 8.748025937661714213e-01 6.713702635607097235e-01 6.576357849821367063e-01 6.759953010182647715e-01
7.496169410330777438e-02 8.492060126734628234e-02 4.519843028460463624e-02 6.158130787397327055e-02 3.164084098645492116e-02
4.510683871696568592e-01 2.147041587572644239e-01 4.147674631688361147e-01 3.684431392011227602e-01 3.221139223900174042e-01
5.820364495029267671e-01 7.340958178251567601e-01 4.020668362905194249e-01 5.458481692088799075e-01 4.922167260552239854e-01
1.015787013948584061e+00 9.805984486956202950e-01 1.005572563167394184e+00 9.619473396993993841e-01 1.028282513402603238e+00
5.213284125294346261e-01 3.112992416797824013e-01 6.652258032828343159e-01 5.124085356296758098e-01 5.543460991645735580e-01
3.826811222695513104e-01 2.611312449196740437e-01 6.702445408019663819e-01 4.287726637306618072e-01 5.470616972861108707e-01
-1.477481901100081985e-02 -5.154385492580200456e-02 -7.686965871667621360e-03 -6.108869210668908811e-03 -7.834469885218934768e-03
3.986764227488631684e-01 2.599260721187515721e-01 6.278426247048842779e-01 4.312296910236438907e-01 5.073063873569019222e-01
4.151271712437371586e-01 2.629798537553489912e-01 6.663630721012229197e-01 4.294746357020704508e-01 5.572390226258230328e-01
4.725831370174201629e-01 6.960315488802092387e-01 3.273800373329852631e-01 5.060942017443230689e-01 4.675249704384441540e-01
3.863078110562906398e-01 2.236920647353497216e-01 6.399214674185347285e-01 4.235880391876125084e-01 5.468032228113425264e-01
4.049464173515529009e-01 1.144496208077250693e-01 3.469506230033483352e-01 2.827474634994285307e-01 3.398153471550721116e-01
8.551123591759897113e-01 8.146231365110151446e-01 6.649322741035154083e-01 8.214762891128303268e-01 8.058277751019343738e-01
4.614260229888245829e-02 1.315499535773753947e-01 2.601025865064170439e-01 7.853893076359529102e-02 1.926089270124867470e-01
-6.765843860120701603e-02 -2.868134333263907057e-02 2.015244700230525710e-02 -2.581349492899658732e-02 -5.491656718322641961e-03
4.774099383335522750e-01 2.363287442492568724e-01 3.795687058563788074e-01 4.107972160813593288e-01 3.780412357527413447e-01
6.429138757771920565e-01 8.490883316355422039e-01 6.378928523255109617e-01 6.710205013986851874e-01 6.540297892615208886e-01
4.038894236069574539e-01 2.442908818098244172e-01 6.348401446512115243e-01 3.934263095636242880e-01 5.553430359223094914e-01
6.328061373181064209e-01 8.865007249523619848e-01 6.523381607716913777e-01 6.991064532971733581e-01 6.417449404179292882e-01
9.070170798008173607e-01 9.010913667611299971e-01 1.006711735757795045e+00 8.912179985655382941e-01 1.016162852712122922e+00
8.977926533204729775e-01 9.163188475352356255e-01 9.485118075275230654e-01 9.409284052793189801e-01 9.718794816625755395e-01
9.697981499144663342e-01 9.118826640770190117e-01 6.931809126808358146e-01 8.682812184713873949e-01 8.386689497541884863e-01
5.206008224015518104e-01 6.727557086968739553e-01 2.983939481903485347e-01 5.233517774598150929e-01 4.605764200052147594e-01
5.980569977996507136e-01 7.290001421486780320e-01 3.515655312517341757e-01 5.616081856213920309e-01 4.414306329425058406e-01
5.690756388504281116e-01 7.961766168879857997e-01 5.908284747418749427e-01 5.787124620633713468e-01 6.745270540245628110e-01
4.858554187703735816e-01 2.202423955214002083e-01 3.643637095017612237e-01 3.710620084697879850e-01 3.558194400639330679e-01
1.536644710103704774e-03 1.014141726628422537e-02 4.976554832376482024e-02 2.994184140238496591e-03 1.788880142441983193e-02
6.287365767284083251e-01 7.371341092309573462e-01 3.639103252498744889e-01 5.727546533723335553e-01 4.217324090758077237e-01
4.759316844089468979e-01 3.039858944916777883e-01 6.786969190623357573e-01 4.829719246953760869e-01 5.398168064350287176e-01
5.236746021683043040e-01 7.664600512797205001e-01 6.144848338490590534e-01 6.352491178344319422e-01 6.373971680036344400e-01
7.752474007246801246e-02 9.698493133112300046e-02 2.441675696959694220e-02 7.121476802764099834e-02 4.611973315439933663e-02
1.654299806775601511e-01 1.819524766917791359e-01 3.370739689117241977e-01 1.944799739462227117e-01 1.732107244902429399e-01
5.436082006983556925e-01 7.437308873874213244e-01 6.217286923327509651e-01 6.078340380174186430e-01 6.659876365447120472e-01
5.635785531384353009e-01 7.789367984739655748e-01 5.992206693264232609e-01 6.454156000409545513e-01 6.452092854527446963e-01
9.072045491204058232e-01 9.189454529295534302e-01 9.708328245093083009e-01 9.287089025490421479e-01 9.894866882517919793e-01
9.874384801120036914e-02 1.920634861362396917e-01 3.064549140059435461e-01 1.583069314583399056e-01 2.025882708726230996e-01
9.355164673661238162e-01 8.981865748560816654e-01 9.446520475849385923e-01 9.239843843137016677e-01 9.482581184229728066e-01
9.165016928692147624e-02 5.602469609243058979e-02 3.969696892104171426e-02 7.671414839713114331e-02 1.791685245029740747e-02
4.827358746455208127e-01 3.255301238362642291e-01 6.752898317178489540e-01 4.908108859342991126e-01 5.647314186023786320e-01
8.802695612681707971e-01 9.097735694631633452e-01 9.809192745840373817e-01 8.866943077669460216e-01 9.990313994382298279e-01
5.274418209755521447e-01 7.572273894023354712e-01 5.783858186831999371e-01 6.232598452452089433e-01 6.334391618892576403e-01
6.706237098089840032e-01 8.288302214329759110e-01 6.660546703187310014e-01 6.457819002662391616e-01 6.731365830245981119e-01
6.060574083362665343e-01 7.528169937106999887e-01 3.514483879471768657e-01 5.659493378673525754e-01 5.024075669407355171e-01
9.902134642207472970e-01 9.848910063760649702e-01 9.949059323834635871e-01 9.981119091739738547e-01 1.009669094692229985e+00
3.002994296333198060e-02 1.033566384342114730e-01 2.723581120020829305e-01 8.659935784448959117e-02 1.798034277845633744e-01
2.922387039003133957e-02 9.320088633278950097e-02 2.788614957992608390e-01 1.034169724358030007e-01 1.825441236933492417e-01
1.139839957901451067e-01 7.829484286519317049e-02 4.476488497853881726e-02 1.133405240330608438e-01 4.475122550217670858e-02
9.380326020981951674e-01 8.847087944547931126e-01 7.129542286430152753e-01 8.708804519313724235e-01 8.100788875056440519e-01
4.728199816106881670e-01 2.451878468990257576e-01 3.819160916004603612e-01 4.027204404100961921e-01 3.802294659027167789e-01
4.290055658567273333e-01 2.450655232073779555e-01 6.258834162660977807e-01 4.083709712260787383e-01 5.522016285830243509e-01
4.705340858722393826e-01 3.412709008213212769e-01 6.505474132168551638e-01 5.079949343264781314e-01 5.753593016579590103e-01
1.021119314155915087e-01 1.789781101481510428e-01 3.229625627637583429e-01 1.402541407653729311e-01 1.890426971786117738e-01
7.673073849181409611e-02 1.624018285431841624e-01 2.856697272222366024e-01 1.684995598687847873e-01 2.135740306310240366e-01
9.959483623583343936e-01 9.946015553336435833e-01 9.947839702143379537e-01 9.522534556081438950e-01 1.008424962640664724e+00
6.505758639583507641e-01 8.593403179166319017e-01 6.530929204310202962e-01 6.777892392698303681e-01 6.361155820997594912e-01
4.885038158463073099e-01 3.168291158090806303e-01 6.738859508179771973e-01 4.814856720692754499e-01 5.265805874453240998e-01
4.313083274668252365e-01 2.746709001867730926e-01 6.448212984198197217e-01 4.414163366133442290e-01 5.119472471236686806e-01
9.918666933186517376e-01 8.634954980753586362e-01 6.606786613122987983e-01 9.181572821668703144e-01 7.877161733551526490e-01
1.289576793909359975e-01 1.737901529478437235e-01 3.116095664614063621e-01 1.864917883051150360e-01 2.240899937016415655e-01
3.782304950230376273e-01 1.291073071556007312e-01 3.492206675155386519e-01 2.978950300615938462e-01 3.496458232854237624e-01
1.018129879547274408e+00 1.040920242193014600e+00 1.011529154670580466e+00 9.975003943509451743e-01 9.830186579910556999e-01
4.395854375475782283e-01 2.341610009379083424e-01 3.863269524326579663e-01 3.655608377497960859e-01 3.280497665104611937e-01
3.864714708472900551e-01 2.141636450075435627e-01 6.621378567214509792e-01 4.260183131457919714e-01 5.125796147132886116e-01
8.370565613412741524e-01 8.111129005980360906e-01 6.616368082228180070e-01 8.227464826199973880e-01 8.087136574236591935e-01
9.760413840751638315e-01 8.790324787419706576e-01 6.993711401725813959e-01 9.000032381970254347e-01 7.799085858740167909e-01
5.379084292347847684e-01 7.949542939224519822e-01 6.576514656591107011e-01 6.026671989749236014e-01 6.628365000066592794e-01
1.444133265804251887e-01 2.036620089829523639e-01 3.111811343936886076e-01 1.339127408704180455e-01 1.799887942888986625e-01
9.321937242195641460e-01 9.076953713977903293e-01 9.695183704703265182e-01 9.215824689892483379e-01 1.004953024294134911e+00
6.310640569741312600e-01 8.646252620545874512e-01 6.490245192141955721e-01 7.008819171812377125e-01 6.555658357834771577e-01
6.245449876135423795e-01 7.608297119217511950e-01 3.796487455008986656e-01 5.709960851799165127e-01 4.655117222153674628e-01
6.144259806281926473e-01 7.430593478508745742e-01 3.205655800624048757e-01 5.361858346493291183e-01 4.444700966690207644e-01
9.049253121431337366e-02 7.817134804854328212e-02 2.865120958475221580e-02 8.860809267085775764e-02 3.659369953930057331e-03
5.474434157797761769e-01 7.994972860338976917e-01 6.106571818842244648e-01 6.143831456292296878e-01 6.501839466189626160e-01
5.201770729138532889e-01 6.604897002063511158e-01 3.413114528847772666e-01 5.129610195945719653e-01 4.480202855252946592e-01
-3.262594883338607726e-02 -1.675467732157580672e-02 -1.301080158147683435e-02 -4.568316385359742077e-02 -1.215964629851951084e-02
-6.029036108561377540e-03 1.369883364270748499e-02 -1.504361759318439962e-02 -3.663207101453231501e-02 8.163334436727875607e-03
8.782444972444589104e-02 5.110489069173624471e-02 2.734123677081319245e-02 6.665257045423539362e-02 1.926498756003882512e-02
5.961080974354995288e-01 7.660575932460003123e-01 3.995706594521933885e-01 5.786453147594809998e-01 4.749407281457609931e-01
4.864554925178832812e-01 3.262990616096608787e-01 6.910255083167137213e-01 4.773429562478468391e-01 5.345408347564575280e-01
4.877595682779485298e-01 3.311701367948018948e-01 6.600948066037914952e-01 4.962638921751129639e-01 5.909703831615809033e-01
8.385778607120953909e-01 7.587812316352517961e-01 6.801072956143604520e-01 8.582005778592194378e-01 7.856165786742849155e-01
3.621994138138127095e-01 1.325332922376369904e-01 3.638562236970222519e-01 3.259732117017120068e-01 3.269412700709969921e-01
6.467852820668070768e-01 8.899820929862847230e-01 6.587232726407352690e-01 7.189603715882622037e-01 6.345551452353271893e-01
1.285069595150468702e-01 1.796847038011704645e-01 3.247089350581751077e-01 1.847314740089293639e-01 1.958159824528843684e-01
9.150919964874094925e-02 6.565794571144142888e-02 3.996435360185832120e-02 1.197117625588282885e-01 4.282633164679984505e-02
1.561455915695394991e-01 2.204990191782677522e-01 3.361464042431238641e-01 2.063405256991102943e-01 2.309489664145645271e-01
9.054925625733921679e-01 8.074382381108829998e-01 6.742617389366886149e-01 8.152100840422770167e-01 7.639502911480581249e-01
-3.026849618035885522e-02 -2.607312828733276966e-03 -9.972976460846686916e-03 4.166861645517565965e-02 2.857193722990315418e-02
1.082309213383033097e-01 1.885594663637525092e-01 2.997063484789339038e-01 1.703871450222683437e-01 2.034386136717550864e-01
4.349471088346245629e-01 2.001566372333138111e-01 3.566193311024736801e-01 4.237916201859008303e-01 3.583366488796673188e-01
4.922190210144380407e-01 6.563730794885533903e-01 3.222772850172410664e-01 4.957821952006218891e-01 4.706289238820783316e-01
8.503929779744376360e-02 9.494833905466509849e-02 4.416919109513353647e-02 8.518649963252111768e-02 7.763755447920241484e-03
4.856065302371055381e-01 1.660212814687854199e-01 4.237262985167314921e-01 3.864651895667503001e-01 3.718271617945119734e-01
4.883697701898202514e-01 3.178771825979184174e-01 6.660648836627093283e-01 5.121226245948399258e-01 5.529946153043138191e-01
9.628367635908279265e-01 8.815097606811923558e-01 6.698125852060050622e-01 8.964914470316184270e-01 8.308511861125216225e-01
1.386558773365079433e-01 1.930104952454318457e-01 2.915622184924946958e-01 1.617342444191836592e-01 2.228499973583909499e-01
5.052012056102511695e-01 6.496470342031450684e-01 3.145472447906369484e-01 5.117058016201584403e-01 4.723015185017416795e-01
8.903665459199313625e-01 8.333429221236425821e-01 6.850772745311564105e-01 8.342235826085893091e-01 7.957571053102403535e-01
4.081510157270771821e-01 2.249698623813209397e-01 6.531258111373003938e-01 4.116616161530843865e-01 5.165999791108704109e-01
9.900951044719211724e-01 1.004281383872589917e+00 1.026798066760713946e+00 1.004679585265726205e+00 9.995977828063128401e-01
5.069887763580707141e-01 7.096290920577463801e-01 3.095731058895768717e-01 4.890305092725287239e-01 4.682468588115715757e-01
3.634591465705040991e-01 2.556947720029353333e-01 6.415471778968953043e-01 3.759222409854761082e-01 5.448779592001665728e-01
6.673006886547792060e-01 8.587186500482533180e-01 6.532893071916241468e-01 6.857391024373873378e-01 6.535945473240326598e-01
1.001596463291666073e+00 1.003145067038265781e+00 1.024780467995586752e+00 9.952506346970025897e-01 1.014240101572690955e+00
9.580761645313323749e-01 9.247136067585556285e-01 7.104512228487469550e-01 9.142912858844451929e-01 8.061190699404445770e-01
6.151067098930761423e-01 7.566332332909071479e-01 3.944189991827732333e-01 6.145694724476779003e-01 4.784407444687131528e-01
1.290440177013323086e-01 1.911429254132793742e-01 3.148002979397344636e-01 1.526783266079201895e-01 2.084107564413952285e-01
5.796942446384540926e-01 7.808727225034184372e-01 6.495260771717665804e-01 6.339012237260063243e-01 6.232278964129627230e-01
5.159330450183814420e-01 7.813917676863686435e-01 6.172779290415089104e-01 5.709953984509257285e-01 6.779112953398716002e-01
5.282166176211088304e-01 8.051777560154401714e-01 6.267229798250288919e-01 5.792363587688447168e-01 6.531088670594370482e-01
3.197544763981854943e-01 1.050327540185216624e-01 3.463524038014817452e-01 3.332731935500022891e-01 3.483458170031289436e-01
9.724511913723313805e-01 9.035390398634229880e-01 7.200805478304549423e-01 9.141028168323012126e-01 8.095764528746385302e-01
8.961189594546201675e-01 9.403889500938715784e-01 9.448539966808003898e-01 9.347847287232823321e-01 9.502185600935921794e-01
1.906932155628596540e-02 3.391313325626760244e-02 1.470250091640091551e-02 -6.330026991126097742e-03 8.518184540900265375e-03
1.021563814916249119e-01 1.875875429580893261e-01 3.159541142199251418e-01 1.730943759532593829e-01 1.974561792910102809e-01
5.934955955595138111e-01 7.478608198552165742e-01 3.751593561224991213e-01 5.927383623891009368e-01 5.101260058461485336e-01
8.653461391562856653e-01 8.149064078083914087e-01 6.652019970415234962e-01 8.345282514870742130e-01 7.850177023326629921e-01
4.868289408230911941e-01 3.007969939199619525e-01 6.540096326041592301e-01 4.626231842521730808e-01 5.321992967712612099e-01
9.873196377758676201e-01 9.995784006095447261e-01 9.839015084247481058e-01 9.733247307786541125e-01 1.004061609533223765e+00
4.790221386890422539e-01 2.539449194181360170e-01 3.848115905353536315e-01 4.025949450890047299e-01 3.882038583279945332e-01
3.546777192113861887e-01 1.408071949924923350e-01 3.740956825578854450e-01 3.359184945615049100e-01 3.577458668001752828e-01
-1.566629422541518924e-05 1.953589171234782276e-02 -1.374262839418006858e-02 2.942669646723774027e-02 -9.066173776830717445e-04
4.829081791826570491e-01 3.124381798448764291e-01 6.754395493736896627e-01 4.846196016745343838e-01 5.678005656095123088e-01
4.988653249578778870e-01 2.924521933964434051e-01 6.950599639876472446e-01 4.785275053474097873e-01 5.287687884991979503e-01
6.505981596133419975e-01 8.722190715672502037e-01 7.009853916557173825e-01 6.775334966719490648e-01 6.430973056831276180e-01
9.175550561705411168e-01 9.123864610525385110e-01 9.679035561228921392e-01 9.184568741244502066e-01 9.721172168769570687e-01
4.039252003696259252e-01 2.235192883122683882e-01 6.423896315962829284e-01 4.266726663278160303e-01 5.087556367294049364e-01
3.522676461044031981e-01 1.468606490013845967e-01 3.799785383652402593e-01 3.077320469190169550e-01 3.624237258106938198e-01
6.599753866326545371e-01 8.479956829144513764e-01 6.233878101784958714e-01 6.935635637095526329e-01 6.792695753085158383e-01
1.269142076380235518e-01 2.113100932345650107e-01 3.331379382968301384e-01 1.862974106718360834e-01 2.324857227772726964e-01
6.099209327603594133e-01 7.552350134752970900e-01 3.580674039925781371e-01 5.777948181802387007e-01 4.815587491693695821e-01
3.521382985861746806e-01 1.398822639931742717e-01 3.188644060031707861e-01 3.555415652360688350e-01 3.357667220080922110e-01
3.561346176953147369e-01 1.675335212613836555e-01 3.510772142813927688e-01 3.311540864535545414e-01 3.088018436109829512e-01
1.021062482456071008e+00 1.014421517262096728e+00 1.021381834752170592e+00 1.003278340156934068e+00 9.663551883654194485e-01
6.526289000215725888e-01 8.405272540138200021e-01 6.623322222047411945e-01 7.184172777946060684e-01 6.595035048942712308e-01
8.427908328652025105e-01 7.992883255017713129e-01 6.730506184110295331e-01 8.240044675211594116e-01 7.624312003264396287e-01
9.675111487267288313e-01 9.251560834058286664e-01 6.866724605464537001e-01 9.122662478653074114e-01 7.894430478733011070e-01
4.983773811695486056e-01 3.045182271518725448e-01 6.609519675481092538e-01 4.864786124247410526e-01 5.821644010452670104e-01
1.925142039208425221e-02 1.079409919067118306e-01 2.760193929766283083e-01 1.153373290505951970e-01 1.863440954758698864e-01
9.173342705392456553e-01 9.503249663766506483e-01 9.877204225592839393e-01 9.016865291195046428e-01 9.572601439063238571e-01
1.400947673529957249e-01 1.942330949041888577e-01 3.613533824611305234e-01 2.035893518544960867e-01 2.428593422311568217e-01
9.368559883488976059e-01 8.956399214482275717e-01 6.890651923388134703e-01 8.898887279126280747e-01 7.909884835034189932e-01
4.157053957206498507e-01 2.591740090756866066e-01 6.283500071783130192e-01 4.346710018038809631e-01 5.429287456535251133e-01
9.638494307731976241e-01 1.000501806667879912e+00 9.924398568286663114e-01 9.430256778845429455e-01 1.014699725028080923e+00
9.411552644122491706e-01 8.908544060048002589e-01 7.339792038297869858e-01 8.810068088301443723e-01 8.289110447962859674e-01
-2.091397261141184245e-03 3.543802698602926265e-02 -1.868516897014380757e-02 -1.351102916067976542e-03 1.149838380633424334e-02
9.997372620143507582e-01 1.004478612470224075e+00 9.739354019093080517e-01 1.009047776224300197e+00 9.965710844689732451e-01
1.026604761442112101e+00 1.013973452425265487e+00 1.006879005721089237e+00 9.820927822046283673e-01 1.037278113271768776e+00
4.079979664854100352e-01 2.436511254055326314e-01 6.168123356145782665e-01 3.988010119813981125e-01 5.290720658884215943e-01
4.561054343072822315e-01 3.125379461051130958e-01 6.624174103286150084e-01 4.555080266149956758e-01 5.377511426850475340e-01
7.276197478618926483e-03 -1.732130382678976482e-02 -1.291797605066580257e-02 8.822339013971667795e-03 3.721885230989457199e-02
1.037808575171065062e+00 9.960739842070139849e-01 1.020483062198118906e+00 1.038692150693223182e+00 9.895828469216872980e-01
4.994467104159791560e-01 3.465357733511502114e-01 6.650555752501438045e-01 5.208969491333395041e-01 5.630685081564956729e-01
3.553821598865601894e-01 1.390131785000931763e-01 3.452953588686971664e-01 3.281300894138531876e-01 3.404753664025043647e-01
4.750312998033805467e-01 6.851535445382314071e-01 3.229753528164201470e-01 4.774308435243362347e-01 4.323826635700595000e-01
9.422636325403577207e-01 9.105979246757899270e-01 9.396767529318481582e-01 9.311486114065696817e-01 9.743501039361101013e-01
8.162779134981137941e-02 9.998937868647123084e-02 3.159843035597815764e-01 9.811451424090220086e-02 1.724235972807419692e-01
2.931810143157817863e-02 1.079380227941268422e-01 3.001862202871672936e-01 1.010055021682790960e-01 2.034815228417919675e-01
8.610813628237321549e-01 8.180979537495746134e-01 6.624909837783627964e-01 8.278430962231928536e-01 7.703044822208505726e-01
9.030344383841925060e-01 9.050932586688117398e-01 9.680217202464516113e-01 8.974819688963948661e-01 9.810297538786905136e-01
6.325206729244318149e-01 7.521357867291428301e-01 3.569177016741604813e-01 5.533720636326635578e-01 4.510286734194531855e-01
3.579184326012813111e-01 1.412087243948419724e-01 3.113412015526035859e-01 3.119450501010260224e-01 3.256081782545068304e-01
5.169905421851598293e-01 6.688815397141216756e-01 3.194509607616610181e-01 5.334890049324575445e-01 4.503513961991426062e-01
3.157900503840316200e-03 2.587108648286938137e-02 -3.463113652301277965e-03 -2.370382542670602596e-02 -9.964914611766458735e-04
4.610816207726556870e-01 2.244534154607306931e-01 4.019317695378530897e-01 4.248108039502618283e-01 3.459943524950004901e-01
1.010905136745022137e+00 1.003394054031133686e+00 9.935987127057954726e-01 1.025316176744980323e+00 9.766744754273910534e-01
1.216341233541571587e-01 6.125438266870800869e-02 3.155328707299446395e-02 4.629896914204204017e-02 2.546395198687846639e-02
3.544863533892541468e-02 9.185425199400594487e-02 2.625469180462134955e-01 1.101689521547209588e-01 2.010411498233386773e-01
4.953849130933122846e-01 3.010775124812603010e-01 6.503758039839033778e-01 4.806268880064765714e-01 5.766121610059630198e-01
5.883157537735336229e-01 7.827196345887469375e-01 5.828543970524839857e-01 6.368783653317433568e-01 6.069595113064840675e-01
9.611270736028684203e-01 9.040453905260904532e-01 6.912152030416264248e-01 9.019183909473914573e-01 8.343998532760035225e-01
9.776480684860309189e-01 9.966776146352051002e-01 1.016544330125930262e+00 9.914476270179792827e-01 1.017543477114720707e+00
8.756940913915417513e-01 8.156396183395517863e-01 6.687918643282084741e-01 8.459769822833557162e-01 8.235998772793684530e-01
5.505156725699636988e-01 7.368227915627301172e-01 5.910501056874045700e-01 5.830350734394835754e-01 6.388916884919689787e-01
3.436062816694271382e-01 1.247462840137454898e-01 3.446991857602829668e-01 3.383164402979934038e-01 3.301955099198795041e-01
6.280421623421310606e-01 7.616596130858566127e-01 3.331724683022195821e-01 6.016374415089553729e-01 4.026795156766721506e-01
4.179789961157295286e-01 2.375617204982589381e-01 3.678440634472999182e-01 3.859101789894909817e-01 3.683829036890925446e-01
1.308906158760606876e-02 -3.923725263983486415e-03 -2.986167953047921819e-02 -2.137896323400573922e-02 -1.706753654432087083e-02
5.359223530480954345e-01 6.603639879729460427e-01 3.233928337884950377e-01 5.398493301016249468e-01 4.897661878274298108e-01
5.548930259152836664e-01 8.014077541096921165e-01 5.869121419500142878e-01 5.829754326409066767e-01 6.211177893045400911e-01
1.317751755032702810e-01 1.568725627578445303e-01 3.085005102190752635e-01 1.327116897134146267e-01 2.304047302562695076e-01
4.120472201772827359e-01 8.780718556858999047e-02 3.569195676041357901e-01 3.066165617371100494e-01 3.711566911273851965e-01
5.362990316506426325e-01 7.771910000538015950e-01 6.399310692927504540e-01 6.043270337221131605e-01 6.675110700710795708e-01
5.867546509050277498e-02 9.984361782829688503e-02 2.721959524699325561e-01 1.142440815966929146e-01 1.954663734464041902e-01
9.308858575353654574e-01 8.893519448239772807e-01 9.822307195524090373e-01 9.000268192714445670e-01 1.003783295058820579e+00
1.056484846342782280e-01 6.184605105997868779e-02 2.832965131350511506e-02 8.942817487100743201e-02 -7.605608110285259904e-03
3.412402502449069647e-02 7.983518001551785648e-02 3.263752414543036884e-01 6.254453078107227726e-02 1.975135048283900574e-01
3.733604087667153348e-01 1.606371554937788548e-01 3.583754930708728526e-01 3.110399415117246491e-01 3.198058014301129459e-01
9.496071096871342432e-01 9.410556708519070002e-01 9.429365896210010201e-01 8.858306721603652623e-01 9.350446153808484873e-01
3.603755196451294274e-01 1.355733755403720209e-01 3.413101234630029901e-01 3.102937537655139355e-01 3.543926867750362697e-01
4.202518938047056785e-01 2.565521374750301953e-01 6.208568551391260293e-01 4.575606247004549987e-01 4.951450853547538222e-01
1.005721039270778716e+00 9.839130663665945908e-01 1.014679934024049102e+00 1.002162348521481006e+00 9.864647902496890275e-01
6.454483232471789345e-01 8.661876390345664145e-01 6.250693290705899852e-01 6.789098499511250218e-01 6.789070073016512108e-01
8.884553299376162228e-01 9.313922060413909465e-01 9.626520749999479820e-01 9.423281270885680572e-01 9.704921163080896251e-01
3.815598496533936235e-01 1.105167998603866081e-01 3.459391834468479310e-01 3.091963766863302654e-01 3.497289246284925879e-01
3.396531778885945180e-02 1.063919717131177056e-01 2.818987426402121410e-01 1.052323411173066298e-01 2.234166912876004996e-01
3.354481247044257541e-01 1.475028672300817412e-01 3.603808411482947172e-01 3.192898015133033840e-01 3.170427493770400229e-01
5.334551455727337688e-01 7.724897813628491816e-01 6.041848329383684435e-01 6.322252242936331479e-01 6.454396572530108900e-01
8.292249704435471214e-02 9.430307987774637357e-02 3.579692492009640264e-02 7.411480056135173744e-02 1.963300723837512266e-02
1.035074172070608450e-01 8.073446558250864380e-02 4.227573092709824287e-02 6.347883060557449331e-02 1.405397322381680622e-02
8.773258866829717340e-01 7.845447976580679494e-01 6.619365253334204002e-01 8.387583190256119314e-01 7.849442601742329106e-01
6.502231312260191298e-02 9.116579998011428709e-02 3.065445331688183006e-01 1.158770298784187330e-01 2.064738363340803406e-01
6.156819071698468870e-02 6.574012204660555081e-02 3.090723918525425593e-02 1.046208944848004974e-01 -3.645473663502415973e-04
1.006385146257050334e+00 1.057095099779693514e+00 1.012511480652648066e+00 9.736895690532583192e-01 9.719520078393772966e-01
5.726814911021517185e-01 7.295567762532785272e-01 3.809145661118789605e-01 5.970965647838941681e-01 4.737342944482320628e-01
1.040676124903894717e+00 1.012350631089009800e+00 1.006202318480485580e+00 9.797411567158048618e-01 9.842719820649792339e-01
8.692958679390129229e-01 7.918885048872772447e-01 7.298331760889829045e-01 8.501094393911478031e-01 8.425986578825834794e-01
9.011508182075517182e-01 9.460970114624209781e-01 9.630856173224512373e-01 9.398470264130598384e-01 9.775730566889121453e-01
4.934419930280624644e-01 6.561774741438792802e-01 3.195281391380382363e-01 5.206835448739851602e-01 4.544182648205720709e-01
4.774903614024433307e-01 2.061453069084312473e-01 3.960166757714979613e-01 4.074987136372559826e-01 3.530294619802933354e-01
3.634554788773529665e-01 1.188510227135506775e-01 3.143566513375103399e-01 3.517021001599021091e-01 3.666446937525345562e-01
6.073568597196572078e-02 -1.704528217036993185e-02 5.312896096361482967e-02 2.192838067594584783e-03 1.467216648908274202e-04
9.829884278688842958e-01 1.014152115179111746e+00 1.002486407501244070e+00 9.825478223925510068e-01 1.007234722675952598e+00
3.854827892658574950e-01 1.312168002368873931e-01 3.418640636656711251e-01 2.643413349945708535e-01 3.204751610807914375e-01
6.382141888417705022e-01 8.575506691135207360e-01 6.806218578902718530e-01 6.718842029166688379e-01 6.923170323339591370e-01
3.899365981533174930e-01 1.468714676965767185e-01 3.417083608380152571e-01 3.468870924817054613e-01 3.182502535352803585e-01
9.863410836981388874e-01 8.802441131373407446e-01 7.156911950133285627e-01 9.278431242241460541e-01 7.918804465053130848e-01
5.200453954485042551e-01 3.673805198446198350e-01 6.570313262175541125e-01 4.743923447905089019e-01 5.604316525044011899e-01
9.728631273954772007e-01 8.763085251735390768e-01 6.882934173454103854e-01 9.297698236786796633e-01 7.888684228886690963e-01
4.835765059866445337e-01 3.263826747061401301e-01 6.622200172994624490e-01 4.898934745988487438e-01 5.377777325914401274e-01
5.529514539855490129e-01 8.306515740537697701e-01 6.317397890255672666e-01 6.315498213174254305e-01 6.405688689837312211e-01
4.974421616169365512e-01 6.651196280318484311e-01 3.190481061207255942e-01 5.338276309610251458e-01 4.257424098177501337e-01
1.490707630281675466e-01 1.910457843287671764e-01 3.405760774821136039e-01 1.638699538015621349e-01 1.942266133186308363e-01
5.199548827160227482e-01 3.359027298339292145e-01 6.446364840939097229e-01 4.974313993486566554e-01 5.620034968878965254e-01
5.800677265670680649e-01 7.635990937857202177e-01 3.925870935165614029e-01 6.009973163212055658e-01 4.774494468748745057e-01
3.958617524791553932e-01 2.595483542169763069e-01 6.168231422660976904e-01 4.065239928396510161e-01 5.436588564036972659e-01
8.828408912603131764e-01 9.039048178095436814e-01 9.757371110352396348e-01 9.228025026861416125e-01 9.661689181016279715e-01
8.594733276032232583e-01 7.842578349588875675e-01 6.769686008628059692e-01 8.254314610782637063e-01 7.575170729019127247e-01
7.776527922804294876e-03 2.329408841772702757e-02 -7.125711173600863570e-03 2.085032324623904351e-02 -2.134711896825425195e-03
6.029696766078642689e-01 7.673357775791115332e-01 3.519279253711741218e-01 5.719268570756058656e-01 4.578829443609798711e-01
3.563169201490113958e-01 1.311530904159175226e-01 3.483235987980031201e-01 3.212054503484525481e-01 3.522098675863905015e-01
1.174961912783142048e-01 1.908622782592890033e-01 3.261277423849845425e-01 1.784118449510903037e-01 2.244261922670714449e-01
6.355468739747410778e-01 7.757101045402233774e-01 3.598290902406890424e-01 6.000732951098555201e-01 4.526051598069413817e-01
4.432973413367815030e-01 1.813865294805592221e-01 3.325534860757961564e-01 3.996023210194167841e-01 3.556766846730601284e-01
5.895866633112674116e-01 7.749856973378709268e-01 3.465204031337154045e-01 5.667602544166744361e-01 4.764342572881778981e-01
1.596062575368030201e-01 1.878351648995605361e-01 3.397835482394555573e-01 1.530828012335507804e-01 2.408137462207071977e-01
5.067626622634948674e-01 6.638663507154812793e-01 3.209892618964735322e-01 4.931523453034833970e-01 4.417946556935192781e-01
6.013590688100404202e-01 7.441483849638491632e-01 3.706002334576309898e-01 5.743204705508249130e-01 4.821752937669300243e-01
3.729976708520816309e-01 1.737040572171552055e-01 3.643393813733940556e-01 3.222994593836910893e-01 3.539263406268428058e-01
9.771662591763066175e-01 8.952942641099248533e-01 7.218187910105398064e-01 9.133627698234186854e-01 7.971931239294322014e-01
5.080814479690723973e-01 7.857356085688447234e-01 6.237736321152304031e-01 6.012174236054590448e-01 6.456185512236199964e-01
5.032824194512665050e-01 6.362138175846723254e-01 3.789882318322355115e-01 5.076113165926463555e-01 4.394885171005160629e-01
4.760244309513557426e-02 1.294959638063186702e-01 2.962067858164553757e-01 1.272044792092549836e-01 1.637560606935757057e-01
1.589508691615259400e-02 1.262841818941589367e-01 2.997196527546630573e-01 1.312578204860492259e-01 1.836950444633598245e-01
5.339971226905292356e-01 7.855369416266970717e-01 6.146952921896070565e-01 6.025353432127863451e-01 6.376794376842398471e-01
6.239571407828967686e-01 8.728941187866083862e-01 6.510054251131529579e-01 6.604076588600702458e-01 6.479912291401386248e-01
1.006225116121892249e+00 1.010173478883445997e+00 9.844966990227730363e-01 1.033190546222697570e+00 9.849358313424315670e-01
4.479221270212765948e-01 2.244394360319149351e-01 3.817354070201930405e-01 4.158182122544071269e-01 3.518639050639743582e-01
3.958701781660317609e-01 2.617993236295761972e-01 6.294812113261702979e-01 4.062003454143539027e-01 5.531488746723010053e-01
1.021310948196916035e+00 1.024548032647988105e+00 1.024915716304753532e+00 1.023099021635440975e+00 9.995516002653150878e-01
4.898336638629390283e-01 3.296934120052119610e-01 6.602903677782741010e-01 4.661608158382185008e-01 5.537807248988049214e-01
4.042529499636924872e-01 2.884693294100650895e-01 6.622087055637843056e-01 4.248904152157461089e-01 5.329298829670009452e-01
3.812386762747791979e-01 9.842097367934529717e-02 3.683435870873051909e-01 3.445713487473963110e-01 3.131618486878282592e-01
2.609356643794509198e-02 2.642918498943853597e-02 -9.848818110426378614e-03 -2.973555265030240063e-02 3.467260354991007210e-02
5.351662032531844249e-01 7.577053486024949436e-01 6.015525419727867362e-01 6.062083388445926868e-01 6.060814881236591400e-01
9.172031754587540719e-01 9.118998656512719014e-01 1.000406087773705099e+00 9.022209585528019327e-01 9.904568466527119419e-01
9.129792384838404384e-01 8.896997362326445336e-01 9.864630531726347185e-01 9.261260691177949367e-01 1.008396213005841036e+00
5.972219881194044122e-01 7.490139842194709630e-01 3.876326591778663788e-01 5.720617506674010588e-01 4.894493713240555821e-01
5.656242125769188611e-01 7.569103664489025274e-01 6.003027310027618801e-01 6.263577504221505832e-01 6.198455947393596288e-01
7.108891701558478493e-02 1.018163135030702299e-01 2.779614851309931134e-01 9.114413393370178473e-02 2.164326407538015029e-01
1.186844163919154732e-01 8.045055671017564691e-02 8.617940519477416961e-03 5.670637520608869109e-02 1.200797544095039485e-02
3.935844542133368207e-01 2.347670773209699080e-01 6.279310419252817077e-01 3.926583177267560787e-01 5.230935709578157233e-01
1.016843655328061091e+00 9.976871895509443755e-01 9.891758940546597767e-01 1.032471963105777490e+00 1.018409275881527964e+00
3.906243284575330321e-01 1.599139407432870474e-01 3.446434969948162785e-01 3.124260215634019899e-01 3.309352927360268981e-01
3.572276569395028134e-01 1.710518042721573539e-01 3.421462933891403213e-01 2.955321879339706803e-01 3.561139651780839688e-01
3.606475517965496147e-01 2.542852160336908085e-01 6.722659338905170312e-01 4.098809811238321998e-01 5.424032680947156182e-01
4.617909928908072170e-01 2.380468911312941527e-01 3.702289366944461202e-01 3.690571455046490756e-01 3.507125555562143893e-01
6.145480786498526138e-01 7.631221115061181948e-01 3.562440022068760204e-01 5.852845781631156319e-01 4.567696883826090071e-01
8.807666531864783988e-01 7.806494773051727565e-01 6.558697088790998997e-01 8.429095349222752720e-01 7.901514092719533755e-01
4.363137076404739467e-01 2.029802519418481277e-01 3.608381985925639412e-01 3.924716718062687959e-01 3.803807398735423728e-01
3.755634357762527853e-01 1.341445872679908058e-01 3.359090234540307862e-01 3.218824502661563058e-01 3.225906282413880666e-01
1.111055610788216561e-02 1.291809952422209168e-02 4.516638537552449830e-04 4.787123944163279576e-03 -1.392842087127055262e-02
6.086739869982888962e-01 8.020061923271908366e-01 3.641558809701794241e-01 5.850288767961501213e-01 4.814398740617211736e-01
1.016184692936779488e+00 1.002620556278375208e+00 9.966522819255241306e-01 1.019019206397029365e+00 9.956299764270656327e-01
-7.940376091424368801e-03 -1.441990964138466745e-02 -1.211479441449137516e-02 3.063095699435808977e-02 -2.994959103451999560e-02
4.802727091456013842e-01 3.512238142300013743e-01 6.546922666093440979e-01 4.725909671249694521e-01 5.149823661081729398e-01
9.052340101035930564e-01 9.263405394521018188e-01 9.568948685597259418e-01 9.271736446556523292e-01 9.669151763986270076e-01
9.554765581040753908e-01 8.563024101529319587e-01 7.383048407861296791e-01 9.279318625690237132e-01 8.222285389435177727e-01
2.377754133467253894e-03 9.611293299316156849e-03 2.181108442639638836e-02 -1.608428746016789604e-02 -2.688785092279178876e-02
5.761300215222560361e-02 1.212387768573092717e-01 3.029156226593944234e-01 9.042571235945566499e-02 1.733096764052163286e-01
-1.384051715959198209e-02 6.626941036810715668e-02 3.208203695863368066e-01 6.353080015286430293e-02 2.100189373283950500e-01
2.667518805819057287e-02 -3.715478982765384186e-02 3.233368045252258023e-03 2.066779627186170545e-02 -2.028686700594042880e-02
8.765904819684864346e-01 8.158415975030055556e-01 6.535079872852187499e-01 8.375532917115898757e-01 8.093739010137070977e-01
9.416115364238027835e-03 7.386527999868575112e-02 2.793284154238337980e-01 8.502948829535744713e-02 1.844871394411772281e-01
9.240868882435110399e-01 8.812703298429016563e-01 7.099366200210676103e-01 9.068949678515143553e-01 8.033394375171605262e-01
9.395086032877298932e-01 9.106511441836084852e-01 7.046377417297063905e-01 8.876125758538502275e-01 8.104142847422062257e-01
3.944329541479680845e-01 2.523340931506511953e-01 6.303667563134275342e-01 4.118642698405763358e-01 5.089390878210551250e-01
1.247007102957014002e-01 1.904724889033227175e-01 3.363566504021806014e-01 1.531616589014443142e-01 1.779851474763829988e-01
1.006661591815759094e+00 1.022725720915305114e+00 9.830446430652068912e-01 1.011142507608784991e+00 9.571340917571152795e-01
5.115824148556920026e-01 6.346563747900516583e-01 3.132048365489519259e-01 5.212859056728365026e-01 4.569088308989444625e-01
6.092564304509108242e-01 7.266978662564105296e-01 3.523052472066512952e-01 6.097905494936287640e-01 4.868058863712361739e-01
3.360452888273381955e-01 1.207072563386090008e-01 3.541848172549919571e-01 3.102915781261911810e-01 3.103013160594184638e-01
8.617023398356753461e-01 8.016337458584640308e-01 6.652680742538723546e-01 8.236485362982470804e-01 7.787558411351236387e-01
3.749141411658669099e-01 1.103236814506342311e-01 3.654630833233075138e-01 3.038340622359380627e-01 3.088110152872130532e-01
6.160587859466455374e-01 9.064900185528101950e-01 6.428831195467066273e-01 6.834398007026331046e-01 6.550090790822351572e-01
6.302093028725785917e-01 7.599560258035737981e-01 3.786265632728467168e-01 6.021805092608150112e-01 4.907199857368566009e-01
5.926701363231077213e-01 7.428298636824175460e-01 3.802995912567774806e-01 5.621734343139377366e-01 4.394726547144763296e-01
3.608671117030410880e-01 1.306544876473413053e-01 3.525472677345148353e-01 3.198944617350085728e-01 3.475049893663069156e-01
9.086822026640175576e-01 9.340567529060681551e-01 1.014141768721209758e+00 8.606361120740764203e-01 1.003468390663613485e+00
6.394936372685947612e-01 8.935954961569395616e-01 6.422374150460257169e-01 6.992653394388532728e-01 6.343444347163726960e-01
6.063013045392808831e-01 7.390832751238836096e-01 3.762216559721855980e-01 5.947281282524016222e-01 4.722233290020173557e-01
9.505164563767051211e-01 9.295434680206253741e-01 7.072281733218559463e-01 9.011829599193745821e-01 8.526037987313473954e-01
-8.076393119012903118e-03 2.279408085128053346e-02 1.165829071972742693e-02 -3.042956502443765199e-02 1.107769434192293692e-02
3.855806429664138668e-01 2.563710835679709477e-01 6.071629342842042032e-01 4.226498308105072210e-01 5.514437502207958364e-01
1.320680907215081579e-01 1.847294185799620292e-01 3.267692542073738493e-01 1.755947861042229940e-01 1.945234712202538185e-01
4.458479492817947754e-01 2.313554950681654954e-01 3.939538510869296517e-01 4.214196614442006217e-01 3.384967539558182970e-01
5.185881321220415785e-01 6.711998734383642917e-01 3.404325908279975943e-01 5.155670664393692260e-01 4.740686484058847516e-01
6.154729533827972832e-01 8.450428898260872179e-01 5.994764788992533733e-01 6.891400466598761598e-01 6.428018217328961281e-01
9.555754960139705156e-01 8.828162794374917466e-01 6.852315763289027473e-01 8.995251716647746365e-01 7.971206243192984209e-01
8.839062281411276256e-01 7.847446615741996423e-01 6.764836185405015412e-01 8.149390626699143381e-01 7.553839460901287106e-01
3.671194907370722293e-01 1.234186829661207130e-01 3.536629438430284877e-01 3.141988470992765348e-01 3.347026022908071718e-01
3.698782943207166718e-01 1.466387694243780349e-01 3.288513077975209753e-01 3.421455308217725699e-01 3.541687474442529737e-01
5.304065308630382392e-01 8.095075788936154648e-01 6.449554888573166833e-01 6.109748312196184861e-01 6.430642055758756248e-01
6.270861026535228255e-01 7.631430302008960220e-01 3.581988180436425639e-01 5.585679179208398182e-01 4.716813063356266600e-01
9.907514347700074886e-01 9.104533891208608232e-01 7.134027264546135561e-01 9.221812225903190940e-01 8.174791969145459580e-01
1.231839600026567727e-01 1.537228738948644702e-01 2.808502345832435410e-01 1.902079340804062046e-01 2.209626499690899304e-01
4.676039096751039570e-01 2.286902995421871421e-01 3.965446309515703316e-01 4.065068648521200090e-01 3.759072341442740162e-01
1.019272113642980759e+00 9.999668603090400287e-01 9.910191463449398164e-01 1.034025591702791402e+00 9.804716603932116525e-01
4.238711953832272061e-01 2.606577627570211830e-01 6.477022788554577248e-01 4.024536097657070433e-01 5.374874549908646992e-01
3.435147833657370420e-02 1.059125376676788022e-01 2.801584064783637085e-01 6.948093183684662943e-02 2.015580895816617146e-01
4.598841864974628768e-01 1.770439467234081743e-01 3.886756289065301240e-01 4.032462821984342805e-01 3.363154121591864776e-01
3.498316112574619274e-01 1.467235841469364532e-01 4.069374627776189413e-01 2.865506487018514292e-01 3.292769634456872430e-01
9.097082668723232013e-01 8.935102107440110464e-01 9.405157988636774213e-01 9.366306463624827217e-01 9.605879865571140819e-01
9.458082738840014603e-01 8.825033417584282613e-01 7.361591586312820068e-01 9.145305498884465090e-01 8.241650800842912350e-01
5.171923099398971491e-02 1.426347603007259990e-01 3.088486821997551424e-01 1.059543137620198860e-01 1.837657201158198750e-01
6.169468022443783672e-01 7.480218535901802523e-01 3.704718696526231314e-01 6.065313683153323865e-01 4.580339357482601792e-01
4.564992405179753021e-01 3.299897194131365952e-01 6.533196861951616752e-01 5.045053872102940318e-01 5.635636180825369657e-01
8.652882996915961522e-01 9.216578194353869380e-01 9.705022401976977076e-01 9.306220892428259672e-01 1.023956852906013459e+00
3.696776285993128019e-01 2.461729070738858938e-01 6.422272715701384804e-01 4.539069631599967902e-01 5.287766537538519662e-01
4.047277486617628095e-01 2.671969320237255197e-01 6.113848970110251635e-01 4.027876768681178943e-01 5.531584256684933809e-01
3.196293931722901660e-02 9.610449671623451373e-02 3.020403059842743931e-01 9.764133270853743440e-02 1.915486704345683300e-01
4.805297921118934501e-01 3.065790225916851242e-01 7.119111055598890125e-01 5.152354900277494876e-01 5.402092975694712251e-01
9.196813413531752801e-02 1.019779249507816454e-01 2.288404951656976272e-03 1.035765532048243120e-01 2.393165036412151295e-02
5.019588910226259193e-01 3.629291273620798841e-01 6.479051923326791806e-01 4.839699883235769606e-01 5.439633335173111872e-01
3.592144896665051129e-02 1.042800454730867382e-01 2.789566786358473327e-01 1.176689222803649487e-01 1.752435748230068147e-01
4.715644304166531908e-01 3.457328436788693615e-01 6.679879579192022909e-01 4.848536960846319133e-01 5.093087040079110617e-01
6.497083697060095364e-01 8.449740331831177009e-01 6.750818018084159267e-01 6.839608655560847073e-01 6.688800693206974346e-01
4.241909225791248295e-01 2.593749268382888884e-01 4.195596688870734670e-01 4.056062396255902258e-01 3.453737432212746206e-01
6.804942076789781691e-01 8.724620912028845376e-01 6.365010780296146420e-01 6.578103943720765567e-01 6.686305516554913453e-01
1.045524495569133183e+00 1.011483674462804849e+00 9.849564822050341784e-01 9.793846293625396715e-01 9.964563101191782346e-01
7.809597221144354284e-02 8.695385078084338915e-02 1.380860294113660583e-02 6.999531597088899659e-02 7.284784855158770930e-03
4.281956688640704556e-01 1.518405681097093618e-01 3.624555381813538979e-01 4.075491566079775252e-01 3.586859244927058654e-01
1.037312821867100832e+00 1.018938860695182802e+00 1.012390011424327163e+00 1.024000498239876933e+00 9.800808496604754838e-01
4.897686831822604114e-01 2.262052137658088768e-01 3.906535298329900097e-01 4.063790809792913739e-01 3.494019290306908943e-01
2.764021364237299536e-02 2.534560546177968762e-02 -1.638416508438208727e-02 -2.248506312444017649e-02 3.289860968849721984e-02
1.025354306938754512e+00 9.902024653848857660e-01 9.712722036584315877e-01 1.034338222612287250e+00 9.803243279854731984e-01
4.515704350053265093e-01 2.305747093582364571e-01 4.108251442394694197e-01 4.007846827029034054e-01 3.469559888473229270e-01
4.355644333543819968e-01 2.880864594782865939e-01 6.563330041256922875e-01 4.857784732361971058e-01 5.383570083454480848e-01
3.808624722945171404e-01 1.477079457600076473e-01 3.436862628446100687e-01 2.912009753464082640e-01 3.666500978908047159e-01
5.748071570179601464e-01 7.576316871223461868e-01 5.950329451165103922e-01 6.031863601628685290e-01 6.207765862356171560e-01
9.861572654554934259e-01 9.995912784085364544e-01 1.034535060828169151e+00 1.000522218409164221e+00 1.005172141235679328e+00
9.174808715915535595e-01 8.945558165587732535e-01 9.491857364760534210e-01 9.195538001162376629e-01 9.801504217472633007e-01
9.619874600806831433e-01 8.706886789825034612e-01 7.263640910295910968e-01 8.961801247770593282e-01 8.455950834492987900e-01
9.654984994474130611e-01 9.099643784692375004e-01 7.087122443754823031e-01 9.220750078127888383e-01 8.005391818209348642e-01
1.155191773292019025e-01 9.374281514884559574e-02 2.932707328442083275e-02 5.899851535510490519e-02 2.008738235321544038e-02
4.103316098078765850e-02 6.613264278318152500e-02 3.047404897909593013e-01 9.862428931857677994e-02 1.742906936078360558e-01
5.002003120117198831e-01 6.498192838810943339e-01 3.352649367214637355e-01 4.916880997227956462e-01 4.539471190783947452e-01
9.794742228112238713e-01 9.700681383096526611e-01 9.810878139558193434e-01 1.009781997750817339e+00 9.872511611435900170e-01
1.011353307706451377e+00 1.010362975308858768e+00 1.010292898194080413e+00 9.998708513562077904e-01 9.989306892532315851e-01
5.164543119614092292e-01 3.293709167605141097e-01 6.661963177735479302e-01 5.028337427189706332e-01 5.370484093184169083e-01
6.266742975397886495e-01 7.464433670405968835e-01 3.525397740032021887e-01 5.868164136813366349e-01 5.023640938973532588e-01
-1.546578630510229112e-02 -7.370166348837889174e-03 -6.161697132963491613e-03 6.348572718143825899e-02 -2.532357680035329794e-02
-2.532075629456906340e-02 5.074708512543649706e-03 5.702961629038561138e-03 -1.992072542164937191e-02 1.473617573619538353e-03
9.911214211567125065e-02 8.258790123817878748e-02 2.840751610082850945e-02 6.820847743933537710e-02 1.461820838300143845e-02
-4.287382962949927434e-03 8.264963442726492790e-03 -5.585411583923822684e-03 -1.846117552851054416e-02 -1.395502401323923253e-02
6.643938309449570756e-02 1.209145139827193793e-01 2.814385559967186867e-01 9.139423866118456807e-02 2.101193359501714319e-01
