3.410962374404051534e-02 0.000000000000000000e+00 2.240683833054548865e-02 0.000000000000000000e+00 0.000000000000000000e+00 1.240050626082722825e-02 0.000000000000000000e+00 3.234726194271244758e-03 3.692013035391234627e-02 0.000000000000000000e+00
4.097828807607550861e-01 4.718627551035456946e-01 4.441245933138716073e-01 3.749735642757817122e-01 3.479670489551195955e-01 1.477407080242008897e-01 4.603140979290761825e-01 3.964342500647902723e-01 2.935277559100316624e-01 1.911289777817549718e-01
6.806333137033926395e-02 6.904337355527589981e-02 0.000000000000000000e+00 8.568696964360952850e-02 2.680361605206976194e-01 1.078994901195525075e-01 2.716247843640052784e-01 1.785460953139460238e-01 4.646317587814718236e-02 2.371741346613298607e-01
1.208484900162037079e-01 9.597269913351573478e-03 9.986512643408684831e-02 3.211194036187184353e-02 1.436599238293260195e-01 1.949161732290876914e-01 2.382953815519870122e-01 1.388051812142364894e-01 3.142611764698953480e-03 3.374831552744756991e-01
6.594231208838587932e-01 4.769919221747901950e-01 4.819869944831165487e-01 5.752966190633552745e-01 5.510458803451681042e-01 7.541668375867043306e-01 6.411244992294410361e-01 6.485619189705631449e-01 7.559324077025032507e-01 9.039485067043396826e-01
8.690535615526341351e-01 9.278853549055380290e-01 9.101090048791663500e-01 9.101862087774258425e-01 8.066383493849864639e-01 8.588604495967298025e-01 7.345208054878509252e-01 8.615133261214720228e-01 1.000000000000000000e+00 6.992101418012877101e-01
1.000000000000000000e+00 9.756890898896050102e-01 1.000000000000000000e+00 1.000000000000000000e+00 1.000000000000000000e+00 9.933226351365445073e-01 9.444183672031787324e-01 1.000000000000000000e+00 1.000000000000000000e+00 1.000000000000000000e+00
6.831878873043908396e-01 5.314788174666736920e-01 5.588321678723188191e-01 6.539388378401929103e-01 6.919976349195082754e-01 8.034708635680709587e-01 4.911090313078174674e-01 6.090804607032863638e-01 7.303344461369339902e-01 7.782466458896164507e-01
1.000000000000000000e+00 1.000000000000000000e+00 9.994393819468243567e-01 9.970046940095259602e-01 1.000000000000000000e+00 1.000000000000000000e+00 9.216268515385008797e-01 1.000000000000000000e+00 1.000000000000000000e+00 1.000000000000000000e+00
9.661106548450754117e-02 2.589984144636569077e-02 0.000000000000000000e+00 0.000000000000000000e+00 0.000000000000000000e+00 9.791563474756774781e-04 0.000000000000000000e+00 0.000000000000000000e+00 0.000000000000000000e+00 2.514709873854737571e-02
3.701517124420893312e-01 5.210010012301864446e-01 4.679532682136354205e-01 3.468295500317005176e-01 3.844686705045995412e-01 2.510905272840359137e-01 4.159686023366737651e-01 4.118046158440978877e-01 2.605230979056991081e-01 5.668367504653976097e-02
0.000000000000000000e+00 1.149701268823410810e-01 0.000000000000000000e+00 8.390625477607170646e-02 1.710649758368394391e-01 2.712195483242890726e-02 2.992991506455582318e-01 1.088080116941571307e-01 0.000000000000000000e+00 3.399841047189786636e-01
8.560571317898074684e-01 1.000000000000000000e+00 1.000000000000000000e+00 1.000000000000000000e+00 9.846014940249548930e-01 1.000000000000000000e+00 9.652178821939897402e-01 9.760249305095245465e-01 1.000000000000000000e+00 9.929697733466021914e-01
2.594058652585077840e-01 5.036688676114937646e-01 5.511570131789893523e-01 4.185052467308125745e-01 3.713618799989641950e-01 2.355615881795934674e-01 5.904379138913387060e-01 4.217180540587616711e-01 1.890958659997272751e-01 1.903442175241339407e-01
1.148651101422507453e-01 1.057247717968116674e-01 7.832190560097555820e-02 1.039959381642347469e-01 2.276861319407433859e-01 2.644240213599677314e-02 1.982272072504482896e-01 6.861360853096039325e-02 7.542734079631553679e-02 3.693459568816588323e-01
9.337388660110660377e-01 9.746932814335582673e-01 1.000000000000000000e+00 9.976524319175767985e-01 1.000000000000000000e+00 1.000000000000000000e+00 1.000000000000000000e+00 1.000000000000000000e+00 1.000000000000000000e+00 9.614365348650065757e-01
3.454286196623723160e-01 5.110031646207675582e-01 5.715468592386474533e-01 3.764593657872855048e-01 3.377605619489701394e-01 2.495106732258512983e-01 4.116931736346773341e-01 4.542108738714991656e-01 2.938809573998570346e-01 2.748996194635330292e-01
1.056189467750014432e-01 4.970911631162364813e-02 4.040893821437857580e-02 9.271906781616201521e-02 2.042721334377252673e-01 1.274348512055771265e-01 2.971994469106745140e-01 1.170673862115971797e-01 9.557546183821465091e-02 4.274184808800933211e-01
6.229229289399365044e-01 6.124688335574862696e-01 5.271243823066387169e-01 6.447625453914864746e-01 6.020274239844398689e-01 7.332827702632018774e-01 5.521991728912072350e-01 5.720154779269590595e-01 7.455312276999219723e-01 8.379485257480605576e-01
1.000000000000000000e+00 9.680763750841125947e-01 1.000000000000000000e+00 9.400833508108378256e-01 1.000000000000000000e+00 1.000000000000000000e+00 9.275372934589767304e-01 9.365308405640452305e-01 9.932362249096061690e-01 9.695150397326536273e-01
1.000000000000000000e+00 9.931976943949122338e-01 9.476604732977669254e-01 9.634163851529923273e-01 1.000000000000000000e+00 1.000000000000000000e+00 1.000000000000000000e+00 9.458453456467538212e-01 1.000000000000000000e+00 9.846892441471072344e-01
6.242079382280896205e-01 4.390045665811658782e-01 5.208578510712741361e-01 6.968058240035129858e-01 6.647423556609354245e-01 7.431731497910372131e-01 5.157620607701933757e-01 5.588380648585908883e-01 7.244059726919372943e-01 8.254633326866437359e-01
8.341091165649145989e-01 9.818191533927852488e-01 9.524721027808270568e-01 8.376582022090119928e-01 8.638463653462136183e-01 8.044334486709783238e-01 7.302098265741614469e-01 9.104795796380316109e-01 9.418314910400996665e-01 5.718994337431472230e-01
1.515269410602445022e-01 6.476227121762294370e-02 1.060637020504985872e-01 1.799512509079255473e-01 1.696148243329054783e-01 1.382590425366252984e-01 1.521594709393622180e-01 1.756297408492605572e-01 0.000000000000000000e+00 3.188532775068179670e-01
0.000000000000000000e+00 0.000000000000000000e+00 0.000000000000000000e+00 0.000000000000000000e+00 0.000000000000000000e+00 3.397945989374519943e-02 0.000000000000000000e+00 0.000000000000000000e+00 4.226154453000213057e-02 2.823687909816593664e-02
9.042487435191599587e-01 9.842475262763210608e-01 9.469523888612338958e-01 8.993869470588262693e-01 7.876411023485113683e-01 9.407800032718963701e-01 8.077727718414655644e-01 8.489425777880237334e-01 9.398665874815983479e-01 6.131035122742172216e-01
4.503395352883908173e-03 0.000000000000000000e+00 0.000000000000000000e+00 0.000000000000000000e+00 3.641869866726969024e-02 0.000000000000000000e+00 0.000000000000000000e+00 2.683113038876501488e-02 4.628324960081161427e-02 1.067180105457258936e-02
6.630251628083866366e-01 5.251423937422429189e-01 4.886811282902607800e-01 6.345460855257921695e-01 6.016150495843841650e-01 7.653875065985554782e-01 5.677258902650292871e-01 6.038218821340929354e-01 7.515295490617343033e-01 8.220266910747385802e-01
5.569640928217823861e-01 4.407189877545424350e-01 4.234133893521190850e-01 5.582060039624922032e-01 4.671553754970433348e-01 6.123549993665915459e-01 3.199815747809097721e-01 3.997940145674706569e-01 7.155184898364410628e-01 5.085234954481325786e-01
6.076689710844527248e-01 5.445691358633755197e-01 5.752595444496527710e-01 6.908798870392404146e-01 7.051894887508395326e-01 7.311481639717454240e-01 5.498356374762826126e-01 5.591621817637858483e-01 7.388976352083161947e-01 8.270721584800687642e-01
4.354029336530605421e-01 5.983388675729901518e-01 5.592376308962907494e-01 4.546981279590120439e-01 5.360239929269761117e-01 3.052528108962006548e-01 6.448794581503436429e-01 5.389824508121212610e-01 3.125609523484852992e-01 5.489981874961143982e-01
9.935807970549391799e-01 9.675335071470110293e-01 1.000000000000000000e+00 1.000000000000000000e+00 9.784297317077205181e-01 9.698811104623937807e-01 9.527901898429176342e-01 1.000000000000000000e+00 9.984715387472078429e-01 1.000000000000000000e+00
6.607264794189290358e-01 5.064679749137017684e-01 5.528673989889879570e-01 6.777519740590252084e-01 5.781341973826783498e-01 7.315644817083315488e-01 5.797129562605154440e-01 5.999725987036205188e-01 7.894727631113843680e-01 8.517303505430913191e-01
6.883441180438488738e-01 4.453982962486613406e-01 5.382269939697297279e-01 6.126285237020725472e-01 6.644593116335101302e-01 7.650116767963713871e-01 6.268154453822237793e-01 6.368700005712681911e-01 7.146211527874070102e-01 9.207048531389101509e-01
9.573301521735848585e-01 9.928324655036193658e-01 9.818092238602041943e-01 9.387200934915613804e-01 1.000000000000000000e+00 1.000000000000000000e+00 9.542270468962833485e-01 9.549605161013691168e-01 8.987516057473442510e-01 1.000000000000000000e+00
6.134872928518100288e-01 4.679767245706695222e-01 5.033393964165113754e-01 5.633194723332763942e-01 5.357777397213461246e-01 6.316158516153266289e-01 3.231973823354514219e-01 5.042114509545314593e-01 7.507364295987967173e-01 4.690730860903528643e-01
4.798917285119371767e-01 5.356945403718099685e-01 5.010503472501675049e-01 3.485265674015555204e-01 6.839114656076693555e-01 3.360954944515000542e-01 6.823587138616354908e-01 5.082613517026671746e-01 2.836074419590965956e-01 5.499008806971188434e-01
9.994277646422281558e-01 1.000000000000000000e+00 9.425329648003293315e-01 9.642144339556643073e-01 9.561461405804393410e-01 9.631019374195355365e-01 1.000000000000000000e+00 1.000000000000000000e+00 9.885999272928763792e-01 9.867220691026883372e-01
3.184570986043995522e-02 1.529414861632036049e-01 6.092655072285934476e-02 3.683087825736862386e-02 2.254501804490210981e-01 5.935907958243268751e-02 2.242079389866264705e-01 2.205875270720347170e-01 9.646383016142467265e-03 4.480355783562248728e-01
4.409224016782922195e-01 4.263317971891189551e-01 5.001953131814672604e-01 5.255376420993438380e-01 5.485204777973755608e-01 3.468007902259329645e-01 7.587315806938422780e-01 4.883342071217362523e-01 2.639788628905668233e-01 5.798614209796758567e-01
3.688225972069936742e-01 4.429594203641623040e-01 5.202172876881748786e-01 4.079111400923055575e-01 3.794679088566317859e-01 1.893065809539883348e-01 4.320435392122314866e-01 4.298983427100889765e-01 1.425971226296840477e-01 1.834886247913626034e-01
1.420849117740060064e-01 4.004071719319705902e-02 1.252391383352171317e-01 0.000000000000000000e+00 2.309789675819644561e-01 8.910194715043392999e-02 2.910483178908844226e-01 9.993536150393320106e-02 7.569458397760596424e-03 3.691211269630667036e-01
5.658877651763216665e-01 4.577942735375988281e-01 4.819740192281645186e-01 5.176401411759183890e-01 3.846592668758412881e-01 6.965664493405140378e-01 3.112559928980215829e-01 5.071934679375758037e-01 7.172760456110049976e-01 4.797820566425771149e-01
6.245040067973189890e-01 5.695378912288217021e-01 4.557545463744331338e-01 6.492726516476552412e-01 6.486786506999209223e-01 7.481649802770801161e-01 4.948670588684122018e-01 5.732240940295295628e-01 6.941790728074044292e-01 8.999873190350939911e-01
2.634603195860322766e-01 4.228735855624935480e-01 5.655740485233383685e-01 2.424623778802774687e-01 3.199189839666157775e-01 2.248236468597074322e-01 4.825800275043841125e-01 3.880867676855664916e-01 2.580598816499611314e-01 2.134713832812302203e-01
8.043940850081118810e-02 4.861078084539285915e-02 1.571458005612840214e-01 6.730076423229151839e-02 1.066361109807115459e-01 3.657526602088126411e-02 2.609029816611218022e-01 3.986271422445610002e-02 1.351442363727816710e-02 4.486038309952770642e-01
5.702319985314967532e-01 4.058405686159780035e-01 4.366604577337970805e-01 5.184113274005172078e-01 3.549850716806983719e-01 7.202190985165293213e-01 2.902837983449461090e-01 4.273312319790456004e-01 6.638090511616985268e-01 4.092165292541972699e-01
5.486491962832166225e-01 3.659615837365572943e-01 4.239151392552778508e-01 4.944074541160734526e-01 4.956942598792182242e-01 6.555968834314358507e-01 3.584280910071035997e-01 4.317929665077170909e-01 6.077928282323235010e-01 5.527928969133015791e-01
4.197038184190056698e-01 5.426833656826809404e-01 5.071749602138634350e-01 4.756130018581345986e-01 6.389448670492295923e-01 3.450572116797828714e-01 8.332048693272265938e-01 5.951985884956880746e-01 2.816425233592065869e-01 5.065769441778407156e-01
3.195391001260221020e-01 4.764215881990877532e-01 3.562292013438819183e-01 2.900858284952169130e-01 3.366280850529342894e-01 2.329930392155233898e-01 3.930520479419499780e-01 4.176122468528554177e-01 1.880705836337325243e-01 1.868611987042362588e-01
8.599861096314938003e-01 9.710767223818830285e-01 9.315983973485210123e-01 8.978168865666900089e-01 7.369388474389664268e-01 9.497542850609987930e-01 7.951296212792349216e-01 8.625552576035785401e-01 1.000000000000000000e+00 6.832266229489936116e-01
5.463919342759746001e-02 0.000000000000000000e+00 0.000000000000000000e+00 0.000000000000000000e+00 1.137680693948662364e-02 3.144169623952797199e-02 9.623502836238981631e-03 7.504482071805564786e-04 0.000000000000000000e+00 0.000000000000000000e+00
0.000000000000000000e+00 5.099360057427670956e-02 0.000000000000000000e+00 0.000000000000000000e+00 6.079898477823998670e-02 8.617840943049347169e-02 0.000000000000000000e+00 6.057131723692779635e-02 2.573883831335559147e-02 6.564959650169639727e-02
0.000000000000000000e+00 5.050018153033083469e-03 0.000000000000000000e+00 8.248301206149338469e-03 0.000000000000000000e+00 0.000000000000000000e+00 0.000000000000000000e+00 0.000000000000000000e+00 0.000000000000000000e+00 7.181352209063622538e-02
2.900942956393753533e-02 0.000000000000000000e+00 4.436725754248124765e-03 8.637723270745589765e-02 0.000000000000000000e+00 0.000000000000000000e+00 0.000000000000000000e+00 4.447302233597538040e-02 1.798724789881329597e-02 7.917916428688583433e-03
3.177648182206878058e-01 4.642431794495748831e-01 5.176245700874325673e-01 3.628525982065580746e-01 3.983777644233431614e-01 2.239904801311755067e-01 4.059194917562276572e-01 4.110771328466859553e-01 2.149926181980387208e-01 2.002089636218442048e-01
4.684647166108572569e-01 4.566395405251973405e-01 4.618175413900217352e-01 6.094635132510833886e-01 4.153476805104887037e-01 7.343032177709555297e-01 3.193646462933464880e-01 5.111053250163917205e-01 6.498445279324086554e-01 4.547253462113771683e-01
6.348536937369849698e-01 4.514338601965763309e-01 5.064471297336839983e-01 6.541584717154652617e-01 6.923126981440859140e-01 7.188099593634502682e-01 5.315158728100126684e-01 5.540368793083292331e-01 6.252965041951421554e-01 7.307833269564083523e-01
4.690168870758217867e-01 5.652754715173262667e-01 5.310986724681859839e-01 4.296914168110993471e-01 5.972454090189820430e-01 3.694969787463872057e-01 6.985627961006244391e-01 6.159080408065307211e-01 2.325278317159470975e-01 5.908436694217720220e-01
6.895827545167531047e-01 5.454916026545731933e-01 5.576021730888494066e-01 6.286937613976744110e-01 6.470726787432541371e-01 7.788899649293471450e-01 5.929995884580162580e-01 5.857901774656799621e-01 6.431533877905573071e-01 8.712118102350951965e-01
1.298877197396748964e-02 1.163741412322606417e-01 3.679342829551830729e-02 0.000000000000000000e+00 2.549410883909298403e-02 9.640461275783185346e-02 6.053463204323719649e-03 6.392494877909606424e-03 2.048099221631051459e-02 0.000000000000000000e+00
2.671588342997648358e-01 5.300655898975304980e-01 5.220684287317797212e-01 2.816871505073066939e-01 3.457755050632026483e-01 1.882350277050535148e-01 4.071577725050645191e-01 3.566842579256480072e-01 2.850324856783162386e-01 1.586968032014475782e-01
5.456542429192856591e-01 4.964734128555285952e-01 4.162194617848522515e-01 5.350997062007680771e-01 4.335706622532417565e-01 7.272295882489782093e-01 3.944347058544874218e-01 4.586992063475525683e-01 7.098692783164517461e-01 5.794151499360097324e-01
1.767045677794275016e-01 5.909447713026370896e-02 9.086415499541433682e-02 5.774497610422441030e-02 2.176836722404998647e-01 1.317574234115471421e-01 2.235319229016961284e-01 1.368762354662402814e-01 0.000000000000000000e+00 2.917999107842624840e-01
5.214896065679518466e-01 5.241207491605834878e-01 5.609987055193086380e-01 4.643796892461972692e-01 6.105827464264441673e-01 2.174408892774600810e-01 6.962341157320326435e-01 4.933521947932460461e-01 2.759847302999494656e-01 5.133624879677426422e-01
3.546591252974708453e-01 4.995986769851423204e-01 5.935519780455975614e-01 3.412508424865230983e-01 3.538038181527790593e-01 3.304757828637387984e-01 4.299784017624636578e-01 4.353408358671716494e-01 3.118085068390884507e-01 1.652722106767432753e-01
5.980990269774693058e-01 4.690885596949219138e-01 5.376727506742693397e-01 5.399699354060131240e-01 6.311733588466487133e-01 7.651158911193755019e-01 5.180221751986546774e-01 5.251166943066811754e-01 7.519936131211125696e-01 8.109347103181803185e-01
3.105758990913600748e-01 5.523361596297481357e-01 4.723547984336633476e-01 3.668118893404540004e-01 3.633781145981850869e-01 2.888572207436700401e-01 4.635246743590506480e-01 3.481219472960188077e-01 1.952779861430334329e-01 1.380923837397099452e-01
9.672857981866945787e-01 1.000000000000000000e+00 9.936677000449913866e-01 1.000000000000000000e+00 1.000000000000000000e+00 1.000000000000000000e+00 9.867757872228486438e-01 1.000000000000000000e+00 9.699942718202376746e-01 9.733715375607014941e-01
9.136683979080219009e-01 1.000000000000000000e+00 9.878437499455214876e-01 1.000000000000000000e+00 9.699740060061250446e-01 9.758850972101208443e-01 1.000000000000000000e+00 1.000000000000000000e+00 1.000000000000000000e+00 1.000000000000000000e+00
9.518486842363662603e-01 9.741098191303600995e-01 1.000000000000000000e+00 1.000000000000000000e+00 9.549786196133843719e-01 1.000000000000000000e+00 1.000000000000000000e+00 9.645700451584280355e-01 1.000000000000000000e+00 9.596567932836467252e-01
9.655396750406528561e-01 1.000000000000000000e+00 9.896852320882134624e-01 9.530591874521381346e-01 1.000000000000000000e+00 9.978714502340124692e-01 1.000000000000000000e+00 1.000000000000000000e+00 9.676464738599724891e-01 1.000000000000000000e+00
3.210203327488652114e-01 5.195220744115830458e-01 4.146060795557630074e-01 3.204640768097885561e-01 3.651079347183563417e-01 2.660384747814810158e-01 4.403075259892049176e-01 4.379734426185399321e-01 2.436861965686595299e-01 1.945258900693330462e-01
4.531092462882412297e-01 4.918125861766660667e-01 4.987277953395823915e-01 3.591561032191801228e-01 5.631728494016547959e-01 3.210241041916551685e-01 7.734825305142738472e-01 5.395908185607165564e-01 2.963563725579853037e-01 5.015783783023398668e-01
2.670014057855709666e-01 4.529435132310080103e-01 5.145596764928649369e-01 4.087774795779753889e-01 3.828637312018480232e-01 3.109690926688360446e-01 4.508482094694975517e-01 3.657322102258752650e-01 3.756385382126121164e-01 1.642273277061690184e-01
5.831033520105263213e-01 4.497108167994307015e-01 5.408366387815618515e-01 6.103059971694482222e-01 5.800842109035936334e-01 7.758262301451771537e-01 4.933972030466690084e-01 5.491060676697185894e-01 7.321388154280863425e-01 8.625698160710568718e-01
4.523790747183822347e-01 4.619967489339236177e-01 3.672447607591250440e-01 5.390388505954752940e-01 4.760263662640409343e-01 6.342982086442829903e-01 3.513769150183466139e-01 4.836181806157736629e-01 5.974382360562918715e-01 4.416540452401500616e-01
9.901241371392541790e-01 9.886019581403142631e-01 8.730327654411770277e-01 9.468109501634900393e-01 7.653379150177171963e-01 9.538954823030079133e-01 7.799211496923834641e-01 8.110245207347706042e-01 9.399150598205356921e-01 6.617474305874030405e-01
8.876110265839660673e-01 9.244503513781462400e-01 8.751757008817278027e-01 9.109781996355340583e-01 8.038299841595786255e-01 8.540133484560463728e-01 7.293709911752833674e-01 9.077055494102009847e-01 8.939458538358929784e-01 7.237403353174426401e-01
3.703919322900627864e-01 4.721857451627309299e-01 4.610875187476801140e-01 3.590659352273439797e-01 3.692351726282221414e-01 2.460043533996029985e-01 3.744880710821089087e-01 3.941661713251497501e-01 4.101694981142943730e-01 2.534837128955602648e-01
7.130593531400649665e-01 4.432435465588743795e-01 4.951933213653199051e-01 6.807016077054778291e-01 6.789497552213336062e-01 7.595446855827967525e-01 5.681243309125905139e-01 5.658471962868236727e-01 6.651068978209996319e-01 7.228099033072508117e-01
1.000000000000000000e+00 1.000000000000000000e+00 9.650344211005774664e-01 9.897557326635262331e-01 9.803135259511688293e-01 1.000000000000000000e+00 1.000000000000000000e+00 9.545529058790472865e-01 9.472504178706475653e-01 9.209951595276273384e-01
8.174034840678405800e-01 8.526979944576309478e-01 9.694510277041910040e-01 8.824170527573330647e-01 7.321762900512510663e-01 8.956792088357667936e-01 7.133363048541715434e-01 8.629975383324904881e-01 1.000000000000000000e+00 7.672114789087314257e-01
1.620908726450187021e-01 1.096792447241569657e-01 4.575387360517184365e-02 9.386192665703141369e-02 1.850564118401859526e-01 8.245281070085241915e-02 2.145208222616488969e-01 1.020354505276411528e-01 1.648047990421178804e-02 3.397332263971843402e-01
6.879509953805838796e-02 9.370717596714320252e-02 1.126723960100350364e-01 1.358957244417861587e-01 2.761060837785378475e-01 1.188595805797542371e-01 1.782343003787879576e-01 1.015736399585041166e-01 1.020198926854678778e-01 3.673453841786997742e-01
6.339854019681145925e-01 5.110746807038740736e-01 5.586457792630167285e-01 6.191864905466401003e-01 6.417328811383021803e-01 6.928881102742733278e-01 5.141122345761414136e-01 6.101643229079963815e-01 7.757444352950659816e-01 8.707433928207539697e-01
5.340561243526418256e-01 5.842527347357209244e-01 5.012551641602118746e-01 4.051874312780507359e-01 5.045749050963642679e-01 2.610948475944568914e-01 7.478800932165119431e-01 5.843219609789095381e-01 3.010161054867094288e-01 5.071686466591622811e-01
4.764038400010683905e-01 4.075538853744427037e-01 3.929763362855203113e-01 5.097116848096149289e-01 4.570531575758683962e-01 6.858032432530647426e-01 2.534556691900604619e-01 5.319022959724934996e-01 6.004362779674208284e-01 4.938244290809581938e-01
1.000000000000000000e+00 9.890731889937246502e-01 9.412331157206502708e-01 1.000000000000000000e+00 1.000000000000000000e+00 9.623861625864259528e-01 1.000000000000000000e+00 9.050110796586291473e-01 9.777787411235427939e-01 1.000000000000000000e+00
6.651802474204073778e-01 5.752043478845104696e-01 5.888956700648969589e-01 6.449595291437552058e-01 5.563977572756930723e-01 6.880492642277109550e-01 5.450428775743729748e-01 6.081121171072140230e-01 6.006473649587070751e-01 8.225099469793346607e-01
9.908873218822583651e-01 9.282412153883110584e-01 1.000000000000000000e+00 1.000000000000000000e+00 9.528713073568728653e-01 9.596175176933277040e-01 9.871787772118723048e-01 1.000000000000000000e+00 8.862271212797077080e-01 9.573908984386654275e-01
5.863788807623118160e-01 4.035091728352254159e-01 4.216468747304202291e-01 6.359514094637092052e-01 3.762149287662732156e-01 6.789069595498792298e-01 3.156085044463038392e-01 5.926859098219374733e-01 6.975883671477793868e-01 4.492321866811881392e-01
8.148032384535343065e-01 9.537488526034013647e-01 8.892208399710963551e-01 9.039138134636979238e-01 8.503336988032731414e-01 8.579220216700192969e-01 8.249872587049201789e-01 8.281306489345989785e-01 1.000000000000000000e+00 6.966229108292699701e-01
4.109121246083452528e-01 4.084139054996439033e-01 4.627561513421454276e-01 3.757922681134378551e-01 4.209405539993122947e-01 2.298012369758513085e-01 4.695824410712273744e-01 4.094734017196253739e-01 2.487166869933228053e-01 1.140092928930172000e-01
9.700296686010254632e-01 8.949558567635379491e-01 1.000000000000000000e+00 9.172037051117263307e-01 8.000617469657682612e-01 8.451209144906479676e-01 7.752938333125767301e-01 9.201947396648495481e-01 8.415054959767467313e-01 6.346830894928116029e-01
3.994614347232322560e-01 6.393795620127014079e-01 5.664540734364206243e-01 4.158918459533218481e-01 5.356601392538892226e-01 2.888223828537516136e-01 6.165019357311962711e-01 5.589696229132685712e-01 3.010017337839822615e-01 5.447442556853994144e-01
2.754614762689850792e-03 1.353687683010721711e-02 0.000000000000000000e+00 2.736587852224323797e-02 2.328828309371149680e-02 3.736766691499100040e-02 0.000000000000000000e+00 0.000000000000000000e+00 2.385520669186033324e-02 6.139815263075323881e-02
4.290611202110944378e-01 5.433727002977565279e-01 5.514637291260729990e-01 4.852007186321566357e-01 4.426412949266700925e-01 3.276065334978102705e-01 6.172702315791244176e-01 5.692867392103218016e-01 3.940601482580894932e-01 5.810103611259587186e-01
3.065397747556381502e-01 4.636688687840847534e-01 5.187450405034724765e-01 3.089126728232320929e-01 3.474960171943245468e-01 3.078408779117630112e-01 4.637058621498536537e-01 3.364805888192262673e-01 2.391131798531601904e-01 1.882581611501711327e-01
2.589523856162351950e-02 1.145764260596216812e-02 1.324914295630150000e-02 1.025818942108185083e-02 6.070625616523275814e-02 0.000000000000000000e+00 6.464586329761538852e-02 1.422777464930989437e-02 0.000000000000000000e+00 0.000000000000000000e+00
