1.826287702034327665e-01 2.184722869225438346e-01 2.767021157214354377e-01 3.424721234796267444e-01 1.468787717573825924e-01 3.313576429426562386e-01 2.947814257743854305e-01 1.007540513144280780e-01 1.210849793822029730e-01 9.870277938830676612e-02
1.140611668179860316e-01 2.229679200506677894e-01 2.701537345074322416e-01 2.136158115651163314e-01 1.136108020491856108e-01 2.373198469060286142e-01 3.873637663250805163e-01 -1.592607269154386329e-02 9.680483288682414922e-02 3.622026781644029775e-02
3.880968945236653589e-01 2.753709101320411801e-01 9.245650529783525085e-02 1.211265604348647912e-01 7.618582157451851689e-02 6.639298452094247183e-02 2.319121250475606466e-01 3.134772968842755025e-01 2.567439630145210150e-02 1.406834419104732725e-01
7.906314182797161694e-01 7.860509635920301941e-01 7.966374628841043082e-01 6.531225499244825983e-01 2.663858447762423864e-01 7.628838463986441498e-01 8.366214155288409504e-01 4.712481738513795704e-01 7.707051368263257984e-01 7.621040520370084836e-01
3.778064532676618237e-01 3.258693084393274875e-01 8.414229728964270350e-02 7.765450954856006893e-02 1.899049642315638331e-01 1.763066456281828509e-01 2.172713591236843933e-01 2.779803975032520413e-01 7.394161782185826315e-02 1.769581428791193456e-01
7.771076756460444379e-01 5.521043369313195504e-01 6.818849671272110280e-01 6.919589475578010740e-01 7.693276423783543816e-01 5.478604029917029106e-01 6.283955201646115318e-01 8.037209079548356394e-01 3.041650703740205741e-01 4.964747213173660301e-01
9.299241256432450031e-01 8.975902624153375697e-01 9.573723036144979881e-01 1.060385066846509350e+00 1.003302332411131648e+00 9.854079896784531112e-01 9.749578523676242225e-01 1.008999394996046961e+00 8.719807806484750623e-01 9.589202597282506790e-01
4.487019841765501060e-01 4.948266807138312906e-01 5.554131406631089840e-01 6.191232602396201656e-01 1.669944975440063595e-01 6.099348046059417383e-01 4.518653986496796171e-01 3.059502340922817254e-01 7.536887134285702450e-01 6.740414561596695942e-01
6.804512629721655159e-01 5.826539784644644282e-01 4.385035605397408776e-01 4.100734924920016455e-01 8.924330561757319868e-01 5.200047091295776358e-01 3.919358926998036674e-01 8.244831174516283889e-01 3.498208446611802414e-01 4.056518196062732784e-01
5.098149140009137215e-01 5.594601863946805365e-01 6.685076143048563901e-01 6.556910561770670220e-01 9.975808862044447389e-01 7.671406842781175461e-01 5.055515446092391230e-01 7.188353363508792615e-01 8.102918381836063944e-01 7.956061711158124439e-01
6.700193328006960325e-01 4.317360404114731764e-01 4.087208946125173714e-01 3.008227791938478668e-01 7.438327624384094561e-01 3.406084559966868763e-01 4.485065194739073502e-01 6.517937568535090431e-01 1.640664790997835576e-01 3.189476129961734685e-01
5.038203254645602369e-01 5.701258775699112880e-01 5.540954294152787840e-01 6.215337135963243664e-01 9.951623233137906199e-01 7.838764453242337282e-01 4.035819235579691799e-01 7.076302459182004512e-01 8.987434498120363546e-01 7.726504104239642068e-01
6.968743288324507068e-01 6.970372028350807492e-01 5.304512817587326845e-01 5.309465743734559373e-01 2.138562858996666816e-01 5.814093262010634477e-01 5.167322262519864484e-01 4.311910130720219558e-01 6.582128004851443004e-01 5.687597339851077072e-01
6.883801471404839001e-01 8.182936131928987278e-01 6.977066955693100869e-01 7.368436855773807803e-01 2.346063847313430428e-01 7.558403086803260340e-01 7.742406749005382727e-01 5.481324923889530076e-01 8.916579722647434147e-01 7.887595726590603817e-01
4.088545595957312484e-01 4.856730105260732566e-01 4.152368767866751464e-01 4.096542980946166201e-01 1.190084776826954571e-01 3.800409161174815864e-01 5.745605003006488687e-01 3.729761202368219175e-01 2.865012758715585472e-01 3.198485113896002430e-01
7.498046469179100448e-01 8.176935637020223968e-01 7.696412581421607779e-01 7.531763311400625494e-01 2.346760383280096507e-01 6.007669045279755426e-01 7.633433121537505084e-01 4.758628337237866823e-01 6.761896798613756809e-01 6.612798529382042378e-01
3.827570808987441620e-01 3.983397673154596141e-01 2.555413375357560302e-01 3.978961630304719277e-01 1.784626806688048295e-01 3.694593109125412500e-01 3.410418399220447316e-01 2.229057965019907439e-01 7.206706718501196818e-01 5.494533631382095828e-01
6.995787833169652137e-01 8.016665142340455574e-01 6.400656432604654444e-01 7.729329772708269930e-01 1.090458335722065131e-01 5.745135787455109000e-01 7.038436039166302560e-01 4.654523015077191017e-01 7.393026095117674057e-01 5.951742993898615497e-01
3.251928400410089570e-01 2.779160624050728834e-01 5.207543580876777822e-01 5.500488919496376861e-01 7.983788131963051038e-01 4.475035012224509723e-01 5.218697324794033809e-01 4.737477241779455284e-01 3.264058637438294608e-01 3.206692136451916864e-01
4.023276022390441242e-01 2.045593136263205158e-01 8.638326471126628325e-02 1.374327623019463429e-01 1.494850726899294227e-02 9.538343046438230166e-02 2.774400852577189047e-01 1.838041327806579917e-01 1.420875707467468829e-01 1.385465234831520787e-01
3.668193356709458786e-01 3.773187179258515878e-01 5.830315315540217647e-01 4.919687450769928971e-01 9.147169073383175641e-01 6.694965988759562503e-01 5.281803740341898257e-01 6.676668739458457846e-01 3.887740302487341371e-01 4.299164541034946607e-01
3.640774755863548928e-01 3.918556874337221219e-01 5.419917437865291454e-01 4.937955335516869271e-01 8.937977866594254417e-01 5.254158065174550085e-01 5.883791693168666237e-01 6.287845769689258679e-01 3.629187967969439432e-01 3.759048135912955724e-01
3.157347804397486191e-01 3.328517001314355017e-01 6.222178886811285947e-01 3.495620315013104884e-01 8.861670610038857587e-01 5.321471204889094420e-01 5.514561392781336391e-01 5.159519013891066264e-01 2.884942654819084851e-01 2.917494811302507873e-01
6.183228993100535753e-01 5.825442652883311423e-01 5.363981162518010049e-01 6.141063436861875502e-01 9.629811990399479438e-01 7.243340427718660823e-01 4.906402544998060278e-01 6.973524410160706344e-01 8.515782287439757070e-01 8.535150236413946434e-01
2.939708792452330188e-01 2.100670300259906420e-01 2.233923699219271808e-01 2.966512602138228205e-01 8.005533013321595170e-01 4.691194777592182508e-01 2.255547249967439216e-01 4.940552999305872772e-01 2.222332755303411400e-01 3.758599751768946229e-01
1.007106031838659321e+00 1.026119717568836132e+00 9.697906328237446694e-01 9.527245599785588714e-01 1.141624474387781252e+00 9.960036355869099634e-01 1.010810620255492065e+00 9.645772270718461217e-01 9.716787557086605798e-01 9.311631924167975694e-01
9.355061441812189127e-01 9.486976133638231889e-01 9.751019575897232894e-01 9.623788985970070931e-01 1.045658712088262332e+00 9.766176328192780476e-01 1.096993356957722598e+00 9.504688681526014538e-01 1.050918173578424542e+00 1.045589454338528901e+00
6.592478876698035783e-01 4.370588478309966884e-01 3.132442038065900158e-01 2.879545071833245484e-01 8.068517629659195389e-01 4.501816108583246989e-01 4.568063991558722892e-01 6.310575668643039204e-01 2.297701374996659884e-01 3.459674959916356762e-01
5.218435805429918473e-01 4.845963593822934512e-01 5.235540812523666876e-01 6.188511425218804485e-01 8.073672416730666157e-01 6.770848394969346540e-01 5.415654991814065067e-01 6.269057110034081948e-01 6.618852303877107435e-01 7.037176720858281387e-01
8.629858417982197438e-02 2.394418308167355902e-01 3.182141299773056931e-01 2.552135046868402313e-01 1.602285405216525571e-01 2.631303437908080745e-01 3.090062980370420487e-01 1.620959059597966989e-01 1.426424110591343886e-01 2.072863826682357358e-01
5.059905373637716419e-01 4.425387478111637574e-01 5.419440941695586877e-01 5.887582814794679598e-01 8.860617242419327466e-01 5.771109561752872930e-01 4.821376163137774395e-01 6.707345977048703167e-01 7.350439741477792222e-01 6.998715730065194762e-01
4.127106092780846724e-01 4.015359918335102418e-01 6.073723841468990914e-01 4.701463245784576195e-01 9.157121512111572326e-01 5.197028088566140180e-01 5.427681149914502789e-01 5.175102821229622396e-01 3.922561747375545860e-01 3.853182864525802054e-01
5.966066680090755803e-01 6.264153447418912002e-01 5.233187158813795703e-01 4.718398263550747651e-01 1.636930597018980138e-01 5.701538406553166016e-01 4.474825076279858593e-01 4.514601968076309424e-01 6.685242924495065076e-01 5.822861796495885089e-01
7.314017075264598322e-01 6.105277518466056819e-01 7.355013821530819174e-01 5.849834171483931922e-01 9.608920927754996955e-01 7.012645405881060556e-01 7.231864476582415824e-01 8.034933797961683055e-01 4.051298156505384052e-01 5.876765907578481718e-01
5.830316497010881172e-01 6.451103460251185195e-01 8.940694472070369603e-01 8.562211877309157115e-01 9.916588569975746115e-01 9.710023554058064832e-01 8.119385056637961062e-01 7.283672373583010007e-01 9.888153638716912219e-01 8.970630613525980568e-01
3.779888966422138008e-01 3.138822346487216697e-01 5.651851637695182173e-01 4.909387615609625000e-01 7.477552281431991688e-01 5.184518202705133971e-01 5.063736488221611820e-01 5.463596068854429388e-01 3.456256522232754591e-01 2.537282249252693078e-01
2.765514916092972064e-01 3.057988285055478483e-01 5.862240578756361398e-01 4.628927342703377246e-01 7.300479292188156721e-01 4.835446146535234968e-01 5.504673167648891363e-01 5.448445461892967856e-01 3.117568399621362119e-01 3.220818057124859024e-01
1.241946727715118881e-01 1.124656372062176890e-01 3.840338081376332841e-02 -9.248060949718660273e-03 1.835269960759911556e-01 1.144856555029803435e-01 3.850101895088357817e-02 7.485482439664722931e-02 2.794689090590787156e-02 1.091024565616182662e-01
3.944164376262659366e-01 2.576201287709806165e-01 3.704329261622554270e-01 2.453833701981443516e-01 9.540560911197831784e-01 3.979321506996345570e-01 2.736520716756147276e-01 4.536954340269394037e-01 2.319504908123361797e-01 3.331412153982163948e-01
5.048187597583455588e-01 3.819763830224916501e-01 4.187020442741657411e-01 2.940650068871139000e-01 8.378773533843919541e-04 2.545631798544972790e-01 5.190745257609814534e-01 2.185695412206961341e-01 1.550892949281393041e-01 2.302998299943588845e-01
3.421091686981761470e-01 5.251068226945778683e-01 6.468444295242485875e-01 5.447800527174475604e-01 2.730988750906241380e-01 7.407198135887327339e-01 5.308406945045265335e-01 1.450714367630858703e-01 8.121425585944166414e-01 7.218849422670603477e-01
4.350142740167193267e-01 5.579424883172479088e-01 6.180013950600227179e-01 6.812229525794206708e-01 9.949713048353988620e-01 7.161148536963550804e-01 5.403526640875544462e-01 7.052043534300532768e-01 7.969988141823941552e-01 7.652813491251313494e-01
3.099434579021350111e-01 5.004745947943831652e-01 6.334014521447535184e-01 5.914883530093762998e-01 2.229463367991917355e-01 5.891548908752760605e-01 5.552668830822635737e-01 2.432007843799843250e-01 7.255503677812749075e-01 5.834371072880109033e-01
2.983106027551429285e-01 4.946143274119255695e-01 5.911525518138150970e-01 6.380588851403221629e-01 1.170085494740991799e-01 5.822772645539707748e-01 5.349418247413367800e-01 2.356088422992524689e-01 7.033355908613555529e-01 6.932551556802786230e-01
4.969069821867246051e-02 -8.420875696801545518e-02 -3.864842998936701690e-02 8.834107152417092212e-02 -7.731082121357318870e-02 1.559785260876737391e-02 3.915165134650938628e-02 -6.138261980336809885e-03 3.545108528878299168e-03 -1.152878090581860478e-02
4.165408499467978531e-01 3.612916785051124013e-01 1.387454106688673916e-01 1.684344079621915846e-01 1.523543970947066895e-01 3.014669916818015771e-01 2.419410055286358718e-01 2.849977619836763232e-01 8.517830316626189002e-02 2.552558001939631560e-01
2.777905871353534284e-01 1.330519654716983968e-01 2.753221174041012853e-01 3.140386915077333363e-01 7.023439986626374143e-01 3.243730754343050471e-01 2.157259498744269477e-01 5.203613564661501156e-01 2.374376517401959596e-01 2.857699602457142163e-01
4.259213384644141565e-01 3.383503321370649464e-01 6.671836052716514365e-01 4.262096552933558047e-01 9.876797514649271470e-01 5.199037215563696579e-01 5.896676280825560168e-01 5.608370575291453664e-01 2.614300133389025338e-01 5.084673771657539643e-01
4.206174566932693315e-01 3.715908265668764199e-01 6.052699304513180500e-01 5.000914621354585199e-01 8.610043290482836120e-01 5.536563512165764145e-01 5.891738506182322421e-01 5.911906109437324863e-01 3.571520935329077218e-01 4.683183044308880105e-01
1.107465172554990274e-01 2.218472239111532462e-01 3.436665813631030741e-01 1.890355905780902457e-01 1.222619813180035875e-01 3.186107781316559473e-01 3.336551075191413473e-01 -2.315444472188306346e-02 2.120710716947055707e-01 2.012376187864743371e-01
4.775360363111922357e-01 4.414485302034526493e-01 3.378431560937393829e-01 3.382198336140667672e-01 1.200329198972103217e-01 4.043642103150142386e-01 5.459984106284100358e-01 3.294606349269202372e-01 2.381762071807201064e-01 2.441787126705331490e-01
6.975391444223366655e-01 6.239529607961934454e-01 4.385185603974208757e-01 4.541829640274322455e-01 3.415004466297791863e-01 5.280289476762025647e-01 4.224145163621119137e-01 4.833429576781839154e-01 6.719309969613935785e-01 7.341345835519927920e-01
3.176471023924370973e-01 4.020408646797732910e-01 1.585553799410455156e-01 1.695235926194950116e-01 3.496155525930920438e-02 3.700092379801678266e-02 1.331755901799827613e-01 1.288019842815578686e-01 1.247841170700286495e-01 8.028394085388433632e-02
5.146607070344004775e-01 5.808224817233872406e-01 5.131871919924393399e-01 6.471962680220654240e-01 9.302324849409215890e-01 7.012332727764637452e-01 5.579798419446220237e-01 7.740938429525960895e-01 8.262421875416996464e-01 8.719965988687461422e-01
2.748657880048239188e-01 1.925289089225598604e-01 2.813601464910618910e-01 2.336067132574453364e-01 8.462557147187326212e-01 4.355495576033195926e-01 2.156872693872819990e-01 5.047345793744544284e-01 2.386863956212079974e-01 2.467580636738206379e-01
9.135213369814019213e-01 7.711446033221370788e-01 6.453845244022304861e-01 6.990742826889874140e-01 8.789788105724014589e-01 7.733820267246993563e-01 6.588737096161507711e-01 9.087765107181225988e-01 8.131295453639842963e-01 9.179075761595564265e-01
4.071169915421968266e-01 3.127463630657498217e-01 3.750289620924480150e-01 3.035860709125349222e-01 6.930285980110967303e-02 3.346823856185844326e-01 5.047126107941224404e-01 3.416820615687202189e-01 1.812061606883179909e-01 2.383852450267452683e-01
4.375213985129702832e-01 2.685135968282861829e-01 1.522291065023287371e-01 9.595233052505577898e-02 6.647027614060420364e-04 1.365644723226996371e-01 2.324915700520978623e-01 1.909227031478091530e-01 1.001744029613283876e-01 1.092799134915691250e-01
2.546926225149065415e-01 2.120388802125660055e-01 2.487732441434866437e-01 2.686388567909316349e-01 8.181975603080936521e-01 2.481088520355315130e-01 2.105248128855640166e-01 3.951972590741696378e-01 2.757423832004142761e-01 2.174179769223516800e-01
-2.463997438711740262e-02 -8.586146839682493037e-03 -3.671953601764752634e-02 2.560248781354095005e-02 2.701544684086082046e-02 -3.427632015279054312e-02 2.954836417965358772e-02 8.622424576374904115e-02 -1.640605137341774253e-02 1.626129770068450095e-02
9.869171092488876473e-01 1.043390343367579964e+00 9.671651130793667006e-01 1.058229714077987937e+00 9.694733262338842694e-01 9.947065318719018334e-01 1.015489468533496309e+00 9.851441982551252252e-01 1.013653370828339506e+00 1.012668114754687876e+00
7.905362440825609849e-02 1.767094106037755963e-01 3.658259053578421516e-01 2.774247276130298867e-01 2.159960421689612331e-01 4.097604504422223126e-01 1.830750600920947047e-01 2.474696208683355159e-02 2.096848814651933179e-01 2.048065748825320664e-01
9.708724140622916332e-01 9.953574057249040541e-01 1.112200094657097127e+00 1.066781719916606086e+00 9.608302328682609694e-01 1.011426822112735602e+00 9.782340609313633362e-01 9.731453243994295788e-01 9.807589171035018261e-01 1.033064470536230850e+00
3.476648672918523086e-01 5.016102685886487667e-01 6.105432827947638863e-01 5.573366601599833992e-01 2.314892369556875995e-01 6.802620556971273880e-01 5.427054910899454798e-01 3.577893714753467291e-01 8.371440832026353362e-01 6.482269476678095277e-01
3.139520507559022122e-01 2.601411227425617367e-01 5.880787380796540648e-02 1.378267147399269976e-01 5.821972657190975509e-02 1.096217618196065058e-01 2.843754946185192978e-01 2.377712849163833853e-01 -2.118808994229039178e-02 1.427671694730486551e-01
9.838432662285125918e-01 1.035860402329536134e+00 1.013986620814653961e+00 9.569383351155957840e-01 1.078492445016059342e+00 9.434769081333664875e-01 9.846783623479968828e-01 1.074212466480320760e+00 1.092560586527546951e+00 1.005143656634319926e+00
4.409750909851497536e-01 3.757448953330957964e-01 4.151911560219249120e-01 3.162817327744969487e-01 1.185916562212437769e-01 2.397996951678849076e-01 5.438007459819107492e-01 2.814411054154536962e-01 2.573383904828505653e-01 2.442401701982795381e-01
5.925284094442543337e-01 6.020230522171758913e-01 4.521692474939046358e-01 5.101390208162509543e-01 2.038465445173839041e-01 5.517353474035288086e-01 4.478836917174351950e-01 4.686192189237664563e-01 6.615088991869351176e-01 6.890858674503801407e-01
3.695957397578557568e-01 6.090477446283211194e-01 6.421689820214742106e-01 6.708072201505834720e-01 1.488622126379550159e-01 7.696550320905125586e-01 4.930753160396921797e-01 3.795132933830283051e-01 7.322804410035751443e-01 5.820703443269381605e-01
2.835722185175723054e-01 5.379452821724098888e-01 6.254108253923695848e-01 6.836711597539786300e-01 2.671144514769452361e-01 6.863085359687317588e-01 4.038454171617166244e-01 3.374195841719641042e-01 7.329208001871059253e-01 6.339041403319279899e-01
6.674392510865876371e-01 5.735515209097628020e-01 9.152487509027640300e-01 8.345333647811454814e-01 9.282823298435591841e-01 8.818950696148353252e-01 8.311066333133078077e-01 7.493875634641110617e-01 8.963241038779418135e-01 7.147737045091030472e-01
3.253962246864666175e-01 5.471525217983992384e-01 5.865819214769079082e-01 6.400508600174004137e-01 1.411151073120565647e-01 5.768711317784868120e-01 5.026424408564424962e-01 2.428058814053974945e-01 7.525034675812261042e-01 5.721684394227993797e-01
1.014892659961447618e+00 8.671111841778905704e-01 9.551396440643497021e-01 9.620612906662897590e-01 9.235794630978468867e-01 9.277024023434604638e-01 9.651901352755560826e-01 9.693685338111400762e-01 1.037144855747593741e+00 8.931176824177515794e-01
4.859583348847069106e-01 4.026201695436087968e-01 4.692522338951840011e-01 3.490006317235654909e-01 6.916243262197700747e-02 2.326461477996251415e-01 5.190341889224184824e-01 2.645343557471414586e-01 2.756398257600482515e-01 1.843962547384085382e-01
1.069244105100901177e+00 9.846407185463379452e-01 1.053122425393095085e+00 9.608692520028638828e-01 1.045689779043231349e+00 9.417649753083378039e-01 9.931727850933648183e-01 1.048298745056246206e+00 9.890143878443481418e-01 9.983736285257687193e-01
3.683450417992224502e-01 2.396974598051760941e-01 2.949278415803237574e-01 2.558135043486793325e-01 9.182409331553628151e-01 3.793396071889089116e-01 2.889500299288673690e-01 5.383367342393956534e-01 1.420342925250167865e-01 3.414831067349864968e-01
2.135393731866887523e-01 3.065403466835892043e-01 2.884177821856076518e-01 3.509765131233609781e-01 1.187611232196202904e-01 3.407426106042550362e-01 2.414050755755768884e-01 1.859698242863293549e-01 6.267766878337630576e-01 4.688549610279799662e-01
6.818855627040805167e-01 6.764381685906365460e-01 6.137424605457724169e-01 6.730075601945313402e-01 7.543848657508893663e-01 4.903095812861286706e-01 7.295225396081254088e-01 7.561583268527777291e-01 3.410710188983388513e-01 4.156648644271824233e-01
5.600504575704918775e-01 7.194973384070213474e-01 7.786250581119491532e-01 9.067044057244086908e-01 8.533306178457196189e-01 8.207382485231846658e-01 7.225781089683313008e-01 7.550933942440675173e-01 8.626358218043670423e-01 8.024216476274269594e-01
4.184583816176959403e-01 4.782377600053019373e-01 6.851169500151997882e-01 6.686327845103448020e-01 2.092886902927249548e-01 6.267433050574381381e-01 5.485434707273646460e-01 3.078270971796189803e-01 7.486396404569511942e-01 6.682568580399506075e-01
9.241924712043502188e-01 7.644934526578262002e-01 7.173640096571688440e-01 7.669790021299142113e-01 8.732565438885462328e-01 7.345122271256673274e-01 7.176919583639695954e-01 9.784058210318624660e-01 8.393101850234202521e-01 8.316732726373968765e-01
7.377959458793253988e-01 6.212354598467338951e-01 6.624918713118037594e-01 6.743162913059476127e-01 7.398812763496338540e-01 6.726586831518270859e-01 7.341669952723928194e-01 7.309105393605824785e-01 4.120678665451260603e-01 4.615026277929312748e-01
1.045728097865127548e+00 1.064886531654748225e+00 1.045590064672621722e+00 1.060483811304983925e+00 9.904994344672273243e-01 1.100359672113099041e+00 1.011692633567847999e+00 1.005465370360854260e+00 1.041297261100182059e+00 1.017205948759813516e+00
3.786355971267070797e-01 2.815488556480520432e-01 3.658571887847876236e-01 2.675811318158491381e-01 8.197708528591315380e-01 5.418956048903138534e-01 2.390299029468936354e-01 5.923384823166568669e-01 2.901358315422392087e-01 3.650046853181387330e-01
5.271833512966057622e-01 5.520388614999323096e-01 5.031377612659571064e-01 6.397355664003816500e-01 9.842468161693267437e-01 7.182097083236906876e-01 4.655024607491485278e-01 7.932356107187472638e-01 8.879958354404577925e-01 7.624935818438163260e-01
4.531193790071446070e-01 3.054339629411281787e-01 5.680255803837298556e-01 5.502593795865740045e-01 8.563457042118354234e-01 5.251970581011040640e-01 5.886033411115262348e-01 5.548938576437532078e-01 4.511897752340090495e-01 4.062853443451153734e-01
9.124144017066205814e-01 7.100787525148611889e-01 6.077954007472230469e-01 7.162516247095788158e-01 8.305268277358401896e-01 6.342851419502014698e-01 7.058252155666124850e-01 8.010108935396359486e-01 8.001316938416115354e-01 8.439021685218229818e-01
2.729456757309823289e-01 1.977378433567865135e-01 2.765922205356885488e-01 2.436143288462490064e-01 8.657246945308901820e-01 4.618493606571353327e-01 2.559257601127295501e-01 6.340325017806207608e-01 2.727226674886036317e-01 2.639985652184841936e-01
3.966810921163540504e-01 5.004500845361254946e-01 4.206583992446765730e-01 3.274386815120973182e-01 2.125799910592988118e-01 2.575203633270699566e-01 5.425125644815025350e-01 3.942015095092233357e-01 2.701087534216974895e-01 3.102963478512089091e-01
3.802566794205347600e-01 4.788932597482941644e-01 6.488890348516993534e-01 6.241541684793618927e-01 2.586673443340259393e-01 6.111673911867975262e-01 4.850728504409013708e-01 3.615470600760605224e-01 8.496622673470495268e-01 6.127746348900354745e-01
3.107928167363694372e-01 4.803267076253662782e-01 5.634384434772136130e-01 6.928623168103534846e-01 4.771230940450919833e-02 5.174742562412194546e-01 5.561729158608728074e-01 2.665200555159060736e-01 6.759382623732546058e-01 4.898420993241491828e-01
3.090389682515898850e-01 3.122137642223663523e-01 2.602140965591852595e-01 3.064617327152970860e-01 9.021973225652885064e-01 3.784638650293144502e-01 2.554746684050083205e-01 5.498242065842015025e-01 1.911579658159383299e-01 2.137210981395248899e-01
1.740548819618735199e-01 1.751651754579124642e-01 2.890286844417447321e-01 1.863632573902835043e-01 7.206456696183197730e-01 2.518427612630472212e-01 3.441040684010087669e-01 4.915009499040795538e-01 1.464875809803618256e-01 1.834800703911719788e-01
5.047711659067012357e-01 4.742598656321217465e-01 4.599851861636322647e-01 4.187789875313444599e-01 2.122837979552417431e-01 4.388088030640230341e-01 5.705717275049312365e-01 2.714788357476688452e-01 2.984861393566800580e-01 3.189417665410984037e-01
8.833939605093763525e-01 8.998718546651806038e-01 6.999067594727804709e-01 7.563265051363013969e-01 1.046943465560004727e+00 8.033521530654890164e-01 7.589937528159858005e-01 8.698588354272515089e-01 8.788761107522460314e-01 9.212837726934791638e-01
3.323465628038924646e-01 2.799548815114915046e-01 2.392403113956908800e-01 4.706484934908506390e-01 4.789765306201786144e-02 3.108272118974594322e-01 2.159729652778219766e-01 1.682503679439277811e-01 5.820815897357140001e-01 5.023323545777370613e-01
4.457257360287533166e-01 3.506554506203415356e-01 5.215033114385209112e-01 4.310054404113972670e-01 8.903151426572033511e-01 5.074098707521038643e-01 5.786201854814431167e-01 6.345837669323496355e-01 3.895987287127543053e-01 3.256525682165918312e-01
3.998776431326238057e-01 5.027056357870614001e-01 4.855948898531152746e-01 6.840972759745139742e-01 3.300104256791963619e-02 5.578153876639128095e-01 5.183498724536048652e-01 2.938242327570392831e-01 6.542270738838358302e-01 5.135153542183998887e-01
7.055443491073291051e-01 4.041866902690274266e-01 5.449791006628522672e-01 6.861091428557942740e-01 7.895833469364733626e-01 7.018551610213961123e-01 3.911195344086907388e-01 6.515935728459508747e-01 7.744267158873306967e-01 6.525235960651291078e-01
5.936167233731722837e-01 4.685452019398090862e-01 3.651428882228762163e-01 4.441308465418720153e-01 8.171814617356372157e-01 3.736398202880192865e-01 4.438706973744610540e-01 7.146219066577529366e-01 1.422299187772100570e-01 3.090991937621693220e-01
