6.389408614108454953e-01 4.342201688737307164e-01 4.164066806894736184e-01 7.809439072919132085e-01 5.245768251214141253e-01 4.038127537948187906e-01 6.608820617180506396e-01 4.414836789819736040e-01 3.887914796788767280e-01 5.539519248578606003e-01 6.217309215983286563e-01 5.276067267725406129e-01 4.151123884933332620e-01 7.046899162763708979e-01 6.716278164681416252e-01 4.372080184194654939e-01 4.869290865523038248e-01 5.690682047681414613e-01 5.438901095054732293e-01 6.116896363994890340e-01
5.174941890735614836e-01 7.266662997857470385e-01 6.983918924404542983e-01 8.511815013641973460e-01 6.208313701150975916e-01 6.121520904133369578e-01 4.475884747963470023e-01 7.641948567641854151e-01 8.775204196196042528e-01 6.871257802503687451e-01 6.543398242837009660e-01 6.799317729045275538e-01 7.412971298172756907e-01 7.599093734125629274e-01 6.391386662627595028e-01 6.700173078560150985e-01 6.719998989901316833e-01 7.375940173249858622e-01 4.653679428033374865e-01 7.834069598432333859e-01
9.852077165078066967e-01 1.000000000000000000e+00 9.464726468011225302e-01 1.000000000000000000e+00 9.826686429079873886e-01 9.864384976998558097e-01 1.000000000000000000e+00 9.950013427725833415e-01 1.000000000000000000e+00 9.932413412559479848e-01 1.000000000000000000e+00 9.951926151940257981e-01 1.000000000000000000e+00 1.000000000000000000e+00 1.000000000000000000e+00 9.919055755680916686e-01 1.000000000000000000e+00 9.941088289901869324e-01 1.000000000000000000e+00 1.000000000000000000e+00
9.824874571431657655e-01 1.000000000000000000e+00 1.000000000000000000e+00 1.000000000000000000e+00 9.908490560158187410e-01 1.000000000000000000e+00 9.998872343146247843e-01 9.848008514264090518e-01 1.000000000000000000e+00 1.000000000000000000e+00 9.867298516963010080e-01 1.000000000000000000e+00 1.000000000000000000e+00 9.972129404894810589e-01 1.000000000000000000e+00 9.885812918695284779e-01 9.917564686209717761e-01 9.974707729562730663e-01 9.924236570270816848e-01 9.529453981804443252e-01
4.691349705215299148e-01 2.410187549291722131e-01 2.795011538349220781e-01 1.270661480387389186e-01 3.720720485006080436e-01 3.918876265556128224e-01 5.416319380850688203e-01 2.905136085379859678e-01 1.441868905949708901e-01 3.282050456445146924e-01 3.936450546361833780e-01 3.108445911103462911e-01 2.174120374811265022e-01 3.044080269860937049e-01 3.736938957950699525e-01 2.849698525384475878e-01 3.475722329758233475e-01 2.832516507363263547e-01 5.448072349084776000e-01 2.192343175096723162e-01
4.052180432581865555e-01 5.205104704148523220e-01 5.789501817184434795e-01 2.111861503872652090e-01 4.891572234722499357e-01 5.739265578237778831e-01 3.396246140665913904e-01 5.654268643431272778e-01 6.645987710148548722e-01 4.128402410799981714e-01 3.332313173320194943e-01 4.596598512296281025e-01 6.190085490527095224e-01 2.759235763776228811e-01 3.329010025447341481e-01 5.371970682612334791e-01 5.234772150271840285e-01 4.647373316541471011e-01 4.767991024711393244e-01 3.752843519171886189e-01
4.348740625495429724e-01 2.556395504091185655e-01 2.964018816588750993e-01 1.478873539099284373e-01 3.832409851620547925e-01 3.961613373709436670e-01 5.824380384110861009e-01 2.854966138225311645e-01 1.096351564345001972e-01 3.171272105802663832e-01 3.909956486484243432e-01 2.598896191973195657e-01 2.392382731522528505e-01 2.413699289744449805e-01 3.666412511795109630e-01 3.221803194059116304e-01 3.499257670705607781e-01 2.846981734679148168e-01 5.009030597485683023e-01 2.615143072218742981e-01
5.934446446497836369e-01 4.764451623099922317e-01 3.680871945546660418e-01 8.243932464933790838e-01 5.176959604446700336e-01 4.231419300382873172e-01 6.874432742085357928e-01 4.703582963762343305e-01 3.149768092497821081e-01 5.502522783442597154e-01 6.138928264647027788e-01 5.464237123501883842e-01 3.887639366633880988e-01 6.796501965033252546e-01 6.635306060167742714e-01 4.447742762000260752e-01 4.882829120962057790e-01 5.557624764123250127e-01 5.965388641118112290e-01 6.275564524773749042e-01
6.117170511074472294e-01 4.421552013631634415e-01 3.932782986555430349e-01 8.014715933556687544e-01 4.870807594854610900e-01 3.901156718745393270e-01 6.661426305430564465e-01 4.222088743583459203e-01 2.537179227848022078e-01 5.819521430072558399e-01 6.224309744219385099e-01 5.447240322608155605e-01 4.136863471610571774e-01 7.085384541351207321e-01 6.535585462717249383e-01 4.155013397033103795e-01 5.127713127513442437e-01 5.466330416306275364e-01 6.001449405957346439e-01 6.107788978654973278e-01
7.259137806987262520e-01 7.477414407377042105e-01 8.573263808338571490e-01 3.556155015542249997e-01 8.459389713082314799e-01 9.995206854612741498e-01 7.059389302474321504e-01 8.596003553181534862e-01 7.524071954746973656e-01 6.441261309312490413e-01 7.213806755995774145e-01 7.377992247641247392e-01 7.854617977553224328e-01 5.393225451994880792e-01 6.543909800357423645e-01 8.035769995335533267e-01 7.693901335628843263e-01 6.830334722065165565e-01 8.852286774859835505e-01 4.793001272190836604e-01
2.487632645472824255e-01 2.138393674384449772e-01 1.446993857107056469e-01 6.456934123534191494e-01 1.763026301194707823e-01 3.270317235229106001e-02 2.928776017549483690e-01 1.564710875418900138e-01 2.338181824473717085e-01 3.706487159256957598e-01 2.823743569863771952e-01 2.660453345722017526e-01 2.007646862999943882e-01 4.897208443110413478e-01 3.457042324912487641e-01 1.677308295907160296e-01 2.522657371556382144e-01 3.355129153729063951e-01 1.091451460467251222e-01 5.498940139312609166e-01
6.822919136755549729e-01 7.670873873561318002e-01 8.555520657894044589e-01 3.448712697377083747e-01 8.430424884570045796e-01 8.987554973879071651e-01 7.323881904434588197e-01 7.829752689012858813e-01 8.048379367455875677e-01 6.277770531289593725e-01 7.534314053656384624e-01 7.725847359248341206e-01 7.505022683616217050e-01 5.728702370050816617e-01 6.775753285643459911e-01 8.374273571964827578e-01 8.041639042691981487e-01 6.554183296051790952e-01 8.768602616640637226e-01 4.316635393802144560e-01
6.180103278652071541e-01 7.648483362872073865e-01 7.801854428858164825e-01 8.533504049083396881e-01 6.333834550761247018e-01 6.242391635313390141e-01 5.979801078890981669e-01 7.383226055502368768e-01 8.928507884535179517e-01 7.834219389011063406e-01 6.556067518149883977e-01 6.787507324050835456e-01 8.951902712874638679e-01 7.324685064717305627e-01 6.706011938948375217e-01 7.348729644932752159e-01 7.436330667287350815e-01 8.092385761863037930e-01 5.656061628424320364e-01 9.068814660198761812e-01
5.159412589352754264e-01 3.807574764119040500e-01 3.755412108147749839e-01 7.939071228892398135e-01 4.755365018714390324e-01 3.803174016206138375e-01 4.697047878346393146e-01 4.206944871247871864e-01 2.872600593475392872e-01 4.504401739024465612e-01 6.363933078006936972e-01 5.306823696944407143e-01 2.749873099944483146e-01 7.125138999324599487e-01 6.221513496193737947e-01 4.153294984192908990e-01 4.041650156502935576e-01 4.530011067646269596e-01 4.613259047979118010e-01 4.617052749563282377e-01
4.770597518906865009e-01 5.768504203003327335e-01 6.704183465990528612e-01 2.055641619232238537e-01 5.211313417383147684e-01 5.819953352442771566e-01 5.003766941226419629e-01 5.713146583015291657e-01 7.383310245330637622e-01 5.974482973542194486e-01 3.801792383528951325e-01 4.715175963910914758e-01 6.865990790018596801e-01 3.056353096777325029e-01 4.239826815340995703e-01 5.729088461274832733e-01 6.003025379719461041e-01 5.383433223521318922e-01 5.122471003977784321e-01 5.570021237886775278e-01
8.052037558955555951e-01 7.865014726331518435e-01 9.361568657991019560e-01 3.203236649964049665e-01 8.623685586129608005e-01 9.785971539833915323e-01 8.962892637753456793e-01 8.077633403958748293e-01 7.773772621904938562e-01 7.413022057461426950e-01 7.517377064009157506e-01 7.809371000787150852e-01 8.016601334193158568e-01 5.612956736691578907e-01 7.074061940837388374e-01 8.244804122762235954e-01 8.640838714598076953e-01 7.178612736817576723e-01 9.669567335036403088e-01 6.254495328228527606e-01
5.303845553261595791e-01 3.888917354823243633e-01 3.659897545026855048e-01 8.163722327037015170e-01 4.837044201021169498e-01 4.017899730998599761e-01 4.952011355164989692e-01 4.397047056263487796e-01 3.337055643864532684e-01 4.358331278652554097e-01 6.101399966534597485e-01 5.142436924302602463e-01 2.796191849359450088e-01 6.916208906559816461e-01 6.123289261155261398e-01 4.194760324208078872e-01 3.679433469076247576e-01 4.349837407072209561e-01 4.919443873180192606e-01 4.501184054767065068e-01
4.600910829023213133e-01 2.482474479610429774e-01 3.141225749696661129e-01 1.472713092113289990e-01 3.826979414486684217e-01 4.004101713977190058e-01 5.482985958410424576e-01 2.479452391012493540e-01 1.615628243096147443e-01 3.343450419787827865e-01 3.759258395830118449e-01 2.821663150379503104e-01 2.444378805561684687e-01 2.929781062746184550e-01 4.243552378477465359e-01 3.017148282470636933e-01 3.259015670149460475e-01 2.540127801608367264e-01 5.236033984687723519e-01 2.542431830334355713e-01
5.753517680467241657e-01 7.362946237771064162e-01 6.941417132196975315e-01 8.609654264866384299e-01 6.385353282281501786e-01 5.977827677098372927e-01 4.858327159241729865e-01 7.041199116128170621e-01 8.679105983016840442e-01 7.052183508024696401e-01 6.479584542100444988e-01 6.883290688585167461e-01 7.907369534516274223e-01 7.375492860465467926e-01 6.542956736236289483e-01 6.670185665539326569e-01 6.530656257111281393e-01 7.179297650790086305e-01 4.677624105294235779e-01 7.286152938127985479e-01
4.093254375058124062e-01 2.922899241444660290e-01 3.267851338678179340e-01 1.281907108289097319e-01 4.353163903542277002e-01 4.079081236772316155e-01 5.677517420371607226e-01 2.802231930988166586e-01 1.102980332219133108e-01 3.126594976684938798e-01 3.740286509475288512e-01 3.263892188989417353e-01 2.315747587309747446e-01 2.669473801458510098e-01 3.738272655231998365e-01 3.058906283808590088e-01 3.176806188745577852e-01 2.930844224896172467e-01 5.119400577746211489e-01 2.507898718896031109e-01
1.388647040817633793e-01 1.991223168146655509e-01 9.539073315535774589e-02 6.464517593972420872e-01 1.686499908527885339e-01 2.533299475217445917e-02 1.008342752089233102e-01 1.508101783136484020e-01 1.893795166735124658e-01 2.322362684339406014e-01 2.716875204972125646e-01 2.016745666758710254e-01 1.345208910212541131e-01 4.613841635782406359e-01 3.121826474828778286e-01 1.960105808847973641e-01 1.638950478114497566e-01 2.764196752353370035e-01 8.421938901054887294e-03 3.575343380621747724e-01
6.620210053412304285e-01 7.907255219555567871e-01 7.338335568663301167e-01 8.541393344229285534e-01 6.464002545103191277e-01 5.908068717581321794e-01 6.013864699659020596e-01 7.351951448978536474e-01 9.062876788026115182e-01 8.167445978744489743e-01 6.258916360376757249e-01 6.846240189718996172e-01 8.594799413148485057e-01 7.143626685217001615e-01 7.037552125296726580e-01 7.005732285754912025e-01 7.506143122891839603e-01 8.400383415852731295e-01 5.566666365293642116e-01 9.159878417859698141e-01
4.021261137211593617e-01 5.628757255052495578e-01 6.224715983283896081e-01 1.816273369566784590e-01 4.973725401440677318e-01 5.695364655767359841e-01 3.558309024986690550e-01 5.418670432866961040e-01 6.664269177308482783e-01 4.576993915444981798e-01 3.511655703822220698e-01 4.583919754613412501e-01 5.643838699686576366e-01 2.848450827586622713e-01 3.631608858787752081e-01 5.338854622356054014e-01 5.193586255156071863e-01 4.253747910230463170e-01 4.290946435427029915e-01 3.731841994643718685e-01
5.600357814165415338e-01 7.390054830285578413e-01 7.100298702396991013e-01 8.414844311007446676e-01 6.097179306896158835e-01 5.884461462655026232e-01 4.293397046502976377e-01 7.160308905484624731e-01 8.803350407053784910e-01 6.687291359343057184e-01 6.047655394165170062e-01 6.789908362679856202e-01 7.893236901605950040e-01 7.525791481305097452e-01 6.088607163305155279e-01 6.612672405978493595e-01 6.453577374469965378e-01 6.800385524830303563e-01 4.670199976746022275e-01 7.735383677650681244e-01
8.224762475514758586e-01 7.663172882337668801e-01 8.917212870647865941e-01 3.091644647614870678e-01 8.512935725377470675e-01 9.308262044109921751e-01 8.598610773018563469e-01 8.228671945347210137e-01 8.049916312739029411e-01 7.606120969643761498e-01 7.518212488971400820e-01 7.717462041425376951e-01 8.782103517729904496e-01 5.596384122321488297e-01 6.801006659911162933e-01 8.209317665190799529e-01 8.394080893657840381e-01 7.667311148232085483e-01 9.338004957683587737e-01 6.424680685764462273e-01
5.913269781430779970e-01 7.049727602136189875e-01 6.895789757101496997e-01 8.378022204676408569e-01 6.289943946908923555e-01 5.697970308812049245e-01 4.387282585869065055e-01 7.500862579568093880e-01 8.538995014308199405e-01 7.122751873521916410e-01 6.206129688712499481e-01 6.858880747968810754e-01 7.880574630949719328e-01 7.233048845013723138e-01 6.305265214050700395e-01 6.727738596663809245e-01 6.497314716488453712e-01 6.794244154000208535e-01 4.583570031453944038e-01 7.576369932495130577e-01
3.273932898595656171e-01 2.154978380480244426e-01 2.439993885155037623e-01 1.523082903884337147e-01 3.626781765926078149e-01 3.824646370766715542e-01 4.324752506297945276e-01 2.609470093387414869e-01 1.046682855079392876e-01 2.288915050863596090e-01 3.492375291130367931e-01 2.996071442001286278e-01 1.397438264787213280e-01 2.495484909300425824e-01 3.383346072914446556e-01 2.734498131952942113e-01 2.839798834155416452e-01 2.156294504327927464e-01 4.540411512873777644e-01 6.623252153324793445e-02
8.895046063680859261e-01 9.648100068678336916e-01 9.657626444229852058e-01 1.000000000000000000e+00 9.635835120892105587e-01 9.884359859514703084e-01 8.276734277663345685e-01 1.000000000000000000e+00 9.837385289687460288e-01 8.742364038037498952e-01 9.707022225604758914e-01 1.000000000000000000e+00 8.763784301510563202e-01 9.869051217289546152e-01 9.614720500757892863e-01 9.764141318190929786e-01 9.064791982784018431e-01 8.970773702879083489e-01 9.356410388082858631e-01 8.410979848549190452e-01
4.477457352104670663e-01 2.501689749778422400e-01 3.245799649531767028e-01 1.731451904050608503e-01 4.092154334423450668e-01 3.823768953657050162e-01 5.592890296029903174e-01 2.566177365431601687e-01 9.554288219782196279e-02 3.377197407964586118e-01 3.757340812319952539e-01 3.542519433456394196e-01 2.174487466698767080e-01 2.767785103385211887e-01 3.526543100901930461e-01 3.326630106815884891e-01 3.465068956405935041e-01 3.048312774152229232e-01 4.976071179486374896e-01 2.390134356574855623e-01
2.104114886741155488e-01 2.151851058286278762e-01 1.200539798309997880e-01 6.379975069439055568e-01 1.042111688318618917e-01 5.127416400399695956e-02 6.475405411189069649e-02 1.906926699672596703e-01 2.301499749810291817e-01 2.155280773588537369e-01 2.400548366788086696e-01 2.234252347834965458e-01 1.185754008747701704e-01 4.566303042847050797e-01 2.956061527752095741e-01 1.550747681330438277e-01 1.492167978934605399e-01 2.856089262326730327e-01 5.473041124760551907e-02 3.337487366822408097e-01
3.801388776891928556e-01 5.637300280414254683e-01 6.111675358817925119e-01 1.825567593310260806e-01 5.031707159847552679e-01 5.981224184304765323e-01 3.209714074750760759e-01 5.362305926200543471e-01 6.768248989825029760e-01 4.302782923213311905e-01 3.945144167665846080e-01 4.996941898553836636e-01 5.941598190811201441e-01 3.228973938067013494e-01 3.246441276756830141e-01 5.129357411761702457e-01 5.419837001533327481e-01 4.528357071165081127e-01 4.247367473003070826e-01 3.989134299290693075e-01
4.569806844504434307e-01 5.721812465713300710e-01 6.385675868331555094e-01 2.012903676618658377e-01 4.813759770486111811e-01 5.848491516952701863e-01 5.247299321081015933e-01 5.443397943316619081e-01 6.927816509711155479e-01 6.285455016510291815e-01 3.908454096189843407e-01 4.615850910655951989e-01 7.018573957136359232e-01 2.970463509400397828e-01 3.991742762078321904e-01 6.186897486327176399e-01 6.303401818027274395e-01 5.408016400837999393e-01 5.142211073651868913e-01 5.147439532316043787e-01
5.324616907108038477e-01 4.048347107438660664e-01 3.460729475201438365e-01 7.956942104784466840e-01 4.904482622541871395e-01 4.086777602474057636e-01 5.029026304775320311e-01 4.126004104756231250e-01 2.954406434074764998e-01 4.265573349617582388e-01 6.055146258721775254e-01 5.297449298337255641e-01 2.787876776061287698e-01 7.191218898626785538e-01 5.536943347769340829e-01 4.148111484334551236e-01 4.027061553767413149e-01 4.692431348316659645e-01 4.551803428781254768e-01 4.380187935099868479e-01
4.364439597902528556e-01 2.737270181138728997e-01 2.892051313232467669e-01 1.391717236164473348e-01 3.803867595828042680e-01 4.564376086328570392e-01 5.878028221711590895e-01 2.688287828964341375e-01 1.684397965063129110e-01 3.381934820834529010e-01 3.580930402614056485e-01 2.923540982520549392e-01 2.308429088659153250e-01 2.538976872018306463e-01 3.428020828248597995e-01 3.103329028241253451e-01 3.399655772299494116e-01 2.787039193837393403e-01 5.137694521614075693e-01 2.767307556899407661e-01
4.524148891751112456e-01 2.646640606152845798e-01 2.840776464752547970e-01 1.570880057614363889e-01 3.907980862065190131e-01 4.187847432684733140e-01 5.933233734216294408e-01 2.675576240144842965e-01 1.143018520367580781e-01 3.208193500116522934e-01 3.748644343079771679e-01 3.308367022429417048e-01 1.983714686288851892e-01 2.788935926483839256e-01 3.932417584128357069e-01 3.508283187812279436e-01 3.473868618795539209e-01 2.779930492820487653e-01 5.052569429209484708e-01 2.324858184491657709e-01
5.124542585022402452e-01 4.165744558060867631e-01 3.271032416558265488e-01 8.009897483975328969e-01 4.939855781183029593e-01 4.009971955201619975e-01 5.024023652310540822e-01 4.350566139664177046e-01 2.953173712778980331e-01 4.350290608135981563e-01 6.162039101901342075e-01 4.975871474233419245e-01 2.937387162666295071e-01 6.845090329938487983e-01 6.160924599945981628e-01 4.016606127668073123e-01 4.055863774044169423e-01 4.741468078515445050e-01 4.917098226882316570e-01 4.637351443480153268e-01
7.089588701584621511e-01 7.371887431472986529e-01 8.370482394204067367e-01 3.436882722159391168e-01 8.334948669173868341e-01 9.612680293760361705e-01 7.729075123222617361e-01 8.067192967364567036e-01 7.441301883001807393e-01 6.282793877590606701e-01 7.171990557250642606e-01 7.357997855522366848e-01 7.641966850268540057e-01 5.867655122065089657e-01 6.345692346870797085e-01 7.622469049795249640e-01 7.877015225994974390e-01 5.895409724267394180e-01 8.775212197518800217e-01 4.711573563830945277e-01
4.730805176169743942e-01 5.960540046308614448e-01 6.661626346881495131e-01 2.008029183163140829e-01 5.021148605140832721e-01 6.223846368854121236e-01 4.796300501802907013e-01 5.759042139595703658e-01 7.132395614373264747e-01 5.827957284220627310e-01 4.142840592776003694e-01 4.335130922504049633e-01 7.382762165800530463e-01 3.154192050759355159e-01 3.944833826004033317e-01 5.949500085522027026e-01 6.093552663145621606e-01 5.139446069701912867e-01 5.044475874631708656e-01 5.322000883799160587e-01
1.000000000000000000e+00 9.974041369093636922e-01 1.000000000000000000e+00 1.000000000000000000e+00 1.000000000000000000e+00 9.667266576181976490e-01 1.000000000000000000e+00 9.763807072376813334e-01 1.000000000000000000e+00 9.952385204965137344e-01 9.858799004877983885e-01 1.000000000000000000e+00 1.000000000000000000e+00 9.914044242522367378e-01 1.000000000000000000e+00 9.970736986663668588e-01 1.000000000000000000e+00 9.870627368162470106e-01 1.000000000000000000e+00 1.000000000000000000e+00
7.545897835919960217e-01 7.622765028176768931e-01 8.346035302775646203e-01 3.488140920077470453e-01 8.488607563793933997e-01 9.269798493480585488e-01 7.332374010936265618e-01 8.283117381578652960e-01 7.579222802238931855e-01 6.385910791387001684e-01 7.163895485427146381e-01 7.533920643724492106e-01 7.437755182691991873e-01 5.282970840608689489e-01 6.458762796770112224e-01 8.231021383435817018e-01 7.523527842211426009e-01 6.857467323573609441e-01 8.788498817899819127e-01 4.620875280162539678e-01
9.466368127025082471e-03 0.000000000000000000e+00 2.729155694077689195e-02 0.000000000000000000e+00 1.937579915982417991e-04 3.722604314046618068e-02 0.000000000000000000e+00 0.000000000000000000e+00 2.014576434025161858e-02 0.000000000000000000e+00 0.000000000000000000e+00 0.000000000000000000e+00 0.000000000000000000e+00 0.000000000000000000e+00 5.152678690690092739e-02 0.000000000000000000e+00 5.305148120654730980e-03 0.000000000000000000e+00 0.000000000000000000e+00 1.155579465113048404e-02
4.289059405545747050e-01 2.351990807972891562e-01 2.856936988470040739e-01 1.800767853720406098e-01 3.875472657873797466e-01 4.332744705192632662e-01 5.438323174762785817e-01 2.727124119530253132e-01 1.435282703560645801e-01 3.247698534090215361e-01 3.554036247642592405e-01 3.191041619056801948e-01 1.987874470025166596e-01 2.683819496727196108e-01 4.072952204992144609e-01 3.572496417973677341e-01 3.122190704079269574e-01 3.126808561763498862e-01 5.122318628419352260e-01 2.384161028978479258e-01
5.411036773496811225e-01 7.326212121961566126e-01 7.085881949422020432e-01 8.487992575858970268e-01 6.035125271961008231e-01 6.117978024261434555e-01 4.279891298603209493e-01 7.157105177318378031e-01 8.804778049744486079e-01 6.730707222902252429e-01 6.252921047312365310e-01 6.801610772528019488e-01 7.894166332339690451e-01 6.977905345896470157e-01 6.059573123258638061e-01 6.721040897034217254e-01 6.928252414171413021e-01 7.126241956068279926e-01 4.681272207668009666e-01 7.889988347066626551e-01
4.241819456508676978e-01 2.334601162317241352e-01 3.333426285269151523e-01 9.452006315015037963e-02 3.808357224977057531e-01 4.127216489612633432e-01 5.669609755159350506e-01 2.662905843052337795e-01 1.489554744164399425e-01 3.138026302313487448e-01 3.995140863860618397e-01 3.722137452187926354e-01 2.158975575889705012e-01 2.660281754918733532e-01 3.942338185672653039e-01 2.986789221269704475e-01 3.104146933944526010e-01 2.906827746289783465e-01 4.831147816195822120e-01 2.325769922444339277e-01
4.821103840810190833e-01 5.904966773681933345e-01 6.450691058652066046e-01 2.151250367205103375e-01 5.111234784011391419e-01 5.529718885888597057e-01 4.611557476694851387e-01 5.516378358070548327e-01 6.801596119307009580e-01 5.511927606846417360e-01 3.825446932061457028e-01 4.321277918161224862e-01 7.242645219650662991e-01 2.988328755958886696e-01 4.065513927834800700e-01 5.486483626779958822e-01 6.419552231759055871e-01 4.985112468908986516e-01 5.351684520080302043e-01 5.746736948159528735e-01
7.153869643249574084e-01 7.343107171398055577e-01 8.603887774984627645e-01 3.460244504507422048e-01 8.456724618297494223e-01 9.300369701800098587e-01 7.296017014459625916e-01 8.169328844304291071e-01 7.983159402324205844e-01 6.256063947749954668e-01 7.387173111346376775e-01 7.469529890168905562e-01 7.486443278598351458e-01 5.552905163276533607e-01 6.799919990001218606e-01 8.447053615921860104e-01 7.786590919087414964e-01 6.389699561828063867e-01 8.610267407258168637e-01 4.999733050371050758e-01
4.969712024031983089e-01 6.231917831721239809e-01 6.437230857168979581e-01 2.027165120136032450e-01 5.162448506517191005e-01 5.969543616613185444e-01 4.967962686063751021e-01 5.508363925707044917e-01 6.774612464079622365e-01 5.797014171445658004e-01 3.657768691119002158e-01 4.800614281130779482e-01 6.836719420473168496e-01 3.193387648296147630e-01 4.298511305125643500e-01 5.558960328725246480e-01 6.388189406072684040e-01 5.637046832643954897e-01 5.186001333106338151e-01 5.744728377604518821e-01
1.000000000000000000e+00 9.935511680748628782e-01 9.986848962120767892e-01 1.000000000000000000e+00 1.000000000000000000e+00 1.000000000000000000e+00 9.772829730335379494e-01 9.901853395385709078e-01 9.839272382122040694e-01 9.974375245409938806e-01 9.834206803856450074e-01 1.000000000000000000e+00 9.959624041439791853e-01 1.000000000000000000e+00 9.822002227957066234e-01 1.000000000000000000e+00 9.805928031050361593e-01 1.000000000000000000e+00 1.000000000000000000e+00 9.977502396577105914e-01
6.487553178128321330e-01 8.061747263422085474e-01 7.390722674578131812e-01 8.375924782657692136e-01 6.146040117956054205e-01 5.853316292763295348e-01 5.964879414391038859e-01 7.365642079368052153e-01 8.911320565967761897e-01 7.903484842299455249e-01 6.846432633397572243e-01 7.356074171272307671e-01 8.788831577443836363e-01 7.261035334024978916e-01 7.279517262476558059e-01 7.221817205465217437e-01 7.347153574286494626e-01 8.067531289349265666e-01 5.184769329924879822e-01 9.318843005525188072e-01
5.541414232368512272e-01 4.104974840949519588e-01 3.306368908766804671e-01 7.964346391819293602e-01 5.109835377188551853e-01 4.233116488976053637e-01 5.210295285425667888e-01 4.122285104552307344e-01 2.779863260466491348e-01 4.144433716855684957e-01 5.880220134270996990e-01 5.442414476752488461e-01 3.171407567199229227e-01 7.100745049304988399e-01 6.004760232255719199e-01 4.275367997899901518e-01 3.930346757321952489e-01 4.544678953824400347e-01 4.797230495681302775e-01 3.941610948272449289e-01
5.634777456751526303e-01 7.292443422120230556e-01 6.998004128992684203e-01 8.557264780805543536e-01 5.790720277010608097e-01 5.734112094137873150e-01 4.234078383831659798e-01 7.420950731080788731e-01 8.548501284989901139e-01 6.707992587238085225e-01 6.019693383885917903e-01 7.034344096241000877e-01 7.729228818562101644e-01 7.414669104757969365e-01 6.433534640160698537e-01 7.043696414263472816e-01 6.288479463834408811e-01 6.992108259320336527e-01 4.500626545181092286e-01 7.400056320022261325e-01
9.813302817022541147e-01 9.701663415110962640e-01 9.926866589756320192e-01 1.000000000000000000e+00 1.000000000000000000e+00 9.940616347958498578e-01 1.000000000000000000e+00 1.000000000000000000e+00 9.896803051563622944e-01 1.000000000000000000e+00 9.772308223004513295e-01 9.907704517260761401e-01 9.984868810518898741e-01 9.972155325275221527e-01 1.000000000000000000e+00 9.924660977380778126e-01 1.000000000000000000e+00 9.486309864264375058e-01 1.000000000000000000e+00 1.000000000000000000e+00
9.973855466941402570e-01 9.942930116187310707e-01 9.838223621403963115e-01 1.000000000000000000e+00 1.000000000000000000e+00 1.000000000000000000e+00 9.983555109693565965e-01 1.000000000000000000e+00 1.000000000000000000e+00 9.999479594256328596e-01 9.943696073886394426e-01 1.000000000000000000e+00 1.000000000000000000e+00 9.767569625918607334e-01 1.000000000000000000e+00 1.000000000000000000e+00 9.880516804771809491e-01 9.975284760111026161e-01 9.670628532919194331e-01 9.626187698441813767e-01
1.870555721810641114e-01 1.938147647703278575e-01 1.110718358881090662e-01 6.784070877260551802e-01 1.024815568853627151e-01 1.350655456283296300e-02 1.046431611791285160e-01 1.673987578338418658e-01 1.967238223211803805e-01 2.411913766953512617e-01 2.660502857748840433e-01 2.264085470871202987e-01 1.523441207109255124e-01 4.451505718576698745e-01 2.644022230526117401e-01 1.712269353705556107e-01 1.047358479918908403e-01 2.757783604983067849e-01 6.129021731143748097e-02 3.831837889449814516e-01
4.965174686607279342e-01 3.992416298468209335e-01 3.381058010648907430e-01 7.834518881319636474e-01 4.457999913621681354e-01 3.714738312693187661e-01 5.084761285644695539e-01 4.438186478012021707e-01 3.152882437352789724e-01 4.497860948408809456e-01 5.872269602956204926e-01 5.238165985277067893e-01 2.765832657148115659e-01 6.835480919014695900e-01 5.742230272616805076e-01 4.440029047288294728e-01 3.614862323134427902e-01 4.809400538010076276e-01 4.762594472640157006e-01 4.292218193754990252e-01
3.583020062373820647e-01 1.883740262952159072e-01 2.295100466972315456e-01 1.593236899309195820e-01 3.936785750761422897e-01 3.769733957342603636e-01 3.933266278341454592e-01 2.640441433596850129e-01 9.590845110995839529e-02 2.044221817559673249e-01 3.427856477845473981e-01 2.912086754217066420e-01 1.487761601821568080e-01 2.676300095298940751e-01 2.957647661616388257e-01 2.794778435666611660e-01 2.509634868808904296e-01 2.110427640198863364e-01 5.078320112183488666e-01 4.807140941572065479e-02
5.615864399115509942e-01 7.214221258596212882e-01 7.124063583385698006e-01 8.429454289248540233e-01 5.795291153105537330e-01 6.168585907340746743e-01 4.363067936612272657e-01 7.594713505446029078e-01 8.329181073139189095e-01 6.801011580815828905e-01 6.215107466746201403e-01 6.885034638824462094e-01 7.859668455223728367e-01 7.247224679387406221e-01 5.764971879414032552e-01 6.862065103459342730e-01 6.913093075336100846e-01 7.324138864259150949e-01 5.275378081354064053e-01 7.680623584190415798e-01
4.392349071838486108e-01 2.889432141663799136e-01 2.992768711244990221e-01 1.763472142806770671e-01 4.091855820068693861e-01 4.066967964098890942e-01 5.967840375833000088e-01 3.185956493302624648e-01 1.310308777681651049e-01 2.928005782061238182e-01 3.700526869651639128e-01 3.160756935335998774e-01 2.280679840800592384e-01 2.602670506729089506e-01 3.726042047425541792e-01 3.537115239790692978e-01 3.631908834505295225e-01 3.019441172178631283e-01 5.328899759367005107e-01 2.432263391478041992e-01
3.437809725093892155e-01 2.069922880373116503e-01 2.297890877326474457e-01 1.446741268455328244e-01 3.469150253324590483e-01 4.059579474136403299e-01 3.794738218655879236e-01 3.019889821095292359e-01 1.010538880727187283e-01 1.962570304030979706e-01 3.696275978695706121e-01 3.166505889684007591e-01 1.411704117338929421e-01 2.559468458890275522e-01 3.368525861425131218e-01 2.937930353616503565e-01 2.270022131637712270e-01 2.061479984268421162e-01 4.636258026858384174e-01 7.570812896773490563e-02
1.433389641104112489e-01 6.442028302216122604e-02 3.303802421811027901e-02 0.000000000000000000e+00 1.884169725616202662e-02 0.000000000000000000e+00 1.523183925935830685e-01 0.000000000000000000e+00 0.000000000000000000e+00 1.441278808246043708e-01 1.517924534595064927e-02 3.962730364772766578e-02 7.951208487799638069e-02 0.000000000000000000e+00 6.328167457344162361e-02 2.665106152946172813e-02 1.368700109056355252e-01 1.261754078688813174e-01 6.023388823781729295e-02 1.524230932278726469e-01
8.539835642039997898e-01 8.255808811142728576e-01 9.090691433168902602e-01 3.416248243117478989e-01 8.908507976228826619e-01 9.404498197852065866e-01 9.248479239950700981e-01 8.233356150775368310e-01 8.101440268452964055e-01 7.693592745736703709e-01 7.519666344578299633e-01 7.616261242022340783e-01 8.535336076410280359e-01 5.406970819417913354e-01 7.059831833325115324e-01 8.861817747121734090e-01 8.473656966030097548e-01 7.490177916603835140e-01 9.379191974307032886e-01 6.585430138685375301e-01
3.569362132614078420e-01 2.047586647902907842e-01 2.230727797246121191e-01 1.572028379360869144e-01 3.587109147813830057e-01 3.755638891423881964e-01 4.225977092443377603e-01 2.623822680470675461e-01 6.827384335612303456e-02 2.344152394856855448e-01 3.449761059264729313e-01 3.075227131715507212e-01 1.419153788221999279e-01 2.569968456927463896e-01 3.340395752274350483e-01 2.880060290814950852e-01 2.308191785890758851e-01 1.795353665757287442e-01 4.550671908052822956e-01 8.221674126678797656e-02
9.681237101453610272e-02 5.625061781647403697e-02 9.202674891922635325e-02 3.037439703293270607e-02 4.952945563857891892e-02 0.000000000000000000e+00 1.480426437878163137e-01 2.661935008674351164e-02 5.148716735292420410e-02 1.246327832413459819e-01 3.314582520033977631e-02 3.734353802309020587e-02 9.897989270155284347e-02 1.191769982901727705e-02 7.636280560827993225e-02 4.358481792050450387e-02 1.193751542383685721e-01 1.196648412699302250e-01 8.831369816685148699e-02 1.454595196042947070e-01
5.397896090522071866e-01 3.856760527724915066e-01 3.235264929483679941e-01 7.943956619954423148e-01 4.795700452284381576e-01 4.348433528275691407e-01 5.086752484004509745e-01 4.333576950338937639e-01 2.692125985219507300e-01 4.364258547149563738e-01 6.084358865404313477e-01 5.368164122672740568e-01 3.001929626424860165e-01 7.028357906440648728e-01 5.933644688438310943e-01 4.452204533533423159e-01 3.908080265288950139e-01 4.702576496233567549e-01 5.208003898629253170e-01 4.612476101054062694e-01
6.254714908240377458e-01 4.808269472511275122e-01 4.109250105629035921e-01 8.217960640883870127e-01 5.381605934545842240e-01 4.203455993451858941e-01 6.166793290651878534e-01 4.332424896320396512e-01 3.041964407744705001e-01 5.218413464278323088e-01 6.201931816805356101e-01 5.587226719465252511e-01 4.053077510756130653e-01 6.966690031438603770e-01 6.738440726484152821e-01 4.661594483239839826e-01 4.825200627389698571e-01 5.556257417318489766e-01 5.453787526706703748e-01 6.247751850273651764e-01
4.736725715618558125e-03 1.918848309259953925e-03 3.394734608507389822e-03 2.884354828614131214e-02 2.106115181612984097e-02 1.121915954374349406e-02 0.000000000000000000e+00 1.626663899553522016e-02 5.530784668587482994e-02 1.492507608653197843e-02 0.000000000000000000e+00 3.602452864338614048e-03 0.000000000000000000e+00 0.000000000000000000e+00 7.078723453338435501e-02 4.893943990918658837e-02 2.125957673532664904e-02 0.000000000000000000e+00 4.714239766233620232e-03 1.925994102156706534e-05
1.000000000000000000e+00 1.000000000000000000e+00 9.824210212992737778e-01 9.979266563579028970e-01 1.000000000000000000e+00 1.000000000000000000e+00 1.000000000000000000e+00 1.000000000000000000e+00 9.877671189404448882e-01 9.948852908910964521e-01 1.000000000000000000e+00 1.000000000000000000e+00 9.958736062809293577e-01 9.827934244444342937e-01 9.836493635053198403e-01 1.000000000000000000e+00 1.000000000000000000e+00 1.000000000000000000e+00 1.000000000000000000e+00 9.546667112946904954e-01
2.241803832544805308e-01 2.067170098363072250e-01 1.137882582122199671e-01 6.606190484718947875e-01 1.206830426178250454e-01 0.000000000000000000e+00 1.209304408421992827e-01 1.526155790635863874e-01 1.890123476681841441e-01 2.448317139199428505e-01 2.555836790495560340e-01 2.145286736703857500e-01 1.642102860845424117e-01 4.345901466249503797e-01 2.728637844976890547e-01 1.592864388976051870e-01 1.405968648566071622e-01 3.078668051326918786e-01 4.130488968056550414e-02 3.654702051161455301e-01
6.540931647223271472e-01 7.714959437697826994e-01 7.865067889769896681e-01 8.399302427780246383e-01 6.397121846100939369e-01 6.156638700843456435e-01 5.760028251179155623e-01 7.383853606967420991e-01 9.311614199280082715e-01 7.561900881586605117e-01 6.607892932312195988e-01 7.421601564136406370e-01 8.826381884700574831e-01 7.395069933501433601e-01 6.864492805638074957e-01 7.696824480279818026e-01 7.416044423118901552e-01 8.177505412523077277e-01 5.474479866865556987e-01 8.985949239975862257e-01
6.303191851291164438e-01 4.704836441876341091e-01 4.067636047506850150e-01 8.114386821725542154e-01 4.831802249302830643e-01 4.189587803117769127e-01 6.920933772114328253e-01 4.532599329051316128e-01 3.778473236950677938e-01 5.566947424912092046e-01 6.316313024007095267e-01 5.576082377237635557e-01 4.254638458686044733e-01 7.085675690072215094e-01 7.046579505815330213e-01 4.477010998774820227e-01 5.224962857334141120e-01 5.467525202960815678e-01 5.572467080624710078e-01 5.987537361351963350e-01
5.545126112606219015e-01 7.206975391929619779e-01 6.754892470716553632e-01 8.544347753652180577e-01 6.218567137583418392e-01 5.805710434011783772e-01 4.413482294519502913e-01 7.412813926350279026e-01 8.536682794847934019e-01 6.613216034265814169e-01 6.446576062270620300e-01 6.645503155763569092e-01 7.595804838616161403e-01 7.247874557700381137e-01 5.949530953112744935e-01 6.978393378417816484e-01 6.627976311353968031e-01 7.422727265966549970e-01 5.091405488038345251e-01 7.932678724656999636e-01
3.388920764548878917e-01 1.961143592767640165e-01 2.135065942550951612e-01 1.481581533833185860e-01 3.262965832608347716e-01 4.106273614845660780e-01 4.059743338000971202e-01 2.495743867264908489e-01 8.984577797387355291e-02 1.922530952210842192e-01 3.048355256068693286e-01 3.042847218105793616e-01 1.546153256796836961e-01 2.546659614946413797e-01 3.456109753566552478e-01 2.869271837945867598e-01 2.561757860106510520e-01 1.792116227598259670e-01 4.242460353812972373e-01 7.419102289075202306e-02
1.683165559630267205e-01 1.635651800024237046e-01 6.259039228928159337e-02 6.331558782668184060e-01 1.167143091226590934e-01 1.225152004072786911e-02 9.386790309726583681e-02 1.562058907013672837e-01 1.769273403837950953e-01 2.600107406353738271e-01 2.325517669252490094e-01 2.325970081776430609e-01 1.622749701956880675e-01 4.442019583807984562e-01 2.724652334360570527e-01 1.524944146194842087e-01 1.329196261827860215e-01 2.456112064807837725e-01 4.488378106581241561e-02 3.816994649552209462e-01
1.605236371673758322e-01 1.738008347651298635e-01 1.087930318453813050e-01 6.315455924704990176e-01 1.452923307665231756e-01 8.792164888691410274e-03 8.057950318651684041e-02 1.741275698386152149e-01 2.015738658826483065e-01 2.275588789496832687e-01 2.955847129367222825e-01 2.621457483510999387e-01 1.271416050427257582e-01 4.775640907770858923e-01 2.989660992308241783e-01 1.945810533451035607e-01 9.965468659253255701e-02 2.751857084877211701e-01 9.959089980350090132e-03 3.914677908102315862e-01
1.122092293642396044e-01 5.671577935656717945e-02 6.476648333529838597e-02 0.000000000000000000e+00 0.000000000000000000e+00 2.953522469184820254e-02 1.551685763047902511e-01 6.524494380402152960e-03 2.527058159234830959e-02 1.325547075187120949e-01 3.334026359903635717e-02 1.579078735675129574e-03 1.121962321261805173e-01 3.065305570954561867e-02 9.931669416829749797e-02 2.378804153979561381e-02 9.152079680463696965e-02 9.589647228539699420e-02 4.626287274773936697e-02 1.442975260148727790e-01
8.920585775075766666e-01 9.541523363290167481e-01 9.534073325404268662e-01 9.987910843401015537e-01 9.508067905739097103e-01 9.794924380835146049e-01 8.533156581930633200e-01 9.788196428647122360e-01 9.191608609810366648e-01 8.641624841172623750e-01 9.888310842937795275e-01 9.942441464630153991e-01 8.882934285816966868e-01 1.000000000000000000e+00 9.149140882030580846e-01 9.101041655850852230e-01 9.194561992427099373e-01 9.004345757127740768e-01 9.107346434560515958e-01 8.336808877796905159e-01
7.095355520634173407e-01 7.814990841580339298e-01 8.680833684945997719e-01 3.450001559154998731e-01 8.257530406972354298e-01 9.303013212821429345e-01 7.372242935371488004e-01 8.258775863197245215e-01 7.872806209081132378e-01 6.459942011961344877e-01 7.251566824803206135e-01 7.805836710778876197e-01 7.534795601599252324e-01 5.583746303524220744e-01 6.604423672072199381e-01 7.962273219935958046e-01 7.579679655700104490e-01 6.043821486104400398e-01 8.602430066131645514e-01 5.028025422733596317e-01
3.214419293977772152e-01 2.265953144174923661e-01 2.763865974822899974e-01 1.468249309291539129e-01 3.583600087100650144e-01 3.745352828131240930e-01 4.343732864149076334e-01 2.644210756553107000e-01 1.023231583031301295e-01 1.909998465693184821e-01 3.566231765342655069e-01 3.048936613759197778e-01 1.533371513680592269e-01 2.199647632747375181e-01 2.976269033343206249e-01 2.768695496286676661e-01 2.599325223286861886e-01 2.101264024536709241e-01 4.363780897098785694e-01 9.077634430203886107e-02
5.298192948206617015e-01 7.259812238294937048e-01 7.120096645013344050e-01 8.370100028396496583e-01 5.851187189401065858e-01 5.937646935873087672e-01 4.433104592766607954e-01 7.151522975705546514e-01 8.261676043824697224e-01 6.832996640918103104e-01 6.156706917554761738e-01 6.849677635238679008e-01 7.691932600040428669e-01 7.564628728211750808e-01 6.389591737594282339e-01 6.628742578416479958e-01 6.305154007929490989e-01 7.073316904619828538e-01 4.565427889862397337e-01 7.671128497834086568e-01
3.497287187742175729e-01 2.277592773527710723e-01 2.312883335809109708e-01 1.151732126617849156e-01 3.673695929629013923e-01 3.906320077106506528e-01 3.965450894983450492e-01 2.745507048755603252e-01 1.252808533075283615e-01 2.096987381323168753e-01 3.433979397169810710e-01 3.015327336424142302e-01 1.261411410198550742e-01 2.714623558098379630e-01 3.068749052818471879e-01 2.802219967848185722e-01 2.366132893517799152e-01 2.101122013464005456e-01 4.833468676939970399e-01 8.916070836899545049e-02
3.584693263520390971e-01 5.418012118910154884e-01 5.910324123405017449e-01 1.889617694486797894e-01 5.122794139237287769e-01 5.773827193523491941e-01 3.358667537556714877e-01 5.596328798458914955e-01 6.483445449636311420e-01 4.305288625012366199e-01 3.572148449360109113e-01 4.506284963200800631e-01 6.215700996577248061e-01 3.006866711987634111e-01 3.679878665124195480e-01 5.190093332505100188e-01 5.170442163246665723e-01 4.680337135583600983e-01 4.432473637522727494e-01 4.028824635731639847e-01
4.939525314786382126e-01 6.278849492207255745e-01 7.005328519225336725e-01 2.060763765018917004e-01 4.948423571763956308e-01 5.603969111511744039e-01 4.615526385398161513e-01 5.766475295531990897e-01 6.721934328341375720e-01 5.401362945385884684e-01 4.066590676497089940e-01 4.698235110148085703e-01 7.081576770102946394e-01 3.109077875793879175e-01 3.668850802960968993e-01 5.839244132065600779e-01 6.111158875134411472e-01 5.698683822590303594e-01 4.908473209208287780e-01 5.816119413028234542e-01
3.347760983715707961e-01 2.166054320727597016e-01 1.878265914151520111e-01 1.760607071860152417e-01 3.619796468606171214e-01 3.857906041850786005e-01 4.032020171635414263e-01 2.712006160416946532e-01 1.188159341259015095e-01 1.856208704911815610e-01 3.441573582969696954e-01 2.915259196038731959e-01 1.482969898758883520e-01 2.646329209967384077e-01 3.212813117574168098e-01 2.520585660816234697e-01 2.580994781102970981e-01 2.378531605181283259e-01 4.627891434021871864e-01 5.675478919643370951e-02
4.118887838250850919e-01 5.738328660673303050e-01 5.928865700662598881e-01 2.181771220766825226e-01 4.632684289852271320e-01 5.466667680467397483e-01 3.049235770400707812e-01 5.758272198561867894e-01 6.852162015176532783e-01 4.624486346221298727e-01 3.439252632197760118e-01 4.926886191270172799e-01 6.224728584578288482e-01 2.987700516218678159e-01 3.153003218350308723e-01 5.523529463613047197e-01 5.380791231629468152e-01 4.592124194770767498e-01 4.599149749680127575e-01 3.912051178519948547e-01
4.872871587926068115e-01 5.876379252736710912e-01 6.681359102597194122e-01 1.979301306193243237e-01 5.009466817141419170e-01 5.806359609138912470e-01 4.820416161196636184e-01 5.801475906904087765e-01 7.000002168947579984e-01 5.725841029665508231e-01 3.736199159511465751e-01 4.952663855602058574e-01 7.233902468731486790e-01 2.810710802519422180e-01 3.655675908752190617e-01 5.890109396828866473e-01 6.396976064973001197e-01 5.563332774077333065e-01 5.038629167933242892e-01 5.644548011440450042e-01
2.065560326501033328e-01 1.831635233242424610e-01 1.195261120603355459e-01 6.670382328376931458e-01 1.087460024199077002e-01 3.798899724091044094e-02 1.218940538397548928e-01 1.306152853090875032e-01 1.909382838761063961e-01 2.361015743205859829e-01 2.503480407403635422e-01 2.047707202458003140e-01 1.516929592429328844e-01 4.665793628811107929e-01 2.908476249828461646e-01 1.651785412857448843e-01 1.295727741382254328e-01 2.598448341981748899e-01 2.065841859943604725e-02 3.775438264011549139e-01
2.549397984171396514e-01 2.192526300065377187e-01 1.836418922591543379e-01 6.560576982271951740e-01 1.301199545478968767e-01 4.728771310942501277e-02 2.668479141278395361e-01 1.889806250026219159e-01 2.015419733194139251e-01 3.794305667200347232e-01 2.517814398191539627e-01 2.715534635177316303e-01 1.950562674508987682e-01 4.312263662669656439e-01 3.385530885928508260e-01 1.725418613240344845e-01 2.655386323565470108e-01 3.584399411927924883e-01 1.214381528372996399e-01 5.202630966946248936e-01
5.546643019730832513e-01 7.459359635459701376e-01 7.005885042853848832e-01 8.302742316724730509e-01 6.211754290141768831e-01 5.882163855203601521e-01 4.002509985082353117e-01 7.230717022527903826e-01 8.469936372398898516e-01 6.853358482386755490e-01 6.467334047076720438e-01 7.126357628913232434e-01 7.741101049726452077e-01 7.200176236538426977e-01 6.087461118469447152e-01 6.853794548421848765e-01 6.381114523603458322e-01 7.448111226789494443e-01 4.560330685364874514e-01 7.383440459690349122e-01
5.196789476845325995e-01 4.311474120050801662e-01 3.580763083974169425e-01 8.210545445265765574e-01 5.392453186299058787e-01 4.256527222305228619e-01 5.217291326029338538e-01 4.191108921571249368e-01 3.070343824856937021e-01 4.204357671786697059e-01 6.092169789198539354e-01 5.588911897448369803e-01 3.403864575677791882e-01 7.164954640054926882e-01 6.100860368007400281e-01 4.143194919102296536e-01 3.916605257133880524e-01 4.826608753599100909e-01 4.952900878479807312e-01 4.301582385839478051e-01
1.993747308013662234e-01 2.083949193727147042e-01 1.112030128273889668e-01 6.347830632223235847e-01 1.452787811464515966e-01 2.540409224225267937e-02 1.004310061424017603e-01 1.877278748155438437e-01 2.097669622020474356e-01 2.414702776706388332e-01 2.526997598742594664e-01 2.221310223163490694e-01 1.433182115813424196e-01 4.657033986636968104e-01 2.808800551738858675e-01 1.627280848434631277e-01 1.401210380541541567e-01 2.636438122347022350e-01 3.756884108794941030e-02 3.600680307191482243e-01
4.826169010387584835e-01 5.763245717073460783e-01 6.802731154373892197e-01 1.827761932261645073e-01 4.892341704834409222e-01 6.076898881249196416e-01 4.660436930993459015e-01 5.644422894091818410e-01 6.997959700920991510e-01 5.694235706992019086e-01 3.709500687328390334e-01 4.561605286282192084e-01 6.856011353702351485e-01 3.139380092313757142e-01 3.812951163114524089e-01 5.741318787557527781e-01 6.277943514053955232e-01 5.195969947178089576e-01 5.121217273038187745e-01 5.393867052822710617e-01
7.318349774263003260e-01 7.711899212379164092e-01 8.303161777177818781e-01 3.626587692629846260e-01 8.479514303767199390e-01 9.312486326726301389e-01 7.162230101302361485e-01 8.234213874928164589e-01 7.629017347258880699e-01 6.482690569012963255e-01 7.364872518905237753e-01 7.670157982117739026e-01 7.776394325860818135e-01 5.520753239978194449e-01 6.397118915989717935e-01 8.041783782368961964e-01 7.806092759811308346e-01 6.291674341443055374e-01 8.761815299488513453e-01 4.570268354935453359e-01
5.221138111585181818e-01 4.461259071278832478e-01 3.683861356283238964e-01 8.060917607805299090e-01 4.726048660815617697e-01 4.206311656678894395e-01 5.192689520591704522e-01 4.434314107370249114e-01 2.928274814808764503e-01 4.625220762077576486e-01 6.390416020502743821e-01 5.418353624281611047e-01 3.037173691839061274e-01 7.111890083852697719e-01 6.019186288633215920e-01 4.214081971200513976e-01 4.097503860500264494e-01 4.590849045415872909e-01 5.298466075511153450e-01 4.156007343155329048e-01
1.000000000000000000e+00 9.984889605491037434e-01 9.678839455011388759e-01 1.000000000000000000e+00 9.854077055658352347e-01 9.882424727984810975e-01 1.000000000000000000e+00 1.000000000000000000e+00 9.865492414107267516e-01 1.000000000000000000e+00 9.784486996030711259e-01 9.805161356445719623e-01 1.000000000000000000e+00 9.722327835608617352e-01 1.000000000000000000e+00 1.000000000000000000e+00 9.897395204404255686e-01 9.487753860180530019e-01 1.000000000000000000e+00 9.995456547457239882e-01
5.660564715975577865e-01 7.028358030951211699e-01 6.986406034945499277e-01 8.801086377573448249e-01 6.582758684540902516e-01 6.017992973224804976e-01 4.409127219610028403e-01 7.090482114439305983e-01 8.562812226893515843e-01 6.238573062012551240e-01 6.301329528833746751e-01 6.936761867344091170e-01 7.674093611546078941e-01 7.341183977693556129e-01 6.359214184713189999e-01 6.928897731659731107e-01 6.937931939639900847e-01 7.367164109950795625e-01 4.620025911473733538e-01 7.413906570474252389e-01
3.790888683600726061e-01 5.340743327104120475e-01 5.890135530866366098e-01 2.101709219748472413e-01 4.923921611525391984e-01 6.136445244704413771e-01 3.360750829379974824e-01 5.640341617291322329e-01 6.205286253299513444e-01 4.383076779769839448e-01 3.636909829688381723e-01 4.653608873450758021e-01 6.080339618491308329e-01 2.811454215839920279e-01 2.975506287442641895e-01 5.443105627474696950e-01 5.482766004624406442e-01 4.245329924204738203e-01 4.472784879436236816e-01 3.724322472092392866e-01
3.630172101777501270e-01 2.160226764756585371e-01 2.491685396427919530e-01 1.458942498772342611e-01 3.506646567893015876e-01 3.847805141287652386e-01 4.330378786740588515e-01 2.510057189650812259e-01 1.206907329529526840e-01 2.019852931439714283e-01 3.424975331892890495e-01 2.802436408950336744e-01 1.448149707112974804e-01 2.669067550558663626e-01 2.858330759264166021e-01 2.531471089480961667e-01 2.370864946608380874e-01 1.904345045467401021e-01 4.492321400745054039e-01 7.349320009314441737e-02
6.602837460307844353e-01 7.466372655371370515e-01 7.681595433152381691e-01 8.355846363325465376e-01 6.864610039622751625e-01 5.670219134286919038e-01 5.597596419522491429e-01 7.520340638568976388e-01 9.114489055430053943e-01 8.305657868780805808e-01 6.380416776866397743e-01 7.045756679920672783e-01 8.799653208246981384e-01 7.689512632881209120e-01 6.671586949978997039e-01 7.132233009676960389e-01 7.363422542588841102e-01 8.167589029430044612e-01 5.677874632200439198e-01 9.168207981531931727e-01
7.943362670236336909e-01 7.783419723164417547e-01 8.965049807260888626e-01 3.748754461809163385e-01 8.931178347831268960e-01 9.538603943343366698e-01 8.905133104038694958e-01 8.467589889127004055e-01 8.247138673316853907e-01 7.946538463365653282e-01 7.579692905532580127e-01 7.471176502677001618e-01 8.188328619430061961e-01 5.284141404008466658e-01 7.181546596812755645e-01 8.380140129690940576e-01 8.500277351783509516e-01 7.439179551885555242e-01 9.483233342105180652e-01 6.465652630105208631e-01
9.007130346467666637e-01 9.293744260579995808e-01 9.435090821654463777e-01 9.816393259822105977e-01 9.875798360660089648e-01 1.000000000000000000e+00 8.300491457548460073e-01 1.000000000000000000e+00 9.840475602686110657e-01 8.606643532997867441e-01 9.675813098976843163e-01 1.000000000000000000e+00 8.985294041254443531e-01 1.000000000000000000e+00 9.771710691665185244e-01 9.534922600191569897e-01 9.213392050879252171e-01 9.394816989857127654e-01 9.434708932266639980e-01 8.343714619117590381e-01
