1.017190624783165021e+00 9.844987153442030792e-01 7.089811696769852123e-01 1.026308089717500982e+00 7.105609864880075843e-01 7.704414185808027282e-01 9.625761576579926482e-01 8.853141986566790411e-01 9.889869294820766710e-01 1.005493283051176467e+00 9.051761720686094526e-01 9.126096723516272657e-01 9.891440640454389754e-01 8.693938479877477699e-01 1.017646974173332497e+00
-2.233448883018268605e-03 3.860334280709976779e-02 2.386750127368884866e-01 1.873619678272033309e-02 2.990451917916497893e-01 2.245156096901302634e-01 -1.929974554882375043e-02 1.157970357314462018e-01 -1.622031379525326611e-02 -4.321990293464696500e-03 1.030029471627985083e-01 6.137978306202503120e-02 1.627700870513482806e-02 1.161592735964414452e-01 1.235219159293326346e-02
2.857943352455162844e-01 4.319221760125108167e-01 3.882497955223187386e-02 5.678593833877843000e-01 2.988119431442150531e-01 1.336536975195382615e-01 2.998418904187458711e-01 4.715070696423790952e-01 4.201535469354026331e-01 4.191628329954546484e-01 4.019048280468666134e-01 1.416114640951013637e-01 2.393789254193314231e-01 3.448349109858938055e-01 5.280961406533297708e-01
9.624775747686442617e-01 9.963194425106941532e-01 9.784021875826786063e-01 9.496475725987362226e-01 1.013488351729167958e+00 9.896874731391929192e-01 9.726785745949331208e-01 1.001330984228620657e+00 1.001231576969453974e+00 9.677285353130167245e-01 1.010988843531748449e+00 1.021204830403202202e+00 9.888150498564990398e-01 1.024368815801475430e+00 9.777719312056709633e-01
3.166527124908954938e-01 4.636368358758835018e-01 7.844190448257755410e-02 5.368099435238632422e-01 3.274366717935541238e-01 1.593616750116083058e-01 3.558949080615758653e-01 4.984295634264639951e-01 4.589983443383985340e-01 4.486885703760307154e-01 4.007509441855529042e-01 1.814045790420881488e-01 2.936629623739890338e-01 3.936459296288764564e-01 5.529044422734846753e-01
2.783247800979934961e-01 4.682377504636574539e-01 5.319457735322181968e-02 5.208130629782372623e-01 2.961987966768524494e-01 1.319936807764713338e-01 3.056666831593405909e-01 4.524975270646426351e-01 4.285697500793775316e-01 4.333768288139837055e-01 4.312561679781611867e-01 1.828814711549989758e-01 2.655559955406170403e-01 3.524844560492272350e-01 6.062673001005195461e-01
7.004530276701262936e-01 5.788809171797457687e-01 9.170558850254580951e-01 4.808808669959646065e-01 6.653130593434495310e-01 8.595157308184752099e-01 7.026517061349576432e-01 5.358384037621106710e-01 5.492386883904101236e-01 5.528621950602956581e-01 5.717152923541842791e-01 8.223111221013604810e-01 7.181279903863629910e-01 6.727986334093145615e-01 4.721000681844738645e-01
5.249846936820597165e-02 4.483902375745064950e-02 2.633423521621143237e-01 1.067152634042359272e-02 2.997468029640598108e-01 2.510610691559965191e-01 4.470657489704020493e-02 9.029983480398846851e-02 -8.314819861605834625e-03 5.424947917960201184e-03 7.678099795068246691e-02 8.898716796304705079e-02 2.694907660372012487e-02 1.092715641489172829e-01 6.187985669102272213e-02
7.236661110177857736e-01 5.327424328038440349e-01 6.797718961891635603e-01 4.614892856947696020e-01 3.736326319913718108e-01 6.808140089777520165e-01 7.110224712911039635e-01 4.056633724625408055e-01 5.722365075407637169e-01 5.448119905288274500e-01 4.920139904552853771e-01 7.530188026923712030e-01 7.625158572957367875e-01 5.316480656653286285e-01 4.374239743113699230e-01
6.842568041619205843e-01 5.161715668075922414e-01 6.903734096375613305e-01 4.599650498311979030e-01 3.797355064447763828e-01 6.373737975857469706e-01 6.675356552316284997e-01 4.042880759274925517e-01 5.560178352916018696e-01 5.796488933038461688e-01 5.311033684227114415e-01 7.544009993501884503e-01 7.295804849468171538e-01 5.232569455515607704e-01 4.228619288380724983e-01
7.062649981725489523e-01 5.552435989864508148e-01 6.862478907468554379e-01 4.475367372094301577e-01 3.953279713752154700e-01 6.608359270748088710e-01 6.644403554472295692e-01 4.454613917638290954e-01 5.872382001430027643e-01 5.623483155577370107e-01 5.355259540392112161e-01 7.631905163100978218e-01 7.031378936606236252e-01 4.979248123481584409e-01 4.223825492087272537e-01
1.022959144469115955e+00 9.785815244731537188e-01 1.012661485344309442e+00 9.789076004963814803e-01 9.866304851586077396e-01 9.993839022456083576e-01 9.847361289698446374e-01 9.592531859356904222e-01 9.847822304017693762e-01 1.031017629035596572e+00 1.008467275194093293e+00 1.025724826663311440e+00 1.001193422784014686e+00 9.948700457978656431e-01 9.859787740863514838e-01
-8.137022530458087877e-03 6.643835549915673606e-03 -9.387441177798352271e-03 -2.550592323304218950e-02 1.639164933604778454e-02 -1.533436582208463211e-02 -4.283567345523045349e-03 -1.694177857100988976e-02 2.462296067549374617e-03 3.991990205628667687e-03 -7.555804815804675716e-03 3.892903192479061410e-04 -1.088853451256889711e-02 2.101907578772851178e-04 7.526080063407544068e-03
2.963541358042789398e-01 4.739693805372818258e-01 4.629141723235774553e-02 5.389899034425800206e-01 3.304977128216308180e-01 8.658074240573608582e-02 3.294146455299752918e-01 4.634640883067445150e-01 4.187509498807324704e-01 4.647477191553260889e-01 4.048131209511820483e-01 1.683108565738470341e-01 2.734795276019556520e-01 3.477728670960358315e-01 5.841591472531182383e-01
6.655953205610039003e-01 5.324894111508636785e-01 6.790989793635865412e-01 5.122533570367576727e-01 3.872473231660591986e-01 6.691649348746508963e-01 6.870634416905250230e-01 3.804426532008570172e-01 5.859719592676905231e-01 5.781719096510835598e-01 4.965887113393471775e-01 7.658562794110993499e-01 7.274083231704782104e-01 5.384050314497754730e-01 3.834808751326848064e-01
-1.321073986406741743e-02 8.062297529800251800e-03 2.295706161991453373e-02 2.017947651636793280e-02 -2.811973482075376049e-02 -3.675477081341068340e-03 -1.268637541650560752e-02 -1.342741534127112925e-02 6.396918461174787296e-03 -3.119809529753153968e-02 2.398802246923162351e-02 1.316034449350056597e-02 8.267340271647358879e-03 5.497043568636186817e-02 -3.206638636725688690e-02
-1.174533571883169640e-02 2.011751193128068216e-02 6.575325593439262060e-03 -9.560159630087780927e-03 -6.126810490744634061e-03 2.761586518641843957e-02 -1.002139447771453404e-02 -3.545473998597217877e-03 2.151178417345126284e-02 -2.282724445761326586e-03 1.634300665743136996e-02 -2.350662825315528309e-02 2.053860581796189411e-02 3.190057545510491255e-02 1.990493938020309814e-02
4.609257073782403735e-02 4.669190150554301810e-02 2.528894789410759958e-01 7.841338216453041035e-03 2.674384515485700997e-01 2.551323141038411846e-01 3.871637076436793695e-02 1.301385505460594949e-01 2.872290342797315793e-02 -1.017728596684656407e-02 7.324519438544266348e-02 6.964286033957894917e-02 5.302868365352585503e-03 1.457488005466563707e-01 5.325309947978411340e-02
7.227945020418451438e-01 5.356009020945913246e-01 9.418585602044491356e-01 5.219399374374712464e-01 6.472451666405024673e-01 9.174368657101911184e-01 6.869999150425510903e-01 5.558264316512336878e-01 5.835660250172060026e-01 5.517892315101382561e-01 5.935906134475553708e-01 8.504597006420566707e-01 7.309763084556852863e-01 6.750940369040265843e-01 4.377164309020794009e-01
5.126548109621059494e-03 -3.746823357481775946e-02 1.242670410985790772e-02 -1.266423923556062904e-02 5.528627543360595947e-02 1.781454805942083580e-02 -3.181890827411806150e-02 -1.852587477967517632e-02 -1.644043015568840208e-02 3.584800460761806279e-03 -2.183821282121207671e-02 9.089615269196396619e-03 1.213551850993170068e-02 -3.144963916352222499e-02 4.267316460824480302e-03
-3.918051614046192538e-02 3.690719770075912703e-02 -6.698227147009535145e-04 3.786540114310354976e-02 2.809600785612865331e-03 -1.499258086561581008e-02 -3.934425783752249633e-02 7.941557890674183842e-03 2.426093018491467385e-02 -2.641709707596063758e-02 -1.490372458623803395e-02 2.456549137124565060e-02 -8.757479975567670355e-03 1.512783110865980642e-03 1.315061130805307392e-02
2.870339893851079349e-01 4.137363822236755917e-01 4.608072262888938952e-02 5.184542467894295292e-01 3.390730902875218611e-01 1.259564202325193505e-01 3.340379121730460144e-01 4.563847585802257578e-01 3.539944786238077845e-01 4.344311295172467169e-01 3.927621343126647679e-01 1.954822490919522204e-01 2.735320035795354987e-01 3.681021131355839970e-01 5.357324635792960477e-01
3.202841517586729192e-01 4.746342683450421318e-01 3.297755011591479990e-01 5.185589230372628089e-01 6.373766228750942231e-01 3.258454122317807622e-01 3.151598706157321961e-01 5.608324253842963403e-01 4.505348258755664248e-01 4.664730367481825235e-01 4.845935936226993812e-01 2.747943630601882847e-01 2.971350047575269659e-01 4.770705737364525079e-01 5.653185084943369576e-01
9.785225382408778705e-01 9.998247545483679444e-01 7.045458179782752017e-01 1.037108595596658578e+00 7.216381853345285036e-01 7.682098150555639604e-01 9.982848771938045429e-01 8.734348551826091045e-01 9.715829932432580307e-01 1.002672873699311351e+00 9.168341871357265083e-01 9.286021895727010200e-01 9.593804034486469456e-01 8.732831945346825053e-01 9.900765716141974870e-01
7.048496564968645961e-01 5.396915165518673119e-01 6.812644841736771317e-01 4.634465765278658056e-01 3.680873529425392476e-01 6.579938093369797070e-01 7.040987262563886961e-01 3.832531624473704546e-01 5.878303518422866025e-01 5.532199141780650420e-01 5.558331851608665497e-01 7.552571461344868009e-01 7.477533605312547405e-01 5.207239596484813937e-01 4.079680399883281461e-01
-1.177566988393594430e-02 2.639630862481989054e-02 2.703449563389583310e-01 -1.985259471062219075e-02 2.748350811088903223e-01 2.569800131345664762e-01 8.886051758751152899e-03 7.877779461082612400e-02 -1.385222012470294084e-03 2.135567836265252900e-02 8.210236521953227784e-02 7.747387202482310109e-02 2.246004302023862920e-02 1.421280095616975214e-01 4.704298835538327228e-02
-5.389105364209396953e-03 1.885171421449450407e-02 2.382083665959432439e-01 8.260355830874765298e-03 3.218974122384095637e-01 2.284366596046027431e-01 1.625794302398425942e-02 9.703080131950904408e-02 -1.334360450406149763e-02 1.354431286248530472e-02 5.539158482606344747e-02 8.688068569684044562e-02 1.452408369419754680e-02 1.256400473142276486e-01 3.029126450920236954e-02
2.982178142171804450e-02 1.115573956329629635e-02 2.632024615365793907e-01 -2.952260316195487282e-03 3.110289140146081932e-01 2.269060238029651511e-01 1.249064829872298735e-03 1.569464964996489797e-01 1.462820052849355540e-02 -3.741916023518883361e-02 2.951602041644146857e-02 6.194086369689975197e-02 -1.614811593722226615e-02 1.371620573398692478e-01 5.184136461651402128e-02
4.748019329983402953e-02 3.320893961747390516e-02 3.064735309255040563e-01 3.762170167890015703e-03 2.948435960246661436e-01 1.829493329123858258e-01 -6.684453116733929737e-03 1.140971055012311441e-01 -1.487001318062378639e-02 3.264833817098780622e-02 8.098247657579567271e-02 6.582986357173824243e-02 -3.096338864240037736e-04 1.066906078384343703e-01 8.099837857569827659e-02
6.695177146734249130e-01 5.509369791775476921e-01 9.142596526679486191e-01 4.595479427215911628e-01 6.546360480572390728e-01 9.120145688590836075e-01 6.873516414631754001e-01 5.191601462939193778e-01 5.544063536303767137e-01 5.425704006946217017e-01 5.583402244427786432e-01 8.089391295959259542e-01 7.816311200395494874e-01 6.686184603113384251e-01 4.627958846916241931e-01
2.966358195981934620e-01 4.551354082928168454e-01 3.145095441660382130e-01 5.287141542747831879e-01 6.732306615565858410e-01 3.435566167761638368e-01 3.282761242142749336e-01 5.720123129976989462e-01 4.216625175938146786e-01 4.727086226330149410e-01 4.513219665789727220e-01 2.510505105364954637e-01 2.615899193894942187e-01 4.478373067035756883e-01 5.413736174288440450e-01
2.682734893728362380e-01 4.434645952268052582e-01 3.796406353677082846e-02 5.190831074118832378e-01 3.227452532017772713e-01 1.231513386829661133e-01 3.287532292316053262e-01 4.786658668189212040e-01 4.097126163150264788e-01 4.240145365534129240e-01 3.968600846034420204e-01 1.895110091844254274e-01 2.425115253482731381e-01 3.510376808342841604e-01 5.522201352162351418e-01
6.637019306580005384e-01 5.275680196241990805e-01 7.019756915032325795e-01 4.522197367621254016e-01 3.675372450163408855e-01 6.535605790596810127e-01 7.081808653964666300e-01 3.745464090112402555e-01 5.714159006079990721e-01 5.593337602366007522e-01 5.361141643721146766e-01 7.545384612353969178e-01 7.421609872366203842e-01 5.311887245988868855e-01 4.082669443394699726e-01
7.421910037257682946e-01 5.568781879156632364e-01 9.314076448197264879e-01 4.675916788202142960e-01 6.642830854817433073e-01 9.315606099281950048e-01 6.708906899455466810e-01 5.290017773145678781e-01 5.622051002985755108e-01 5.500753499081524334e-01 6.035068176300492082e-01 8.297587637996802767e-01 7.543836967945891647e-01 6.482935419580647673e-01 4.560983461454247712e-01
-1.468724683349013731e-02 -1.730169624568629952e-02 2.184907439054546013e-02 -1.615824454555204667e-02 -3.111464408127674608e-02 -3.838442244272758513e-02 -5.805051744610919412e-02 4.409344970368632606e-03 1.696180106259650988e-02 -8.390988686343423333e-03 -7.040374170972819520e-03 5.172070820682880127e-03 1.676314913606656576e-02 -1.206856081088862262e-02 3.326343633894616320e-02
1.006235999343289000e+00 9.819182459262545404e-01 7.248179936595818829e-01 9.659220300614482779e-01 6.771288348687388714e-01 7.945844137793863782e-01 1.022317420947912892e+00 9.031462632302074134e-01 9.700283026676638221e-01 9.991078579949297378e-01 9.240183075787040679e-01 9.153554709085607310e-01 9.916831427779817520e-01 8.935873381426659989e-01 9.709386114035706283e-01
9.987534968330272767e-01 9.613743150644054047e-01 6.887718632731638646e-01 9.979484658977297862e-01 7.362580034388768180e-01 7.724314638100846508e-01 1.029851227642440747e+00 8.695954629147952808e-01 9.626567690971002955e-01 9.695506907330481150e-01 9.061167834808504518e-01 8.721674159551960903e-01 1.006675460274683243e+00 9.088335586747677830e-01 9.379911907838498486e-01
6.998153489926798310e-01 5.186607929204429812e-01 9.540537165614251247e-01 4.396605714198495996e-01 6.667684357832370790e-01 8.831096653794826556e-01 6.832343538999768873e-01 5.221662093179050279e-01 5.885386027200266712e-01 5.519744265801741490e-01 5.818747465303870658e-01 8.119582955770404675e-01 7.500769326989614738e-01 6.540090032702462475e-01 4.213699713322994755e-01
3.317344059359069730e-01 4.682051585495777268e-01 3.504289089680869274e-01 5.358825629337136132e-01 6.737101544664704234e-01 3.163043939937761895e-01 2.963387802720419684e-01 5.645289978398064790e-01 4.187627796189158369e-01 4.384888985390282823e-01 5.142929519948643557e-01 2.794710295836738689e-01 2.563038931133526099e-01 4.943536520089709119e-01 5.618003267205511353e-01
3.001231021411611688e-01 4.332492498615624910e-01 3.497799608869583410e-01 5.484145044364241439e-01 6.407047982734940250e-01 3.616646300647812784e-01 3.451172857563746810e-01 5.528420059142920007e-01 4.649538774708998901e-01 4.340241782937622195e-01 4.501235687939551533e-01 2.723982856447157430e-01 2.424144995294221505e-01 4.483877156347341186e-01 5.798130247205307564e-01
1.944413067752134155e-02 1.242238004621216930e-03 2.302843439420234131e-02 -3.955956752730715488e-03 8.225331410159960471e-03 -1.904968501757025798e-02 -2.784329752644623679e-02 3.488628956331776918e-03 1.962224654996252635e-02 4.199519380729672263e-02 -2.502662955734558450e-02 2.015427977502493029e-02 1.905116960559838021e-02 -1.738473220147727927e-02 5.070771060336241171e-03
2.972501511024102094e-01 4.538420356060277050e-01 8.040876341834612973e-02 5.224028742258008950e-01 3.735744677098112865e-01 1.176032598894395653e-01 3.012269654224937754e-01 4.864198657696262584e-01 4.007318741997151768e-01 4.496993138538016299e-01 4.025155548142658191e-01 2.289071816982853613e-01 2.338381998582318988e-01 3.662458126679689063e-01 5.925478296186459382e-01
5.759984943397383761e-02 3.801270013179805507e-02 -1.074522867025518025e-02 4.265231571217152975e-03 1.240528020433695998e-02 8.844444306814466805e-02 1.406653396789648344e-03 2.295130358911053395e-02 6.292511395684128456e-03 7.067287676591049034e-03 -3.240355191004612445e-02 1.054651811280145693e-02 2.659097788612193106e-02 -1.356170951154257731e-02 1.511354291756520328e-02
-2.740838107377555760e-02 -1.056611691870900163e-02 -7.532821017658158230e-03 -3.455258674018331280e-03 7.431743953983238962e-03 -7.687394840558088582e-03 2.145268049222219531e-02 3.437702974172725939e-02 1.065827829773684232e-02 1.037240212425313488e-02 -1.672484723684643584e-02 -2.355105071358715163e-02 -1.301222745620338531e-02 -1.005557751328808348e-02 -3.636742130727274157e-03
1.003708406663243347e+00 1.002740677630009625e+00 1.021626512165016099e+00 9.819591645263877622e-01 9.787924528366225285e-01 9.903153807257151220e-01 1.054585069257128582e+00 1.009801423795074982e+00 1.015030854441223873e+00 9.953075237755518723e-01 1.013173719026926323e+00 1.016730656073132177e+00 9.694828506185829697e-01 1.013229349536149293e+00 9.997980503924079887e-01
-3.076147431054979467e-02 -4.386347179906006401e-03 -7.913874177045993746e-03 1.148490446209656304e-02 -1.465339707872081662e-02 -9.486889811303656286e-03 -4.365762210077344004e-03 7.124383304212834368e-03 9.326459871391197531e-03 3.631117272558316306e-03 -2.209650401780810861e-02 1.296113300034078090e-02 -4.039779829234037625e-03 2.761192940472895901e-02 1.815155755171066546e-02
1.034907415982612822e+00 9.794534290655795283e-01 1.012137520994591311e+00 1.026113160583660644e+00 1.002472979214006799e+00 9.918321581362296024e-01 9.770587840160805948e-01 1.006568999927066832e+00 1.012402695012923903e+00 9.805223518178669551e-01 9.912838908159882223e-01 1.024679305099179594e+00 1.006233426282253651e+00 9.918304718339502335e-01 1.002337657542642591e+00
-2.018745509456310733e-02 3.509525532614253540e-02 2.697395503211825751e-01 2.170277530926951678e-02 2.709627769074383630e-01 2.181051731890950585e-01 -7.443515679186088821e-03 1.121729398759204466e-01 2.044312788353213478e-02 2.116976143005229460e-02 4.611437454186700924e-02 8.300966231297242370e-02 -9.660252642280375834e-03 1.235217112574202580e-01 2.547544884076852201e-02
6.675942318496678185e-01 5.358337538022842628e-01 6.455777802789727238e-01 4.458901583945630853e-01 3.806303336580599272e-01 6.470616527093355774e-01 6.574982516253558007e-01 3.877471409763878496e-01 5.450224688085657521e-01 5.839483296614568220e-01 5.108625246205763526e-01 7.367636570318886191e-01 7.242630422746405561e-01 5.168720591298476830e-01 3.962984116669104329e-01
7.212949316373937769e-01 4.981421650286635416e-01 6.859504766807131837e-01 5.145257583200826268e-01 3.692942341928195926e-01 6.621941430954793040e-01 6.961683954547384090e-01 4.465467308945988423e-01 5.783878475828982957e-01 5.945144543926349501e-01 4.945323983581040306e-01 7.362587370108197860e-01 6.985555294980911878e-01 5.438103260172937325e-01 4.047196717535463950e-01
9.697623479622085041e-01 9.395860840805605463e-01 7.479381656118008204e-01 9.976682109149175304e-01 6.961635008521924739e-01 8.033007148986787138e-01 1.001707089513029114e+00 8.885075332913191515e-01 1.020806071944754034e+00 1.002553381646434927e+00 9.149090295545030393e-01 9.504016681114452192e-01 1.030098900105927306e+00 8.679913459114365626e-01 9.817173961161965723e-01
2.661224158917049887e-01 4.412695919693436775e-01 4.211363647406137639e-02 5.489388129117298565e-01 3.265875801058270023e-01 1.075627669503157052e-01 2.984604722185191239e-01 4.366395608871280198e-01 4.501553819798067013e-01 4.633376207889403631e-01 4.078091427149279080e-01 2.154203556036241585e-01 2.406868728651677947e-01 3.585725446053591448e-01 5.328548564845771995e-01
3.062229842239240774e-01 4.433159824355358825e-01 7.951374099428588915e-02 5.455105043141317278e-01 3.212415510128777130e-01 8.767769854333677670e-02 3.020412653519012336e-01 4.389594441821580983e-01 4.354200714109099923e-01 4.379044859830534264e-01 4.583988937307008626e-01 1.524089225501497058e-01 2.526295351832245073e-01 3.307348278077453241e-01 6.000635368655770074e-01
9.964642336896913921e-01 9.971595934836031683e-01 1.005150283235441311e+00 1.035350407148187379e+00 1.028855612257154606e+00 1.026497990146350681e+00 1.015126966443393952e+00 9.719335515162028649e-01 9.845770003009242100e-01 9.955178823940011856e-01 9.842277062134874299e-01 1.003342513248413059e+00 9.935453503938544983e-01 9.908501306143503440e-01 9.857443680010598008e-01
6.871151977363941787e-01 5.790360197015879118e-01 9.530550207475251279e-01 4.760126660945130928e-01 6.462205710690046567e-01 9.113658354400563377e-01 6.766895280671855195e-01 5.154964676191660100e-01 5.909982567833016454e-01 5.776932270086198029e-01 5.914012083982773671e-01 8.389744335395780128e-01 7.583993497034617892e-01 6.331266623300673135e-01 4.890037189189787026e-01
2.023957613600884786e-03 -1.020929708075115835e-02 -1.228924000514939122e-02 -1.420540603804549412e-02 1.250613981489793677e-02 -1.524507587667452493e-02 1.384037942049565727e-02 -3.881037717989452556e-03 -2.345815706766038108e-02 9.073556099101150879e-03 -1.813510999575582844e-02 -2.543273557467495144e-02 1.383441442691543330e-02 4.260201846597074654e-02 -2.898578996165103450e-02
3.007452382165032856e-01 4.715223230884406092e-01 3.355822911533495323e-01 5.384197601936335786e-01 6.522362989556504953e-01 3.252621331104456615e-01 3.361232134712986430e-01 5.942952304211933656e-01 3.871088696877367230e-01 4.662277240375802267e-01 4.854959712353384971e-01 2.606935511827828122e-01 2.835250223093032651e-01 5.043657579481082287e-01 5.806782095146530986e-01
9.993512874067551621e-01 1.007630028718385917e+00 9.869968690855950300e-01 9.927276912179988644e-01 9.852756682294813162e-01 1.028135379821844220e+00 9.998580372074243883e-01 9.923605991479167443e-01 9.882111730391754945e-01 1.000626517494510814e+00 9.782744836607962791e-01 9.882758056446280248e-01 9.792232148308279704e-01 9.839381623450039749e-01 9.900011981834893060e-01
2.921401345151228290e-01 4.537781519081650616e-01 5.924697420257721975e-02 5.647479543541695790e-01 3.503415016610447741e-01 1.308348567140239227e-01 3.084896717840753255e-01 4.750507430268720577e-01 4.221700572675491925e-01 4.505194204247364165e-01 4.100255820758633707e-01 2.115720087135703198e-01 2.248002557269738466e-01 3.804501004400698827e-01 5.466527666111750117e-01
1.207533305677441562e-02 4.966087595638298338e-03 2.779646539007710193e-01 7.399605062647527862e-03 2.903394836142405566e-01 2.403383304763100359e-01 -8.085500451443265388e-03 1.276466538827030206e-01 2.347323380164006990e-02 -3.162226134544453282e-02 7.553126909368940156e-02 8.018973901004113058e-02 1.641174794265224529e-02 1.180449322881662599e-01 3.087007329095496980e-02
7.305157632380155919e-01 5.065664178580977506e-01 6.663779975366640462e-01 5.057667619573097406e-01 3.339058657220280169e-01 6.684913623785960768e-01 6.754135089619666132e-01 3.882756606854255166e-01 5.785579815290474714e-01 5.452782411407083307e-01 5.572964974635193913e-01 7.139270247764026855e-01 7.341823791583124148e-01 5.389966685526067502e-01 4.146369658479607812e-01
2.568824703248153221e-02 4.622117176777457148e-02 2.575760127870531102e-01 2.622033405396531278e-02 2.685800479013011333e-01 2.545364046546870207e-01 -1.836777135383671489e-02 8.684710122174589542e-02 2.656986303863763388e-02 3.182523298254226474e-02 8.359351631553554873e-02 9.936047797047838082e-02 1.229121183962512270e-02 1.142092446640862458e-01 4.196919046920132013e-02
6.794386001926396856e-01 5.313811028149781901e-01 6.470087505878987510e-01 4.954329206957266418e-01 3.342120980374240768e-01 7.020965589683184627e-01 6.916345397417578145e-01 4.113001139474706247e-01 5.379187275979350202e-01 5.270606649809602695e-01 5.210866008337694533e-01 7.362755586952753895e-01 7.227801774943615198e-01 5.217254953771972570e-01 4.176227303706361860e-01
7.107918014474977619e-01 5.434334738121543440e-01 9.488040928867799151e-01 4.659128077158035675e-01 6.898209311250794729e-01 8.726267653153851889e-01 6.731292084463578185e-01 5.181840484338532393e-01 5.167318840986273587e-01 5.690223150484639003e-01 6.019805110239732082e-01 7.913620315959815077e-01 7.238195858263609672e-01 6.145630955778762505e-01 4.354983943037960548e-01
9.918647180392446971e-01 1.058642840418729358e+00 1.005130969573142297e+00 9.726848684237228149e-01 1.030051203713214347e+00 1.043624436940090439e+00 9.581201561551581092e-01 9.737909638011738034e-01 1.016923038617728148e+00 1.005390486713886089e+00 9.946801245626406551e-01 9.979112473767012270e-01 9.963012130894964846e-01 1.043846028043817542e+00 9.993097601977674049e-01
2.908535656633224886e-01 4.792155694902600072e-01 3.333411137640414634e-01 5.620858462447857473e-01 6.428595295142298660e-01 3.919895028739417975e-01 3.427483869294817853e-01 5.711358257277612260e-01 4.248489391481966582e-01 4.469290996806435379e-01 4.823217699688686078e-01 2.675351222541655360e-01 2.686297785458108267e-01 4.974436664219588633e-01 5.613124883133956411e-01
6.762466258555868137e-01 5.372610867370956056e-01 9.377800633656402374e-01 4.998429854306979392e-01 6.404098423483550739e-01 8.828636292259260943e-01 6.668953336325414982e-01 5.299033914686499536e-01 5.783876434810591993e-01 5.832127771529722615e-01 6.196966950691188414e-01 8.131286586672070715e-01 7.430535200951321473e-01 6.317954853512495195e-01 4.508421937260118084e-01
9.734474120119629426e-01 9.776855608304400036e-01 7.251784518340150809e-01 9.878843746240923984e-01 7.002079242707129891e-01 7.443824890722483545e-01 9.767875241571849498e-01 9.008980552390443153e-01 9.915572731312196630e-01 9.795459245311876062e-01 9.143219428063128484e-01 9.397512522052682282e-01 9.886149352684596714e-01 8.403022799967962975e-01 1.018552347290203830e+00
3.301776260616871572e-01 4.532890199098953965e-01 3.255819877704789755e-01 4.986855579415743756e-01 6.671515607219784538e-01 3.097843920233431803e-01 3.341361163614940399e-01 5.741627154761481666e-01 4.386509751390250678e-01 4.205748165823445239e-01 4.988505174339749049e-01 2.730756069989167534e-01 2.387152975956452761e-01 4.559131194786961161e-01 6.184817149793873092e-01
7.059079208556851004e-01 5.325871264791868231e-01 7.097062513518079818e-01 4.921715788233371747e-01 3.563927191475425027e-01 6.853582598968134265e-01 6.563200552788009956e-01 4.109982418880022137e-01 5.456232151560813648e-01 5.784732234526500649e-01 5.416188620826652977e-01 7.406857566018145711e-01 7.538765135357662350e-01 5.010034183120535278e-01 4.400453498976222844e-01
2.743236766200142784e-01 4.431152852033123923e-01 4.967294998731689587e-02 5.120274123721999526e-01 3.570135438550719464e-01 1.227826152054215664e-01 3.267029915631020076e-01 4.995185820837157453e-01 4.620041703308392367e-01 4.136908492201680221e-01 3.896999672513852819e-01 2.005419873934540798e-01 2.731875205284919339e-01 3.525263089860611876e-01 5.387789253100584430e-01
1.250512724047476293e-02 4.889750150815135119e-04 -1.996451491649472998e-02 3.898853108613795082e-02 -1.849293727543791606e-03 2.248324454768849470e-02 -3.435306319067243062e-03 6.419716034194195876e-03 2.677115484454384645e-02 2.669174955179959979e-02 -2.765049269448632135e-03 -2.652084303559215997e-02 4.578236349636548947e-04 5.119406447518713883e-03 7.937599643267933755e-03
2.729379044883493699e-01 4.853438424959042319e-01 3.219827081835687776e-01 5.133712651984352338e-01 6.100273129179147880e-01 3.562915158830143314e-01 3.233513071470441314e-01 6.263505355877385661e-01 4.262591089781416209e-01 4.522540605788138990e-01 4.897465442559356119e-01 2.731966166153779740e-01 2.630096306057702060e-01 4.860649703409292699e-01 5.851657246450874261e-01
3.048511440991891197e-01 4.463199753910632728e-01 5.091237691856907027e-02 5.327211551162065462e-01 3.649766282971333431e-01 9.045259789029390374e-02 3.200842583092730620e-01 4.768715068464614570e-01 4.276792460944456864e-01 4.318640731966600366e-01 4.208740073269361948e-01 1.795617831827598654e-01 2.251119352672011631e-01 3.475500962829905505e-01 5.390662550367792960e-01
6.950770935985374210e-01 5.559458501294161081e-01 7.030780573190568150e-01 4.724446641401711666e-01 3.958160249004585851e-01 6.382986855602222898e-01 6.968268154442160967e-01 4.435190134986082278e-01 5.588246267483720775e-01 5.349427391324818037e-01 4.923740312588805179e-01 8.059757838385438466e-01 7.488524344245321984e-01 5.448281705147225429e-01 4.437305680335898450e-01
2.403890191881778021e-02 3.658826025135828580e-02 2.799345228833848842e-01 3.891463222307020575e-02 3.046510919541283169e-01 2.206807511117516718e-01 5.185848083366662725e-02 1.427375140541226606e-01 -2.011843494127751875e-02 -2.186626683239386443e-02 1.083318073333392612e-01 9.663421414174132307e-02 3.407353906920849995e-02 1.585131837249181275e-01 3.135749646527331153e-02
2.893956755149204030e-01 4.605795126889468682e-01 5.908783369703815569e-02 5.552273939565713912e-01 3.711286322646152325e-01 1.292540589115866445e-01 3.132214540686105164e-01 4.911493505574271445e-01 4.606298430517819509e-01 4.463656368390309659e-01 4.164546708115902662e-01 1.919507487055914785e-01 2.326045334275240462e-01 3.289671812792800409e-01 5.904770786120799864e-01
1.016498676270897406e+00 9.926495396014493044e-01 9.835470764678764244e-01 9.819293720860309271e-01 1.011672968598671396e+00 1.000694076476420946e+00 1.006789638658460717e+00 9.945081357471275973e-01 1.041613853963362146e+00 9.966026561010592477e-01 1.029984465591795351e+00 9.811056548755385798e-01 1.020697608378960952e+00 1.011688053087191008e+00 1.008797537549165346e+00
6.646764882473708003e-01 5.330688642472279914e-01 6.940170791944996198e-01 4.987102538840116894e-01 3.707262642723680446e-01 6.860258049363876509e-01 6.605404879917274874e-01 3.911104192642066435e-01 5.820695001004762004e-01 5.642177806245112226e-01 5.077023576497518009e-01 7.337588223446429581e-01 7.349098681650639842e-01 5.016447694044261496e-01 4.338457966866763327e-01
9.942894737773316782e-01 1.011233464222618617e+00 9.672010497694464304e-01 1.023877843792172504e+00 1.013283469934409986e+00 1.012876903706174669e+00 9.895472072466682256e-01 1.009223288956933251e+00 1.018079873852037798e+00 1.002850301127949928e+00 1.001722435781018161e+00 1.029074718517386966e+00 9.935213904267558016e-01 9.961490280313048951e-01 9.610682058614071765e-01
2.987185654001063839e-01 4.308467185490089113e-01 4.506815870110694039e-02 5.029052305701409153e-01 3.401500328137350704e-01 1.022023813990725893e-01 3.514881484345965257e-01 4.478641117848446429e-01 4.170119466811592068e-01 4.408677141588188686e-01 3.945456167174148376e-01 1.784742309587340758e-01 2.905659182691411324e-01 3.550746333601442761e-01 5.696873466229632754e-01
2.851657530376444094e-01 4.801690662104289298e-01 8.190412849306585863e-02 5.417824059530877978e-01 3.595584180744738068e-01 9.124544053551365830e-02 3.128724350598883763e-01 4.809411369145861759e-01 4.064286390087247791e-01 4.607451804399382844e-01 4.288325555454293170e-01 1.625613030514146684e-01 2.445567888945693880e-01 3.609551756841722914e-01 5.679644999275486050e-01
9.830824433526993422e-01 9.723142005204293836e-01 7.674587373024549519e-01 9.326632481022875121e-01 7.011715185187364918e-01 7.578090345381549575e-01 1.017224815746116118e+00 8.712091311854437414e-01 9.909261458335784090e-01 9.964802135316117582e-01 9.228024738282909478e-01 8.959645415652295330e-01 9.449863050027426103e-01 8.793893432565116353e-01 9.878664967793601148e-01
7.084598000159343378e-01 5.058458066697371081e-01 6.477487967823006842e-01 4.885248250659775526e-01 3.838981260292516628e-01 7.012992800407957805e-01 6.837395519352860163e-01 4.190240485846303264e-01 5.501092118436671230e-01 5.383537447753299343e-01 5.307596479680335433e-01 7.534925843487443320e-01 7.089608990326268234e-01 5.079126239370335139e-01 4.037297180924834250e-01
4.796423702302875930e-02 6.728617125813525501e-03 2.287506811873391832e-01 1.280740215832556345e-02 3.150046984351108637e-01 2.497989857818676274e-01 -8.025327178636331923e-03 1.385124494044225330e-01 5.027457717844390633e-02 -9.326679395882423243e-03 6.871345501007711243e-02 6.322448919566361902e-02 2.011178633845673441e-02 1.298873209429387832e-01 2.232356453330429369e-02
6.809645842416162109e-01 5.634177543458849247e-01 6.664419382659876323e-01 4.541934560263677367e-01 3.793894380376309772e-01 6.728196514467610356e-01 6.756863826544818874e-01 3.732343341808181947e-01 5.612482657440451828e-01 5.472940214252522972e-01 5.339511206344695893e-01 7.637410840107049514e-01 7.459571560293822845e-01 5.166226576144695715e-01 4.254449479628934494e-01
2.708732103900087784e-01 4.268564271281094502e-01 3.069285432551417392e-01 4.867661576205822849e-01 6.621818112956064928e-01 3.108190315956605443e-01 3.425727001488159118e-01 5.940592673483452435e-01 4.714343876717389525e-01 4.535222226163723724e-01 5.022498568591923229e-01 2.508195493780131513e-01 2.379954316892640143e-01 4.562661383882485877e-01 5.846279427190301803e-01
3.224281772571668259e-01 4.698504083944958221e-01 7.574751429311826767e-02 5.202514333474054231e-01 3.258303638885481357e-01 8.882947496118531738e-02 3.076061290395041836e-01 5.178585032243663289e-01 4.092481234454887207e-01 4.534644414794760103e-01 4.131694772228461376e-01 1.616423237461843687e-01 2.540480056478607862e-01 3.430916783885619159e-01 5.472045955914892623e-01
9.877503042299116132e-01 9.747030164762459092e-01 1.016173093866589605e+00 9.873084632778312830e-01 9.760221382180005456e-01 9.574188024091383475e-01 9.974924326192157187e-01 9.862193870500077786e-01 9.803504490295341656e-01 1.010753211274942220e+00 1.013523226362876617e+00 1.014171229005702779e+00 1.007612455617129754e+00 9.818248593065004304e-01 1.006000068280142434e+00
3.454225285668431344e-01 4.666473398421917551e-01 3.119391210176050144e-01 5.259310402325949596e-01 6.316262233914619051e-01 3.118011665490724726e-01 3.313840942078644103e-01 6.373567103976123249e-01 4.535168209296194242e-01 4.804163318863666765e-01 5.128312879387686429e-01 2.722548579724231033e-01 2.413317732781684599e-01 5.236261918889327793e-01 5.995397416904220123e-01
3.296113711378054756e-01 4.586026013556976366e-01 3.061700771420416411e-01 5.472730167256371070e-01 6.365569495226255370e-01 3.012993172140576714e-01 2.974666762880366355e-01 5.754109848696735696e-01 4.345805189234526744e-01 4.352995459781781040e-01 4.970644662578390105e-01 2.595525016170737165e-01 2.801355094546240654e-01 4.819208369168030415e-01 5.550135233803259460e-01
2.923491598988972595e-01 4.538563240975457269e-01 6.316953462933123931e-02 5.545824361202852382e-01 3.458842908339238575e-01 7.999909689915760125e-02 3.336245485909662412e-01 4.785479636853003371e-01 3.902104742765082901e-01 4.556793825392387309e-01 3.944644303892941850e-01 1.809286026157441718e-01 2.585780142255292291e-01 3.785238940199077695e-01 5.719809005755662756e-01
7.173432653838639483e-01 5.758164686047556602e-01 9.558276115306995058e-01 4.871917793997478374e-01 6.586433044813505555e-01 9.065917974659098988e-01 6.770347144029081887e-01 4.596747188825155428e-01 5.677366409514957857e-01 5.788344941441246894e-01 5.782294682266118091e-01 8.246370595407591653e-01 7.484503753739523146e-01 6.753859905712659151e-01 4.133066532336494570e-01
2.947091234576918461e-01 4.449686419936523252e-01 7.736700153319986395e-02 5.140281186178110584e-01 3.113363612909976763e-01 9.716741305506314264e-02 2.948820361349000496e-01 5.086813051809002673e-01 4.306230198522795760e-01 4.664160247846539931e-01 4.297395819479865597e-01 1.875878451852417694e-01 2.753577175900758789e-01 3.442319515920131967e-01 5.525077736646660798e-01
2.925345823173896020e-01 4.351536747650772141e-01 4.203850412041332946e-02 5.413100512799453590e-01 3.616397224698174040e-01 1.240574310728066315e-01 3.237206807570229827e-01 4.565026733484570665e-01 4.326760517295088482e-01 4.353628592563269506e-01 3.969430831224357026e-01 1.892046324885486297e-01 2.510853129773172876e-01 3.528209440587188328e-01 5.460888323326381633e-01
6.991613590872466366e-01 5.262806287494521396e-01 6.875835698848776767e-01 4.978690782630516010e-01 3.745461263567022581e-01 6.677362476110053624e-01 6.690970409448873113e-01 4.241574231892081270e-01 5.746912656834722855e-01 5.884943023651288962e-01 5.067692414058644346e-01 7.195509903258993090e-01 7.300700113167670757e-01 5.579541672493173454e-01 4.531389719533544524e-01
3.297904607486758510e-01 4.897898233829140469e-01 3.005515731484147413e-01 5.277938324582980290e-01 6.647901133671442198e-01 3.304918330568826224e-01 3.173656995624379862e-01 5.772112348725773057e-01 4.255770664434033734e-01 4.248288340604675639e-01 4.981128019074669289e-01 2.834500021397511338e-01 2.681589902960846983e-01 4.936507828017538402e-01 5.835987612621813536e-01
3.176762375200848920e-01 4.527912590479682975e-01 3.111415969290839412e-01 5.366493398515257418e-01 6.468707593678014733e-01 2.898137572109071858e-01 3.333564663581843335e-01 6.206166871754369430e-01 4.298823891334331848e-01 4.344417387546457565e-01 4.723746502661543833e-01 2.716416865891314036e-01 2.745395213977531168e-01 4.834037147313101634e-01 5.802531164552755527e-01
3.304901746435663368e-01 4.482086084455197961e-01 3.565906319942073466e-02 5.191954982450897038e-01 3.356542133910753734e-01 8.817736882669093001e-02 3.105468913796006758e-01 4.859506061600203375e-01 4.283161333166287110e-01 4.152640523115896931e-01 4.207535345199879817e-01 1.895813125861308679e-01 2.163219986689630114e-01 3.054811796844217331e-01 5.572944042059987391e-01
3.245245836030187792e-01 4.550557499793004834e-01 7.290583277125442518e-02 5.067470374306503045e-01 3.508231922727179652e-01 1.075214648420035196e-01 3.275273512684952482e-01 4.958319594284634757e-01 4.132503096164505396e-01 4.555441497216475288e-01 4.222467110410446645e-01 1.946282570799635347e-01 2.154623288762282374e-01 3.644678135542379627e-01 5.703106409073673833e-01
1.032023573241014347e+00 9.738433361763502161e-01 9.647551880567467597e-01 9.984312923455205269e-01 9.827613516499504875e-01 1.006239849041363321e+00 1.003097630528091200e+00 1.003609809750070081e+00 9.769674243759663979e-01 1.006765919582084612e+00 1.020745561846446270e+00 1.028565162110319564e+00 9.880089876572880625e-01 9.815345817113149129e-01 1.034099971106746896e+00
9.865618359752804656e-01 1.015246680364658483e+00 9.864945525666655168e-01 9.915710978462750624e-01 9.686549831534584376e-01 9.975553735421393009e-01 9.890352822242072239e-01 1.009238257848713793e+00 1.019436518256705559e+00 1.020278658753153600e+00 1.032346433316001066e+00 9.947662828725416517e-01 9.906636081794609749e-01 9.772751617950580227e-01 1.021581577514796280e+00
9.941209630697164235e-01 9.679248068866532773e-01 7.694631560596180142e-01 9.647455748380935336e-01 6.992273080433830668e-01 7.882240004488878515e-01 1.031891615703959264e+00 8.771113486680630622e-01 9.936640496902366948e-01 1.003267659808025458e+00 9.125369181431707277e-01 9.547410671232328117e-01 9.875753115893339817e-01 8.651132587209133806e-01 9.787809541297618487e-01
9.853748401694394365e-01 9.926349386925968910e-01 6.985796855826142959e-01 1.009146350648580492e+00 7.225595063660564810e-01 7.366397188018692921e-01 9.855129957008104125e-01 8.682171782226908441e-01 1.029317654305643703e+00 9.744427962404919041e-01 9.184021899970918890e-01 9.259486313733404916e-01 9.803712631207616157e-01 8.888365069364058124e-01 9.994391876837506183e-01
3.342502562074438632e-01 4.914231537999242394e-01 3.388993017156766707e-01 5.081927900039067136e-01 6.316543038359387907e-01 3.623199833034987383e-01 3.072653351375322361e-01 5.581906203669542155e-01 4.346155108281444801e-01 4.336589524536110241e-01 5.266079327549149092e-01 2.484530326086252794e-01 2.941711214443640809e-01 4.557582803304960350e-01 6.071995019027698337e-01
1.020914971145516104e+00 9.988054911141954761e-01 7.335859783315179516e-01 1.006834789187533552e+00 6.815916719205155072e-01 7.580612822356141978e-01 1.004088101849769155e+00 8.723415238984869591e-01 9.809860568677943871e-01 9.757129491675559096e-01 9.221191098165720801e-01 9.305730027462281173e-01 9.864401220040726059e-01 8.639983297129094630e-01 9.874148591877246472e-01
2.030045304612048893e-02 2.820476237231372973e-02 2.723087108342553408e-01 -7.758691248354564196e-03 3.251627668557889317e-01 2.350726266787651897e-01 -1.949788349654817121e-02 1.306936035638151528e-01 5.316588966987220027e-02 1.744438893439054228e-02 5.665994599893640904e-02 9.729295744206259422e-02 -3.037184268328612866e-02 1.184666581827605730e-01 1.879158186858081309e-02
8.000341800818681556e-03 1.499579182868085968e-02 2.679935301952910409e-01 1.877624340224460370e-02 3.062822236104562612e-01 2.489850983497072234e-01 1.855452697362533487e-02 1.283896496034548917e-01 -5.238863478597718601e-03 1.691969214721907033e-02 8.606857269777801189e-02 1.162782489103062755e-01 7.654522913674395232e-03 1.481842769347717914e-01 -1.495484052254407448e-03
2.881272874576815690e-01 4.550211235806628229e-01 6.857831981297302093e-02 5.348135885619464958e-01 3.673912416130966085e-01 8.370572707147937164e-02 3.004818240300511367e-01 4.559277490183833992e-01 3.958655659980965247e-01 4.265517393561090720e-01 4.049996370481050989e-01 1.521667785755090596e-01 2.639792387350719527e-01 3.572632746247683122e-01 5.660072009201759791e-01
9.919881359562547907e-01 9.764256509978115339e-01 7.431288954757871990e-01 1.013998798246271260e+00 6.812526819702020564e-01 7.743274683206710085e-01 9.854580422274626939e-01 8.867403334061461084e-01 9.887783439436492738e-01 9.381208076351915670e-01 9.348004103502375317e-01 9.372321099469517192e-01 9.941166382231987342e-01 8.210881476565665693e-01 9.691829484552336726e-01
9.732816143256047825e-01 9.537072711291690874e-01 7.423582218779229969e-01 9.588296291626257073e-01 7.123080007380753198e-01 7.443469633217985049e-01 9.987253014994834643e-01 8.814943761019045088e-01 1.008225447230322702e+00 9.897511847720399381e-01 9.178755476039900385e-01 8.863335970004383446e-01 1.002939506384010082e+00 8.817120765815176231e-01 9.420119784536150620e-01
1.198960217596692530e-02 2.475045618072254511e-02 -9.174882097287258634e-03 2.558782785815662264e-02 1.161378190034856523e-04 2.922522463985825075e-02 2.636195145170631277e-02 -4.395186816933463296e-03 -3.172464289414766991e-02 3.524514302245629338e-02 1.171733368122808601e-02 1.092779483179988700e-02 -2.380071262315924807e-02 -3.545497500639361449e-02 -7.423324756162438462e-03
9.803795653727324089e-01 9.702035664622731259e-01 1.002512697420172794e+00 1.003261534774452679e+00 1.028664900457299636e+00 9.906754273418201251e-01 9.746929929605809839e-01 9.960503454135665180e-01 1.007004428061826662e+00 9.873593659262669409e-01 1.014984413901108162e+00 9.806815379501079288e-01 1.002363400829129336e+00 1.024762019982157657e+00 1.000783651428814425e+00
9.947873978462002942e-01 9.831504079429169707e-01 7.158806151993879485e-01 1.029807186619504877e+00 7.464865131815222599e-01 7.898485817866234271e-01 1.021919270827036375e+00 9.019179564925614567e-01 9.946754408932745317e-01 9.760333588029782570e-01 9.437017436272123749e-01 9.489356840503715418e-01 9.867549832220731121e-01 8.628888023226922721e-01 9.539295030197587622e-01
9.820937157867195566e-01 9.844958542885123842e-01 9.834439993431516314e-01 1.020345124721256713e+00 1.001480266461420632e+00 1.024196693220991605e+00 9.713733034104476971e-01 9.964233267473650013e-01 9.717506452431740049e-01 9.991303293751602199e-01 9.787816996797027436e-01 1.010954615323941042e+00 9.922478827742938767e-01 9.805119396359163186e-01 9.872192215740372978e-01
6.857280559573010192e-01 5.756540101412687127e-01 9.718097555741377347e-01 4.871891313853224381e-01 6.733628567284869471e-01 8.856046996393436288e-01 6.833922577929800735e-01 5.230785916488763787e-01 5.851707643899759503e-01 5.470253796039065142e-01 5.986888651215120927e-01 8.347580829482482700e-01 7.480345880258180147e-01 6.331371658200275476e-01 4.338923910577004994e-01
3.018997215342034135e-01 4.816899603419947384e-01 3.242214099543329620e-01 5.345121913518671164e-01 6.795911373643571673e-01 3.581332991665075460e-01 3.246176216196159370e-01 5.873201906374726500e-01 4.117495413239560809e-01 4.299418814955221491e-01 4.991551282319703908e-01 2.296175207308482069e-01 2.854204444692564624e-01 4.405450143893355763e-01 6.251187833519713521e-01
3.348778061315547672e-01 4.656255040014041224e-01 3.300537854849381891e-01 4.967034405852688850e-01 6.568577586631172416e-01 3.395336726079047351e-01 3.470787872521904349e-01 5.924692064101229061e-01 4.590539807936497296e-01 4.323674828429924233e-01 4.798589162903211247e-01 2.407942052890280349e-01 2.406990469025699908e-01 4.883665698869670835e-01 5.944171145863322847e-01
1.269106578443985993e-02 -1.048439277588104901e-02 -1.633855953240440084e-02 1.161616785094595622e-02 -8.522997315053857173e-03 1.212515830370804355e-02 -2.112056446152681122e-02 8.595828918872842200e-03 3.825565801764824192e-02 2.646425845028585119e-02 -4.851344030623955250e-02 7.454264323910450053e-03 1.746943117923865224e-02 -1.733955844209628464e-02 -1.159213343947128848e-02
9.664952990677377898e-01 1.001540750015003978e+00 7.269862571081227021e-01 1.000499738823253049e+00 6.901032908518829334e-01 7.610772058600530077e-01 9.944277027252798051e-01 8.515138846848528953e-01 1.004851896222969110e+00 9.691815714626503819e-01 9.048314517327620266e-01 9.305410872309487491e-01 1.004067572636776928e+00 8.599159516754510957e-01 9.832314063388004621e-01
6.956890713520385017e-01 5.106606128626298702e-01 6.718552302887682570e-01 4.985737378607255077e-01 3.894570468500095362e-01 6.640574427240509836e-01 6.624557462465002766e-01 4.076395398595427655e-01 5.635919328993478361e-01 5.381649005700709365e-01 4.533335179769022449e-01 7.167681316441991690e-01 7.106800585662282899e-01 5.122708991112323584e-01 4.274713385658065468e-01
9.832317959866775370e-01 9.854574078704448903e-01 7.257293423257475951e-01 9.990873516962825995e-01 6.917472330700598082e-01 7.931055129066383325e-01 9.634159159655684146e-01 9.046529129242764089e-01 9.989740699322463557e-01 9.858633500459186294e-01 9.356326744844163379e-01 9.196305135860066704e-01 9.909280920071781296e-01 8.756048020634230600e-01 9.777390605129643308e-01
6.657885875162755651e-01 5.218276163527422185e-01 6.713712862616145749e-01 4.914147971726002262e-01 3.508876666185404836e-01 6.967798861709006975e-01 6.962705783772673573e-01 4.327128838035626535e-01 5.444054354526981498e-01 5.275331562846201638e-01 4.921256654301705558e-01 7.219207158665413848e-01 7.444292233084270904e-01 5.227142497303489677e-01 3.942926012691932436e-01
6.951231125945204203e-01 5.089964695407107609e-01 7.006021797698797071e-01 4.528131500613007954e-01 3.760139668239239619e-01 6.619506967016216548e-01 6.560125623731599687e-01 4.222179739356835548e-01 5.624810704840077502e-01 5.528550984092049925e-01 4.983485082362500429e-01 7.314241231398213028e-01 7.528297188783514837e-01 5.226247893799663702e-01 4.005038506214105842e-01
9.977487552498323087e-01 9.923845825683910160e-01 7.079422440685063656e-01 9.900594498883812378e-01 7.211470219271403082e-01 7.434306618919576115e-01 1.010983837905088167e+00 8.666601386800837359e-01 9.948624062984541272e-01 1.006235768554066157e+00 8.889800287547778845e-01 9.121295087247817124e-01 9.774587604706697075e-01 8.457144132647348433e-01 9.403824620885771202e-01
2.841423297155024619e-01 4.566890332117674034e-01 3.970842594763539235e-02 5.424314056395942441e-01 3.236959735718548670e-01 1.272651437152665932e-01 2.945997372451757967e-01 4.544694402797355148e-01 4.393059543259930644e-01 4.258399952212307271e-01 4.013153155307586095e-01 1.529612811677549256e-01 2.788313088074862445e-01 3.331755580796770255e-01 5.254745135604924622e-01
9.659913573236490469e-01 9.714460459421944138e-01 7.468404821024193785e-01 1.008204687704408187e+00 7.088872334798484998e-01 7.750200272259248901e-01 9.974605912222791471e-01 8.794245374748661526e-01 1.007451638737335564e+00 1.006080696975434563e+00 9.262487454375294416e-01 9.047672056685868158e-01 9.798357485143325274e-01 8.855879201422095504e-01 9.823019730640788483e-01
6.770323130156425950e-01 5.480383255194132275e-01 6.891806085931776460e-01 4.417993030801309340e-01 3.729515346545436705e-01 6.772227338233672844e-01 6.817079162855033125e-01 4.242123626408127457e-01 5.590755911851785775e-01 5.283538183253280174e-01 4.851871888037451175e-01 7.299700824173093183e-01 7.266174714014833613e-01 5.161188071498873375e-01 4.014210417159091993e-01
6.170650940177242229e-03 6.551578224433560020e-03 2.436489847537240058e-03 -6.490288853357150008e-03 7.442842960609802501e-03 1.862476398807949617e-03 -1.424766325551552089e-02 -1.543828071165996921e-02 -1.579535566975377725e-02 -8.186461591997795748e-04 3.795639420801057151e-03 9.945618203972708769e-04 4.085310491523085237e-03 1.727325513090581868e-02 2.835072666677298028e-02
9.858674333762220687e-01 9.709228173605963796e-01 1.005200020391253668e+00 1.032606778228820188e+00 9.932408975543173257e-01 1.020176754193017787e+00 1.002874694099011643e+00 9.959319990794753830e-01 1.000538068087146959e+00 1.000825883864517873e+00 1.001797979968229058e+00 1.030893997417557717e+00 9.810832435486195324e-01 9.967179115815978374e-01 9.859547932296645056e-01
2.741181060996149277e-02 5.413968673701056653e-03 2.674481432490309341e-01 -1.350479062269736678e-02 3.174454837056743806e-01 2.636835600501725163e-01 1.570782530853418249e-03 1.267887505593867647e-01 -1.519949889487899608e-05 7.735135100386833149e-03 7.365568707671651949e-02 7.430758099848677745e-02 1.363508777103142333e-02 1.586696403306546710e-01 4.247394133446240339e-02
3.084455376672183835e-01 4.536450339524292219e-01 7.328413667027164347e-02 5.230564304688487542e-01 3.476960227878687082e-01 8.137897187877420058e-02 3.292572625240366424e-01 4.767188423175672818e-01 4.418833018606004304e-01 4.628332356888267829e-01 3.869229833608579527e-01 1.940257770495545930e-01 2.319103339558619137e-01 3.536165209344548921e-01 5.444134245383361881e-01
3.306966214796202008e-01 4.575063423952737685e-01 4.918603867019522707e-02 5.418925634772445710e-01 3.290504754180090252e-01 1.035882241409346316e-01 2.662096515256819340e-01 4.869257742352359197e-01 4.321709565682753662e-01 4.296751160004053660e-01 4.215731711181703312e-01 1.756432902249915606e-01 2.374256596183477175e-01 3.496800667763343418e-01 5.561376542297752357e-01
9.548109819256028405e-03 1.341890865522578184e-02 2.127761126621801734e-03 -6.883014581164038567e-03 3.152895410230328876e-02 -2.531275677268025014e-03 -1.500912864255670408e-02 -2.682669713462894345e-02 5.968185282426946396e-03 -1.539652230019169805e-03 1.745487275423988557e-02 5.469231826525148416e-03 -6.277878987635018664e-03 -2.798694525109884923e-02 -2.185705545592885046e-02
2.761129970225885688e-01 4.839929833929454972e-01 6.497518963135652525e-02 5.526970271534119572e-01 3.801057023454919581e-01 1.067460481304118025e-01 3.149451475213930207e-01 4.705343919039084444e-01 4.538991196023853814e-01 4.124948963659422763e-01 4.028712554355832753e-01 1.937419941323458017e-01 2.379367358186724735e-01 3.604325679110507719e-01 5.146242873554430775e-01
7.167298719382942940e-01 5.755813184652487369e-01 9.298854338051542046e-01 4.587044707412524236e-01 6.366642860907714141e-01 9.092426571135097113e-01 7.027548769258457062e-01 5.172122789114147468e-01 5.818415369257491365e-01 5.410721055237097676e-01 5.696570749478048201e-01 8.240143448221765032e-01 7.254488297053622858e-01 6.461625310018538348e-01 3.905444638471718410e-01
3.161175373186985715e-01 4.728509326744589347e-01 3.140248377277481406e-01 5.156860290995881613e-01 6.448741719122784710e-01 3.384281254535950745e-01 3.199299610552953643e-01 5.917059113933665904e-01 4.207018381041472410e-01 4.482185880225939556e-01 4.807122951745156358e-01 2.499836261701738338e-01 2.827884382901629801e-01 4.934744829147599265e-01 5.767041958658646328e-01
7.073045236092844190e-01 5.553505333287724888e-01 9.382319907221159383e-01 4.826747599397883115e-01 6.737265119164506100e-01 9.183892755366857008e-01 7.017770489626483643e-01 5.353682174891284395e-01 6.044470313984934284e-01 5.325218254379742167e-01 5.533608847390074637e-01 8.108934995138974422e-01 7.514257203882082070e-01 6.537851235006821859e-01 4.429258479422881756e-01
9.851697356395573424e-01 9.785609704860894764e-01 9.936267370353260020e-01 9.920332831178401145e-01 1.018470238487717117e+00 9.817557657336016819e-01 1.013718566210627614e+00 9.949307461943261988e-01 9.872875908497427133e-01 9.973582624606652791e-01 9.957117951462467476e-01 1.001532727105705733e+00 9.965264781493801127e-01 1.005342283437051343e+00 1.007199576979441069e+00
-4.249596245372114223e-02 1.356934043029386569e-02 -1.328813152697417600e-02 -3.971066759148472909e-03 2.665409280240398429e-02 1.630166640337245981e-02 -4.385368976704252103e-02 -2.858968462229542328e-03 9.722125696400650552e-03 -8.123843143914289940e-04 -2.430458016266380528e-02 -2.053013917136911615e-02 -1.473813793551258765e-02 1.350433510295646899e-02 2.086974394088355472e-02
-7.831099038431675596e-04 3.556751135541832975e-02 2.712373584653980929e-01 2.011339814197000628e-02 3.053326969711201433e-01 2.146399658982064140e-01 1.149767031303463444e-02 1.129653677143279966e-01 2.064328102207317606e-02 1.172902429748442533e-02 5.738148820095508029e-02 1.160776821992431096e-01 -1.178856551617253265e-02 1.311371126830290224e-01 4.837706386468022812e-02
1.946416356744113925e-03 1.271785308104132241e-02 -1.002601343245608859e-02 4.413483878785986331e-02 1.840559472610030223e-02 2.213072136483272122e-03 1.552423475102259441e-02 -9.293704444123807029e-03 -2.436102717053896874e-02 -2.322051959390403209e-02 -3.592861831141495182e-02 2.266227720558122369e-02 1.731831953316907702e-02 -2.901605036042639169e-02 5.556625651115511266e-03
6.517398619178448316e-01 5.346835459254524192e-01 7.163249996561960042e-01 4.658029528943470887e-01 3.736317702497748972e-01 6.767706962161605944e-01 6.495397455195035530e-01 4.143097619753197125e-01 5.556939993338981809e-01 5.566471645864922158e-01 5.152089388500713518e-01 7.625681659530317846e-01 7.299998801473333021e-01 5.042997634758091818e-01 4.047004881199663950e-01
3.342602484861667000e-01 4.939762907939165837e-01 3.357698632844853814e-01 5.189856800618142252e-01 6.255599801437586871e-01 3.089721183633631352e-01 3.124462670721582791e-01 5.922204922636438162e-01 4.323134184804373614e-01 4.670488927685728653e-01 4.945665637964977157e-01 2.649534499505216134e-01 2.615059435703980251e-01 5.066311185656997562e-01 5.944630752039323784e-01
1.012422916874504253e+00 1.026517097790331734e+00 9.712332159676559939e-01 1.018572059139456254e+00 1.022406911266052099e+00 9.788697507179251467e-01 9.806963879657272232e-01 1.030112254087759194e+00 9.748791258802805837e-01 1.016733330499293819e+00 9.644537931369844275e-01 1.034227127643861266e+00 1.008406827937854411e+00 9.773757129369703422e-01 1.011736208938998516e+00
9.891092674347251590e-01 9.764127693970132693e-01 7.507504793647837849e-01 9.615986522337658382e-01 7.050639349048783977e-01 7.917489744572787647e-01 9.515525332208318865e-01 9.256354836026888799e-01 9.453298365397995173e-01 9.730689462925239397e-01 9.230842215627210745e-01 9.495294042293610515e-01 9.850013667344847956e-01 8.815079764997690859e-01 9.754810340259102430e-01
6.785116128422121751e-01 5.383826493583206974e-01 6.540268951472431036e-01 4.816465049250762132e-01 3.902992642795536371e-01 6.651870985044672224e-01 6.244317973982060899e-01 4.042617455781172264e-01 5.538455543362933442e-01 5.583096144198423927e-01 4.859275853560097169e-01 7.547465988006549775e-01 7.119734005615689920e-01 5.240885845022563716e-01 3.875187337282274824e-01
2.577342741914886437e-01 4.465736780318711463e-01 3.382487444975978974e-02 5.060855752520322381e-01 3.659203515548649088e-01 6.336009090642036323e-02 3.017114095721230571e-01 4.786302200268580109e-01 4.308861385044386871e-01 4.297735342174379691e-01 4.105842653171039580e-01 1.865000784728239047e-01 2.519477509744903476e-01 3.658985901428742360e-01 5.481895477550200457e-01
4.889367303468588472e-02 -1.611136651329659469e-03 2.459249887209379593e-01 3.141203843694454108e-03 2.998983042449014369e-01 2.072065533070092114e-01 2.704489786083071057e-02 1.254483766890579777e-01 5.269491636923208898e-03 4.733596394954245334e-02 5.547933930106715983e-02 6.396178725165037326e-02 -3.184600676971056921e-02 1.347737354779993124e-01 4.839555168312659195e-02
6.884861082885409544e-01 5.932207176058051923e-01 9.429417672359083902e-01 4.962403781831187244e-01 6.511472665123242409e-01 9.315501911170671612e-01 6.901854354657347423e-01 5.172434389250589737e-01 5.174244638359183357e-01 5.522400501440259957e-01 5.790324168600179400e-01 8.316142438859297492e-01 7.307851723600582439e-01 6.153824256679635285e-01 4.066224071139383223e-01
1.749601875865302789e-02 2.765439138127841548e-02 2.083136386676111632e-02 -2.052220749983709250e-02 -4.579140233979594153e-03 -3.557143616841493706e-03 -1.589273448244054796e-02 2.015407065805646832e-03 8.450814377527314167e-03 2.257253905624356793e-02 -2.745352294883875166e-02 -5.716645313850743371e-03 2.541314024797192324e-03 2.218210542414203804e-02 -3.066919507846373530e-02
2.784414221645701848e-01 4.469650140883404399e-01 3.592236701847718178e-02 5.175713445726271011e-01 3.529975144698976885e-01 1.128646083909138481e-01 2.834007305131294729e-01 4.782143685460193971e-01 4.324223587129272239e-01 4.340770803655662480e-01 4.271906345583210696e-01 1.859450824436950367e-01 2.907410714661989304e-01 3.339638202729660610e-01 5.425969165702583252e-01
6.719995600614521170e-01 5.241446969238130471e-01 6.879859475151924864e-01 5.025721766189211737e-01 3.333948293959200226e-01 6.556818108885933416e-01 6.606516647826041755e-01 4.057798457543277948e-01 5.715876250781065648e-01 5.432251507104337573e-01 5.044178248832175138e-01 6.990698598915408013e-01 7.237611186231404092e-01 5.134364617419114873e-01 3.934102993546388372e-01
3.075817929992870695e-03 5.568993237096173804e-03 2.851291450821904494e-01 1.683867354277737705e-02 2.888176841973233988e-01 2.438877933870624570e-01 5.670394865090861575e-02 1.122066057555410196e-01 -3.686077105603327575e-04 3.951542522950846417e-03 5.673701271836718157e-02 6.194192178590490760e-02 3.401244770484748367e-03 1.233581697049993264e-01 3.140729536407593780e-02
7.121652478019160348e-01 5.681296456051962984e-01 9.789540722504387338e-01 4.912250365609370784e-01 6.597205419808855886e-01 8.751038994286298722e-01 6.927707683310672104e-01 5.463458785794986783e-01 5.863355266464302940e-01 5.648069099850410169e-01 5.869354042624517209e-01 8.132041891316337257e-01 7.306018719481442991e-01 6.401351591817068254e-01 4.376204399238882159e-01
9.683507605145197372e-01 9.754859646790242644e-01 7.050313510710949361e-01 1.028951631507764697e+00 6.799069949211367092e-01 7.903198500620258748e-01 1.010043402675698143e+00 8.731147793003058988e-01 9.560253330436596642e-01 1.003870682015193472e+00 9.290076034487064760e-01 9.316226775917377800e-01 9.538023121596598264e-01 8.579707424637234014e-01 9.433825981371566360e-01
6.702414842230836056e-01 5.270641641250207732e-01 6.436142711336185762e-01 4.882339721531957499e-01 3.490035183425741483e-01 6.579347520024675378e-01 6.459316975043221110e-01 4.219088223468281940e-01 5.703530876051413623e-01 5.493378058709713629e-01 4.826412507274928099e-01 7.105318987354578564e-01 7.270997202554045913e-01 5.528079777261429850e-01 3.944582514958878683e-01
1.011437352365826658e+00 1.023997251524352725e+00 9.460983710989051554e-01 1.010389990210556643e+00 9.962484627182222052e-01 1.057293732799678976e+00 1.025913332777636633e+00 1.038352094270696524e+00 1.000991623928686680e+00 1.011237363760004282e+00 9.850463687450657924e-01 9.558359009463425204e-01 9.652298069703675321e-01 1.008625730961301592e+00 9.945309532461924507e-01
1.013062261109333395e+00 9.494970498992787444e-01 7.121542365799337082e-01 9.807106012210375923e-01 7.002852692847062466e-01 7.556474118388245564e-01 1.003990630617369151e+00 8.687725843771054723e-01 9.458859609095962018e-01 9.824259318684243070e-01 9.413644362554560718e-01 9.384491804508829915e-01 9.929337277169824061e-01 8.486161854826455020e-01 9.314228781493663067e-01
7.154607183479730903e-01 5.670687872835946663e-01 8.975208491307783421e-01 4.531970141331226332e-01 6.755683002449457408e-01 9.058031197215657970e-01 6.897173446898716698e-01 5.337212019145534114e-01 5.647653655424262897e-01 5.808297880796611246e-01 5.538521401249724141e-01 8.041959624832061282e-01 7.915049926993414919e-01 6.620193978100673560e-01 4.425723852986617191e-01
3.106935734761794854e-01 5.090434247466835149e-01 3.239664299530479186e-01 5.290670636078251832e-01 6.309936705811900470e-01 3.797141353117531870e-01 3.062222627516985596e-01 5.779188209345877958e-01 4.414865761047446768e-01 4.631441535858666914e-01 4.630564194099909270e-01 2.370111985951977029e-01 2.653315182931341720e-01 4.956132268726909373e-01 5.642770809320121206e-01
-2.285848686181436024e-02 2.046536171959887837e-02 2.454413062757872244e-01 -4.505816564494283943e-03 2.664246534851562043e-01 2.534477164872339650e-01 1.871451441014910025e-03 1.113943123307592625e-01 9.930098483341151874e-03 1.366209662132420073e-02 5.209539417838256192e-02 6.377039601349919484e-02 1.621928288509919686e-02 1.386707716256583012e-01 2.804111439322138494e-02
9.742572115816410250e-01 9.596425105815709067e-01 7.518884713668608777e-01 9.859833916408362597e-01 7.183748336947588520e-01 7.707208430240389818e-01 1.027682053758635305e+00 8.729301893274203916e-01 1.010927761185390406e+00 1.008898300140205206e+00 9.445816310793072601e-01 9.137674171940760592e-01 9.808267987552317102e-01 9.035591017992491425e-01 9.258914808583078582e-01
2.604140812724603862e-02 2.865921811619217066e-02 2.795008812686738398e-01 1.494705521221521491e-02 3.005517039745501662e-01 2.291264004489408090e-01 2.955224371689266910e-02 1.216142153028516859e-01 -9.199957485780516434e-03 4.646685929979472995e-03 5.198035810221811326e-02 5.494947626596902168e-02 3.070399351070580291e-02 1.182118843741484376e-01 2.867094797476341106e-02
-2.650300342929852448e-03 3.003597056516644354e-02 2.907165951215737176e-01 2.817400205374767305e-02 2.990682426363245328e-01 2.136644581697040579e-01 5.354991536401102620e-02 1.064703536717088311e-01 -1.342466159031901855e-02 3.523366486484372229e-02 7.146768901158867537e-02 7.057090778271540854e-02 3.403254599861878227e-02 1.151705448358717743e-01 1.379361484211411026e-02
3.075756405871656329e-01 4.905369096621922109e-01 3.517744987581535310e-01 5.246969934267841085e-01 6.250562415265675797e-01 3.657083166536720942e-01 3.042635423044258713e-01 5.960835928861488719e-01 4.437984317530699330e-01 4.514729974372807542e-01 5.078857036511643663e-01 2.480243963728013812e-01 2.790858874908483389e-01 4.545145401357883475e-01 5.827885232652805225e-01
-7.901239205412581915e-03 8.661036432559571924e-03 2.518868016259313489e-02 2.319498543045473912e-02 -1.176758529088356084e-02 -4.216494412962582677e-02 -1.746107785196861217e-02 6.971889041872182148e-03 -8.690334958207698163e-03 2.596608829134277544e-03 -5.851140577720299885e-03 -2.739453783155447464e-02 -1.795581367960760732e-02 4.634051687183625358e-04 3.586748023330159352e-02
4.425184962990566170e-03 2.063735219183152059e-02 2.558290000145652110e-01 -5.277148236532014369e-02 3.380618869451760822e-01 2.066239624820535581e-01 -2.877512292336521782e-02 1.384047552075734766e-01 3.532465846465187437e-02 3.198906715744422730e-02 3.718346344983858298e-02 5.086188977463765998e-02 1.736922421700454189e-03 1.343695744104847489e-01 5.796843577917572266e-02
3.093904053308852986e-01 4.852301213732262974e-01 3.226702535759086721e-01 5.117112003536319342e-01 6.511517169573113328e-01 3.580699341488376986e-01 3.170986825163802925e-01 6.207118594436420445e-01 4.274247238819456896e-01 4.074898955752574436e-01 5.142196384752905081e-01 2.570662690853953714e-01 2.745247173175666688e-01 5.295548216028542754e-01 5.835935514474059893e-01
1.041297998358264643e+00 9.877900387381893799e-01 9.782152617383216286e-01 9.696079276887266118e-01 9.713482559375296033e-01 9.700278582199369781e-01 1.029598322536403376e+00 9.883064369025724716e-01 1.017467790673134198e+00 1.013995824828097359e+00 1.008049684111927302e+00 9.829377740978471056e-01 9.928631638618309330e-01 9.798015624875933138e-01 9.939511609733627795e-01
2.984578853296933065e-01 4.258572083261196739e-01 4.267276057679374179e-02 5.446025076390721420e-01 3.510486137978694465e-01 1.288839449600019671e-01 3.295969615111479789e-01 4.542854892305273617e-01 4.519791960369937689e-01 4.540271109307023045e-01 4.615117466131050672e-01 2.129127286067947489e-01 2.361918894955492843e-01 3.400494141755470712e-01 5.603885994219832689e-01
1.620764796140876721e-02 2.205435272545827260e-02 6.098846483469706758e-03 1.836636815491735769e-02 2.963088998162625044e-03 5.227502811611595135e-02 -3.254473711249607909e-02 1.403904303738028395e-02 1.866963657171933841e-02 2.497151725632962629e-02 1.379422657534867206e-03 -1.661824386331655495e-02 -2.018976205896134361e-03 -1.101339612522920196e-02 1.554280236588310125e-02
3.045657087877107760e-01 4.548068317921035164e-01 4.512670595543763485e-02 5.339750130183356092e-01 3.629568092555534586e-01 1.019671723927572660e-01 2.923207997779656564e-01 4.973237995643930431e-01 4.376976676663298371e-01 4.704651759860741800e-01 4.242669776877113219e-01 1.913110409650623234e-01 2.720489978108838192e-01 3.582264144487502522e-01 5.326476584547729098e-01
9.910628885511905128e-01 9.601444905664719975e-01 7.434369006252955492e-01 1.009060495400306179e+00 6.701852683684258460e-01 7.717285469193464476e-01 9.761546391899917907e-01 8.914288142540788273e-01 1.008280885869879517e+00 9.775288126038466086e-01 9.450781515464319327e-01 9.418702740298117160e-01 9.960370070444517498e-01 8.189674275229880118e-01 9.801153003506046790e-01
1.483024438062404554e-02 -8.284420207986250423e-03 -3.094192857818583303e-02 2.960376279997232671e-03 -6.269491013731656737e-03 -4.655783932013759369e-02 -8.181524146249350218e-03 7.984022814078893179e-03 -1.237965423011825597e-03 1.787731494104430330e-02 3.302052969296228848e-05 -1.749737170757315746e-02 -2.255286715299582162e-02 4.697980322463957137e-02 1.552003296220487785e-02
-1.636638932095574317e-02 -7.524815505337929290e-03 4.018684303587560791e-02 2.500107380750342737e-02 -1.189935478347815996e-02 8.568294008826995295e-03 3.406354609224634955e-02 -3.679615260576859365e-03 1.722454722887233752e-02 -1.297482228110168750e-02 -1.175182791359512778e-02 3.835389650326128524e-02 1.493194753550444211e-02 1.887710551666113568e-02 2.169024382900443249e-02
7.304589750399949066e-01 5.921094023091374448e-01 9.243761002631128987e-01 4.883965500599847798e-01 6.481813118134952534e-01 8.751370016787719530e-01 6.687333334833874821e-01 5.366084679222098419e-01 5.579376884584168472e-01 5.693364381416172737e-01 5.687199702433088921e-01 8.011371277759273823e-01 7.379177794621465392e-01 6.171305250021732469e-01 4.742737044704854465e-01
5.611667661300515780e-02 -1.074224827472852750e-02 2.751037673001515138e-01 -3.920443147664250116e-02 2.966296133965861115e-01 2.500694995603638948e-01 1.856561293767401005e-02 1.355045472726680023e-01 -1.169505850137099977e-02 1.019249912732128963e-02 6.788646949429934241e-02 9.461528219656882566e-02 6.997098997273031723e-03 1.233254606556070387e-01 3.997690045361167871e-02
7.065221265071341961e-01 5.375478581243245957e-01 6.481404310532048463e-01 4.834141175246610689e-01 3.648741461029998412e-01 6.724337896519108071e-01 6.442570985118853955e-01 4.241203703599710773e-01 5.340844511642037773e-01 5.909587306507000370e-01 5.257493091396072682e-01 7.472102135901533826e-01 7.064595078766271463e-01 5.498453401231114812e-01 3.879060852696882278e-01
-2.877614828881274183e-04 2.024550847838046366e-04 -1.169636868409795576e-02 4.041713100233093256e-03 -2.413093467070985543e-02 -4.448625811148538525e-04 -4.679009988405431059e-02 -3.221296941971162064e-02 -2.256644015957327137e-02 -2.444872471335293729e-02 2.557317741140671327e-03 -3.931472297500133994e-03 1.516502393412330965e-02 -4.074582149462278695e-03 8.670798077192396966e-03
-4.421495509019867515e-02 2.614441190367035837e-03 -4.533566329121039608e-03 1.319719086019145553e-02 8.583634164771290504e-04 -2.704898080766590315e-02 -4.043132380104295931e-02 -1.155149020944082165e-02 -2.060024698397040083e-02 5.478470673779585985e-03 9.241481141000819702e-03 -3.084476312472295492e-02 -3.868181551861408357e-02 -6.936512516977344327e-03 -6.020759093392686907e-04
3.185887921002284462e-01 4.695758439544922558e-01 3.040919512030671457e-01 5.220844617499512674e-01 6.583802473364768204e-01 3.453017402395567315e-01 3.126357100811172351e-01 5.801770389036763342e-01 4.097489345516981407e-01 4.822189179154885985e-01 4.870115521201526798e-01 2.649979197532437714e-01 2.596461250995796277e-01 4.671344556579302698e-01 5.588586989025733365e-01
7.083487739534869432e-01 5.636694606831229581e-01 9.519282494643466208e-01 4.882577819316235579e-01 6.467712669668534975e-01 8.889177107269022882e-01 6.940631175286769983e-01 4.816649243769610123e-01 5.681286910381470046e-01 5.665617425085935910e-01 6.086250839238642740e-01 8.343015115117515812e-01 7.377612488061034979e-01 6.518970928803957676e-01 4.137029548205218288e-01
2.262827996901358232e-02 2.488903909666033420e-02 2.688579385508004793e-01 -1.371071280246351567e-02 3.058232116066679218e-01 2.092279024180398461e-01 -1.487643646848649422e-02 1.066522393374590011e-01 -1.244285960401180467e-02 -2.857919759779640329e-02 6.701506876746113339e-02 8.172873959097036456e-02 -1.153749000570814323e-02 1.431055929186459408e-01 2.925685708969502641e-02
6.960879653614074902e-01 5.256789597234260425e-01 6.831367980057095890e-01 4.684883153327159544e-01 3.567705807498816051e-01 6.709114753063268877e-01 6.745883111116677266e-01 4.106294673324784594e-01 5.458007399234124923e-01 4.983196815940537094e-01 5.312325559815627152e-01 7.333325263417397322e-01 7.547907953883196130e-01 4.667009444140230445e-01 3.964354617129236535e-01
3.325402424191111206e-01 4.597322074497753874e-01 3.107018440569070394e-01 5.052013394434481386e-01 6.424390316112696953e-01 3.225363313515844932e-01 2.887669560157560267e-01 6.033453566736742824e-01 4.224705273433468911e-01 4.363736132088310571e-01 5.076440219442279744e-01 2.474257734428379207e-01 2.559958763387759073e-01 4.883372285156767911e-01 5.847527499772809945e-01
9.907708797216397967e-01 1.005373700552731897e+00 1.021838528169934035e+00 9.970856498822878722e-01 9.908145763865034983e-01 9.623453128774255294e-01 9.866057272192669814e-01 1.041648050343646270e+00 9.966098583262191779e-01 1.006598435698464522e+00 9.772446694245909837e-01 9.844995000462966050e-01 1.013838329452885212e+00 9.926870078157932209e-01 9.952240514916909087e-01
-1.219501239374918243e-02 -5.178660861940406063e-03 -2.913252636531551629e-02 -2.185593096076420688e-03 -4.264802217296830532e-03 -1.104920000229289365e-02 3.965569122470272850e-02 7.243176132193625445e-03 -8.044971852492281347e-03 1.719719326493133332e-02 4.183142848252095237e-03 7.432563717465278481e-04 1.359716036038485960e-02 1.160493832052230528e-02 2.179672039437517608e-03
3.495431095122411916e-03 5.914992051636380754e-02 2.543103374490827129e-01 4.256673905024065119e-02 3.160974027293085298e-01 2.065178310358352642e-01 2.829420190365965898e-02 1.424196347576199007e-01 2.264581588099148779e-02 -1.683400743656172233e-02 4.313247487201328501e-02 9.078861620809650090e-02 1.730394547753147383e-02 1.252413959582309444e-01 -3.329419316024116726e-03
2.146892095768094047e-02 2.673723051680030466e-02 -1.565055926660386190e-02 -1.260769476416964815e-03 -7.485484333489579416e-03 2.195889212689994610e-02 3.737067263700331182e-02 -8.586126767124955053e-03 5.478330314270121217e-03 6.934543868457143483e-03 6.343383697464415397e-03 -9.929699510202442958e-03 2.081164057844092294e-02 6.134142909345945312e-03 -3.439124678029243862e-03
2.513198703012932064e-03 2.144365772379884516e-02 2.492329097768879731e-01 8.771208974083215953e-03 2.986090492683682873e-01 2.147831906479026887e-01 3.506834106745486401e-02 1.057220499939259956e-01 2.551458801635577561e-02 -4.868044978742890744e-04 7.776919977303452247e-02 6.046497232728845900e-02 1.190050973934894327e-02 9.823914669274722011e-02 4.125955662860154166e-02
9.983300322126056336e-01 9.549874170916027305e-01 7.248036322623748751e-01 9.957854147095714925e-01 7.082239878424616553e-01 7.526811586427465395e-01 9.802379002388534879e-01 9.361950476872198390e-01 1.006392016088988095e+00 9.698860245618403653e-01 9.265455038031463753e-01 9.151921785171408530e-01 1.017238214476906988e+00 8.841996261510897126e-01 9.867316854743054533e-01
6.790794327663387531e-01 5.358708121694815141e-01 9.491659741603603040e-01 4.543689116761491231e-01 6.694404913634575127e-01 8.784915860462567672e-01 6.924121807262427764e-01 5.398483251138644912e-01 5.595781443058118754e-01 5.311697792103997617e-01 5.768001154848430012e-01 8.066461296355554866e-01 7.357759268846451040e-01 6.330797078552446999e-01 4.521970547538142204e-01
2.904350630596652105e-01 5.249837806132575668e-01 3.424679336595768397e-01 5.096843512877918814e-01 6.456568305105758743e-01 3.073757190893735003e-01 3.601955723508427631e-01 5.780095187895283315e-01 4.841133937145681854e-01 4.539890716211634203e-01 4.976847621330122706e-01 2.352215981695160996e-01 3.072354422411203712e-01 4.642471712646391580e-01 5.601903976637554461e-01
2.947749634723346168e-01 4.585188367854635683e-01 1.909755943509106740e-02 5.113426750117521236e-01 3.419926368973388864e-01 1.152341405433683075e-01 3.388001228948172017e-01 4.482751136256640789e-01 4.008504048933148600e-01 4.553927653223227012e-01 4.057988904551483866e-01 1.639187845182019654e-01 2.509416101695567392e-01 3.745608208913496773e-01 5.641271812707375766e-01
1.024473601336149953e+00 1.005234620528580702e+00 1.016710062212079047e+00 1.015539002260318346e+00 9.948533933135672580e-01 9.728247614112919273e-01 9.883329369507606321e-01 1.016031442841793142e+00 9.848870093716646235e-01 9.720615488371860957e-01 9.548978296210501870e-01 1.010615971500770094e+00 1.013500294526658241e+00 1.013805449045544149e+00 1.006043041482941769e+00
1.019764480402673534e+00 9.849649353509404293e-01 1.036977347408976513e+00 9.833125065335924786e-01 1.026297324907932573e+00 9.982369761208499392e-01 9.887884550623163848e-01 1.012139237291497240e+00 1.003127859169149483e+00 1.003916653100318079e+00 9.824226343596886846e-01 9.983135663038352758e-01 1.035978327040921521e+00 1.004173424741046761e+00 9.808423167398642173e-01
1.003129586081356717e+00 1.029891717967601039e+00 1.003141907880311656e+00 1.004655152623729952e+00 9.782251803986037331e-01 9.969561457652521552e-01 9.572345306173927204e-01 9.791879799807318152e-01 9.901959994875337845e-01 9.732582785833500116e-01 9.792917844665393057e-01 1.030376098613965619e+00 1.023961938413253003e+00 9.761127122149499957e-01 9.920059035525108371e-01
6.736195932672082165e-01 5.419280477418240149e-01 9.148528271009052082e-01 4.808486425623638705e-01 6.652306577300394208e-01 8.781646448866737842e-01 6.751591405235148891e-01 5.427829882996101363e-01 5.457920404799416758e-01 5.410292362907915820e-01 5.753702204145598742e-01 8.132118077991202787e-01 7.395823360230143750e-01 6.232993177325263368e-01 4.340110689228764973e-01
-2.178720050769009792e-02 5.683372719974051634e-02 2.672890375085291703e-01 -1.952001930250015643e-02 3.052619462507200621e-01 2.413052089877626150e-01 -2.018853567622253681e-02 1.253012877168311334e-01 4.928954062322944002e-02 -4.704037016140919653e-03 6.512969189964172567e-02 5.806793035012398907e-02 1.120520516122070452e-02 1.301111294775177951e-01 2.728311951014135428e-02
