0.000000000000000000e+00 0.000000000000000000e+00 0.000000000000000000e+00 1.377744325056071487e-02 0.000000000000000000e+00 0.000000000000000000e+00 8.481046513896950065e-03 9.380639014794930550e-03 2.209243225095364194e-02 0.000000000000000000e+00
5.061664947366173450e-01 2.354554950364201038e-01 6.331855367757890374e-01 2.173279284026579383e-01 1.576996036829091952e-01 4.027458491079281555e-01 4.520646147356475186e-01 6.993577186626442899e-01 5.234489261036562313e-01 3.750464743988133898e-01
4.096118789385118641e-01 3.380662823131262429e-01 6.983927426486544743e-01 2.689005705935298973e-01 1.785309748910107186e-01 5.096673265858780999e-01 4.061512808255784979e-01 6.001216921231955492e-01 5.401453459620956243e-01 4.562936530154737547e-01
2.042311708687524763e-01 1.085609787184613623e-01 1.793237216166049530e-01 6.143474410966129340e-02 3.141058787328147583e-01 3.159392306949230234e-01 1.551237047780968381e-01 1.309181066773048019e-01 1.986217614411695531e-01 1.493012552900302159e-01
0.000000000000000000e+00 0.000000000000000000e+00 8.027167333123233842e-03 2.154790912802394265e-02 0.000000000000000000e+00 0.000000000000000000e+00 2.751416014686670908e-02 1.560212868101561456e-01 0.000000000000000000e+00 0.000000000000000000e+00
4.384681744372600498e-01 3.091198135698060567e-01 5.745100419066477837e-01 2.304055234519212236e-01 2.599117307123578469e-01 5.083383415422736418e-01 4.972053911601576059e-01 5.955851646957117662e-01 4.959827468186487343e-01 5.152731678606511379e-01
5.899597633809677139e-02 0.000000000000000000e+00 3.762171674110376812e-02 0.000000000000000000e+00 0.000000000000000000e+00 0.000000000000000000e+00 5.413916861065252301e-02 1.054074200278085210e-01 8.308198969857032157e-02 0.000000000000000000e+00
6.015973731653342371e-01 3.643275131494034813e-01 8.027170980683581147e-01 3.419306052923986594e-01 4.453865884996149882e-01 6.844032525185538285e-01 6.218453741667804291e-01 7.470255589291513454e-01 6.648034602903239998e-01 5.577177340742055511e-01
9.816345189143752537e-01 1.000000000000000000e+00 1.000000000000000000e+00 1.000000000000000000e+00 9.118175766874168087e-01 9.691215995139300654e-01 1.000000000000000000e+00 1.000000000000000000e+00 1.000000000000000000e+00 9.693596940127863215e-01
4.746502251198283506e-01 3.513685633611812742e-01 5.808269694931985638e-01 2.201494798616507320e-01 7.178575518467933403e-02 4.483680069256423817e-01 5.044870910355178095e-01 6.161669922171459923e-01 4.217945736521582778e-01 4.684798131249868769e-01
1.471699170658096745e-01 1.046304607990345137e-01 1.600981665506275575e-01 1.512188160366123024e-01 3.380253422512500272e-01 2.883127246160063772e-01 1.891138786451140585e-01 1.952916684189879848e-01 1.753662170109075713e-01 8.953985483321719174e-02
1.752374749511472485e-01 1.040144886679436470e-01 1.285774292559545007e-01 4.519830094378584490e-02 2.631256432008576285e-01 2.851998955674988623e-01 1.392230324187970214e-01 1.262026897816727056e-01 2.198261499790364060e-01 7.090070129214411099e-02
6.290985664346546713e-01 4.638179717154096715e-01 7.795608098851990464e-01 3.439113072651681091e-01 5.590454441455484647e-01 7.748773531956876237e-01 5.267343927141324711e-01 6.243361352240568429e-01 6.726759155781906196e-01 5.880289029359728747e-01
5.477196669697024234e-01 6.680390874901440679e-01 4.405602771077350988e-01 7.923288691997174560e-01 8.595505423041283066e-01 4.814297494637808095e-01 5.928333283825694133e-01 3.904328627179383115e-01 4.179723066206506021e-01 6.189462462142617527e-01
1.154915978817146610e-01 1.713330509719466765e-01 2.072257662999154038e-01 9.369828827336623700e-02 2.324321270289467778e-01 3.143189460208389852e-01 7.580582063676891136e-02 1.775203869858650862e-01 2.237266555603626972e-01 2.658213683052904064e-02
3.999811951337504112e-01 2.716083765885885515e-01 6.142971055775913181e-01 3.212532600225813662e-01 1.878361544153868135e-01 4.708501186702415686e-01 4.157274461448217662e-01 5.720195947014007354e-01 5.325397812342150816e-01 5.494387980869694932e-01
9.424935847318709481e-01 9.740448303999794666e-01 9.524309950460421170e-01 1.000000000000000000e+00 9.249111054651180108e-01 1.000000000000000000e+00 1.000000000000000000e+00 9.320816518958925379e-01 9.422082246714007514e-01 8.962129117852846161e-01
5.580787191922104151e-01 4.780001824296855051e-01 6.579299547188472985e-01 4.382745935095858081e-01 5.126523515319237889e-01 7.415189632041703227e-01 4.889100320977518011e-01 7.873262564190960378e-01 5.602856916212892724e-01 7.239216264116939969e-01
6.415049635205660739e-01 7.255140912791325780e-01 4.307926345207871988e-01 7.813419779465815562e-01 7.498652983106394165e-01 5.051939504475100318e-01 5.048284136881072692e-01 3.191682427472730676e-01 4.849645361274873556e-01 4.338934842058207453e-01
7.527110644315315735e-01 9.049163092509778794e-01 8.990420535116807610e-01 9.738920152518893980e-01 6.372339674258291620e-01 7.390564366583506350e-01 9.383193352401796306e-01 8.200079646738899219e-01 8.438535368966250116e-01 9.522827995212677088e-01
1.000000000000000000e+00 9.610363739714193887e-01 9.919477654861428295e-01 9.888442379503924462e-01 1.000000000000000000e+00 1.000000000000000000e+00 9.655537768542242771e-01 1.000000000000000000e+00 1.000000000000000000e+00 9.841909010927992751e-01
9.772171886541463071e-01 9.893580099656376081e-01 1.000000000000000000e+00 9.482636719771395661e-01 9.441677012340826680e-01 9.985350288090635296e-01 9.146441861834916365e-01 1.000000000000000000e+00 9.272742288332135319e-01 1.000000000000000000e+00
1.991528912061264756e-01 1.111156454355848172e-01 2.261390090305044898e-01 1.282510295350166307e-01 2.290555053782712402e-01 3.422788608950284583e-01 1.408524857843736211e-01 1.389323598713897989e-01 1.928396231051315857e-01 2.103698872291423216e-01
2.553233130208464319e-01 6.660871626270137291e-02 1.089757499013971065e-01 4.944777433940451133e-02 3.117635358387281785e-01 2.994277380645394282e-01 1.231518475041486899e-01 1.586146268250492319e-01 2.295305004832544626e-01 1.722001072286054035e-01
4.286266241338574368e-01 2.898074931711528412e-01 5.809599846958444225e-01 2.304739435512129231e-01 2.746507058864342543e-01 3.973794473063571586e-01 5.396536640036433408e-01 5.136580368435584854e-01 4.662953995708239985e-01 4.734960362251622312e-01
6.295984664293710065e-01 5.047750770118920594e-01 7.021674505493146201e-01 3.579948492228063328e-01 4.203906136603854371e-01 7.670602412831647454e-01 6.373930502238835949e-01 6.972026301059190967e-01 5.526986646528252445e-01 5.429356308331810821e-01
2.757125715697105184e-01 6.136499307702242278e-02 1.614343232455553168e-01 3.360736315111728656e-02 2.376660414127952370e-01 3.455599063423393513e-01 9.500249148080583406e-02 1.413290290395566307e-01 1.263529433404096958e-01 1.751531129947341558e-01
6.634355597258692061e-01 7.223577943488262987e-01 4.598266894302753260e-01 7.586938597924863803e-01 7.984456869731149098e-01 5.238904030938772438e-01 5.678091457886580429e-01 4.867150734227733699e-01 4.670557563867079875e-01 4.704048930103965076e-01
1.730574471069172907e-02 5.841728413212175092e-02 0.000000000000000000e+00 0.000000000000000000e+00 3.974599166991688720e-02 0.000000000000000000e+00 0.000000000000000000e+00 1.995556133331061188e-02 1.894147337023550579e-02 3.048969373182348896e-02
6.520981772748303262e-01 2.943508944129374916e-01 8.107772670466595333e-01 4.122440125103719599e-01 4.756159924527084693e-01 7.466893576460463811e-01 5.564028335479457299e-01 7.551308183870620860e-01 6.408901101966828495e-01 5.871542046928130976e-01
4.420322770559966807e-01 7.385327533709019621e-01 3.520128136853460377e-01 6.573731089322703003e-01 7.769051479246845693e-01 6.142594538219701139e-01 5.623519616834579127e-01 4.946371628065957538e-01 4.895166862317483769e-01 4.277969855495400431e-01
7.198367937982017573e-01 9.546123379380068164e-01 9.108456118432446402e-01 8.955821599690902968e-01 7.628862184424863857e-01 7.101458521978434302e-01 9.009941446079025029e-01 7.516447930656406928e-01 7.767042980276934738e-01 8.435819575094088973e-01
4.363233010832983094e-01 3.395372261030868977e-01 6.691666411560635019e-01 2.888969901445125332e-01 2.411545351560744899e-01 4.659582341771213443e-01 4.391512182354018190e-01 5.951616925479421560e-01 5.111343444266835956e-01 5.424050402943785265e-01
5.752390314767111823e-01 8.043576980620585903e-01 2.860327369021404276e-01 6.700899480218498461e-01 7.996552200569153612e-01 5.017400242245128039e-01 5.594365569098562752e-01 4.747505347507694484e-01 4.459079809233364444e-01 4.527687652466853008e-01
4.230069213955544027e-01 2.837292978380202557e-01 5.540514503663064305e-01 1.173792050403859866e-01 2.001917038318090369e-01 4.542844438201460444e-01 4.893990146286443799e-01 5.230370887338111618e-01 4.906644759530119360e-01 5.269624401062952268e-01
8.578108369758581375e-01 8.780175038806139476e-01 8.768811817611338322e-01 8.400764630181336567e-01 7.622604201877147823e-01 6.897863058684302606e-01 8.108445453389651059e-01 7.744658028687557705e-01 8.479791179376272581e-01 9.006028846739012605e-01
8.912365992261167547e-03 3.797090110544945607e-02 3.759391595556306476e-03 0.000000000000000000e+00 5.863015886976860602e-02 1.001843740027487661e-01 3.996093474577558369e-02 0.000000000000000000e+00 0.000000000000000000e+00 0.000000000000000000e+00
6.123607159908015518e-01 6.963279756025936296e-01 4.852824677339630521e-01 7.183341538917493718e-01 7.466286456375498259e-01 4.690376019225289683e-01 5.665045302054342313e-01 2.892903285834791394e-01 3.991570230866042235e-01 5.674243917487800104e-01
9.995361429878526494e-01 1.000000000000000000e+00 9.693772007335130780e-01 1.000000000000000000e+00 9.709356414285872372e-01 9.591157156233046654e-01 1.000000000000000000e+00 9.253525600063660095e-01 1.000000000000000000e+00 1.000000000000000000e+00
1.995707531474526231e-02 0.000000000000000000e+00 0.000000000000000000e+00 3.731778407866427616e-02 0.000000000000000000e+00 3.714753627539933104e-04 0.000000000000000000e+00 0.000000000000000000e+00 6.478010216110428876e-02 0.000000000000000000e+00
6.029297000413771368e-01 4.063408288312116423e-01 8.385114180965598241e-01 2.292201014214554911e-01 5.587536232151030235e-01 7.239637743616651466e-01 5.573402288423923157e-01 7.705902083221696230e-01 6.408784938761477035e-01 5.774089599490861424e-01
6.295894285478096375e-01 7.278552590136786460e-01 4.003837905993379853e-01 8.186878191542381611e-01 7.691886672610014353e-01 5.683040274106979650e-01 5.931710787213544389e-01 4.871533450065170801e-01 5.315165862370655470e-01 5.551426911032274480e-01
3.121855946852243602e-02 5.668138108933187813e-02 3.390956789010453418e-03 0.000000000000000000e+00 0.000000000000000000e+00 0.000000000000000000e+00 1.820649954548411720e-02 0.000000000000000000e+00 6.314396748186655584e-02 0.000000000000000000e+00
0.000000000000000000e+00 0.000000000000000000e+00 0.000000000000000000e+00 1.317778486011930983e-01 0.000000000000000000e+00 0.000000000000000000e+00 0.000000000000000000e+00 4.019137275216602689e-02 6.235649405680054186e-02 1.446093895205967199e-02
4.529435203739130000e-01 5.785819015619112493e-01 1.802714775341096587e-01 6.594326809824322400e-01 5.143069049522297487e-01 2.470127594884296285e-01 4.520384652593678054e-01 2.634493133488302052e-01 3.872377448903400743e-01 4.010342063405471502e-01
4.831346143757556666e-01 2.592951278562050654e-01 6.555373848321334185e-01 1.707993863068555940e-01 2.960185301357488585e-01 5.125062385207854732e-01 4.665368265676604898e-01 5.389518639018722190e-01 5.396556216416702467e-01 5.335424995379257629e-01
8.525004101242450449e-01 8.333066695196464924e-01 8.691393311615557282e-01 8.527375783655082309e-01 7.208715269338724640e-01 6.889925457347491067e-01 9.108114146532050315e-01 9.050357078338391315e-01 8.720984574747372431e-01 9.113111432167970705e-01
4.088079373929661697e-01 5.623051529449318853e-01 1.853392728661651390e-01 6.133056652989620217e-01 4.798477537443918139e-01 2.642694089469060925e-01 5.164749434671596084e-01 2.802352488260755337e-01 3.719308203269645619e-01 4.049845176447792738e-01
5.071629482319295334e-01 7.288067668838535962e-01 3.858647511391132823e-01 7.714380152826992854e-01 7.931730363671816164e-01 5.276131793900257216e-01 5.318767091738316743e-01 5.092260179233892847e-01 5.242683583218137322e-01 5.294119138634926225e-01
3.241355966251612680e-02 4.359517851444325715e-02 0.000000000000000000e+00 0.000000000000000000e+00 0.000000000000000000e+00 0.000000000000000000e+00 7.505826251803134064e-02 4.687058377413566568e-02 0.000000000000000000e+00 7.077402502154274411e-02
2.011593696292327260e-01 2.625248897497475808e-01 1.493438811846911907e-01 1.162301414694857510e-01 3.398412741944938920e-01 2.217283117286844851e-01 1.341931109266485678e-01 1.985983775376621296e-01 1.916908610254674517e-01 8.264912376254951454e-02
5.857011375034752998e-01 7.123572724859498217e-01 3.617587043683018755e-01 7.863564901271230534e-01 7.257195484959106935e-01 5.554640512842174971e-01 4.881766031843128850e-01 3.993944394310665613e-01 5.644138808003376084e-01 4.653610252713287210e-01
8.618114603922772954e-01 8.073737496447179751e-01 8.240464324109139094e-01 9.794061870895257593e-01 6.621568900698427962e-01 7.092995703416665743e-01 8.663345323359160632e-01 8.498492268921403747e-01 8.475828615052478643e-01 8.132435363770970094e-01
5.511803949858120610e-01 4.526708255667764025e-01 7.098547844045336452e-01 3.909058965705496935e-01 3.603178493253506032e-01 7.769494881720157009e-01 5.771083544300139589e-01 6.173373418217268371e-01 6.198605379541697324e-01 5.393128829601689933e-01
4.500455139636371782e-01 3.670514571628312184e-01 6.633469337296746815e-01 2.236882510208099140e-01 2.017752331653795417e-01 4.218724145554285654e-01 4.845740039460531001e-01 5.552233343971250124e-01 4.311792281185223841e-01 4.784005016191881232e-01
6.241434544385381367e-01 4.281503994378671463e-01 7.785342941216017998e-01 3.528513790205079492e-01 5.094849773623196798e-01 7.820253887673213056e-01 5.005079816198778619e-01 6.646371534602574238e-01 6.238042121541678142e-01 6.593590715653040446e-01
2.229340367759271857e-01 8.575989339942384493e-02 1.542118136261734773e-01 0.000000000000000000e+00 3.812988162252174962e-01 2.452027957014200066e-01 5.329071386676467736e-02 8.919328566337410280e-02 2.215718989448158538e-01 1.625760124958436081e-01
0.000000000000000000e+00 0.000000000000000000e+00 0.000000000000000000e+00 0.000000000000000000e+00 0.000000000000000000e+00 0.000000000000000000e+00 0.000000000000000000e+00 0.000000000000000000e+00 3.651577918396145192e-03 5.004576255175316804e-03
8.761688981594728531e-01 8.153864590281520996e-01 8.928526169885507846e-01 8.239411205387164872e-01 7.381030500660465954e-01 7.179467461968679354e-01 7.943611621271770007e-01 8.047790128924650066e-01 9.210650519531108360e-01 8.568275180842813699e-01
4.574715762192018143e-01 2.293039265593846410e-01 6.183053748595022103e-01 3.017136432451175687e-01 2.590779360379433238e-01 4.212589035945702443e-01 4.269014764590780553e-01 6.039609575579838463e-01 5.388912042347474562e-01 4.858554788054047502e-01
4.063256711205852634e-01 5.702588195164897122e-01 2.292966510907086253e-01 6.364648830497833254e-01 6.140028054776194288e-01 2.144932509159457323e-01 4.063413749258100727e-01 2.534704215240957681e-01 3.286765012403500275e-01 4.138215598480952107e-01
4.225338237397022745e-01 5.036789771059921872e-01 2.196713674505495484e-01 5.939747506244665853e-01 5.710696037969902328e-01 2.425113324648588142e-01 4.197404007375498125e-01 2.833808430762392305e-01 3.987842992494891048e-01 2.722198074129338341e-01
3.295140014600451278e-02 0.000000000000000000e+00 0.000000000000000000e+00 0.000000000000000000e+00 3.744394523675510789e-02 0.000000000000000000e+00 0.000000000000000000e+00 0.000000000000000000e+00 3.398323476782162678e-02 3.991458329727982229e-02
2.617136249828995176e-01 4.832616160550425310e-01 2.901380473937406057e-01 5.681229502434326228e-01 4.693852032179066658e-01 2.564392386007218194e-01 4.201722427892163325e-01 2.628162520365933674e-01 2.847980893623631715e-01 3.028915816149431173e-01
5.758187835288145484e-01 3.617476280321320070e-01 8.010348771953479385e-01 3.699918519529387662e-01 5.584625503619063958e-01 8.139341075188294417e-01 6.168630847444308563e-01 7.010194904933667592e-01 7.427275998997393547e-01 6.313126687936730930e-01
2.226370673904575770e-01 6.628833299560590864e-02 1.655942912913614951e-01 1.182613665976922634e-01 3.068946949987341188e-01 4.023619906734705043e-01 1.445253070073020951e-01 1.595727850807702464e-01 2.268179215488830003e-01 2.750087984146988296e-01
5.514341241033868801e-01 4.642176438701609009e-01 8.219234253793152867e-01 4.186415162815896873e-01 4.850289574375722390e-01 7.265283728260583107e-01 6.225673621415726000e-01 8.508526973336104637e-01 7.435893946322066350e-01 6.393392888624982451e-01
5.832711366293068522e-01 7.045720637856771607e-01 4.506219867041140192e-01 7.849063753554157419e-01 7.495835259846955756e-01 5.384278400462972902e-01 5.725204550292531946e-01 4.214756507553027443e-01 5.132423916010929732e-01 5.203404912313090991e-01
8.694046945581659358e-01 7.804329842701860365e-01 8.509971948042820422e-01 9.650651743507879798e-01 6.863439521372420860e-01 7.761515333716648701e-01 8.805582099309480215e-01 8.696573662247463199e-01 7.217815239382412429e-01 8.814189397964643513e-01
4.136408288566318925e-01 3.079651678636924350e-01 6.733839088197927092e-01 3.237972389327710143e-01 2.150768831082786881e-01 4.563891043138222359e-01 4.880631301966225633e-01 5.310243152501206154e-01 4.171497946269208668e-01 4.929547545135666287e-01
3.308557685445635554e-01 6.904295089155754184e-01 2.588441697271988140e-01 6.602252092058452648e-01 5.715854172552470303e-01 2.564680055794297253e-01 4.693377046173502487e-01 2.481169369469256591e-01 3.298013734693336918e-01 4.758399681930889358e-01
4.707754567249725630e-01 7.464726804578283303e-01 3.998918534302329797e-01 6.969369418522692872e-01 7.718118658114867525e-01 5.062020336032118095e-01 5.111254525369967050e-01 5.148547740588254040e-01 5.886417267401982123e-01 4.783590791745638837e-01
8.385443127652261186e-01 9.196930382300781970e-01 8.122349034753946206e-01 8.699621016573461096e-01 7.634807665738616578e-01 7.283106625439811355e-01 9.357032342074860232e-01 8.831831561969776256e-01 9.403610105964083088e-01 8.194777936735156976e-01
3.007413130410832025e-01 5.328387481321448238e-01 2.564514634489533096e-01 6.666009620500525923e-01 4.424150449985161382e-01 2.228594959909002693e-01 3.862165085522148988e-01 2.212320826295461895e-01 3.988406653932065060e-01 4.425852076582962313e-01
4.694079341198901245e-01 7.757821482556016557e-01 3.845867652817491211e-01 7.432823874873825121e-01 7.294540143540753085e-01 5.734448268568786977e-01 4.803142245392997278e-01 3.750747910131744245e-01 3.927985709143346771e-01 5.291847584818121231e-01
2.274349091845070114e-01 4.368626099339179697e-02 1.834956412832081385e-01 9.610186367842596389e-02 3.008903844526209514e-01 3.448513719138214806e-01 1.877390873001716920e-01 2.119747769128639270e-01 7.289923724120518644e-02 1.795569246453084244e-01
5.018587066048261214e-01 3.084469235564043510e-01 5.975431307687475435e-01 3.733495526698112910e-01 1.854535081235281213e-01 5.222284548490214728e-01 4.928206467846588668e-01 4.725535167467829756e-01 4.306313939735196827e-01 4.018762042856459660e-01
9.943582372693164917e-01 1.000000000000000000e+00 1.000000000000000000e+00 9.302740140982507233e-01 1.000000000000000000e+00 1.000000000000000000e+00 9.734251598523273596e-01 1.000000000000000000e+00 1.000000000000000000e+00 9.211267570055390319e-01
8.527824145740573458e-01 9.722848054815063090e-01 8.517104899010131680e-01 8.879633220325501286e-01 6.423859515743218784e-01 7.478192191926148480e-01 1.000000000000000000e+00 8.048024849830621719e-01 8.303737410365136240e-01 8.349319181817207447e-01
6.523579657512380559e-01 7.406306061072769342e-01 4.963146023142244179e-01 7.566503797046119084e-01 7.190064357104186676e-01 5.291651687067374654e-01 6.240602768569120107e-01 3.122974852155733783e-01 4.067727978094920482e-01 5.448655986343051705e-01
8.434043614450307258e-01 9.043270112477752587e-01 8.831588898586064662e-01 8.856956616472975163e-01 6.551407821145275312e-01 6.591600565620023833e-01 7.978318728861643061e-01 8.099291320263451999e-01 8.459668156614472689e-01 7.547999544191924537e-01
3.606728618030141109e-01 5.792764562598402556e-01 2.511640407887625326e-01 6.172449674711499856e-01 5.296354168103420967e-01 2.352764377053839784e-01 3.715823359154548089e-01 3.113704360641042501e-01 3.762440710931533316e-01 4.880948887217194665e-01
3.074055889061180769e-01 5.565242219545429858e-01 2.995885671436970821e-01 7.130773252588850086e-01 4.907850967434820300e-01 2.538437746356375091e-01 3.373891118247632215e-01 2.344886492036761527e-01 2.893963260024412509e-01 3.714698511860390351e-01
6.015994752612247032e-01 5.390052786163683773e-01 8.300293577318983429e-01 3.512540439037432627e-01 4.703317601647304391e-01 7.396373173507621024e-01 5.802646684570567093e-01 8.172878904887901363e-01 6.952097658260649737e-01 6.115200666713574984e-01
0.000000000000000000e+00 0.000000000000000000e+00 5.456439902452841356e-02 6.307665467725047381e-02 0.000000000000000000e+00 2.626847398435949374e-02 1.200679231315392864e-02 0.000000000000000000e+00 4.975477009712477028e-02 1.759295908701143801e-02
4.206692726734884147e-01 2.469334050024607485e-01 6.162301821054071427e-01 2.364795501899841779e-01 2.719495327086163261e-01 4.828676543342679817e-01 4.622101006334675688e-01 5.505954043503987760e-01 4.721668700321138834e-01 3.699168472087793758e-01
4.200152992822339115e-01 2.581512951507126674e-01 6.691323397594782785e-01 2.457435263150692106e-01 2.052678228017225104e-01 4.334789981178767682e-01 4.407569374434262000e-01 6.123973580974745312e-01 5.386334667155978639e-01 4.085079474246712805e-01
6.433868458465856754e-01 7.081548400954839062e-01 3.500963655409209396e-01 6.307767973375276727e-01 7.047928370943529197e-01 4.833119886561147438e-01 5.289836251639508102e-01 4.030909150562217991e-01 4.267645322073770342e-01 6.218737200141741805e-01
5.665510336752165310e-01 4.161624909276794293e-01 7.819477879077216809e-01 3.639629187724999215e-01 4.350418264112279054e-01 7.518800362020500172e-01 5.715234090313445758e-01 7.679899309304476507e-01 7.426928852521309521e-01 5.994928397175121049e-01
4.916856113048490018e-01 3.137313293887725729e-01 5.890721374378187214e-01 2.393199748604603050e-01 1.653449642267773301e-01 4.722990346996776556e-01 4.260176749862152890e-01 6.056384362783131525e-01 4.963671290382076218e-01 4.754532379496908545e-01
0.000000000000000000e+00 0.000000000000000000e+00 0.000000000000000000e+00 0.000000000000000000e+00 0.000000000000000000e+00 0.000000000000000000e+00 0.000000000000000000e+00 0.000000000000000000e+00 2.810556902448633348e-02 1.084486447780004525e-01
3.197931309938515168e-03 5.730172974467900165e-02 7.842153802958193309e-02 6.134147923034825173e-02 4.935112031367517270e-03 0.000000000000000000e+00 0.000000000000000000e+00 5.078257806109496425e-02 3.387374946314985341e-02 7.271262065292859178e-02
8.385536726519434714e-01 8.967129992857330034e-01 8.089553941893278255e-01 9.133501802822514559e-01 7.452586197897046461e-01 7.421548882747547315e-01 8.795203696869881016e-01 8.598262941969672113e-01 8.737044811927693333e-01 7.971810248567923196e-01
9.040990171349073679e-01 9.609878994408395103e-01 9.644588520626274919e-01 9.871152886775775848e-01 1.000000000000000000e+00 8.889620009630299080e-01 1.000000000000000000e+00 1.000000000000000000e+00 1.000000000000000000e+00 1.000000000000000000e+00
6.526690990096055689e-01 7.644262274483684116e-01 3.218075478378349397e-01 8.404728510578716172e-01 7.506463723903971097e-01 4.630190350445766434e-01 5.446671867851781146e-01 4.241196673001313422e-01 4.699143217689664143e-01 5.704689134023070984e-01
1.000000000000000000e+00 1.000000000000000000e+00 9.859558120003952819e-01 9.768110773698608362e-01 9.973261512568634135e-01 1.000000000000000000e+00 9.816915695525482155e-01 1.000000000000000000e+00 9.949666218511662441e-01 1.000000000000000000e+00
4.059665764674060817e-01 6.214940569265832160e-01 2.366576769437274963e-01 6.284972479060646489e-01 4.781723142377513613e-01 2.151365840256519446e-01 3.904471357384007302e-01 3.088336768333735383e-01 3.151591800991541681e-01 3.079747464876862462e-01
0.000000000000000000e+00 6.217611350532886022e-02 5.839349200376917765e-02 3.539998508207527206e-02 0.000000000000000000e+00 4.664618198891193335e-02 0.000000000000000000e+00 0.000000000000000000e+00 0.000000000000000000e+00 0.000000000000000000e+00
5.909507790718854237e-01 3.980514707111985628e-01 7.258621774399823812e-01 3.246279148994206665e-01 5.045123666983990507e-01 6.883299712725707842e-01 5.641726317330855167e-01 6.538086011110540996e-01 6.536303842773374395e-01 6.499393084681184263e-01
9.196607121173503430e-01 1.000000000000000000e+00 1.000000000000000000e+00 1.000000000000000000e+00 9.088130908550178244e-01 1.000000000000000000e+00 9.519459977498131442e-01 9.439599735141943615e-01 9.878329763247100104e-01 9.263519221810214699e-01
1.869688456485966155e-01 1.274052535845624778e-01 2.054668611913957887e-01 1.277582420647130346e-01 2.074596483191805119e-01 3.456294482571318216e-01 1.768535739322388833e-01 1.276283390980096910e-01 1.803797809094518367e-01 1.080797773724836153e-01
6.222989860339239732e-02 0.000000000000000000e+00 9.285639627318060391e-03 9.769415259604926141e-03 2.819009799917717232e-02 0.000000000000000000e+00 3.123449882243846745e-02 8.497756399430471744e-03 0.000000000000000000e+00 2.699213819392551339e-02
5.532368627784559623e-01 7.990325681650785050e-01 3.050713877335384794e-01 7.013705844137176904e-01 8.631382729021277456e-01 5.269667146328840257e-01 5.669367711437506285e-01 4.341949660441959402e-01 3.662524105824342957e-01 5.969833691474724091e-01
4.806640785558769502e-01 6.423211086335137709e-01 2.866405021171389289e-01 6.579060795903783898e-01 5.999833483872899498e-01 3.171453681535051916e-01 4.446025396419627795e-01 2.921726730320391985e-01 3.244022163859044405e-01 4.056156119319628273e-01
1.000000000000000000e+00 9.547692809630536903e-01 1.000000000000000000e+00 9.732717072275116621e-01 1.000000000000000000e+00 9.745967065363702053e-01 1.000000000000000000e+00 8.656466922737278136e-01 9.634210609706711503e-01 9.781025125645096407e-01
2.807890534852732767e-01 3.094543611785491866e-01 5.944072252548454616e-01 2.129780239095992456e-01 1.395720287178433272e-01 4.789805020189389917e-01 5.517541281524309671e-01 6.221154392504335551e-01 5.245634060080919259e-01 4.261840665131066963e-01
5.856914825983551287e-01 7.498174259505108186e-01 3.530842486691123105e-01 7.318725729957589188e-01 7.908187998230620241e-01 5.785681600767150767e-01 5.732906928836364324e-01 3.523636354184814801e-01 5.023479942543078725e-01 5.885562784385390822e-01
5.647158594251835417e-01 7.080210571518189555e-01 4.152592985896061961e-01 8.265758084182038834e-01 8.895021009869696904e-01 5.440814835519225401e-01 4.672210721757608098e-01 3.273600722021414722e-01 5.392615297764532523e-01 5.218372805255925284e-01
1.653281165682819187e-01 9.686947218983721353e-02 1.901895780798849023e-01 1.916957024153152223e-01 2.067312107195649340e-01 2.870231288742112752e-01 1.494296682077356220e-01 1.810288570861171564e-01 1.987268355343878301e-01 2.593607681218821348e-01
7.840269679298523808e-01 9.453977324308948660e-01 8.109440691593031714e-01 9.139614920219578664e-01 7.067429690179037882e-01 6.461337822414049414e-01 8.334427440011124011e-01 8.663743534418294479e-01 7.907052735360048379e-01 9.173623452776247245e-01
2.824387658094968528e-02 0.000000000000000000e+00 0.000000000000000000e+00 6.245960486478512735e-02 4.222197154873869041e-02 5.742710311916126437e-02 0.000000000000000000e+00 8.005101123931962492e-02 0.000000000000000000e+00 7.825558497460249896e-03
0.000000000000000000e+00 9.319637551813073073e-03 1.648223883752857402e-02 0.000000000000000000e+00 0.000000000000000000e+00 0.000000000000000000e+00 2.175447781815675885e-02 0.000000000000000000e+00 3.727318070799397892e-02 0.000000000000000000e+00
5.282065645879654436e-01 6.902808544295667703e-01 1.678086997686447646e-01 6.617747342603906846e-01 4.834543325383745538e-01 2.866306466805032538e-01 4.336117022242282903e-01 2.396200422933862095e-01 3.477694675662222901e-01 4.221948099019625089e-01
9.985731851686666660e-01 1.000000000000000000e+00 1.000000000000000000e+00 9.991286261605767383e-01 1.000000000000000000e+00 1.000000000000000000e+00 9.296963969618579071e-01 1.000000000000000000e+00 1.000000000000000000e+00 9.699189364485479858e-01
6.515456780897415090e-01 3.637500342912389217e-01 7.525076078543891933e-01 3.917055976269883111e-01 5.603566712425729346e-01 7.590074468798814200e-01 6.048104784646419763e-01 7.175960540978285618e-01 6.698497495356593445e-01 6.454317573704182465e-01
7.596816875406652292e-01 8.997551780553399992e-01 8.950593867654470515e-01 9.757440345532044645e-01 7.225395917173654814e-01 6.864146365491201607e-01 7.857503159647082347e-01 8.771060462871030916e-01 8.505971884367802271e-01 9.422372142665966788e-01
5.068902228447245140e-01 2.398323328318031356e-01 6.048221980115654484e-01 3.521015247978431795e-01 2.412494810599645489e-01 4.568983603660851101e-01 4.491623928982899638e-01 5.727201974386060268e-01 4.429665263889451254e-01 5.258019833445906066e-01
3.810565430034448253e-01 5.752497140512073948e-01 2.253505513662880932e-01 6.218141468257709636e-01 5.185572033888121712e-01 2.176660159571925102e-01 3.726838800523090689e-01 1.830051368349954188e-01 2.762405162938547099e-01 3.863121991796388266e-01
5.588869849412713142e-01 7.063993869398784708e-01 4.438165154708991755e-01 8.392038031424002842e-01 7.674191094031305171e-01 5.686914669646456755e-01 4.754806377162803521e-01 4.018275454619923415e-01 4.968664389365203271e-01 5.447470327308960858e-01
6.075808985375261706e-01 7.246677650926613978e-01 5.137254587460595712e-01 8.191806636323891722e-01 8.379523556979255883e-01 6.130163295128292500e-01 5.032205821667105061e-01 4.397201020905410207e-01 4.450103550396633523e-01 4.158369720732397745e-01
5.559647772599779492e-01 7.308326051058017248e-01 5.176232567686874786e-01 7.140964562326612697e-01 8.424107477696702873e-01 5.870345743099486535e-01 5.652898073093860498e-01 4.325702791026977967e-01 4.560020229230515865e-01 5.846813941021347105e-01
1.494020007654436044e-01 1.377189274160768306e-01 1.775610160631136136e-01 3.051877104949349273e-03 2.690572811442386580e-01 2.335757013613640187e-01 2.389523783525571432e-01 1.479499160395809365e-01 1.648377599992948694e-01 1.843214751194538759e-01
0.000000000000000000e+00 4.917756631895590924e-02 8.131025750192871770e-02 3.501726858957286692e-02 1.346056974457772492e-03 1.436685963639532798e-03 0.000000000000000000e+00 4.029776702334570554e-02 0.000000000000000000e+00 0.000000000000000000e+00
5.514661732140531125e-01 3.549770130126166934e-01 7.772393431357138560e-01 3.717797090625948320e-01 4.149894118488266503e-01 7.699080188074863829e-01 5.875022631601340972e-01 6.990513679376326728e-01 6.855412492321748541e-01 5.280848793330779056e-01
2.306256468070657095e-01 1.704589958025805319e-01 1.425687751951436599e-01 1.094576923720540357e-01 3.509018731277264713e-01 3.032373992597903745e-01 1.896118785304525822e-01 9.142106939311289704e-02 8.933692801408596451e-02 1.184056725348944655e-01
1.862745694130032992e-01 1.069458163279719543e-01 1.231762489422645462e-01 7.877225982821646488e-02 2.435660145498234341e-01 2.632434634095462966e-01 1.471276448169953621e-01 1.641797391979315235e-01 1.725621896205035699e-01 1.328235135167080694e-01
3.916501513361174136e-01 2.934742080096021111e-01 6.402132538089306824e-01 3.185079613473745241e-01 1.960413858708766055e-01 4.211331536678603049e-01 4.549591770273445079e-01 5.984483866339319613e-01 4.950230867747389962e-01 4.755800204792923758e-01
8.804183341336619950e-01 9.225851437502338159e-01 8.065146469124605533e-01 9.614711079760379642e-01 7.645439988338846860e-01 6.639750494594026664e-01 9.569055700354381910e-01 8.535441277750759337e-01 8.504130668698892670e-01 8.196373214809439256e-01
8.001079371510749771e-01 8.894956104597351310e-01 8.378862029381148879e-01 8.502386269273032315e-01 8.122540088334896380e-01 7.111421826436986615e-01 8.229388220729223491e-01 7.940626803199556383e-01 9.241326417054633868e-01 9.103219773236921331e-01
3.610968498234788382e-01 3.009745069981271115e-01 5.991695480944215779e-01 2.942283939277223759e-01 2.568068734291760746e-01 4.024804047894837700e-01 4.596447741108068419e-01 5.480462434276851535e-01 4.694228300844740520e-01 4.415934423215506222e-01
2.190882482891973737e-01 1.112846070815804028e-01 1.238998350884023686e-01 8.512096683791707530e-02 2.834886818128590780e-01 2.872697353710836898e-01 1.467539266112456442e-01 2.039666759984569699e-01 1.686032705248009800e-01 6.622032849573634972e-02
9.020857056978875965e-01 8.876107914396305087e-01 7.509644981957199761e-01 9.818407654322907074e-01 7.503087587243600920e-01 7.531226800718978653e-01 8.292758893604410542e-01 8.081191256056141636e-01 7.997827042300272860e-01 8.349126385582710252e-01
6.412333092418386338e-01 3.572360147922516993e-01 7.423676672243876284e-01 2.346172294451891738e-01 5.045017865550066594e-01 7.596588073232584115e-01 5.827069501269972474e-01 7.857134650841096635e-01 5.908484686194335200e-01 5.654318579505008824e-01
6.699958502404300686e-01 7.617551805754761984e-01 3.837776134839132047e-01 7.559484326232125406e-01 7.427056348393044072e-01 5.680590987623606036e-01 6.380157133725110619e-01 4.264258966695642084e-01 4.486572910121116586e-01 5.213372946990549872e-01
0.000000000000000000e+00 9.810341091485460033e-03 1.288357771611859000e-03 7.456730569182055957e-02 6.134274729464275766e-03 5.782932142857272195e-02 4.830846569061725271e-02 0.000000000000000000e+00 0.000000000000000000e+00 4.310487121757289319e-02
3.669302392568136728e-01 3.374910363508392130e-01 6.014533540127691147e-01 3.312487330931394025e-01 2.987769862082276795e-01 4.327738378981820233e-01 5.263009667806964886e-01 5.070644264670834955e-01 5.657259802476073407e-01 3.949895760555712232e-01
3.220612872810424965e-01 6.191182688650439525e-01 2.337221374959921605e-01 7.144659552093410859e-01 4.982436730079360387e-01 2.469038123442364729e-01 4.306845725234575983e-01 2.937490819932765396e-01 3.591122894122548148e-01 3.017921459353259395e-01
4.143808719435837506e-01 2.596899762549064739e-01 6.491137723987406849e-01 2.453325647657584041e-01 2.606829445696928205e-01 3.619302215706519110e-01 4.041965019830835448e-01 6.149574213948633128e-01 4.475712381881275514e-01 4.934663870050153833e-01
3.838285565615606743e-01 5.441127875057398811e-01 1.511024129776637470e-01 5.821411984328180855e-01 4.829169019162698473e-01 1.826323715781247858e-01 4.724215267740307089e-01 2.384050153536239613e-01 3.171931309144958022e-01 3.651259850602544543e-01
1.000000000000000000e+00 9.521434983991755585e-01 1.000000000000000000e+00 1.000000000000000000e+00 1.000000000000000000e+00 9.523476699961834768e-01 1.000000000000000000e+00 9.586939869802928449e-01 1.000000000000000000e+00 9.351526720368018575e-01
4.805047919286145608e-01 3.216076897498049703e-01 6.450741695704231837e-01 2.366350653009952898e-01 2.691579306943634453e-01 4.667182902446558868e-01 4.539418306647036716e-01 5.113585295661452479e-01 5.507004169112291736e-01 4.158269010481240868e-01
0.000000000000000000e+00 1.115123065656414142e-02 1.827347264156593820e-02 2.435917695809175845e-02 0.000000000000000000e+00 0.000000000000000000e+00 4.556673732759777828e-02 5.444472214462184323e-02 0.000000000000000000e+00 0.000000000000000000e+00
8.156253846600642898e-01 8.699735783404981548e-01 8.023128694671927130e-01 9.111190973553936479e-01 7.158334647855607580e-01 8.103378066587726414e-01 8.795108895110227420e-01 9.257019333758662594e-01 8.165518546564605185e-01 8.623701438015127785e-01
6.860163272463821321e-03 0.000000000000000000e+00 2.811375707735940324e-02 0.000000000000000000e+00 2.526380379547636668e-02 3.802239903777565599e-02 8.677249581256037819e-03 0.000000000000000000e+00 0.000000000000000000e+00 2.951672982798990430e-02
8.326956802983023209e-01 8.403269162248858670e-01 9.107250635101661329e-01 8.585468274503889052e-01 8.034614484302370352e-01 6.794583606486950256e-01 8.540606594876940516e-01 8.455006466173975443e-01 8.308037460276986863e-01 9.278741166728010636e-01
5.426562616414166706e-01 4.524917071038155880e-01 7.679357382501356133e-01 2.754874368158340414e-01 4.710665345335112719e-01 8.856933470387993168e-01 6.041447390175994636e-01 7.396778073743757176e-01 6.340463080985134781e-01 6.232518713907606589e-01
5.651944033205520412e-01 3.822537669899021551e-01 7.455616744991907519e-01 3.430715139735256991e-01 4.280908505413195120e-01 7.392605843775160723e-01 6.511145528777905200e-01 8.020804480144928528e-01 7.756078316648573612e-01 5.973448702493318052e-01
2.018047744161179657e-01 1.059029812147750382e-01 1.110329345462830603e-01 9.125318340642413206e-02 2.471052051979384101e-01 1.780338411301716217e-01 9.737916561163875717e-02 1.145372040811514502e-01 1.899821446393307467e-01 7.980006471406984880e-02
9.731573536033363281e-01 9.952731965296937044e-01 9.963540541047856136e-01 9.802095425676133900e-01 9.776257656980509303e-01 1.000000000000000000e+00 9.706297973762129105e-01 1.000000000000000000e+00 1.000000000000000000e+00 1.000000000000000000e+00
2.651619435511243794e-01 3.286904307317779772e-02 1.266963291993995488e-01 8.673545097567900153e-02 2.548987370496393901e-01 2.779143551854477145e-01 2.321662499128705481e-01 3.044474695312398560e-01 2.496607598975631170e-01 1.632168568037452583e-01
5.916349289702371728e-01 2.592225682892250194e-01 7.137133471975900534e-01 3.927659875226979791e-01 5.697225402628506297e-01 7.473968480536412606e-01 6.047621556265775355e-01 7.079433297170207862e-01 6.811490426332448278e-01 6.203010725035259521e-01
6.857100459734533082e-01 4.579163835775528213e-01 7.945214163555133213e-01 3.345710003619071227e-01 4.834033010298033339e-01 7.739559459456497592e-01 5.615778972290729198e-01 6.959723458489028847e-01 7.403607720618546884e-01 5.788687947058188676e-01
6.784954255058822659e-01 6.961076227110921666e-01 3.960427338103235106e-01 7.525284277291075519e-01 7.519093144043250687e-01 5.015749025643451153e-01 6.164192362092558719e-01 4.432965866595579563e-01 4.509866271037941687e-01 5.454601753519132679e-01
0.000000000000000000e+00 0.000000000000000000e+00 2.405062651929042519e-02 2.937158700014217555e-02 0.000000000000000000e+00 9.612568472599647418e-02 0.000000000000000000e+00 0.000000000000000000e+00 3.162017653258557964e-02 6.135645049890761649e-02
3.926376178378559456e-01 5.939531501218852094e-01 2.807631245404125786e-01 5.963494049740183378e-01 5.496828979371495283e-01 2.185913830660360657e-01 4.616427119549391112e-01 2.069855306672720996e-01 3.905035809952304704e-01 4.238422902258790481e-01
2.511415275872255770e-01 5.720853012892009870e-01 1.950107038280210758e-01 6.711697296849232774e-01 4.304102880759337335e-01 3.095607645224422999e-01 3.889763347430130191e-01 2.160740821171255599e-01 2.777899614672728612e-01 4.771351464662655917e-01
1.646297025518545787e-01 8.011170953574871245e-02 2.296878981003166453e-01 1.100738528757853329e-01 2.098095378771135666e-01 3.428471283753813936e-01 1.813177860332542413e-01 8.982175199326572490e-02 6.235293413453295297e-02 1.644461109446412883e-01
2.042605592676365045e-01 4.175252534429684664e-02 1.722705051669350951e-01 5.487672412059002580e-02 2.716167552994016576e-01 2.960116613104312733e-01 1.769782953528072078e-01 2.014924567522051735e-01 1.351470340320724550e-01 7.491187152715260422e-02
5.705480747641580308e-01 6.355191833205726670e-01 4.927849441987265378e-01 7.192533248861711082e-01 8.228453001470824590e-01 5.534263638981566924e-01 6.386838437110110567e-01 3.744230342491140506e-01 5.424913338160948229e-01 4.793762444931115585e-01
1.928020403966816954e-01 5.068591824854296740e-02 1.238808104161401025e-01 6.923948987428635293e-02 2.288367801342663932e-01 2.270529196530901295e-01 1.609912031778700237e-01 2.264114583221581989e-01 2.004931556315601993e-01 1.781713302237552810e-01
5.250340657328037564e-01 7.004045993287572047e-01 4.110427250478825290e-01 7.638691385233585818e-01 8.165646673147665124e-01 5.406101072663420659e-01 4.961353780344243680e-01 4.641132416290141838e-01 5.518697112749725298e-01 5.216356782436658568e-01
9.883887338406166512e-01 9.836535074184811211e-01 9.671855872042685043e-01 1.000000000000000000e+00 9.375190367021294380e-01 9.922649150759592640e-01 9.756232750195525938e-01 9.716843287603160739e-01 9.326578045594494659e-01 1.000000000000000000e+00
3.206988522227885441e-01 6.589223195626028318e-01 2.028915365335955123e-01 6.997074988568804388e-01 4.248318065859706394e-01 1.755017645804234916e-01 4.308496016845160814e-01 2.653783380167333283e-01 2.950235551065342743e-01 3.689596214594998425e-01
1.455125196908726160e-01 2.840031376561095999e-02 2.127232227348986038e-01 1.690070362493621692e-02 3.659015495674480256e-01 3.482821958689455988e-01 1.362655392703548685e-01 2.184218020984021735e-01 2.625388332262953428e-01 1.891975544819471666e-01
6.014772939785796302e-01 7.305703230844972085e-01 4.027946291823593650e-01 7.022474914016013647e-01 8.552360067410603728e-01 5.393522798307488486e-01 4.251688714098141864e-01 4.904598184626191015e-01 5.010481017924923730e-01 5.181775908310013445e-01
4.802579959715138624e-01 6.932902921011123709e-01 3.491286004911953733e-01 7.834104879566595736e-01 8.454284253959486461e-01 5.207087588282459656e-01 6.249444127012488970e-01 3.922119074877134515e-01 5.561099005299268150e-01 5.316316156214442312e-01
6.627502988164223341e-01 3.345571196112689383e-01 7.482548643684578948e-01 4.196911362159286840e-01 5.085797515598663443e-01 7.090332324429425848e-01 5.546359360159512919e-01 7.593225495887331311e-01 7.698519237918396430e-01 6.502473189087574212e-01
7.791985510634814593e-01 9.487348811688246508e-01 8.899093005142424406e-01 9.575725482963333146e-01 7.496102348210054167e-01 7.850751970985838657e-01 8.473245209876276718e-01 8.279754548915966295e-01 9.461729783195964583e-01 8.671872122001792471e-01
5.496064525108950161e-01 3.469187004679192277e-01 6.302563299101139327e-01 2.035365006021926382e-01 2.567086363764405910e-01 4.783668213990450169e-01 4.095637884653148819e-01 6.055480494594021046e-01 4.911737265486737503e-01 4.942627152766346788e-01
4.096607237145185043e-01 2.358118834542317077e-01 5.561119801592442347e-01 3.239071501188576785e-01 3.226575687908529444e-01 4.556664976087428376e-01 4.935546053867658767e-01 5.530692537701109579e-01 4.093474379684970410e-01 5.244755629696165045e-01
4.543556963020712325e-01 5.292284685697543622e-01 2.334471447876948491e-01 5.912122112004687402e-01 5.001822129986955856e-01 2.557766548331833478e-01 3.923114351512290710e-01 2.532347688226210813e-01 2.006528114297803367e-01 3.974908784034169029e-01
9.906844186811240016e-01 9.721968302012600205e-01 1.000000000000000000e+00 9.874253151758410896e-01 1.000000000000000000e+00 9.639402201756435140e-01 1.000000000000000000e+00 9.569501855264902490e-01 9.392379064569513769e-01 1.000000000000000000e+00
6.664937461790175766e-01 3.877502606654545381e-01 7.623891296126175110e-01 3.435415205044686782e-01 5.520337341271046583e-01 7.447752660419528770e-01 5.478916460303686620e-01 7.444642088888209219e-01 6.371019350632239897e-01 6.256937269812844482e-01
4.104478868996374041e-01 3.213352447763319630e-01 6.431303278020191749e-01 2.802281680356082383e-01 2.274391606710868541e-01 5.536135169557743207e-01 4.032299121554304699e-01 4.890546220964978597e-01 5.556832433527429949e-01 4.911729859957821853e-01
1.379559601125575907e-01 1.417630992442488191e-01 1.887984371982250331e-01 1.517420485567892718e-01 2.478818222788383707e-01 2.937504522568099019e-01 1.749233772229112360e-01 1.257069538077577042e-01 1.118392358148488086e-01 2.952397361071027460e-01
3.125278492056570712e-01 5.110686283431665755e-01 1.968276895094002443e-01 6.986939801837300790e-01 5.516725124032195726e-01 1.997481745002474551e-01 4.317103558211713432e-01 2.485760157888636246e-01 3.694882445702817320e-01 4.500742381891335020e-01
6.110416891182600674e-01 3.856829315623664378e-01 7.853591735880817160e-01 2.622095708775961098e-01 4.670331845202112531e-01 6.622601464926223258e-01 5.845576971915072972e-01 6.771432374417185596e-01 7.081449513054771661e-01 6.111946044228755426e-01
1.728818653046816367e-01 1.961517696585679538e-01 2.302714694987376687e-01 2.268258995918118193e-02 2.359157849088034942e-01 3.371235569491030093e-01 6.649407119887137951e-02 1.700853915902419411e-01 1.711546245184153991e-01 1.465301181324793478e-01
0.000000000000000000e+00 0.000000000000000000e+00 0.000000000000000000e+00 1.061861116293265489e-01 2.033575991180977191e-02 0.000000000000000000e+00 0.000000000000000000e+00 0.000000000000000000e+00 3.562180240013160942e-02 5.618708629907957081e-02
1.799468719356280555e-01 1.482612682233592875e-02 0.000000000000000000e+00 0.000000000000000000e+00 0.000000000000000000e+00 9.185509927714319289e-02 4.607157016699589373e-03 7.367656625704448181e-02 6.170095464269564206e-02 0.000000000000000000e+00
6.145630360425328176e-01 7.226941633959301781e-01 3.547756769971286417e-01 6.869033005598867980e-01 8.117805759853558012e-01 5.293117125534725353e-01 4.487052300253122072e-01 4.649797275359371929e-01 4.540433657600040362e-01 5.878125648851466600e-01
4.056924145076676314e-02 3.544573273625952620e-02 4.293188677924665055e-03 0.000000000000000000e+00 0.000000000000000000e+00 7.405211695330395083e-02 7.365019127938726012e-03 0.000000000000000000e+00 9.827413099803188057e-02 1.148904363921383898e-02
5.601288327317766047e-01 4.714245186129880638e-01 7.284532928724481993e-01 2.825927788324617551e-01 5.152913285838837121e-01 7.138813356631934504e-01 6.023431956045279811e-01 6.765724695016349655e-01 5.430496099012205313e-01 5.570268510999744072e-01
5.854171144012035310e-02 1.043921957934229594e-02 0.000000000000000000e+00 0.000000000000000000e+00 8.524672095891086543e-02 4.144004665334037607e-02 0.000000000000000000e+00 0.000000000000000000e+00 0.000000000000000000e+00 3.843328296700107560e-02
3.555070136872017228e-01 5.703671270740110488e-01 1.917259153139760919e-01 6.538022569176702437e-01 4.783760500402954863e-01 2.188187874337848005e-01 4.377075557090140401e-01 2.224680741451898758e-01 3.392020736067856146e-01 3.695160290717499074e-01
4.948999289660027667e-01 7.593724212603916168e-01 4.104313585816960486e-01 7.440533727893861027e-01 7.553870433057165990e-01 4.187870017818824397e-01 6.002449623512331467e-01 4.635836358606311158e-01 5.504885657202890359e-01 5.242129045260867093e-01
2.162310187966235975e-01 9.676977072260053991e-02 1.765678784601761864e-01 5.062604203620491017e-02 2.153878999284065676e-01 2.117950643604870620e-01 2.325735546318933589e-01 1.472674375638317046e-01 1.777015354736359576e-01 1.877270248446978318e-01
6.709646244429998130e-02 0.000000000000000000e+00 0.000000000000000000e+00 0.000000000000000000e+00 3.239422666261388556e-02 2.399166540300719241e-02 0.000000000000000000e+00 1.014336115402017860e-02 0.000000000000000000e+00 4.319617179517821343e-02
1.000000000000000000e+00 9.276652552144136754e-01 1.000000000000000000e+00 1.000000000000000000e+00 1.000000000000000000e+00 1.000000000000000000e+00 1.000000000000000000e+00 9.992150984957784976e-01 9.681635441712739265e-01 9.960494077195676255e-01
8.158653283435458592e-01 8.608589255474403679e-01 9.333490908090791294e-01 9.106779429416604899e-01 7.112439559455464577e-01 7.412659608829069713e-01 9.302849875829546367e-01 7.279081988154907368e-01 8.202989205028650144e-01 8.711245671652119160e-01
4.102085382595487828e-01 2.698228257774705763e-01 6.245661352775719877e-01 3.019200730418242218e-01 1.928718265427431522e-01 4.810340612426542428e-01 4.580747572905017884e-01 6.014940375813975226e-01 4.526861609667464093e-01 3.741729539214712075e-01
3.979268025649443374e-01 3.039151237603561206e-01 6.268102088774268887e-01 2.826363556901350105e-01 2.363720963084632865e-01 5.310186565980741236e-01 4.435665257089786429e-01 6.548578409726796279e-01 4.370132496091272412e-01 4.751118453167376687e-01
3.895332623227181212e-01 2.232542310851537426e-01 6.457265177203254103e-01 2.260120873588263857e-01 1.549524189774554583e-01 4.885746005902305567e-01 3.904021064484716197e-01 5.411013920576908109e-01 4.560382395417684198e-01 6.125975076013469023e-01
5.718401603459718485e-01 4.885256446349737769e-01 8.036120546869585102e-01 4.129387747236415995e-01 5.169499917447857307e-01 6.859932404441019260e-01 6.190483885983999457e-01 7.428907373796858060e-01 5.746949840824422395e-01 5.647043724060760717e-01
7.659047761116332120e-01 8.987944533984532081e-01 8.898699243848673390e-01 8.577265065401197264e-01 7.631484898986409249e-01 7.420554086880336575e-01 8.806374276952740887e-01 8.275135880788015985e-01 8.412819362991863503e-01 9.068831673422438344e-01
8.731843848484852622e-01 8.836735293688541271e-01 7.686563849400394055e-01 9.754939322575895133e-01 7.042220418024642825e-01 6.851915362484557459e-01 9.465627208163622797e-01 8.554627348931657105e-01 9.029610967169596769e-01 8.100707469312349307e-01
8.068592524149525991e-01 8.834927652013484511e-01 8.783362906932936642e-01 9.929707424449223385e-01 7.132863670612249463e-01 7.107671123686770676e-01 8.289152455939308162e-01 8.670234567719325991e-01 8.297294272706632334e-01 8.784841602149773276e-01
1.801183173917532132e-01 1.251692601769806013e-01 1.697892141356237283e-01 1.519380830572122365e-01 3.937062359624656782e-01 2.740686968912827148e-01 6.622595911738411723e-02 5.870767291141164301e-02 2.103232270783599589e-01 1.384685504043353388e-01
5.778395503473063854e-01 3.872679672978512344e-01 7.247686643947899299e-01 2.831743025054749285e-01 5.418497201960612575e-01 7.474757595413906719e-01 4.780416538902971801e-01 6.955661828147410297e-01 7.600778618687036303e-01 6.125971607925106976e-01
5.502087157832943332e-01 3.948226514810489474e-01 6.729112896219854312e-01 3.760999787878764877e-01 5.372838955429206642e-01 7.200103531491697240e-01 5.740853931626668238e-01 7.677316132116214220e-01 7.135847790780929234e-01 6.407350140488563550e-01
