-1.403751743402156804e-01 4.087762634744703948e-04 2.581911277244341996e-02 -2.391299920035335619e-02 -1.251498358912124000e-02
5.564599149685096890e-02 6.446472631333209635e-02 5.617963250439492184e-02 -4.471990414974964800e-02 7.936100644482312061e-02
2.669392980211434119e-01 1.200564471974602393e-01 2.050944956027435928e-01 1.131141333515546937e-01 8.981624700183840626e-02
5.495304585243336870e-01 4.251589224006026568e-01 4.738023742407166949e-01 6.157556183435146657e-01 3.827285045404556496e-01
1.916384089306864824e-01 2.248161956655649329e-01 3.769474230497987799e-01 1.128931125475518826e-01 2.276180042053547181e-01
7.012426142645123983e-01 4.981942060832020847e-01 7.362089492808374658e-01 3.033382068630763317e-01 8.186482688721884449e-01
2.672957071366384163e-01 5.092204458187153948e-01 5.699338579005178707e-01 5.445268774263052336e-01 2.404551659333911129e-01
2.067991752885409151e-01 2.157747152363887755e-01 3.845500615123591537e-01 1.323422557705445368e-01 2.318233256354374217e-01
1.475560200198987870e-01 8.572522969238775825e-02 2.609329855479785576e-01 5.674726468747369468e-02 1.394465611617229650e-01
2.494846875946811204e-01 1.102729089376567329e-01 1.225568570209320807e-01 8.748790719630579471e-02 1.743351814911422992e-01
7.297568869091759503e-01 6.107097147467450693e-01 6.971670709587823866e-01 4.083381557017952690e-01 7.264740671975603581e-01
-3.254488946209387057e-02 -3.004166505150677319e-02 1.960476405176638653e-02 2.332098911539791375e-02 9.760726961975500077e-03
7.529403378734778052e-01 9.821597626946541038e-01 8.032817775701641683e-01 9.609428419500986029e-01 9.069857611535553366e-01
5.296270831677692970e-01 3.491997316259937145e-01 2.543537946477413825e-01 3.222362049400596673e-01 6.336474270163621192e-01
8.532184108822296054e-01 7.546042909274378596e-01 5.520687143966647170e-01 8.793669550160174708e-01 8.478102191964372869e-01
2.352632249224060335e-01 1.158102452533474325e-01 3.267597878542128909e-01 6.293912194595821519e-02 1.177905405512863074e-01
1.822550549282302423e-01 8.654955389431814861e-02 1.435235360930128545e-01 2.788397155329842836e-02 1.741678628160577003e-01
8.365732557716304418e-01 7.866553905173954142e-01 5.451459757622086899e-01 9.723602474841583909e-01 8.153961376383228599e-01
4.455571813013171067e-01 6.266554749381912925e-01 6.795493513127406349e-01 6.962313112502840351e-01 2.479702896317420580e-01
4.998689037070060404e-01 6.205268853284118258e-01 7.361841048942109333e-01 6.563161706860638489e-01 4.550520600710164509e-01
3.061536554994042647e-01 6.190641562636590711e-01 6.067977695951113359e-01 6.256658388946793048e-01 2.716322087764835858e-01
2.816750012712361806e-01 5.380731518808503644e-01 6.251612114209232907e-01 6.483103767720613808e-01 1.894937533596635082e-01
5.011049646398597623e-01 4.110184120972576460e-01 1.196929060473263806e-01 3.930461826329196828e-01 5.668390262646190170e-01
9.369068775237441304e-01 8.459541998428511400e-01 7.587268282413067721e-01 9.093020182232306459e-01 9.941336599667671692e-01
-8.269613483809123977e-02 -1.171513861822947797e-02 -1.058576599595326684e-01 -2.178301780185412651e-02 1.258711497863320566e-02
4.410290812875009014e-01 3.809172958525045560e-01 1.852315779391006667e-01 3.104390757540780865e-01 6.416473466371497292e-01
1.826017466947421064e-01 1.815989429137617739e-01 5.112105730947131832e-01 1.267891711498792540e-01 1.722016195381640413e-01
8.879702558426495473e-01 9.952523743194701122e-01 7.972166594627355662e-01 9.982012261861186175e-01 8.943063487705517067e-01
1.738787203707835016e-01 7.734660185315210545e-02 1.556134058365803430e-01 3.359758744280721965e-02 1.708095554982096420e-01
7.272822675672020454e-01 5.521223966819847062e-01 3.913483428096193872e-01 4.746567155841976970e-01 7.631061758738467704e-01
2.719471296768977142e-01 6.171857041180769943e-03 1.574552699544483625e-01 8.876246454913019890e-02 1.773568542134891790e-01
2.836242103283285743e-01 5.180819453500262739e-01 6.115470950071074663e-01 5.419997638336163659e-01 2.244268215541561640e-01
6.938289072690358994e-01 4.784119984665716752e-01 4.187679830907105605e-01 4.145547698882125487e-01 7.538809725652422244e-01
8.595306440045404894e-01 9.321696745831661302e-01 5.324747456942594548e-01 1.020982112788426210e+00 8.312227123404765106e-01
1.620707033596782143e-01 5.753584993202565112e-02 1.624602513375810742e-01 1.065278061907502238e-01 1.193739344154725601e-01
6.463657531101367759e-01 4.764165891885886461e-01 4.170128204476236666e-01 4.262219158697047594e-01 8.617048285115240791e-01
5.210832149073977293e-01 5.393391323942489102e-01 4.626081504835869995e-01 3.654562827095292898e-01 8.059442601028761199e-01
8.173315521147929141e-01 9.166670306634724374e-01 9.022399850695110857e-01 9.592209293886201360e-01 8.023614654898898468e-01
1.071595731040673405e+00 1.115515073831206516e+00 1.058031862143399726e+00 9.808111110839434765e-01 9.461265215803790207e-01
9.595272942476493760e-01 1.070811946750522603e+00 9.995381167498056385e-01 1.014447144555896907e+00 9.727383351942872070e-01
4.469455973553672079e-01 3.814702756510791604e-01 2.814719088503411792e-01 3.810749119308332600e-01 6.985102009433443726e-01
4.658507349238211748e-01 6.586996480870832560e-01 7.732484085034073695e-01 7.060614480691829176e-01 3.676320776899839049e-01
4.633546021693016881e-01 4.504427431638736712e-01 2.786363164734298459e-01 3.020051588892563310e-01 6.249212349688846313e-01
5.025172855241166747e-01 3.775188083363498204e-01 2.502050607982934105e-01 3.129617570612653332e-01 5.837410591311849029e-01
7.730320616773871389e-01 4.368765647998068546e-01 5.041792497152703945e-01 4.669533668300759333e-01 8.267509008995630460e-01
1.999340983724862686e-01 8.442544446993009710e-02 2.205276822382869484e-01 9.954676149316565859e-02 8.203541404755697319e-02
8.338927853021746994e-01 9.887589349763856728e-01 7.898851404950042454e-01 9.328114434755714335e-01 8.892648396442579539e-01
9.679948613892186415e-01 1.143136265575834587e+00 1.047212534746526869e+00 9.220925738966406771e-01 1.004955804642807093e+00
7.251666658598859838e-01 5.667023086011017119e-01 7.199532636963075216e-01 4.364977457816552886e-01 8.956847075304046335e-01
3.317649983880199271e-01 6.054663844113818971e-01 5.772566230752008698e-01 5.850939425702783581e-01 2.261218854620345442e-01
2.617444420819452500e-01 6.127757023138374892e-02 2.140332673989526757e-01 1.070946359607087839e-01 4.541899107397158464e-02
4.812599537832406571e-01 4.867101603573249502e-01 4.466115866890957298e-01 6.204892580928893508e-01 4.014116963210580535e-01
9.815652580906546465e-01 9.519918999287696471e-01 7.782267299769289881e-01 1.085863917244025867e+00 9.720707590422963396e-01
5.144611602189453903e-01 4.557297227057167666e-01 6.351966432821211095e-01 4.221065241467231166e-01 6.980502982326991512e-01
1.622169529821714251e-01 1.794018498817688545e-02 2.104486735562678956e-01 7.380855124581306437e-02 1.454215743174334663e-01
6.025177657366810324e-01 6.554485319149921940e-01 6.636831044517450540e-01 3.867804679920952005e-01 9.306360422127224474e-01
5.889762066953116992e-01 5.895444857862542909e-01 7.578930236171494972e-01 6.052458025063538471e-01 3.105989891462557773e-01
1.081833656184392201e+00 9.759938108770059850e-01 1.010493056027826686e+00 1.058132961486218271e+00 1.041628570001687848e+00
5.179258381381822707e-01 5.079893410969346101e-01 4.544426497341871873e-01 6.678048111827649125e-01 2.852012534759500451e-01
8.459688392829596282e-01 7.653038559109829331e-01 6.006093855618095390e-01 9.095843919612276451e-01 6.755195462630780856e-01
7.723836547136189168e-01 9.161300138070194166e-01 8.007523261199185338e-01 9.605988784144632309e-01 8.273088091222128293e-01
9.379246828653468038e-01 1.052995308723294832e+00 1.122099049103945534e+00 1.003012167311133407e+00 9.757722146071248215e-01
8.188700156266419672e-01 8.959214533197932262e-01 5.910974192125928450e-01 8.765366705567719796e-01 7.516952935901339838e-01
3.268192329114851802e-01 4.633273163812370310e-01 2.978295797957312141e-01 5.452980979851281829e-01 1.489933255962577474e-01
5.083772798302460538e-01 4.409480467939997927e-01 2.675005739341864697e-01 3.623609075537560509e-01 6.231512645556542829e-01
9.795935298211932984e-01 1.076285482225976864e+00 9.721533531186110633e-01 1.004443207001968652e+00 1.021761439788285486e+00
9.781701185017669387e-01 9.205810563329726026e-01 9.792179695745371060e-01 1.060705959540411358e+00 1.092311525458762755e+00
6.434876188769508287e-01 5.615348553725425518e-01 7.549435988708899092e-01 3.765944566494178192e-01 8.172639312457806726e-01
9.801588647291888945e-01 9.083430630699624864e-01 7.125053665605461939e-01 9.768388621817069017e-01 9.315860246335823103e-01
3.253552906278544543e-01 4.062588771543906851e-01 2.014206779049518281e-01 5.602120259024748750e-01 2.331143115575900759e-01
1.854036745257678642e-01 1.116053339367432395e-01 4.976251075073984120e-02 6.280123100070170161e-02 1.289465625466475196e-01
2.657829268627119323e-01 5.571700904118168651e-01 5.480189406693829479e-01 6.784781181782153503e-01 2.282287447449041218e-01
2.763215617396341806e-01 5.271959823224320330e-01 3.320863569889223599e-01 4.625980588785392200e-01 1.814873324454812642e-01
2.369309114085645374e-01 2.050670906166399410e-01 4.826353982252949426e-01 1.407272236147507072e-01 1.551334267412145529e-01
7.180747721361628866e-01 3.439985250523776572e-01 4.171414539572921854e-01 2.437158390223344850e-01 7.438884271635453072e-01
-2.489551094153247615e-02 9.268856176348291842e-02 3.251251135355476274e-01 5.609870954374754359e-02 -6.616044089565689679e-02
3.377390207690754709e-01 4.639562420636071938e-01 3.108830898248335362e-01 5.925439222467160372e-01 1.685971154013469198e-01
1.790977283339225540e-02 6.126723942082278745e-02 5.508728414915962240e-02 2.105209278334674305e-02 4.698729254283801060e-03
8.586369424990251131e-01 8.782342757848868864e-01 5.151522981168358273e-01 9.757276574195696828e-01 8.390064676551722833e-01
2.514408978694689933e-01 4.473005402377677742e-01 2.549940339389222821e-01 4.820140019480366744e-01 1.205766810941134304e-01
8.153112906593990017e-01 8.257679165208481331e-01 5.704158828363301570e-01 9.037031640420726264e-01 7.683180247459130419e-01
6.987226438802627282e-01 4.214944704903059169e-01 4.981813930010469127e-01 2.671119576457437472e-01 7.407761491667236298e-01
7.343671383396784824e-01 3.971327073958009213e-01 5.024967602831751368e-01 3.700848718738793397e-01 8.003102498397172138e-01
6.892597724252796931e-01 4.133377071290164073e-01 3.419785516126064850e-01 4.157245721822677709e-01 8.129314538735464835e-01
2.873476713771274116e-01 4.515509232259033445e-01 3.726803838423539128e-01 5.930355752494624877e-01 1.284668628991787187e-01
8.223284540971795287e-02 2.152497942487026101e-03 -2.236171759522632627e-02 -5.971569154669243047e-03 1.340107487227427431e-02
6.146956481035497077e-01 5.060699412093565552e-01 5.350241812311532508e-01 7.047487408952266552e-01 3.112560808252688993e-01
4.940652819038029442e-01 5.229007538869142602e-01 4.838443307270782201e-01 6.202250355547435090e-01 3.596193383067818883e-01
2.596345285553740556e-01 4.861873619964792725e-01 5.531227449514358741e-01 6.032839818819142330e-01 1.822113724051865891e-01
3.660449648373732545e-01 3.795295786766348378e-01 3.809932171068417528e-01 6.162488855109141683e-01 2.183403654811550409e-01
7.871623745020887020e-01 9.121802746653772109e-01 8.356463979033407208e-01 9.399015909144846637e-01 9.031037797656565891e-01
6.451755634290361474e-01 3.796575821900315395e-01 4.046725942389893804e-01 4.147722889905642307e-01 8.073391820712381151e-01
5.416567390508154611e-01 5.935216228827249196e-01 5.770078660659849756e-01 2.072229624501978895e-01 7.031081773767342558e-01
9.737138497066186726e-01 1.050348322881972329e+00 9.910927523772754544e-01 9.685154303939608189e-01 1.031307731065163491e+00
6.731698239438916875e-01 5.123264251330009733e-01 3.835664444075108093e-01 4.190658237141411946e-01 8.077990179121329328e-01
1.014966830747483950e+00 9.655975454210080633e-01 9.387042449796273447e-01 1.023817637813149828e+00 9.501173635580967280e-01
9.915067454351672582e-01 1.049985692149806304e+00 9.879584792048724529e-01 1.009451611591283937e+00 1.047652168586455934e+00
4.190620379296586817e-01 6.598314074439302068e-01 7.191143692843204871e-01 7.411777659995110179e-01 3.173425445431761749e-01
4.796383842304086653e-01 6.330508116953204034e-01 7.409720931637671093e-01 6.389418662053819586e-01 3.191353061377646405e-01
4.228031776817566811e-01 3.873877186493195346e-01 2.248756437658299134e-01 3.246004157774343146e-01 6.779555864432065260e-01
4.679627175663747529e-01 5.822126270344207821e-01 7.550159990533216181e-01 6.752414101878716490e-01 3.419571607827946447e-01
1.045375730186258290e+00 1.019726109042486950e+00 1.001523050564671502e+00 1.054009520650235787e+00 9.378995478945831854e-01
1.012182512289158565e+00 9.254219596099118039e-01 9.841421355284076800e-01 1.013107376867470544e+00 9.699118183090995604e-01
4.582533029142719094e-01 4.975481572549860787e-01 4.280762746674849351e-01 3.103801686097895640e-01 6.566772775011217034e-01
4.588229989149950061e-01 4.944391833748748577e-01 4.652746546640677550e-01 6.253200364210980133e-01 3.194249304920586119e-01
3.394865435188093583e-02 1.931696127105944072e-01 2.943338557592011795e-01 3.532167543690696576e-02 1.038360718324439075e-01
4.383192916645968773e-01 6.526399185660527458e-01 7.179742607926574705e-01 6.615799196189749987e-01 3.905838777857064681e-01
1.879712765964844101e-01 2.663038537293416774e-01 3.882048473242528663e-01 1.260875796199104615e-01 1.890863120908145567e-01
2.854711737042402442e-01 1.619804081988407418e-01 4.782945275683649911e-01 2.454981801643421613e-02 2.559909291313998692e-01
8.214197183150192538e-01 9.246215403533372124e-01 8.725574160490913167e-01 9.460797661983891826e-01 8.244898480649697214e-01
5.250487966344157265e-01 6.753829268035471678e-01 7.174158054559636177e-01 6.880796779515554462e-01 3.172637876276089286e-01
6.305188691886512986e-01 6.133051102321114278e-01 6.703582208395482134e-01 4.839769336737031469e-01 8.600366010290771968e-01
4.100940050937301740e-01 4.478440031072405958e-01 3.943136268207553252e-01 7.153355649063558586e-01 2.972879817643775957e-01
9.310407954970273403e-02 2.923876291927366994e-03 -3.280434377696724024e-02 6.449786176700032791e-02 5.772521006055010562e-02
1.005388732343494816e-02 -2.238997568686661513e-03 1.560364186253673791e-02 -4.241432949227968985e-02 3.538179869654863724e-02
5.005852901445839720e-01 4.567084215319710538e-01 4.584983908983468748e-01 5.483273224637241761e-01 3.643223130465433890e-01
5.147777608715706776e-01 6.360043405517821213e-01 7.101560689976008645e-01 7.855533659144120495e-01 4.233204706979725174e-01
8.474148139367848609e-02 8.993350324503468496e-02 3.006354816854986955e-01 2.822228350097897437e-02 6.486567905118631461e-02
6.868580704423828953e-01 4.888851663232050559e-01 3.699433853895636726e-01 3.700846804534733137e-01 7.917238419046509490e-01
4.445117868380608628e-01 4.150599420847674303e-01 2.026329891386105808e-01 3.194513217335943067e-01 5.924939891532279290e-01
7.836109833245304968e-01 5.402885795538827640e-01 6.603693537951450532e-01 3.819761785245102681e-01 6.885010940031607296e-01
5.134971793969079767e-01 4.563065038685839014e-01 4.931517073168497078e-01 6.513206208471945535e-01 3.421445770009388099e-01
8.037649465750006383e-01 9.882404360475438576e-01 8.332293596289958026e-01 9.083530505586288051e-01 7.651971372500619983e-01
9.989475583845900397e-01 1.065664666554972051e+00 9.810399079725368177e-01 9.234932301901950247e-01 1.072352388208154039e+00
7.687650915578636557e-01 5.211772191439638657e-01 6.734173931712446048e-01 4.633636544556949399e-01 7.802560575670381970e-01
5.081654787269184181e-01 5.771388109371085040e-01 4.910934379857518906e-01 2.669547401150539900e-01 6.098441253669080186e-01
7.287193345419551438e-01 5.798890013218869210e-01 6.973498788041088137e-01 4.738055334182186273e-01 7.565395284387685937e-01
2.353108681373689559e-01 5.915495547429155954e-01 6.239137205718285895e-01 5.909015081193215169e-01 2.242737044053550177e-01
1.245470741962669547e-01 7.001177008009810965e-02 1.772541343562950289e-01 -4.169613398106947894e-02 2.790582747447311052e-01
9.098222511093247145e-02 -1.847672916469604229e-02 -2.918580134305572352e-02 -6.054341328783940587e-03 2.322690612182379613e-02
5.005060924036147663e-01 3.959561592063845503e-01 2.035049290204840600e-01 3.012454381232801959e-01 6.356626762085849647e-01
1.981522573995092018e-01 1.618663029353609728e-01 4.706598362980845551e-01 7.339471079655485175e-02 1.614045935130692944e-01
2.132744077197434862e-01 3.597383121897350655e-01 4.261645595894352212e-01 5.359140766034450332e-01 1.099340851766241189e-01
9.568116128828785261e-01 9.612411415933687087e-01 9.876695798370425106e-01 8.830264373630629660e-01 9.826336374976736288e-01
1.072606044641381207e+00 8.752143485222371178e-01 6.780356481324917306e-01 9.526514974673240266e-01 8.972445860647438876e-01
3.503089424721318457e-01 5.163645166814867515e-01 6.134282481324847547e-01 6.087657647886768331e-01 1.798617646217322008e-01
1.313826450277292765e-02 9.187006592411976758e-02 2.357616534468617298e-01 3.481995675066555662e-02 1.160097748702607762e-02
1.011215924877032490e+00 8.894283407188502411e-01 7.812139169814057427e-01 9.324850481651381084e-01 9.719350306599563449e-01
6.685647166641212058e-01 5.029596543483592086e-01 3.894834943653688875e-01 3.576696703797839216e-01 7.646630048072908803e-01
5.983850013328007034e-01 5.310013844475989231e-01 4.495167256849559312e-01 3.618647614458679884e-01 8.146217670623532303e-01
6.662971298852689017e-01 4.509183711216529500e-01 4.461517205851491807e-01 3.866532021151744547e-01 7.435366922061150685e-01
7.044580129732150864e-01 5.547103678173500585e-01 7.282917283227972050e-01 4.141315479550350953e-01 9.058708540206383830e-01
4.555590165304510553e-01 5.757930779644265806e-01 7.155557729419320667e-01 7.401455447006365373e-01 3.346157253498339701e-01
1.810464199609578273e-01 7.434684005994238176e-02 2.119541789894154593e-01 4.037280075610145957e-02 1.561391265257523753e-01
1.497464286114747745e-01 2.618081746137114474e-02 2.356424091293324863e-01 7.109031978437370392e-02 1.802407253436373313e-01
8.592928465183387043e-01 8.915521545744026222e-01 7.799073883214471259e-01 8.845198983336992615e-01 9.438815682258741013e-01
6.606435766140393573e-02 6.874069612092170711e-02 2.698952721598794624e-01 6.487721260523271471e-04 3.662770499640773808e-02
2.593566422717102915e-01 1.040138710417860685e-01 4.585075431500360565e-01 1.534129900334839647e-01 1.756611780057204808e-01
8.348055505700209267e-01 9.199598317046266960e-01 8.342523781505940539e-01 9.350812304466206148e-01 7.758598664856400928e-01
9.551322840370619627e-01 9.728704612297860432e-01 9.105795279689631316e-01 1.037748731357487353e+00 1.047904814552986119e+00
2.236415094659724156e-01 1.465300054523186735e-01 4.232862342364012709e-01 4.885228443637063683e-02 2.462453697127964247e-01
8.055797280669132476e-01 5.697159419338170272e-01 7.042418114081880898e-01 4.438098590899623441e-01 8.304339964114764161e-01
6.526614549642535401e-01 3.872940167349557261e-01 3.514909074289128132e-01 3.765701823287714856e-01 7.686521745128301886e-01
7.632793191428034474e-01 9.220307743012907675e-01 8.124891035137282724e-01 8.222879082406298057e-01 9.183682189702837562e-01
-6.885280025110598889e-02 1.057110639193733909e-01 2.032649676586131826e-01 1.095758170190537228e-01 6.688014210115450497e-02
3.501428791111447780e-01 5.347063953887191134e-01 5.014587601071980316e-01 6.967510883173053671e-01 1.772696938918292831e-01
3.087658176461808845e-01 4.563001045456007709e-01 6.283314423963841655e-01 6.924675208449665442e-01 2.286470883847933622e-01
6.863689743152719958e-01 5.781831373253882855e-01 3.659247409407749840e-01 5.098534987592939771e-01 7.315161350957627429e-01
-6.434950198103472907e-02 -6.220257704329498760e-02 6.229751108830674025e-03 4.656801604227168989e-02 -6.050044919291652085e-02
6.640568342986808981e-01 4.684098552616148270e-01 5.134301210326253084e-01 4.526779694667729670e-01 8.796620692146568388e-01
8.194828184737380505e-01 9.648063848563230849e-01 8.925668738492104071e-01 9.545122516213574437e-01 9.025800138347095380e-01
9.464757350322976492e-01 9.785818203876938126e-01 1.001892756474380031e+00 9.856966215279254762e-01 1.039097618796912981e+00
8.056871098267791576e-01 9.144989569055579359e-01 4.917485164438928913e-01 9.263804370494096441e-01 8.989111995133201027e-01
4.739479344420424733e-01 4.650433699265276166e-01 3.647886877634392011e-01 6.110878251456504096e-01 4.010101764319376483e-01
-6.664366397914106566e-02 6.530352878465318922e-02 2.173927831108086739e-01 3.334424806737708302e-02 1.977351133722497073e-02
7.190302575199579715e-01 8.745142034461556024e-01 8.827930978981156640e-01 9.277744208005339610e-01 8.125809584649140715e-01
3.836422762439959944e-01 3.819581579134081473e-01 3.229565141839189080e-01 6.257398953235338013e-01 1.453121543362713153e-01
8.602432449031203188e-01 7.967913321676809435e-01 5.920161374105958885e-01 9.806790775526383896e-01 7.924421457525558932e-01
5.967551321334209069e-01 5.064398276118687869e-01 5.074468267526185405e-01 3.691257244116817882e-01 6.180081965020655099e-01
2.020530023191239866e-01 1.615035635762588073e-01 3.925196511193380644e-01 1.305928100390670865e-01 1.252283919143372115e-01
5.483768105324834385e-01 5.375534598202518222e-01 6.978616781042510375e-01 6.611208010573079719e-01 3.245843005558197158e-01
3.152578675073900993e-01 5.716664790509947552e-02 1.437989712972349843e-01 4.309690586846631755e-02 1.859863223758277950e-01
4.305723690865208009e-01 4.663472314643067884e-01 4.925660247429145544e-01 6.717245027353245801e-01 3.691095753055323447e-01
4.232085001341170383e-01 4.773708712288608491e-01 5.473793027149254087e-01 6.270841563439671917e-01 3.243843974541564257e-01
4.905902666563898284e-01 5.099694585964308358e-01 5.392062523722020995e-01 6.093545509708467867e-01 3.190473292157179896e-01
5.474928419403561897e-01 4.675847066070724090e-01 5.338506411455298251e-01 3.419395047043216618e-01 6.025647786630127234e-01
8.117820864390247193e-01 8.909860702457063075e-01 8.037975769819791783e-01 9.064246491140171003e-01 7.826339822977960159e-01
5.131497193589065198e-01 5.139400425427903540e-01 4.719602251517306390e-01 6.318570245827249687e-01 3.093893884119448545e-01
9.826668951093271431e-01 8.568812431933345852e-01 7.967300286444983781e-01 9.904613772706779562e-01 8.957077191512546888e-01
6.733087870914288287e-01 4.392589779231801383e-01 4.591867553653777856e-01 3.384409975494382938e-01 7.721487216739574277e-01
7.751374310432952441e-01 9.870834590415329401e-01 8.909295870136237916e-01 9.365636229041854888e-01 8.858938757964439636e-01
2.803002952628096817e-02 8.960079894326665462e-02 2.000446169157721887e-01 8.915960878245698940e-02 1.076219136919373265e-01
5.022117460330343119e-01 5.200801916630655164e-01 4.612761434557508533e-01 3.103950037962288633e-01 6.147066418198194881e-01
1.068473802191025612e+00 9.633284749292623239e-01 1.030945078738430443e+00 1.030460130116150452e+00 9.914397928352014500e-01
7.548886043327533990e-01 5.571919167896262071e-01 7.305264372849629151e-01 4.025152005866592941e-01 9.072868394392571423e-01
1.860466496762799848e-01 5.799694711167157068e-01 6.045021560345935629e-01 6.622218139909575862e-01 1.675894319022244172e-01
2.797492367518751855e-01 5.593631887579881834e-01 5.370401486710469907e-01 5.614270251869488693e-01 2.693829795563124629e-01
9.661683428069249846e-01 1.036626703212751410e+00 9.762451070850057810e-01 9.407700491121524511e-01 8.701158007430028762e-01
5.089025727757316986e-01 5.979678853442541575e-01 7.148689316640449709e-01 6.291837861583171598e-01 3.805467451426204906e-01
6.387422168703801306e-01 6.447416988816100369e-01 7.505388035013300652e-01 4.097335248948995035e-01 8.276158874915262587e-01
1.035268116224815182e+00 8.616431717353913999e-01 6.843308173198470179e-01 1.034705374666664124e+00 9.862412446434520863e-01
9.114695512491700624e-01 8.760590479100703876e-01 6.739745760395455809e-01 9.951572468925153903e-01 8.816219984371237439e-01
4.507531775226437665e-01 5.070348840771233823e-01 3.718172216461829716e-01 3.338078760394898037e-01 5.969053279222489294e-01
2.748036116753214686e-01 4.496585993271405290e-01 5.664954918742717282e-01 5.639102562824303000e-01 2.415969866059974602e-01
4.871560065396938199e-01 5.363631455603430354e-01 6.000859404984090206e-01 3.194942021899307427e-01 7.719805254162419583e-01
9.208433716803694491e-01 9.716934535772965287e-01 1.010550817338718543e+00 9.805575647520794469e-01 1.050974012228491183e+00
-1.217445655116499714e-01 6.436725503096217549e-02 3.132994140458632976e-02 -2.625442871216516344e-02 1.696801052578257585e-02
8.064287280426408744e-01 8.522517172028112320e-01 7.856134785739494752e-01 9.204928152858294910e-01 8.405517255743762961e-01
4.847262973579190004e-01 4.973144296266324149e-01 4.893920097339705677e-01 2.726078622266633333e-01 6.640638085772287980e-01
7.805588663334512844e-01 7.910565457257300315e-01 4.862969651953604755e-01 8.555946978989851237e-01 8.663580907718614332e-01
8.927224397725281868e-01 9.437677100656594043e-01 7.390377751867753808e-01 9.329242508312133308e-01 9.475942861672739248e-01
2.552674714434287062e-01 1.228685764701031302e-01 1.660894242896116257e-01 3.614649988818527393e-02 7.804495506866836185e-02
8.712279126471006441e-01 9.779994913375172905e-01 8.424193145982019626e-01 9.731658090525495686e-01 7.937356696843546056e-01
1.905363953472720973e-01 7.770376329003565730e-02 3.768497265710963884e-01 1.069271868254751956e-01 2.389202806122157630e-01
1.015700613672157610e-01 1.259662662485216134e-01 5.075724500180459620e-01 1.357615422451581288e-01 3.063918339022023707e-01
5.167914468253758109e-01 5.406610435047419783e-01 7.414434883039348056e-01 6.852613721399161140e-01 3.178690664205603422e-01
4.093336300247286674e-01 6.327459493712828120e-01 8.136624699170820207e-01 6.856969794641319949e-01 3.762668741805568762e-01
4.165315218216497084e-01 5.027720552285585009e-01 7.108429987816768936e-01 7.060678527741375277e-01 3.054912506379071635e-01
4.732909662957837660e-01 6.457864622387674558e-01 6.922987932940259936e-01 5.973013241852550559e-01 3.895945490050458093e-01
2.838667792719931082e-01 1.344738236884412685e-01 2.089566681503192136e-01 1.156424624722209304e-01 1.152860976286576300e-01
2.927732555049379348e-01 4.495754218219143450e-01 2.997361737977639606e-01 5.792965335044133468e-01 1.344687410729911714e-01
1.005770593288729309e+00 9.794369054137199715e-01 1.018935755624746475e+00 1.014848931607406080e+00 9.335891456822142942e-01
5.413994756542727105e-01 5.983675493173115090e-01 5.309337956386422919e-01 2.838191554831308583e-01 7.430969847783936988e-01
2.360424581236131580e-01 1.807084354930059977e-01 5.557006243271269685e-01 1.364609891551376297e-01 1.203653197115040485e-01
9.345640450742219718e-01 9.251591130078403724e-01 7.510278144342754647e-01 1.055629127288624680e+00 9.503675621612941438e-01
4.760844466379980378e-01 6.863418045688243208e-01 7.385920687608447111e-01 6.652606844484416637e-01 3.605757403815216255e-01
2.589684350660088064e-01 4.767390827198563774e-01 3.889694866893533831e-01 5.741370853850148448e-01 1.519086915018318940e-01
2.548608213407226875e-01 2.684456582774475963e-01 4.830258648113062714e-01 1.245692509958318261e-01 1.582097026562599706e-01
5.253123176021065044e-01 3.963553615701874699e-01 2.294018964796364635e-01 3.102047512760149894e-01 5.794101810961018728e-01
7.052821174111412184e-02 1.196949103270679993e-01 4.412061693440303967e-01 1.185726466105968963e-01 1.785905546290457446e-01
3.049513083187984641e-01 5.045780921078769632e-01 6.127980514651754085e-01 5.970878795058539579e-01 2.935968731387935682e-01
2.267417408715413640e-01 3.718795448309896723e-01 2.351238479226459288e-01 5.828611734906435915e-01 1.977161134308199619e-01
5.091594646920343248e-01 3.896640051630083090e-01 1.914145735976892915e-01 3.137794401674527389e-01 6.360530960782335708e-01
1.241076719960758912e-01 2.452291690611218544e-01 5.002854333091997230e-01 8.704356799766804764e-02 2.041020318202843575e-01
8.441369508615759187e-01 9.210587821645490614e-01 6.356937565758452591e-01 8.997413928626407653e-01 8.466637517703258231e-01
5.021918803282648947e-01 3.971038700845060943e-01 2.959185083739386268e-01 3.350823310359741236e-01 5.614019326907355723e-01
5.026820770253374038e-01 4.071843400805120750e-01 5.139380863182936299e-01 3.248282982632166860e-01 7.261501507679973821e-01
4.166295735075721540e-02 3.598596482152169318e-02 2.798290403705572804e-01 2.685255097468726426e-02 -1.210657120137854231e-02
8.005821015833215482e-01 7.793508470268221133e-01 5.078454206726731313e-01 9.257791318226268329e-01 8.131307827461463633e-01
1.128071021958485659e-02 1.397973813469173543e-02 -7.821469771336919674e-02 -3.230231736750120708e-02 -1.400940309864563693e-02
4.465772729068807068e-01 5.816806032622275913e-01 7.721937994329548527e-01 7.070940426507930088e-01 4.105471508975201966e-01
8.239473145240433505e-01 8.424891173188486793e-01 5.762902006309155167e-01 9.280878240507398624e-01 8.499799959747752487e-01
8.042761039407170243e-01 9.424427957806530420e-01 7.986457660590667862e-01 9.892577477972650524e-01 9.261472923256905965e-01
-7.575051326893997294e-02 -1.337749437148071929e-01 7.865104790120479306e-02 2.416465460688457106e-02 4.457477201859039867e-02
2.254949826730325273e-03 7.384744218449268427e-02 -8.576299732178068944e-03 -3.311032630326574133e-02 -4.157044033369319130e-02
1.884926903640584683e-01 1.443598608389320970e-02 2.480538669061704837e-01 1.319457148772387456e-01 8.277428458718549820e-02
1.218457751708034997e-01 8.023144701141726731e-02 1.419789556826571986e-01 8.021674820510839299e-02 1.851849121022571820e-01
2.249207310895824999e-02 -2.496678030753212915e-02 -1.731475170315876708e-02 -8.736852483019742766e-02 1.712172355294449416e-02
7.492330266583944187e-01 4.632029083770698996e-01 4.241044651224297746e-01 3.852638450766681100e-01 7.692208903984301127e-01
1.099838321864994861e-01 -1.312398401641468038e-02 3.389741645146611693e-01 -3.121905299227960978e-02 -2.363927519209473721e-02
8.374403677498479803e-01 8.422281675852894001e-01 6.599961300452747981e-01 8.169684606089107071e-01 7.814436676163076800e-01
6.138612879097895547e-01 5.257590596364742908e-01 4.009555546656975444e-01 6.600995598381976803e-01 3.652426706052581684e-01
5.338994790004453206e-01 5.676857721428271164e-01 5.580858682270670723e-01 4.913736262038945757e-01 6.022243760557810521e-01
1.607550669390996056e-01 2.064745561543063768e-01 4.701240405683235757e-01 1.129787965547595224e-01 2.904313515609436847e-01
8.220997090002686303e-01 7.517540081371438809e-01 5.743459610285182038e-01 9.297646766882260438e-01 8.354173041054654414e-01
2.133582658739084370e-01 4.000841510658831313e-02 4.090000253767973049e-01 1.185312474176861142e-01 2.235998646207858764e-01
2.526580478967255794e-01 4.156968234037233811e-01 3.246293791669680462e-01 6.109480821853702226e-01 1.767866262159688562e-01
4.144487171733741981e-02 1.346813199097653957e-01 3.386059905413937865e-01 6.088105319496842083e-02 6.557503212664725356e-03
5.830634604329735238e-01 5.657715131739510239e-01 5.271487692315807161e-01 4.935468960873807820e-01 7.538533577631153504e-01
2.012768052515503392e-01 1.759275485584460008e-01 3.589876220796899831e-01 5.375403470415099361e-02 1.928382595869295169e-01
1.843235732925646575e-01 8.909857973418329469e-02 1.759139570224933224e-01 1.116149313134510712e-01 1.534949789495308747e-01
3.109995761072641973e-01 5.408258178642243452e-01 5.906830505046721802e-01 5.431365932380477490e-01 2.043936684688493211e-01
7.593939694158167164e-01 8.339514338095801449e-01 6.143144037911152378e-01 9.177408776825956016e-01 7.755299796694627990e-01
2.917401952641603402e-01 1.886018844302039532e-01 4.462143936925012655e-01 2.087594853675620032e-01 2.023301871107631156e-01
6.230145128069002058e-02 4.868815122044652111e-02 2.292887767145718181e-01 1.998492541628065639e-02 1.144706613324681377e-01
4.893995003766887231e-01 4.692642725219442479e-01 4.880613578837816324e-01 6.752412369169904505e-01 3.601460116001455880e-01
4.064516555933194719e-01 6.429658896945957824e-01 6.419217365579815704e-01 6.297746580380934045e-01 2.947732033798283746e-01
8.463989919665102502e-01 8.983274863979620051e-01 6.891089633704461370e-01 9.845676343448613865e-01 7.539874052257222736e-01
3.969544811401113371e-01 3.789820125698507014e-01 2.492525500829687046e-01 2.429901469092765887e-01 7.166792615410658707e-01
4.780367160019711736e-01 4.887429481543199561e-01 5.651977268784862396e-01 3.228111359713115580e-01 6.547681194234574731e-01
6.855916243218863615e-01 5.910405603368832361e-01 4.573958048079371230e-01 3.273801866612267020e-01 7.144942965389248224e-01
7.751823823680299430e-01 5.861954718470245851e-01 7.723535076226959450e-01 4.883989743257745597e-01 7.517117604634224737e-01
5.610100913566238301e-01 5.275521116639555474e-01 5.774203067061760564e-01 4.905214505919035517e-01 7.165530596029967558e-01
3.181589992355348118e-01 5.213984812548897452e-01 6.621417289323997535e-01 6.444332569848844061e-01 2.649214429184814090e-01
5.256834608082852078e-01 3.472222191437039918e-01 2.968657784039651082e-01 3.086290665570603498e-01 5.943912079035462703e-01
-2.368249753104114882e-03 1.184557337960120693e-01 2.405488487144838983e-01 1.837459039220168747e-02 -4.063828057034823277e-02
2.040855414170801574e-01 5.251635144396946675e-01 6.689942410334683842e-01 6.397234617646113675e-01 1.543117687417691342e-01
5.261035770436097714e-01 5.183397786596513068e-01 4.363244497247624754e-01 6.539902335888101437e-01 3.458222541819526152e-01
2.110683033249891594e-01 3.234484833854720520e-01 3.525418010263138280e-01 5.748082994544402302e-01 1.903151289215367914e-01
9.321314278616903426e-01 9.813322546033393934e-01 1.038214613662953756e+00 1.010545338864409448e+00 9.946223479915676791e-01
5.660867012711873203e-01 6.479252436965758921e-01 6.898114140303019948e-01 6.190186696255235432e-01 3.129078396304658116e-01
-5.618766312885986949e-03 -7.444489221589906461e-03 7.402931374495655588e-03 4.565525385058224334e-02 2.641594244151916626e-02
4.832671903895091048e-01 5.277954361806025396e-01 7.408998050632378263e-01 6.712366597642326349e-01 3.057284400886284281e-01
2.996254913948105392e-01 4.534593389539448571e-01 3.199947255257943879e-01 5.997141460345929431e-01 5.954339526725581366e-02
4.734384722672766443e-01 4.980424118971691905e-01 5.122506306891615457e-01 4.100405056405969639e-01 6.637033409676057483e-01
5.298784311150140924e-01 5.675842797690436869e-01 5.860498859278459038e-01 3.437523945884153331e-01 5.999126790496817074e-01
4.521942220441739768e-01 5.568499540204925324e-01 5.288589537406507279e-01 3.696257963978114014e-01 6.744971405270931974e-01
1.685533166701544683e-01 4.843352536516747076e-02 1.402186481108163019e-01 4.540227678375936826e-02 1.498324793302687197e-01
4.494423103873293468e-01 5.371471444994879718e-01 6.655339293824851232e-01 3.398977679014485442e-01 6.805391707036460014e-01
1.441098400942196767e-01 7.978524489649450879e-02 1.666558161393658366e-01 3.660939987297327086e-02 1.132508836628835086e-01
3.045249239542976993e-02 -2.686419422614078067e-02 1.213190694894586974e-01 7.408079535221464076e-03 6.924992201667851512e-04
1.990171333365951811e-01 2.649107522624604694e-01 4.347749881160390961e-01 6.435798205364123836e-02 2.245504817797461805e-01
2.398352197337352831e-01 4.824374463849378514e-01 6.265409823599011885e-01 6.569339323005120024e-01 1.944861533988983260e-01
6.787714329798445467e-01 4.693669512994156912e-01 6.653514925240476829e-01 4.214693817658096697e-01 8.928882807124834953e-01
3.044161924779142936e-01 4.176495449795379344e-01 3.326174574040544618e-01 6.028020940640537173e-01 1.184753096486971802e-01
2.204607931410169641e-01 1.324399059481106145e-01 1.157876837536200576e-01 8.247157648615555114e-02 1.580178549283528522e-01
8.585989479465099272e-01 8.731037298689493520e-01 5.121356297759676046e-01 8.462501394245095510e-01 8.613707797279075429e-01
9.634925749468723488e-01 9.651500680371359886e-01 9.186767555639376859e-01 1.064504117207326406e+00 1.011380832158964793e+00
6.846940565170873683e-01 7.924157400195250833e-01 4.872892974471195737e-01 8.456913554199440020e-01 8.097145677762734861e-01
3.224370865671428166e-01 4.644688277733961534e-01 3.615801398634903574e-01 5.170295659291693768e-01 1.453748147573589167e-01
2.025287404315280759e-01 1.381425129386465722e-01 4.400114778819534389e-01 1.206854108032108658e-01 2.419677322441337874e-01
7.881905152892755284e-01 8.398839582720712960e-01 5.687968065172996912e-01 8.661996073483902991e-01 8.227766606003535932e-01
3.329853664745515140e-01 5.887988885634304337e-01 6.414657461087721613e-01 6.344328239197346564e-01 2.778281480533617565e-01
4.913070834722351177e-01 4.140330387256643263e-01 2.113672538670464951e-01 3.163420483992732679e-01 5.833117510113374760e-01
6.788192918962491218e-01 9.142222162433959465e-01 7.829013794616855870e-01 9.249495185307917700e-01 8.785556827891346510e-01
7.310815903482432709e-01 9.330146402518043613e-01 8.340009107934661658e-01 1.009404925414934873e+00 8.219545319857320953e-01
5.215133150099792170e-01 3.743737606563624642e-01 1.956480450215781486e-01 3.571475777986362066e-01 6.321290782153663468e-01
4.726354863814158924e-01 5.036400941207866966e-01 4.797371514754061317e-01 6.748152385016759069e-01 3.509189660646838127e-01
1.024797347679179627e+00 9.008552568454498699e-01 7.844738042495299490e-01 9.039244056041473296e-01 9.675474754278025058e-01
2.513888678252709785e-01 8.225452469165536740e-02 3.624898067877185270e-01 1.411380636403160027e-01 2.151932562628905976e-01
7.493799694480689499e-01 8.406919243853316903e-01 5.792687468970836306e-01 9.067893867128036245e-01 8.760514320692076584e-01
8.274391270856112923e-01 8.847788933230925634e-01 8.767569782851014626e-01 9.179841098781906794e-01 7.884372248878603884e-01
2.361050992218647337e-01 1.412776708016543203e-01 2.139195570667834501e-01 1.606844497946728623e-02 1.547389485980482093e-01
8.146055339316973232e-01 9.240476785565420181e-01 7.947700699683978298e-01 8.996635474178016345e-01 7.867325483252903817e-01
4.602050010992494999e-01 5.818488465310645008e-01 8.870054551024914025e-01 6.257759091220413961e-01 4.003002249978229177e-01
7.372948748882663939e-01 9.081317888654505399e-01 8.136042283954060261e-01 9.311474059898070532e-01 8.432249646212205407e-01
2.058282396552030269e-01 2.098178558865527732e-01 4.471101200945303278e-01 7.738063053350136000e-02 2.555992888100797611e-01
2.515214698865994025e-01 1.613869368163412255e-01 4.093976685577018215e-01 7.711427900723714923e-02 1.561971953501678501e-01
2.307210784801210224e-01 2.204565453257875118e-01 4.878848911428148583e-01 9.498421776155012430e-02 2.276531737363263197e-01
7.236033520299706145e-01 7.027042222836918928e-01 6.520158900484196440e-01 4.549953889947493391e-01 8.281557241114759771e-01
5.970112066064399148e-01 5.212948479530931101e-01 4.650184920643579689e-01 3.711381326908687051e-01 6.592169312276904281e-01
6.339765963326999820e-01 6.217418349963859114e-01 6.257639503506552403e-01 4.149246150048118142e-01 7.961249134447814235e-01
2.396896667410470805e-01 5.026173918202644364e-01 6.431832795848604345e-01 6.331072388181308019e-01 1.874493446713950684e-01
3.475756420685747194e-01 5.155008892033564605e-01 3.340216251564940841e-01 5.668779853057863694e-01 1.457096500804255512e-01
4.583792541660168807e-01 6.630965872712191178e-01 7.435940424110910607e-01 6.713044143447425283e-01 2.890913796171562522e-01
3.962875635071781422e-01 4.332740994712536708e-01 4.204136428011218118e-01 6.707051162751611617e-01 3.085364042736778445e-01
7.301754045712259833e-01 5.734270884506683652e-01 7.011413736205626135e-01 5.001132245794049913e-01 7.143353226613636808e-01
2.954446911153199573e-01 4.887927016866258079e-01 6.302739511729121835e-01 6.804093516437478284e-01 1.675869244341128272e-01
3.555428102760147535e-01 3.174356100255503743e-01 3.312734566366046240e-01 5.225276544204551232e-01 1.609758393557475797e-01
3.495313691700590031e-01 5.813895414822781715e-01 5.715503220262786455e-01 6.830481815768684184e-01 2.551549443436954556e-01
2.438605814855702714e-01 3.429652216539320203e-02 1.619442241475095579e-01 7.359923219844127784e-02 1.220863550779887063e-01
7.255856458127833697e-02 -3.493206819711017208e-02 2.068423721192404890e-02 -4.421258853451475596e-02 5.745625574961051030e-02
4.461603729389470030e-01 5.026174960350082710e-01 6.100497560638348249e-01 5.034463074953079431e-01 3.521333234755090746e-01
6.961862816180894864e-01 5.273480974206579130e-01 4.037396003196369598e-01 3.598953946878414856e-01 8.008383605386036885e-01
9.507329675403368707e-01 1.007554675940105948e+00 9.816479178348219703e-01 1.019567954692002898e+00 9.359034207566695462e-01
3.093279011509861287e-01 3.631204185857819233e-01 2.571560612836342186e-01 5.973273931787100866e-01 1.405043195537067358e-01
2.714962949521134150e-01 4.428070241216848779e-01 3.665409119817389927e-01 6.564292942317535573e-01 1.007420874966901553e-01
2.480227453298263773e-01 6.051159265537504883e-02 6.105932706405615973e-02 5.995166010934627893e-02 2.112772122111624962e-01
4.587681655127491542e-02 -6.670129872463826347e-03 1.012064636956768182e-01 4.493307321444680452e-02 3.098066773078771499e-02
7.232413248649867121e-01 7.664341481866222550e-01 5.674903945808715822e-01 9.273725770596219498e-01 8.041711247261812412e-01
4.687134882729731000e-01 4.996856200862234143e-01 5.639060835096606494e-01 3.405398261086314271e-01 6.100414487753139658e-01
5.242785463582367855e-01 5.028494697289659365e-01 3.962023048522078650e-01 6.382723743706321118e-01 2.801247352947318636e-01
2.255130084970382032e-01 4.842702524684681237e-02 1.101306676030056053e-01 4.761710279601590046e-02 1.952110238146222421e-01
-4.538326073080679174e-03 2.250581813279558391e-02 3.391327102860592496e-02 -4.186678582765221424e-02 -1.882089625344045281e-02
2.060596124175760879e-01 8.388037373617238113e-02 1.825699232139152417e-01 9.880740883125857521e-02 1.486852310787306619e-01
2.020405331873412480e-01 3.577605563533259314e-03 1.918768218505365608e-01 3.837783486858459270e-02 1.816536480256989439e-01
7.049396455594054700e-01 4.998239375571822962e-01 3.483731917877131434e-01 3.621813185526039924e-01 7.699525444329997637e-01
7.667004138941857505e-01 9.114219646697184762e-01 7.763544771797784572e-01 9.903349020265626024e-01 8.687915703174293736e-01
9.627404422460948963e-01 8.832214349942828502e-01 7.696633139070166996e-01 1.051544370807373063e+00 9.990718760951607935e-01
-3.975665285303084731e-03 -1.034525694143771830e-02 1.692402409091453216e-02 -1.316945199693402360e-02 8.319540060095557965e-02
3.074609312474040901e-01 3.560038426728834304e-01 2.583394806142511047e-01 5.612137688283298509e-01 2.083046240626628687e-01
1.634434251601254440e-01 3.721742276465769134e-02 1.958162983233743271e-01 1.590109495470546086e-01 6.505419466723884325e-02
7.550604352760901250e-01 8.642496895306032156e-01 8.640246984890066484e-01 9.622563124750684871e-01 9.288371449009567016e-01
5.680728543983573076e-01 6.681737693235941800e-01 6.855738953424865834e-01 7.092390028645159106e-01 3.768496005493658374e-01
-1.242935576036990897e-02 1.003529769575912250e-02 2.380067671115247696e-02 -1.409005931760125840e-01 -7.098549789328842743e-03
6.749187948391929259e-01 6.118605059933962531e-01 7.022097816903244416e-01 3.838551703595026732e-01 8.752030965819852515e-01
-5.192628804902971185e-02 1.277167756834129420e-01 2.871576306351327212e-01 1.072429839509814464e-01 1.541202545567336712e-01
7.651807897729583363e-01 5.595724667693814380e-01 6.623159258931349269e-01 3.683846030772769953e-01 8.909862111248364469e-01
2.108670373490885985e-01 8.075979522554166401e-02 -3.509204519856756743e-03 5.379487257321452498e-02 1.692573964342959925e-01
4.792094391398719899e-02 1.562458460362140533e-01 3.168416468934400765e-01 -3.932060181363707801e-02 5.692507755330969421e-02
-9.654984883223265146e-02 5.004557462946453150e-02 7.656080100361467577e-02 5.430789272577196680e-02 5.910810207342413053e-02
5.424536639461685628e-01 4.708070295101761116e-01 4.946905013058936484e-01 6.670071909919285114e-01 3.852688751599380734e-01
3.004398777486009808e-01 4.622583585222110880e-01 5.157651732829443558e-01 5.856492622093245615e-01 1.560604082786276325e-01
2.659802385319056661e-01 8.318720467905188487e-03 1.382054821377450837e-01 8.899874532320918574e-03 8.117026991349733656e-02
2.883736731868070252e-02 1.595929808984885567e-01 3.038507868976681459e-01 4.658254567525049739e-02 1.450295691587050739e-01
2.527905905095547689e-01 1.803358039968975257e-01 4.291602747798235473e-01 1.096757279458124568e-01 1.773873593048955200e-01
5.164755549295035886e-01 5.012610633377647673e-01 4.398615625466564261e-01 5.889156918433077204e-01 2.930237295223875327e-01
1.972395523909120651e-01 2.112151908494052377e-01 4.857163050537297577e-01 6.491797282296644933e-02 1.822276663915818606e-01
1.885335109680940646e-01 1.414557822510821572e-01 3.908415480362997241e-01 2.177237064290267754e-01 1.408070211729590404e-01
6.654192721172256242e-01 5.792376622017944010e-01 6.827070040819586128e-01 3.944870632588697301e-01 8.824526848833282866e-01
3.037774812115306977e-01 3.803806830459162680e-01 3.441802353235215994e-01 5.148090905226935243e-01 1.693286237211441003e-01
5.520770907609288125e-01 4.876115979855158433e-01 4.492351724421502768e-01 6.557905155112598861e-01 3.251922899992283345e-01
8.558597115064600080e-01 7.275415442942125832e-01 5.120473482237590801e-01 1.017080883475189435e+00 7.822306710834069365e-01
-3.955886819498206919e-02 6.575132169089617507e-02 2.062445268697107315e-01 4.057914349735762538e-02 4.890182343983626168e-02
6.839550787568456913e-01 4.931930184069138745e-01 4.174076993302239802e-01 4.063240460974036350e-01 8.259898756699398659e-01
2.383349511033257817e-01 3.585557861622901132e-01 2.885783785184514727e-01 5.830189829376212218e-01 1.361588417827891973e-01
8.133088674830430964e-01 4.729500758668282456e-01 3.849733120513446627e-01 4.043484776239444356e-01 8.153745716488485229e-01
1.980010323311778286e-01 2.014247849299175552e-01 4.351086017908449843e-01 1.460409382475089113e-01 1.833316283778406719e-01
1.802711887471493135e-01 3.598644027020597713e-02 1.213925275923258551e-01 2.629281534155736982e-02 1.466352597052172357e-01
9.912060980987879022e-01 9.736098593168220905e-01 6.969393074062985027e-01 8.833031362477102855e-01 9.866981145659325936e-01
6.826954133351749165e-01 5.789551062079326682e-01 6.578198748781748373e-01 4.205263117663470274e-01 8.178211218192071863e-01
3.709536772008802108e-02 5.141974103404899077e-02 2.906412714145728549e-01 1.915149340696167476e-02 1.280221955965539504e-02
4.560570692259282022e-01 5.142549630325793375e-01 4.839471482447997852e-01 3.390015325095374621e-01 6.958240756382588765e-01
5.395597712631383658e-01 4.413871839814839659e-01 1.964347498669026804e-01 3.687004597993672195e-01 7.193223148530049071e-01
7.755081055127833745e-01 7.696005842574173972e-01 5.014305303503613365e-01 9.262774403443904125e-01 8.172344870397569849e-01
2.216773460982137955e-01 2.045669886240976676e-01 4.525273487016687746e-01 7.450693002811273336e-03 1.669279637180308140e-01
6.544997377144194939e-01 5.241417953857271383e-01 4.078077721099110375e-01 3.879854765537540384e-01 7.623783136685526873e-01
-3.494182542761811727e-02 1.696878202250637901e-01 1.921212085294155547e-01 1.930849774472631272e-02 7.447568995583209173e-02
4.706057953207651301e-01 5.402941556264283518e-01 5.309882643607024555e-01 3.684078309471343626e-01 7.699801159701431530e-01
8.743307339218432395e-01 9.880324466858342314e-01 1.054320370422513253e+00 1.121780929879410804e+00 9.204700011557926942e-01
1.871122117662691320e-01 1.209791627668061198e-01 1.981640671159023426e-01 8.537967350021402613e-02 2.033399578395038987e-01
9.710147057363305301e-01 9.756741274498413885e-01 9.530680326756474363e-01 1.041899550761369975e+00 1.066062346555603835e+00
4.834725062367639103e-01 5.941824570416325280e-01 4.337452745148399624e-01 4.391514749153759278e-01 7.700565022940425441e-01
5.895636107131424497e-01 5.317998272936392823e-01 3.892674171638328962e-01 3.858831006448026346e-01 7.514182161744564770e-01
1.740599278914771730e-01 3.308773073586199209e-02 1.825223198539306091e-01 7.075115433194162362e-02 1.555595990140055673e-01
7.306952013408158919e-01 9.514816630571089062e-01 9.092385591370574227e-01 9.795733258470729066e-01 8.833718326192716574e-01
3.237127616892039317e-01 3.119696572150165159e-01 2.985716590677115478e-01 5.559876946295005951e-01 1.844598395758327847e-01
9.617487572662615225e-01 8.950412118834333297e-01 7.152825243945153399e-01 9.159526219141463921e-01 1.023203881640013968e+00
5.398694239506565129e-01 5.532478160565986736e-01 7.574097487546067597e-01 6.534046269049953448e-01 3.968001558868548551e-01
4.880217041062175909e-01 5.211919138996086165e-01 7.337709022677519899e-01 7.431612423242469623e-01 3.990906827681251490e-01
2.331437572102717792e-01 -5.690590538812656529e-03 1.318991465369334093e-01 7.369629131035095038e-03 2.190863640021176173e-01
4.901284864678536746e-01 4.565026691757469446e-01 5.359512434060657027e-01 6.479536956633645817e-01 2.384808746053885264e-01
8.102276596676438736e-01 9.055352205693376622e-01 8.222162196237325915e-01 1.022057509433601741e+00 8.839880574099222565e-01
7.716908064073672024e-01 4.162427614195337577e-01 4.979767069042385641e-01 4.038993343023993821e-01 7.861535762384569415e-01
4.657176982626115014e-01 4.193741035675694340e-01 2.024821030810652622e-01 3.134272184421552088e-01 6.237607487920442395e-01
9.846667873698624618e-01 9.327886762446920832e-01 9.639895769262660785e-01 1.052647816470916098e+00 9.810281471096258255e-01
1.064476558960283370e+00 1.035093089087875784e+00 9.983665756821233916e-01 9.673594995724992263e-01 9.673200854826142780e-01
9.974418640187062701e-01 1.073238253036054024e+00 1.002066479845930447e+00 9.323189863542237221e-01 1.071978229257607440e+00
7.717016529474183262e-01 7.890192845778269959e-01 6.161204946470867361e-01 8.757785677938347835e-01 9.168592757723518227e-01
1.941091031448237414e-01 5.991411096057760316e-02 1.942400165081961394e-01 9.602588460119099167e-02 1.094393316675621730e-01
6.902745062910378149e-01 5.811035756351394799e-01 7.296065647720820779e-01 5.218952354797131710e-01 8.436744360346595251e-01
4.837511275081792794e-01 4.307352282228255058e-01 5.154096777985152089e-01 6.505273866518119785e-01 2.954248605182336340e-01
4.963745787464791115e-01 4.088624243040388517e-01 2.818896638210306449e-01 3.766991485588720434e-01 6.874528715087543373e-01
4.838724525107979679e-01 5.297164162576801782e-01 7.642531998200720045e-01 7.105900261193736078e-01 3.276530151072926667e-01
4.124895879973758395e-01 4.676534458683585527e-01 5.235592309299942348e-01 3.086430805048188120e-01 6.107180329988811662e-01
2.415897527489992980e-01 6.084444724404343141e-01 4.925292549073690962e-01 5.894224112742256771e-01 1.972244107568527638e-01
2.627211681029033019e-01 4.949908046391825467e-01 4.162499782099308154e-01 5.788669068707488208e-01 1.744266587074998487e-01
-2.901481540384491520e-04 8.101871417653501439e-02 2.673408767593404844e-01 9.129532953778371485e-03 -3.111175282282791638e-02
-1.496753018316166611e-02 7.230178316757759904e-02 2.963523499940393102e-01 -9.529350393529596730e-03 3.788859441084586194e-02
5.522291973042204871e-01 4.839923098788433409e-01 4.360722847973147465e-01 6.749062320766895384e-01 2.861167573513563878e-01
4.964220721510098078e-01 4.877317412238367234e-01 2.254641706573212723e-01 3.090616579455046642e-01 7.078433596666293681e-01
5.750345799086126197e-01 4.801008162456191219e-01 4.510035644935853072e-01 6.286693500328240924e-01 3.516860689852188138e-01
-1.810065504915886817e-02 2.154156602461468339e-01 1.749847805565468983e-01 7.580854311334686568e-02 3.562825378449633457e-02
7.548754238057867605e-01 8.627485295598249504e-01 5.312045293822585945e-01 8.951403863590058352e-01 8.855615891972017373e-01
9.495202933317414828e-02 1.381521074145564687e-01 3.264286395495086257e-01 4.947508204498594908e-03 1.177008277263552893e-01
2.897416802067409036e-01 4.290715881907363749e-01 6.061765623435130257e-01 5.871742417637900724e-01 3.125934527475955349e-01
1.037504086537918813e+00 9.463518448553162044e-01 9.521842712056228786e-01 1.045833771672612933e+00 9.691877419630779977e-01
4.427394777381468138e-01 5.397397665221933538e-01 7.694515259143717145e-01 6.637463882252703229e-01 3.575338100224515481e-01
4.180883711715405182e-01 6.147268732117568968e-01 4.623320329625105196e-01 4.356515330579855405e-01 6.167464821514595519e-01
1.613080438664128702e-01 2.016126840380316476e-01 4.542466269831716974e-01 1.452828983189796141e-01 2.586016757325630966e-01
4.531242142934097661e-01 4.587371127432605666e-01 5.722738860200680122e-01 6.250347628680675838e-01 3.169593149380630082e-01
4.477831217847639267e-01 3.802420881965313804e-01 4.675482047075302794e-01 6.630814639039690483e-01 4.335890545466892787e-01
4.903858436775188068e-01 5.805391852992222157e-01 7.510910672508397390e-01 7.035729132402734898e-01 3.858449159508531845e-01
9.474018965490323962e-01 9.051646091217139256e-01 7.388141791357165644e-01 9.144827828124236779e-01 9.658630242870596128e-01
3.828889781379393176e-01 6.601807211953223398e-01 7.645662855483764675e-01 6.057707204366591380e-01 3.922902790521203831e-01
7.602458916339227546e-01 8.237526251906645003e-01 5.655480015403595573e-01 9.090638733210312239e-01 8.798448987494296158e-01
7.493298323717144660e-01 5.748908106215214753e-01 7.247156064537735309e-01 5.223365270021163020e-01 8.700507536059295388e-01
4.824311181567454421e-01 6.342317880034070710e-01 8.165411752698401582e-01 7.288134459794656239e-01 3.701490554517350984e-01
7.554089172942867192e-01 9.558452275051715352e-01 8.388422913499453681e-01 8.662848284396964527e-01 8.758302292622701657e-01
2.971843304206482905e-01 4.003811925724630183e-01 2.395709578936546791e-01 5.314866669130341448e-01 1.480617197177743205e-01
4.150320446714261813e-02 7.540751665292222405e-02 4.060924782096801966e-01 -4.953636920019086759e-02 8.331757208950496540e-02
8.198430473065093649e-01 8.562856099612348171e-01 6.149011041018136448e-01 9.921280551486241217e-01 8.520620698158256623e-01
3.661176189142071880e-01 4.723670195416047046e-01 6.157818660380052211e-01 6.386857334836760769e-01 1.859465088953815848e-01
5.145438690773943557e-01 4.945972822517539780e-01 4.719637317025415779e-01 3.520503052494386997e-01 6.807123073929762791e-01
2.219905732121080222e-02 -1.188342352466411206e-01 4.714571476425486601e-02 3.759384512563690439e-02 2.446825702697474122e-03
5.483090234566418975e-01 5.731876460344214053e-01 5.301750761021416514e-01 3.045210791695148744e-01 7.736346880929982905e-01
9.222988696342975246e-01 9.969889151262382176e-01 9.530778580917773635e-01 9.138804330990577540e-01 1.077555432429404547e+00
3.997091722937397562e-01 6.068177832694775509e-01 7.110591003257734632e-01 5.477603917415173607e-01 2.047067003554458031e-01
2.267337915475055032e-01 1.442756349517215209e-01 5.540542459427540978e-01 2.010451687131739607e-02 2.112615302178261489e-01
3.541201000005624044e-02 1.870239763691923796e-01 2.676419628831862574e-01 -1.597425563338028542e-04 4.066574605768644157e-02
7.443686039694474843e-01 8.613148238451363570e-01 5.938604628402277541e-01 8.277064818400614588e-01 7.482759519103387991e-01
7.617351188841693377e-01 9.010578994300735278e-01 8.433256867714120641e-01 9.374816140957222821e-01 8.472206470009291390e-01
4.582132422996900711e-01 6.120071720180089159e-01 7.608190725507981700e-01 6.733604391341158069e-01 2.992962684031574838e-01
1.029681972433355241e+00 9.531838617748051856e-01 9.475210338929596077e-01 1.022320229139803027e+00 1.022168165821343289e+00
7.100327159018067213e-01 6.092185284540487800e-01 6.336491661028843536e-01 4.601485804119387346e-01 7.887728222019597668e-01
6.608805484824480381e-01 6.010397181811476530e-01 6.554300917435496032e-01 4.893593240949736245e-01 9.550978234301303882e-01
2.343960917524904805e-02 -9.548598991024658325e-03 -1.994821705900311909e-02 2.444520103356941088e-02 -5.017353962766456406e-03
2.618391059549271538e-01 5.073532762793517836e-01 4.967304028771932223e-01 6.612046119130097210e-01 2.191541098118967024e-01
6.900479387818735377e-01 5.421472139098508780e-01 7.302352938225533663e-01 4.071556467411328040e-01 9.492019631701060778e-01
5.094311068075551008e-01 5.975007015409298239e-01 6.856150762838448820e-01 6.992077341421759629e-01 3.146440023625189375e-01
2.623333629026054492e-01 3.963395270345720922e-01 7.395347836018963950e-01 7.087719683840414397e-01 2.424038650481728785e-01
8.901404661778492544e-01 1.041082180837319848e+00 8.684192450385772588e-01 9.503241277208597237e-01 8.330540521743948768e-01
1.062035195105570429e+00 8.722107049862777295e-01 7.088271446154436051e-01 9.554580594056097942e-01 9.548338939311016293e-01
4.943091926591133833e-01 4.872873602426922024e-01 4.676745496871258512e-01 6.737110876893817046e-01 3.187442707951535503e-01
5.096738293820117782e-01 3.328848311848490171e-01 2.265759064123580857e-01 2.873478475617807226e-01 5.756906717159815390e-01
7.709317451932166110e-01 4.899217330016578109e-01 4.940358635714000579e-01 3.858836049128138712e-01 7.077662772756936338e-01
6.310184800581687403e-01 5.748894137050747366e-01 6.463377278811794913e-01 4.557167463854799871e-01 8.789544086303683335e-01
3.473756920652443791e-01 4.813549133871225516e-01 6.398121472211671934e-01 6.527927831646447299e-01 1.557968966421444668e-01
2.300540255109261301e-01 -1.658270984573069484e-02 1.974754093189756143e-01 8.608668059965229880e-02 1.599846558651361605e-01
9.184779504792135452e-01 8.927213333198438239e-01 7.176914578645209319e-01 1.029668576054640017e+00 9.552688566371855261e-01
1.936993037913940785e-01 1.158951802955828780e-01 1.916160798659520548e-01 9.187735327986276679e-02 1.357832614194975918e-01
1.080109856203170654e-01 -5.099670117101894745e-03 -6.416099825920321478e-03 3.538360055981799174e-02 -9.667970086725137524e-02
1.032069355424019452e+00 9.433048821331093681e-01 1.070148733468277102e+00 1.007823066481483343e+00 9.669726256398245567e-01
6.072802063014571816e-01 4.512378926209818508e-01 4.236074429064475844e-01 5.936162833334185374e-01 3.336124672470897612e-01
7.059739412168926087e-01 6.017435458482295330e-01 7.006489198926753037e-01 4.031386324573068003e-01 8.515471841404149700e-01
5.156888343174701461e-01 5.416288249535599064e-01 7.813375824743005182e-01 7.563095082879065512e-01 3.306629974522569126e-01
3.137469318839715138e-01 3.726158275929935537e-01 4.315139438169141028e-01 6.156856694212876624e-01 2.549482288719130407e-01
9.980286253253266571e-01 8.958828613357665560e-01 6.882059778285426477e-01 1.054724327187495536e+00 1.035619944821573268e+00
4.743207741273052225e-01 4.264811026172537489e-01 2.353160349714928656e-01 3.327971937856111784e-01 5.278017042620932742e-01
1.041285483056497485e+00 9.408594449112968050e-01 6.803762151549870296e-01 9.593613351320137150e-01 1.011904774899318404e+00
7.214285572812121350e-01 7.872352243708601316e-01 4.941452349697006974e-01 8.577522247827994439e-01 8.066220884472764530e-01
2.986719100733739585e-01 4.854252554373787998e-01 2.631631199824054912e-01 5.851412181972756033e-01 1.338220374201358198e-01
4.129995505674284306e-01 6.716629424293006911e-01 7.107062475907828247e-01 6.586276532261226002e-01 4.121773598033433572e-01
4.382042820654277193e-01 3.824909060630145574e-01 2.562467791908454862e-01 3.311830633602680929e-01 6.612087280354415064e-01
7.508125238025148418e-01 5.521770429434224026e-01 5.950064399689123373e-01 4.747352858593148484e-01 7.673898086182964207e-01
2.756810306636882646e-01 4.280061352741403313e-01 3.322803684519778922e-01 5.008458701868169216e-01 2.179900598995057615e-01
9.285271112440670604e-01 9.362150790891672347e-01 6.796061731335758527e-01 1.033007762373107985e+00 1.037132209504090463e+00
1.195706327716241843e-02 9.478890570851379593e-02 2.493671607515426381e-01 -5.703564588908562050e-03 1.065675706491218122e-01
5.152628907440131023e-01 5.533012769471948866e-01 7.238411996519279468e-01 5.877468905362481788e-01 4.142095144529236439e-01
2.428458445587935444e-01 1.922397204545951699e-01 5.223091062650466743e-01 9.094770709405439191e-02 1.094586755790451643e-01
1.002607216011825120e+00 9.397866175692216606e-01 7.094816050368314420e-01 1.011901781280601709e+00 9.565026748250752275e-01
5.318028712061872998e-01 4.561911882343612223e-01 5.017501044276078126e-01 6.127095465502209182e-01 2.074022805871326147e-01
7.220571399215218733e-01 3.859269344937745205e-01 4.009838495741369080e-01 3.095131456528150693e-01 8.114961480669432570e-01
5.248262821461541217e-01 4.659760458874891986e-01 5.662774581515594985e-01 6.268985391577582833e-01 3.189070584333097980e-01
5.350593369254172949e-01 3.335182078056421751e-01 2.019484438150822014e-01 2.878807696125225135e-01 6.327289353687344242e-01
2.546957075607284016e-01 1.770367087992512356e-02 1.175819324046003811e-01 1.259355351963492298e-01 2.016814379385472589e-01
4.930004368545111704e-01 5.314820010364225134e-01 6.948940561082606049e-01 6.329262906009303080e-01 3.383482297744250245e-01
8.115356096232796412e-01 6.643924607812730088e-01 6.067984132507625583e-01 3.780427726101160957e-01 8.734136507580211317e-01
5.130173626409835208e-01 5.549778593572979313e-01 5.007490647825608709e-01 2.973356647059166025e-01 7.066375297705964620e-01
3.996807993138337678e-02 -1.948783776888034919e-02 -1.072599928314351969e-01 -4.215992782746685874e-02 5.165982968729996433e-02
7.889999101472333631e-01 9.408306864274349479e-01 8.416378495498489931e-01 9.619636456807418856e-01 7.995372607376333152e-01
7.875111512052920260e-01 8.372836288024076978e-01 5.334729262686548346e-01 9.177560972698718400e-01 8.326042505034536578e-01
4.758230500435167709e-01 5.633199335139452701e-01 4.987760512825111792e-01 3.241839765246087302e-01 7.773177152454581185e-01
4.853641553165009004e-01 5.411249071850980918e-01 5.564333418504345818e-01 3.534260045937714367e-01 6.451728651862279618e-01
4.794603518536942888e-01 3.834227210242238670e-01 2.622611722239723830e-01 3.228509376465551473e-01 5.622357622466379601e-01
1.374000194422407006e-01 1.074274462447009915e-01 1.893472684437940701e-01 5.939710344627850691e-02 1.392806368506404879e-01
2.653689576148147711e-01 4.404277192058030366e-01 3.339604202112735343e-01 6.105748985780798943e-01 2.039065600272871870e-01
5.607708080135236361e-01 4.859609296187455962e-01 5.550492850053772020e-01 6.313448648123821672e-01 3.090991658248443685e-01
1.859886534593459262e-01 2.143841851135335763e-01 4.763517225996895532e-01 2.405088411985045749e-02 2.922904167735618230e-01
6.060989745748339430e-02 1.301929781818440546e-01 3.055771788665313515e-01 6.830391294943358171e-02 2.696762925468008595e-02
