5.904011886234392104e-02 1.366188418902589408e-01 1.498525003602087791e-01 3.533182664006291884e-01 3.334768236449565659e-01 3.246152922508013794e-01 4.529434592076711508e-01 7.589867233764678589e-02 1.391003162155085293e-01 4.648405272326212867e-02 8.661945586618323423e-02 1.444596529158018172e-01 1.519477311163466016e-01 2.209334454928763847e-01 1.921998778490734416e-01 1.833945362085324937e-01 1.926790765171634556e-01 2.597964798509048712e-01 4.642101132008041309e-01 3.211614880127415805e-01
1.781355688666008130e-01 2.882148390940560967e-01 2.624826205018241931e-01 4.977373369116876445e-01 5.410847862993489743e-01 3.980338652541570710e-01 6.000168345875106501e-01 2.640299951655341593e-01 2.908434748232085476e-01 1.837933042864620392e-01 1.368069548259734647e-01 3.090296904710941872e-01 2.677758290396973218e-01 4.003527448798089861e-01 4.492366173584757538e-01 2.511274779494661602e-01 5.430944750593681425e-01 4.184361543432541519e-01 6.240462360721452661e-01 3.989253355056919248e-01
4.541435437140665665e-01 6.280690162490724093e-01 7.895153230349184481e-01 6.049882341942808273e-01 7.026480433877281273e-01 6.530233437806628460e-01 6.825767096147568047e-01 7.001159185433423193e-01 4.542052752948904093e-01 6.410241171743283894e-01 7.638584884474635128e-01 6.739101521925223715e-01 6.631197875106813466e-01 7.049502053573509786e-01 7.435287688124325722e-01 6.938626014969945244e-01 7.968170579686982835e-01 9.168437828097658615e-01 6.915540771696599975e-01 5.109276999907211847e-01
8.442318913184896356e-01 7.283843024643730235e-01 7.427725594317406976e-01 4.988383960878111090e-01 5.053356144577989539e-01 6.356640168126594936e-01 4.585663014978861862e-01 7.883353938095658542e-01 7.437571090275837404e-01 7.851393780513987730e-01 8.109946885032660591e-01 7.067818642435440557e-01 7.495765430776857308e-01 6.484421404962423807e-01 5.026780054627780769e-01 6.986066082069026795e-01 4.881729685162811694e-01 6.229243759993662310e-01 3.659022683745957738e-01 5.933761472098167955e-01
5.994795594983666209e-01 4.630971420758374646e-01 2.740910103463233827e-01 4.180019781914527388e-01 3.569417003437869718e-01 4.336678570132421195e-01 3.279947955550645000e-01 4.314996724589843513e-01 5.117233165257061289e-01 4.200293395621861881e-01 2.982462025167961217e-01 4.042049523858825544e-01 4.491640926828832092e-01 4.281831671192604105e-01 5.170344026040205598e-01 3.883847318173478946e-01 4.624605228106540844e-01 1.747616412289514920e-01 3.897348470028138001e-01 5.307178780480659164e-01
6.023677940416229948e-01 4.790486778470890994e-01 3.082831871433436288e-01 4.349319664962284504e-01 3.622382813479084196e-01 4.552641823562689760e-01 2.863509630068204470e-01 4.784684430910076669e-01 5.557949700103316237e-01 3.971267250349702072e-01 3.284809361507874947e-01 3.590030776962916392e-01 4.264803324961640718e-01 4.434984261622041957e-01 5.087519445380394023e-01 3.412666047805401615e-01 4.497162096002809695e-01 2.016676620750609827e-01 4.172669227668009961e-01 5.694985959061067415e-01
3.552121327637148274e-01 4.665752806256632801e-01 5.840150164372517327e-01 1.243722029368429516e-01 3.319422895362801329e-01 2.871331564576357076e-01 1.840255918012097813e-01 6.348230812782773569e-01 2.963224395543684886e-01 4.252277085017400204e-01 6.670706767731877651e-01 4.278439421543004384e-01 5.429060754552867962e-01 4.813753729523955194e-01 4.906313626949374007e-01 5.365358781367748353e-01 5.699322496718026709e-01 5.628363527447206582e-01 2.009540838446510214e-01 1.333517061070252641e-01
8.433876852581582984e-02 1.831534403483944806e-01 8.453467872975280184e-02 9.359749752359736163e-02 1.412753803007715248e-01 7.487529876803324103e-02 6.908742442950660534e-02 1.901869976550499552e-01 1.368912886747471469e-01 1.777364689695162814e-01 5.031637333914925486e-02 1.703730467228654344e-01 9.957951015652144466e-02 1.754968197792239892e-01 2.326014577326591948e-01 9.900751382352729335e-02 3.403179365696090142e-01 1.352412595564395359e-01 2.282300464962511155e-01 1.077626454238326953e-01
4.627370170183479070e-01 6.071356708599463525e-01 7.541859895108053990e-01 5.265380759189466353e-01 6.382699907857437571e-01 6.037262926647146699e-01 7.087766166562354808e-01 7.084000545430703122e-01 3.711132618587636989e-01 5.090567222782236279e-01 7.486270062105339074e-01 5.580008916239483918e-01 6.323360183899257025e-01 6.611990329269303857e-01 7.216317160160045097e-01 6.765980751057363296e-01 7.494277891652892931e-01 8.031696009806792436e-01 6.506795473260624796e-01 4.232657142608368117e-01
2.959713069699398402e-01 3.766166725844735663e-01 5.864488774552082395e-01 1.345991045127750696e-01 2.199086852109349288e-01 2.150122512742076164e-01 2.116455449353272789e-01 4.499071605993285594e-01 2.170267533735809051e-01 3.981448308598975472e-01 6.442650048421233455e-01 3.434406742358914744e-01 4.129291907403082051e-01 2.977318264890865818e-01 2.630003365766239165e-01 4.653677764952989793e-01 2.971091583429469885e-01 5.278083653925688123e-01 9.550224347196413499e-02 8.401128581470349022e-02
3.931295702565751338e-01 4.837343640272500078e-01 6.011411714158583219e-01 2.387174693680545745e-01 3.580145739138355654e-01 3.424936017074644568e-01 2.299664725527604814e-01 6.410661543257845096e-01 3.286330399012287740e-01 5.548822297901387923e-01 6.800856656233098541e-01 5.443978777561991889e-01 5.410675919470904205e-01 4.267510950049039353e-01 5.156542021644030527e-01 5.242016168770202711e-01 5.992049354493221847e-01 6.546276009353144687e-01 2.533377572931899691e-01 2.347298604380176901e-01
9.086075924603683740e-01 8.537306146492540382e-01 9.403181120338566235e-01 8.719677538655714599e-01 8.612458857399787338e-01 9.651337899641136975e-01 9.430929411642319238e-01 8.072776342136440686e-01 8.285785276656157938e-01 8.465325312190675744e-01 9.042472918078459099e-01 8.224268101050544733e-01 9.193195007817021036e-01 8.439595594676478907e-01 7.595712824443793254e-01 8.943896375899259565e-01 6.671098154735307650e-01 8.473768021835471620e-01 8.182962433148572856e-01 8.447599082983474617e-01
-4.297558132643383710e-02 9.052119525723524573e-03 -5.594777382114952090e-03 -2.377006480642630815e-02 7.340346264509934118e-03 5.091027645075945490e-03 3.342163327536005254e-03 1.743958851483457320e-02 -1.741822341323056699e-03 -9.270647435226646305e-03 -3.955551904153099124e-02 -2.974283383313605124e-03 -1.070270880792413386e-02 -2.206189420179620678e-02 -4.989701861149651620e-03 -8.885672541205938630e-04 -1.332728088866604868e-03 -1.168937885065796795e-02 2.112049047220189435e-02 2.609561046276370061e-02
4.587167303701226717e-01 6.265535264622261735e-01 7.700911331995041742e-01 5.623727229554540408e-01 6.828317372021720510e-01 5.919331068349478198e-01 6.549096049923632812e-01 6.729335933876466891e-01 3.684466566100193519e-01 4.999013840746827642e-01 7.416117327332881759e-01 5.739013961119815432e-01 6.353407855859644071e-01 6.267218023004892391e-01 7.834877950971937954e-01 7.017451479901943845e-01 7.458976768373860589e-01 8.339879241350646177e-01 5.927629260038662640e-01 4.853513012745439004e-01
4.528815013533366574e-01 6.496018995356021009e-01 8.293203937935403891e-01 6.216717695123444853e-01 7.215113558786273584e-01 6.104073426688277904e-01 7.294896696600426944e-01 6.950555114124942202e-01 4.792052722706963697e-01 5.871374786824926639e-01 7.543287538161691508e-01 6.751387396496209004e-01 6.637605741501267920e-01 6.599143226721360111e-01 7.840328053603718983e-01 7.267585274005867735e-01 8.587467037025842131e-01 8.968459514424016454e-01 7.258227572436936059e-01 4.992244883179436932e-01
5.497906450706668835e-01 3.935890788137487162e-01 2.032842681572755994e-01 4.540087252143124030e-01 3.385716313552094014e-01 4.283739087950476643e-01 3.091394473413387467e-01 3.390738635952248448e-01 6.185369245558773876e-01 5.097639875776364127e-01 2.596315295913461108e-01 4.216821377915445646e-01 3.519278194473818289e-01 3.449254624915393252e-01 3.072664246394448684e-01 3.258118583084901321e-01 2.827918051354121332e-01 1.712680374861613730e-01 3.845040314411679594e-01 5.464976225235036456e-01
3.876817901275331768e-01 5.217402692454314872e-01 7.124496706922066602e-01 4.610584140906661132e-01 5.757889515233792777e-01 5.096254628643969165e-01 6.697000034274299685e-01 5.133069201762618938e-01 3.303426329924096239e-01 4.595654102118279516e-01 6.927195575599154331e-01 5.018273818421705723e-01 5.603356690353258340e-01 5.136370874645560525e-01 4.887267950595165500e-01 6.269087563381072759e-01 4.643057734532235470e-01 7.297039852870316201e-01 5.160242024350027989e-01 3.800279825786923027e-01
1.764709222343269768e-01 2.285122014116507394e-01 2.808407779173864305e-01 4.318974460003544569e-01 4.435222770731254704e-01 3.355022301605907198e-01 5.009887440786101598e-01 2.399027938771606250e-01 1.632115897025045448e-01 9.132888831363218662e-02 1.561127335556874995e-01 1.974512808620588200e-01 2.578817686857077796e-01 3.478760229128564641e-01 4.802137148592497407e-01 2.533082765661244240e-01 4.724424270214755417e-01 2.864395710538422124e-01 5.537683844104983599e-01 3.358652170469674791e-01
3.151248375858372031e-01 4.046418907846927038e-01 5.375640391413025743e-01 1.946032465394338384e-01 3.004938600484367561e-01 2.826393813749388251e-01 2.539172264856600081e-01 4.701538965311004015e-01 3.336800730071894372e-01 5.595207547813019211e-01 6.241678171670126396e-01 4.439972958786666535e-01 4.098786870422861939e-01 3.442573016996900437e-01 2.518837216577506921e-01 4.551074587335163235e-01 3.355144236067397756e-01 5.571870368049129940e-01 1.160048991893379566e-01 1.239281992253917081e-01
7.653642177405789448e-02 1.081032179563366918e-01 1.018324634943656021e-01 1.701073306903620047e-02 1.165822988607414651e-01 5.915564703558800347e-02 2.679940969861397543e-02 1.637141764790410459e-01 4.723630394496909635e-02 6.643827321806357322e-02 6.960218391515361758e-02 1.311369448661667270e-02 7.725605897438300729e-02 1.456373527006233626e-01 2.459317604856058048e-01 9.160175310089721523e-02 2.435288526512678353e-01 6.527115096911396963e-02 8.759862398255950644e-02 8.538627295823073005e-02
5.268099782084914029e-01 3.266567815052340285e-01 2.115963794856214886e-01 4.136355259280389274e-01 2.662345074947197743e-01 4.078028232901748651e-01 2.837439529276405970e-01 3.216571881377821018e-01 4.945149463585737371e-01 3.892127480996543376e-01 2.451164796500263365e-01 3.273449276388075702e-01 3.261473232118893284e-01 3.236842486761966620e-01 2.610376767101075246e-01 2.735856158436024699e-01 1.911710575935959278e-01 7.914841048047539795e-02 2.829172271877578582e-01 4.551575569495551199e-01
4.838019112956698509e-01 6.542786767331537634e-01 8.164309386076866737e-01 6.309190859814924890e-01 7.219429324902463252e-01 6.115608914471877267e-01 6.473779529071197469e-01 6.811215722101492398e-01 5.259433708138185892e-01 6.083765068571032053e-01 7.614444905707686839e-01 6.653210658020451973e-01 6.700861584925050796e-01 6.715343951693323321e-01 7.479915093741115184e-01 6.844687353633148730e-01 7.731314221088654293e-01 8.875397994607525654e-01 6.854378327475175725e-01 5.037807364849332670e-01
6.451796400060464398e-01 5.283453185083950565e-01 3.998172309903440524e-01 7.802391651240239145e-01 6.352545544898036134e-01 6.500726433747117117e-01 7.522082869752765300e-01 3.701977653876844521e-01 6.837240780129598683e-01 4.590940837668445185e-01 3.191823454789803338e-01 5.038999238885105703e-01 4.620191871492587699e-01 5.107107888963370312e-01 4.502959567798631713e-01 4.696280162767150212e-01 3.808665056097543800e-01 3.285577910626383269e-01 7.265718737798103621e-01 8.015025811601295125e-01
8.136431040975047324e-01 7.232492240798626959e-01 7.528431766006189463e-01 4.813498098741644804e-01 4.699951773512853204e-01 6.297723112895594610e-01 4.691616103632465506e-01 7.109727695268830416e-01 7.205727310157901133e-01 8.025353231071604698e-01 8.575967212134411044e-01 7.123482199043328356e-01 7.573233393315993434e-01 6.553517730273957786e-01 4.842443465360812271e-01 7.077688815249637555e-01 4.741373159256079273e-01 5.813863465219295534e-01 3.430549897849908270e-01 5.954178753322016959e-01
3.501992282912438914e-01 5.370218380775043654e-01 6.130148902406110656e-01 2.436348829030692831e-01 3.973450039615875617e-01 2.839300677997363409e-01 2.391342241426906712e-01 6.093593880441380284e-01 3.541771973393559314e-01 5.564511276093161429e-01 7.010479898409870403e-01 5.200599549186523118e-01 5.321313936462502836e-01 4.889915645133567357e-01 5.099852468220198443e-01 4.953590312011508234e-01 6.635305524546706302e-01 6.642594164753137242e-01 2.382215813017601047e-01 2.675001366135141834e-01
6.146034286932329227e-01 5.260528544225805403e-01 4.142493230794402903e-01 7.622289586754796842e-01 5.987671810244477033e-01 6.918559800970975893e-01 7.565493656519237664e-01 3.846934002469242775e-01 6.362329103300720101e-01 4.557618000764706578e-01 3.058853545449369271e-01 4.555792250472568417e-01 4.407091146300340934e-01 5.059862223225150002e-01 5.166080186424552023e-01 5.105601578931328044e-01 3.923925584644580300e-01 3.349634175043010309e-01 7.367983614377446866e-01 7.779366920266644891e-01
3.926368137996452123e-01 4.907311023388074567e-01 5.985866634602047265e-01 2.436758292178025087e-01 3.878815348088220372e-01 3.367027403942343122e-01 2.234479785572648092e-01 6.428631247155259798e-01 3.487291863048451179e-01 5.472542356017103815e-01 6.993597758723758551e-01 5.476479872618749134e-01 5.092076203182324123e-01 5.081664499000861923e-01 5.085657353918565660e-01 5.234131810683039232e-01 6.385386358028685150e-01 6.592189368920249315e-01 2.318615677674435716e-01 1.911710733144646179e-01
9.925051606093030498e-01 1.030994950087945394e+00 9.809026748094091808e-01 1.010250961562430883e+00 9.849246095660475486e-01 9.825437482980537984e-01 9.904171154876522110e-01 9.981284198129704022e-01 9.988990917796304325e-01 9.874293118287915672e-01 9.800306849305484569e-01 1.043022866074368116e+00 1.000598481734469969e+00 1.012022381172383190e+00 9.992476317992418089e-01 9.641647271595957802e-01 1.002185157988901842e+00 1.015913537173687597e+00 1.010787297302251808e+00 1.006401560706908560e+00
1.418632830391391153e-01 2.224038882263246197e-01 2.648772285393507508e-01 4.206379771883711483e-01 4.740094669824785889e-01 3.235886346626745125e-01 4.901478501125349774e-01 2.490176332028032624e-01 1.630823318008217115e-01 5.047871168814468956e-02 1.362293906599524873e-01 2.132952448249294253e-01 2.300158638654214993e-01 3.439203524064968764e-01 4.504386892366727402e-01 2.825499097716486219e-01 4.513013820009249555e-01 3.245372426172528080e-01 5.894886051704667507e-01 3.119791424441709093e-01
1.023278140750982113e+00 9.296471408323315755e-01 1.002783868072410600e+00 9.051700386516242647e-01 9.273433424186336982e-01 9.742820540995840162e-01 9.616860243360952909e-01 9.933601531557866293e-01 8.934490702800482742e-01 8.599824466702494785e-01 9.864291010391547099e-01 9.022791497391640103e-01 9.919815040152955010e-01 9.503009284104821930e-01 9.614449252419930980e-01 1.011155287589571294e+00 9.242902000447720257e-01 9.400078150966937329e-01 9.018350686474844169e-01 9.472585331519254304e-01
9.884082835828076341e-01 9.946471637854127357e-01 9.896693953047809300e-01 8.812636981481549725e-01 9.752510124526313495e-01 9.621736652786730959e-01 9.507182577712737226e-01 9.879577890555393260e-01 8.710389100954745167e-01 9.009097058647750345e-01 9.963866234758533835e-01 8.598289173573173683e-01 9.966754229574495971e-01 9.927554560614206824e-01 9.992865739715234286e-01 1.010517397874899137e+00 9.407795458111939402e-01 9.288366573051121122e-01 9.474464443142200931e-01 9.216878980064558968e-01
5.869762666112784272e-02 1.061960029448694165e-01 1.627199748217509900e-01 3.743650750319368892e-01 3.245828160258306117e-01 3.182141328831088467e-01 4.519573098463214311e-01 4.566744590063366582e-02 1.247643881219531042e-01 6.184283600643670359e-02 3.787514747898719503e-02 1.689801548237514772e-01 1.451389744266780302e-01 2.332889788995637648e-01 2.149409853717048346e-01 1.929469797041099277e-01 1.533382549901614877e-01 2.368747136087150373e-01 4.380378784089088429e-01 2.488506863123889634e-01
1.766133177941883459e-01 2.628351136863929516e-01 2.556293131447145428e-01 4.992054323932828552e-01 5.045915382313145292e-01 3.693487764103641213e-01 5.172163547949408802e-01 2.133236981936857957e-01 2.738965850321821160e-01 2.127278447040458487e-01 1.604999607925604310e-01 3.556423803055352439e-01 2.378521208121299468e-01 3.859241594668159636e-01 4.621762634293164473e-01 2.645880141956170606e-01 5.404793544889261447e-01 3.775134843431022236e-01 6.087823129556377832e-01 4.022614353513594976e-01
6.780547285769517041e-01 5.905470011268375563e-01 4.601946096795354046e-01 7.905519300781341796e-01 7.101165984426771605e-01 7.338275091169546016e-01 8.036168440081393749e-01 5.298107934935444296e-01 6.885935839378029000e-01 4.666304762909393999e-01 3.784338961813112912e-01 5.173671599638459684e-01 5.753849454341061209e-01 6.587354562100476985e-01 7.315509703026493726e-01 5.630402338104483206e-01 6.337653440775548042e-01 4.027909144111880835e-01 8.534024227355853087e-01 8.042218428478036252e-01
7.540515368620387404e-02 1.529834908838877960e-01 2.165237416641723200e-01 4.105351028339963015e-01 3.617287410159801264e-01 2.719573155935038344e-01 4.806756734019121402e-01 7.479814175077598160e-02 1.202338844464722750e-01 6.285207813040268043e-02 9.406700618024763094e-02 1.408553070825938058e-01 1.258437338214012380e-01 2.161110694088158590e-01 2.223688399606078003e-01 2.096071786906395784e-01 1.351549135991609862e-01 2.837084599439235189e-01 4.526592192939298265e-01 2.840288904201679898e-01
3.559999602234951155e-01 5.386434098231328571e-01 6.911620661059859616e-01 4.961181076612878882e-01 5.706678239258489160e-01 5.501999012669643863e-01 6.921340533477365886e-01 5.045264649988827621e-01 3.234046994522483676e-01 4.957629948958371391e-01 6.782652254550852744e-01 5.109960885938922281e-01 6.111079958942197132e-01 5.043312877692116558e-01 5.462996768109076307e-01 6.547717787885930507e-01 4.633594548577284478e-01 7.359684351530729751e-01 4.771646517951579347e-01 3.929425385562633211e-01
5.660751074088461038e-02 2.332603782808433668e-01 1.949410027163181458e-01 4.413643608140621621e-01 3.886502156773351535e-01 3.387294351395983005e-01 5.077036764972812088e-01 7.946922546341925186e-02 2.248864075179561328e-01 1.492538780602926385e-01 7.956864391563001071e-02 2.368936978720737052e-01 1.358200739005119839e-01 2.438693565418501297e-01 2.717307309796301307e-01 1.998016174580886650e-01 2.733350961078478969e-01 3.009111688832790676e-01 4.954694396318882754e-01 3.523949154534103401e-01
5.504310482750628397e-01 3.707195359095298848e-01 1.961361489104887779e-01 4.729318331042740020e-01 3.364092589072721351e-01 4.427420387276451708e-01 2.993816806577477285e-01 3.109719649085089244e-01 6.116659523120379083e-01 5.094022998004992253e-01 2.445096940906808791e-01 4.298404031476922849e-01 3.592135874523574302e-01 3.165464818125920399e-01 2.791163084570627007e-01 3.136368704466626633e-01 2.324207292478975839e-01 1.683259493527642925e-01 3.702486793863180581e-01 5.841018537906236263e-01
9.315140205630585424e-01 9.137083305503300723e-01 9.505450363897818278e-01 9.389606109282442326e-01 8.989366944618920607e-01 9.576661813506679444e-01 9.610905739745611021e-01 8.593726548412227162e-01 9.756506397776454342e-01 9.911561868275537979e-01 9.215537314177957295e-01 9.084066815809047624e-01 8.990314860315422596e-01 8.674340800140357688e-01 7.338567852796029634e-01 8.885282774526040983e-01 7.327598452020649411e-01 9.061886894896888922e-01 9.007960803806497330e-01 9.341259123180646329e-01
3.620294540438337427e-01 5.119676178363340435e-01 7.321103032988509618e-01 5.019732990631032843e-01 5.605208085529927997e-01 5.052168999731194710e-01 6.507178809599190039e-01 4.875319116185047874e-01 3.313114646124459273e-01 4.441789230642593789e-01 6.686543001274670717e-01 4.760033759995705438e-01 5.662697105289961064e-01 5.189674286188805663e-01 4.731323969383621209e-01 6.153901305517273101e-01 4.439385414173481759e-01 7.542117727715683673e-01 4.833827840209559690e-01 3.430051451811223506e-01
7.363537567393135808e-02 6.777733040308193957e-02 1.103700155490200674e-01 -4.862921372122686048e-04 1.151104761991889186e-01 5.052646449346723245e-02 1.447020674639056675e-02 1.628437560707502174e-01 3.657770551670521536e-02 2.564700048377710137e-02 7.279927454435422551e-02 6.936256487658416792e-02 8.011726915409470018e-02 1.334297657308245455e-01 2.485175128990321225e-01 5.699348471677841144e-02 2.466280597003275843e-01 7.659770313767426397e-02 8.668508398339419552e-02 9.339675837873617770e-02
6.708324617827757796e-01 5.512365258724677419e-01 4.594404811674765998e-01 7.547515034225673602e-01 6.781197193760256647e-01 7.503683584909011106e-01 7.730668838432613876e-01 5.108898794332294990e-01 7.051299138319025994e-01 4.287740000042926103e-01 3.629358121376854984e-01 5.651919038120067906e-01 6.033875337483722845e-01 6.305986591321699475e-01 7.260840769719382193e-01 5.409999410503230077e-01 5.827393110716478919e-01 4.228143994480962342e-01 8.418166923724075268e-01 8.523497132368378360e-01
4.361567613455260561e-01 5.966568476149654021e-01 7.684477484724739904e-01 5.267847119622922625e-01 6.505182579182525737e-01 6.094933084276562552e-01 6.737174930821812069e-01 6.930534611749542551e-01 3.581593551004346176e-01 5.116398762728083804e-01 7.257400468650415659e-01 5.469661548796831418e-01 6.619681317366493678e-01 6.797254626962228041e-01 7.548333650006850970e-01 7.168842116287923449e-01 7.301883209284529830e-01 8.439897306455608206e-01 6.048128481139565249e-01 4.328686736615011132e-01
-6.768160588430275487e-03 -4.557467222281420642e-03 2.418867483994242146e-02 -2.098514015818394446e-02 -2.302609992237153718e-03 1.535704795536891459e-02 1.875974723582790257e-02 9.978866124591607295e-03 -1.445610380728174112e-02 1.153368141128472378e-02 -6.323087899618963330e-03 1.281472804848719435e-02 7.747419056046932467e-04 4.722510876952586145e-03 -2.400785142971175942e-02 -3.520938063385010280e-03 -4.244240083890297196e-04 9.907857836174902705e-03 1.835340144516487554e-02 -9.039238526429564657e-03
6.416540325225393859e-01 4.786900661625760334e-01 3.864119207085690011e-01 7.684818388434636605e-01 6.167611091226560260e-01 6.968030249406949039e-01 7.390107687144672477e-01 3.621589419328180570e-01 6.288224585533379596e-01 4.206277461779669991e-01 3.325281852924074633e-01 4.588303561133535990e-01 5.484952253584119974e-01 5.500244045164295326e-01 5.128748855681286578e-01 5.098268512470438552e-01 3.638586619311629522e-01 3.455869104158509897e-01 7.589112996511492293e-01 7.619131830416401296e-01
9.344843574804436726e-01 8.240530932216676430e-01 8.456003127608499037e-01 5.896161442842404732e-01 5.526157959020866484e-01 6.374368683809956693e-01 4.920756955969833313e-01 9.181352488633566233e-01 7.843415998369140940e-01 8.682552324900444374e-01 9.174018570509518966e-01 7.745563995687537728e-01 8.889153692106089855e-01 7.232737586698985144e-01 7.502218964626817810e-01 7.904771418503818703e-01 7.848319654191358019e-01 6.677349384701276591e-01 4.515131875996393207e-01 6.635714982148105401e-01
3.631074544323650843e-01 5.543016599990721049e-01 7.353472515267990284e-01 5.589210551406533778e-01 6.133037723920004014e-01 5.293808797488739337e-01 7.219816790207435053e-01 5.676359337117022896e-01 4.267727779825315482e-01 5.689949240208302950e-01 6.483952263190880805e-01 6.189265393526136583e-01 5.550236564641581882e-01 5.582896758224681344e-01 5.081770849430502501e-01 6.843474595184186882e-01 5.538696041802123604e-01 8.020214475226112860e-01 5.967555026208928304e-01 4.460996159345270717e-01
5.587000089072231557e-01 3.107132062803650285e-01 1.836826144262172222e-01 3.645253152083965387e-01 2.771640224387043050e-01 3.446958032249760606e-01 2.650374398430970224e-01 2.976293898304296359e-01 5.218513100944238703e-01 3.669102056621581509e-01 2.630832554637947407e-01 3.192153520204796813e-01 3.511515543402741746e-01 2.882859845143074251e-01 2.559846549526821335e-01 2.720911070521784825e-01 1.914683659056315157e-01 9.956721892194228540e-02 2.701344992188544070e-01 5.130898952499388654e-01
4.848079401656722465e-01 5.836916278870423191e-01 7.704414777004039427e-01 5.526717541047748705e-01 6.617055868243976180e-01 6.041643691862710330e-01 6.541774961181404668e-01 7.126316536988901440e-01 4.025240013831103414e-01 4.668982018969257686e-01 7.386502749051701011e-01 5.395536726358807211e-01 6.770519954218721104e-01 7.001601929136893609e-01 7.403565466920672966e-01 7.071374465087036931e-01 7.647637724266383996e-01 8.283232836546911004e-01 6.336487845074965097e-01 4.486016401971897327e-01
1.378422217567695611e-02 4.920642414712526891e-02 -2.121154965114789917e-02 9.234607497441664481e-02 6.563293976073553138e-02 5.275044077388243990e-02 3.782571559549351148e-02 4.970013594403235868e-02 6.776404632493907010e-02 1.133708351324756169e-01 4.520244868255053443e-03 1.194987172223289096e-01 3.855300446789913099e-02 2.781009497558333682e-02 9.329582981108801298e-03 6.666427734737656076e-03 5.523071585852371707e-02 8.861682851060886934e-02 6.431435702438251245e-02 5.945897400392543414e-02
8.333332864492564163e-01 7.584408090476945086e-01 7.690305569179118894e-01 5.899633541491824396e-01 5.394500646282456291e-01 6.697864235928667753e-01 5.009528171617229075e-01 7.685301020866096566e-01 8.829746524484454184e-01 9.567178650130200301e-01 8.720033360915055987e-01 7.614815590288728231e-01 7.406415494018609991e-01 6.601243357921510180e-01 5.016160260318826003e-01 7.327131033974733088e-01 5.297668208168788695e-01 6.866143306611397490e-01 4.626692405950888487e-01 6.652762539387225837e-01
5.517858095199764668e-01 4.192064732910875113e-01 2.019483740652574244e-01 4.785345435990178142e-01 3.351082472666077616e-01 4.504382372995896500e-01 2.967659047131770977e-01 3.071361828954305428e-01 6.294086400983629481e-01 5.137590095281437952e-01 2.446099811331407248e-01 4.400997707928541169e-01 3.147829679208604681e-01 3.469671985026523409e-01 2.754593098576000876e-01 2.876363616921143729e-01 2.475683439362166560e-01 1.955299630650010334e-01 4.217089908078259231e-01 5.837736395191288619e-01
1.027341438228036363e+00 9.389227432276650021e-01 9.630766677544936316e-01 8.567847715748692083e-01 8.902382508867436872e-01 9.685193546457836478e-01 9.443512052944581514e-01 1.004576917102500966e+00 8.840802110212984122e-01 8.953516063301996120e-01 9.453655039204991173e-01 8.571774396233242665e-01 9.785197098931979198e-01 1.004462606338040631e+00 9.853236824938333971e-01 9.820218093403274562e-01 9.559338095195187845e-01 9.263334305249681933e-01 9.255960711069975977e-01 9.329174191684604933e-01
8.616317172931874380e-01 7.663353194316214756e-01 7.376513826106406713e-01 6.152158190421149753e-01 5.665857690586455497e-01 6.638964951705420559e-01 5.428714867871544669e-01 7.466287227726712272e-01 8.121449544533405618e-01 9.373087672032971440e-01 8.633076394990715219e-01 7.780441049269661846e-01 7.838417924137428550e-01 6.589088635624730239e-01 5.319792801176012054e-01 7.340751350006314846e-01 5.467510126917006774e-01 6.784743316646602018e-01 4.313498941767117678e-01 6.667800375633056165e-01
3.782396922441754183e-01 4.380356875543264805e-01 5.958791125506531783e-01 1.603512256994873431e-01 2.708860521540064070e-01 2.663797847470810165e-01 1.863678645892090091e-01 6.121264924240863436e-01 2.657658492993767441e-01 4.496126427937054970e-01 6.993837783329314162e-01 3.883225254737988075e-01 5.583550965186482307e-01 4.696691863171056358e-01 5.001850258390750925e-01 5.206961989247793632e-01 5.728074886157478174e-01 5.669776361618378280e-01 1.622354141714987263e-01 1.476011953754312600e-01
6.092138561277876674e-01 5.206648051769683372e-01 3.066965338885418446e-01 5.237812236426117041e-01 4.536747026296503171e-01 4.591976060252966341e-01 3.594469037166441172e-01 5.122611676640217437e-01 6.752222914520016328e-01 5.375973385459992260e-01 3.447593631296281269e-01 4.913402484042717622e-01 4.306345475905951625e-01 4.989548293598567996e-01 5.223460822788905666e-01 3.732220574648394407e-01 5.034345647231454057e-01 2.507055079779672013e-01 4.476075243554898386e-01 6.558851748523193415e-01
8.788246334833208495e-01 8.710009745379924118e-01 9.052689613887221487e-01 8.808677563068684213e-01 8.362762014941015343e-01 9.363820900004320436e-01 9.278846375112881351e-01 8.087398131683769531e-01 8.597483623121201513e-01 8.731145818358271304e-01 9.287655459122690083e-01 8.251048612974702934e-01 8.936040242895206820e-01 8.456338487691522632e-01 7.696697761460332687e-01 9.460726029641035595e-01 6.470734577495749207e-01 8.188304944664617224e-01 8.060008577345764147e-01 8.638907704558071998e-01
1.024916692657010797e-01 1.260998785435412106e-01 1.060906164106695249e-01 1.187484439157425187e-01 1.828466381794831841e-01 8.264947710904384237e-02 1.660722109055975254e-02 1.654810357500518803e-01 1.530939577163019094e-01 1.470809270213095377e-01 7.071390701278647273e-02 1.797608502464417557e-01 9.188934389561607963e-02 1.244552477476351116e-01 2.129248180634189525e-01 2.937542591249726193e-02 3.351794910439743758e-01 1.445837181233737834e-01 1.770068637100658815e-01 1.314692095060622790e-01
9.295537824836447305e-01 8.600825529571048955e-01 7.735179580177775627e-01 6.180502488199328681e-01 6.248143093568377937e-01 7.246454035905415259e-01 5.178600993183523071e-01 9.333219900506053435e-01 8.455583991683350842e-01 9.594505546687434050e-01 9.505337669397854183e-01 8.579923078306982420e-01 8.819270880395714274e-01 7.626552481204086353e-01 7.659227994140457296e-01 8.106101700389436449e-01 7.932152397601904825e-01 7.634902214688272792e-01 5.503324859987663853e-01 7.098835511982847235e-01
9.390899551663180189e-02 1.376682036311722146e-01 6.566621426317120758e-02 1.359475169354568413e-01 1.678727383063855771e-01 8.682542097725541586e-02 4.533836310712904133e-02 1.463437043920505498e-01 1.319597527169768247e-01 9.143481476561116095e-02 4.941968353363203337e-02 1.573792747363996214e-01 9.765059194634684303e-02 1.729950704185752586e-01 2.310477588521047398e-01 1.100191376776351038e-01 3.581592727508916552e-01 1.538103643544728449e-01 2.016357640191456246e-01 1.319917072583611517e-01
8.830191124792027280e-01 8.739899296631358228e-01 9.456760083581571275e-01 8.557020378119243320e-01 8.618558309579144039e-01 9.031405373483369914e-01 9.356440621273410807e-01 8.649002519227919628e-01 8.424777820346390778e-01 8.688026406674335123e-01 9.358311622012798203e-01 8.300690214409097711e-01 9.034026512740185311e-01 8.583210195954914523e-01 7.505094010120463288e-01 9.181502861990032960e-01 6.643635065462877298e-01 7.903339276768027721e-01 7.887217285291892033e-01 8.785944741234513744e-01
8.722314092113354622e-01 7.489481545438706478e-01 7.445911421974508171e-01 5.984726249010232646e-01 5.277634326476620119e-01 6.800679643535989527e-01 5.149166307145487398e-01 7.797591056740775795e-01 8.350907410753254378e-01 9.143719151540150580e-01 8.698048128893145492e-01 7.865413203620514881e-01 7.610956045836482220e-01 6.275680462991860553e-01 5.426985010739643345e-01 7.508918025873388968e-01 5.295540397848609304e-01 6.998331387881507881e-01 4.266125618066499148e-01 6.532108215286630548e-01
4.812195412707777620e-01 6.250282527901060980e-01 8.001221663273347939e-01 6.068504556746161516e-01 7.310442781153249081e-01 5.855234168022166452e-01 6.851482009372479309e-01 7.108482723412471449e-01 4.823451487318982100e-01 5.908376174785707757e-01 7.271422142439680769e-01 7.027761274217452225e-01 6.408153707546225819e-01 6.978647063802260186e-01 7.597537819093318490e-01 7.011343830962707413e-01 8.018135246990618636e-01 8.829384577595645878e-01 7.402674032224738632e-01 5.299238228516159888e-01
3.518875949744537657e-01 4.410519283300429749e-01 5.976338092289662507e-01 1.477746583428346527e-01 3.200537196153852570e-01 2.674357262546637193e-01 1.695973824656751283e-01 6.297597600465490997e-01 2.547327551147791636e-01 4.369097594449531385e-01 7.007709487641011759e-01 4.225734518042976173e-01 5.289431332177527700e-01 3.978877263111031404e-01 4.961609736372957213e-01 4.807763334821714696e-01 5.697722241758705897e-01 5.726667948632359062e-01 1.730731683919245201e-01 1.791289660567511599e-01
5.160946835335123994e-01 3.373967382661241521e-01 1.773505850618924962e-01 3.917893976924667898e-01 2.553584382294066257e-01 3.537434281602654385e-01 2.793184072167930188e-01 3.112830549273822855e-01 5.054386174320730785e-01 4.178917123442226211e-01 2.429375323131810205e-01 3.567818807034685569e-01 3.262169811747409054e-01 2.782407433759128135e-01 2.741124894562351200e-01 2.896535143369306509e-01 1.856752284614043569e-01 1.011969118964315129e-01 3.063659493090808983e-01 4.887311617191865132e-01
9.361111868977471939e-01 9.083801083473177496e-01 9.283286160814602228e-01 9.520982752164800500e-01 9.070505609415815407e-01 9.831891678798945211e-01 9.691083580956755261e-01 8.054671163942618284e-01 9.656889922740663490e-01 9.671318398791740600e-01 9.077810390993082956e-01 9.610410370127175916e-01 8.772887329752308005e-01 8.893151027465920899e-01 7.714585356127552362e-01 9.116672444759489347e-01 7.271467229256529663e-01 9.044373733114553504e-01 8.904416398788050913e-01 9.367990183723078346e-01
3.806633389151626301e-01 4.853205463645861029e-01 7.201987885109254472e-01 4.974703359207892639e-01 5.622094129732581047e-01 5.069889166181016371e-01 6.345812279401226164e-01 5.217774234037297898e-01 3.369912783618741470e-01 4.507882115426644631e-01 6.842941135040560008e-01 5.001448426907908473e-01 5.877260719023315039e-01 5.751839091587638286e-01 4.965399646931704658e-01 6.328881798770600309e-01 4.809487698644702158e-01 7.632080706860329133e-01 5.221182854044327248e-01 3.479631029913470286e-01
9.278632964436582531e-02 1.067090056833113476e-01 5.555229014371055457e-02 4.438577243156314328e-02 9.096648908091305163e-02 4.064659158628931152e-02 2.213160707086896106e-02 1.757336036892702957e-01 8.002445117008173681e-02 1.038308801725240996e-02 6.981072686180968268e-02 4.518926293046918174e-02 8.432345820073308684e-02 1.168742684186198921e-01 2.380479340474664363e-01 7.148894625009853676e-02 3.052395650025699347e-01 7.684478365598923499e-02 8.155695659063824654e-02 8.447815097262924289e-02
8.345246727896388217e-02 1.622715346458706853e-01 4.932753863013109724e-02 8.742565170942670494e-02 1.692308440756144505e-01 7.089794022726682299e-02 1.135166698319518552e-01 1.446508290685903364e-01 1.511161186063988693e-01 1.517899166594655624e-01 8.818795821163269433e-02 1.716005240169760637e-01 7.645570062731686656e-02 1.349872872623974485e-01 1.958531711642972351e-01 7.317351121145822257e-02 3.287242833834334022e-01 1.646769272633716863e-01 1.895323066767957421e-01 1.476829794281550867e-01
9.020075981274402466e-01 8.700675764539794743e-01 8.108458685708790359e-01 6.651886023654975943e-01 6.626418722258515803e-01 7.403248620064818430e-01 5.013813260878274836e-01 9.187712240670840025e-01 9.044982807043852047e-01 9.389269505380417602e-01 9.300359100231763154e-01 8.620449008591277718e-01 8.564732963100080143e-01 7.866288954290150404e-01 7.463811158826155756e-01 8.085055916826623390e-01 8.063701087791533828e-01 7.699194379760621043e-01 5.379067001381393487e-01 7.132184958003066066e-01
3.553228475553758536e-01 5.188970408472428630e-01 5.927163673156221613e-01 2.141596788493261294e-01 3.882793470751352283e-01 3.106284765522556168e-01 2.333064399817885715e-01 6.111558010667674790e-01 3.911114896588902545e-01 5.731325844910387657e-01 7.095677592701216119e-01 5.292733479967046684e-01 5.274659190446343571e-01 5.231084656463423910e-01 5.130282097169972522e-01 5.102592046076321886e-01 5.973013416597449110e-01 6.688873643498599586e-01 2.882016103813118124e-01 2.128284554822643393e-01
2.939497828653417355e-01 4.264546398650779779e-01 5.236528766266062007e-01 2.045834182641473042e-01 2.609913996772236233e-01 2.979784565563540211e-01 2.033422065938608470e-01 4.635443215030379260e-01 3.370076357470497275e-01 5.140960260360842859e-01 5.979899156067886024e-01 4.830525349173987459e-01 4.455760663988626025e-01 3.462462677586463089e-01 2.481496561388563948e-01 4.533956910232269100e-01 3.507965936168792043e-01 6.067677021332305021e-01 1.325954326759366531e-01 1.349590883491360582e-01
9.503704367021374999e-01 9.412008075918224526e-01 1.006641561623312198e+00 8.827943725280149589e-01 9.244508429816541417e-01 9.677913119135322928e-01 9.411358354328223097e-01 9.865263712331360235e-01 9.198390574309095458e-01 9.167795147823004642e-01 9.641298970401366297e-01 9.235022664953955740e-01 1.022726047995383691e+00 9.670160519364053853e-01 9.793761299487783178e-01 1.002406487453501249e+00 9.769953884651328968e-01 9.189652321692967085e-01 9.116112528619392252e-01 9.729862833707484393e-01
7.262660619713887655e-01 6.316927186512127923e-01 4.671308075940344140e-01 8.775504848776013445e-01 7.920772344536275433e-01 7.624809871897977320e-01 7.873961007443648352e-01 5.207583328614544538e-01 7.811924593267144390e-01 5.851477520380465869e-01 4.303850694521187958e-01 6.545141414108472944e-01 5.508827833442342392e-01 6.716142011653974953e-01 7.458313438375993032e-01 5.613789934020207983e-01 7.288415505134145933e-01 4.666347340276340017e-01 9.371250876159942234e-01 8.750243113669913253e-01
4.008074067112912808e-01 5.239576666986337505e-01 6.349774382241069048e-01 2.466799125313525742e-01 4.290256867664208329e-01 3.340239214976574722e-01 2.241425709067698391e-01 6.218107645509363124e-01 3.371358277042899587e-01 5.430311064906249152e-01 6.747229897441209268e-01 5.218811206007389902e-01 5.227885833605517840e-01 4.676768263461344999e-01 5.371676391235432613e-01 5.329426012484786979e-01 6.179116259575055947e-01 6.396871785245664688e-01 2.477376570211975992e-01 2.785001902351150194e-01
2.926983241661872959e-01 4.422501951692706101e-01 5.363757442840250134e-01 1.836948555766608759e-01 2.572510032734138252e-01 2.732395723251029307e-01 2.136940261134656904e-01 4.853129873320348175e-01 3.228960921276611828e-01 5.552359789549345948e-01 6.065742283543750224e-01 4.648383529225276201e-01 3.887588884847190118e-01 3.420954464697851249e-01 2.780892088953852426e-01 4.557296419496291717e-01 3.283561757703317152e-01 5.819111934508689465e-01 1.232283859194501646e-01 1.772027887969547244e-01
3.709463527103238345e-01 5.512950032212146079e-01 7.291250242038093132e-01 5.066784549079856870e-01 5.140326892249477142e-01 5.223384574805309821e-01 6.407408044296105665e-01 4.891195084965092033e-01 3.663345352683601841e-01 4.711099965248923271e-01 6.712084024931423976e-01 4.847706895235338043e-01 5.401239452036384892e-01 5.283229157862692205e-01 5.191912554571838090e-01 6.985200124131299981e-01 4.752543677791713495e-01 7.803928780273661214e-01 5.223847532304880525e-01 4.213044605166356149e-01
8.862375564153869290e-01 9.107536277182930462e-01 9.440026047636799200e-01 9.629141879104747836e-01 9.095571898522839538e-01 9.444071154524463774e-01 1.026831030865115402e+00 8.195031764262640239e-01 9.675339271052689760e-01 1.002365308290441570e+00 9.382614327084927153e-01 9.291063347285584140e-01 8.834983276008279152e-01 8.875336885077743654e-01 7.444817316271229446e-01 9.357041535131017662e-01 7.239743169639855092e-01 9.373317635704416784e-01 8.933936606752386211e-01 9.328153474305572734e-01
5.326701193414026259e-01 3.495223344588307413e-01 2.225030515350545079e-01 4.010814797179905189e-01 2.222434093060731142e-01 3.873909050404959475e-01 2.885651020654707577e-01 2.879553685250038630e-01 5.005694861444227595e-01 4.028433649986292164e-01 2.602863357829843238e-01 3.424623476426776891e-01 3.351242149072736765e-01 3.078217166515246905e-01 2.400327380716900938e-01 2.590981217106895218e-01 2.019797993353202037e-01 9.913135267605792389e-02 2.960911246361322968e-01 4.842822137798553639e-01
4.307266334225688387e-01 5.955431501088683799e-01 7.848765386313550918e-01 4.846340695497688422e-01 6.593375352711337012e-01 5.627598758501881626e-01 7.013990487898451587e-01 6.931491969900978045e-01 3.921774365293926867e-01 4.817053531821531842e-01 7.479538334964862534e-01 5.640922921453522809e-01 6.374189341997785752e-01 6.533281473678337337e-01 7.575598089043441563e-01 6.728344951205582625e-01 7.645676116350654805e-01 8.350016701097793259e-01 5.982674076760585713e-01 4.084200717414423476e-01
3.433769182390186137e-01 4.492273256518766744e-01 5.450701565301315776e-01 1.997112597630641695e-01 2.870773869137902556e-01 3.060396647652993685e-01 1.970249106268911476e-01 4.544647405891678038e-01 3.353210777272481735e-01 5.449574214163916963e-01 6.234826403776986270e-01 4.340340071799271837e-01 4.123965727341398213e-01 3.385903726386730317e-01 2.450524631195093450e-01 4.475204011304082519e-01 3.733595861584991793e-01 5.622604362698593317e-01 1.349892585154337521e-01 1.664318371734589963e-01
7.209276325744095049e-01 5.837454322841132415e-01 4.658671501560414097e-01 7.850388808446358002e-01 7.225159037900000802e-01 7.016047333727075674e-01 7.912387160656604301e-01 5.465796008044473409e-01 7.196083996364184276e-01 4.430603102201688959e-01 3.799700368696983244e-01 5.181698138526383834e-01 5.810226775835816149e-01 6.139453343164182897e-01 7.899465820884949974e-01 5.601246252250295932e-01 6.768440791442000837e-01 4.322893391174054689e-01 8.228214217737886971e-01 8.286692894901055428e-01
9.659592577721920481e-01 9.150470028763264541e-01 9.459807079663445917e-01 9.612946640277300059e-01 8.854697909937859768e-01 1.003075447697582279e+00 9.833436251286555851e-01 8.053520372441919095e-01 9.730555795575765998e-01 9.671990212768677431e-01 9.441701310474934772e-01 9.203081189929079864e-01 8.814204667409766270e-01 8.512879572752947155e-01 7.502762275349307286e-01 9.328319491801492225e-01 7.472843422636014088e-01 9.192557579808730006e-01 8.902391486592871050e-01 9.384603699410748456e-01
6.202315592968582481e-01 5.104530995333378396e-01 2.975254267648657081e-01 4.768916496424663309e-01 4.499514858035856268e-01 4.393679594914108311e-01 3.451905740005979384e-01 4.909259285367351122e-01 6.623160013532729540e-01 5.581058798454893166e-01 3.095199972344697681e-01 4.885023718738709109e-01 4.191251442711718123e-01 4.501515972855837378e-01 5.118260452000502614e-01 3.862427317794439596e-01 5.508331825609648069e-01 2.276692030795466337e-01 4.706206232561733205e-01 6.413889554625958889e-01
5.142490502075167669e-01 4.010619616808896448e-01 2.196472661609688293e-01 4.803600282547645928e-01 3.518741356403486953e-01 4.568105987282519709e-01 3.591922924328690980e-01 3.357604506471969508e-01 6.230138032700258677e-01 5.206241692712620939e-01 2.694972211223749525e-01 4.724189924407909968e-01 3.593067430964125286e-01 3.459764497893164092e-01 2.583504706694486619e-01 2.781914927812247917e-01 2.476756663726238372e-01 1.921828089304333520e-01 3.478589657769152743e-01 5.577007367354370748e-01
8.419023153808360416e-01 7.632455453224442632e-01 7.702747452270600759e-01 5.865885329474167520e-01 5.629635886501204167e-01 6.948117737882029132e-01 4.896099539399380030e-01 7.666513946382498279e-01 8.122179027926366146e-01 9.408204745248204270e-01 8.748157836090039163e-01 7.697790315000772043e-01 7.705677586649537503e-01 6.881198582337337832e-01 4.618374140487418456e-01 7.489130266769772337e-01 5.159113052567584345e-01 6.819326356712218651e-01 4.332368871666105181e-01 6.356825885838703893e-01
6.142776852729742165e-01 4.807148835417716648e-01 4.163268704656162278e-01 7.567858700318834675e-01 5.884280323884863995e-01 6.575693839179737044e-01 7.723470628451519771e-01 3.485700615427376192e-01 6.530097540719641547e-01 4.369456841514832712e-01 2.915863972791822856e-01 4.785409794340763634e-01 4.871904983897951680e-01 5.502291857712668932e-01 4.598678574240272487e-01 5.062004091955548679e-01 3.643825172712403804e-01 3.352527210209733100e-01 7.537505268767413780e-01 7.884126143729489611e-01
9.069075584404762136e-01 8.910158871444513462e-01 9.173348220670785036e-01 9.456994569010104268e-01 9.186076463199162045e-01 9.585036444297202474e-01 9.880787542900125731e-01 8.144863348057093111e-01 9.548716011055705666e-01 9.448582063981009194e-01 9.106843549730275766e-01 9.159243508301879722e-01 9.360810731838287158e-01 8.579871625525550272e-01 7.590594653722987362e-01 8.912881508699868061e-01 7.064070932281675264e-01 9.235022686243956613e-01 8.931586370262339925e-01 8.993785809087617711e-01
3.521993752446078707e-01 5.766784998970199139e-01 7.238316516640932452e-01 6.020822743067493210e-01 6.659479265471877074e-01 5.222836573823974593e-01 7.052516224414537849e-01 5.282732349053528287e-01 4.819284598277318588e-01 5.846506692068653699e-01 6.411811962143914023e-01 6.151792479900788368e-01 5.896502783710968476e-01 5.862309010802733145e-01 4.696201765984135412e-01 6.444476761651762864e-01 5.233298741493271899e-01 8.241395976938672430e-01 5.994611656174323455e-01 4.682332171848923585e-01
1.226462228193727633e-01 1.873688075020582822e-01 2.295025795717497707e-01 3.878178006623801410e-01 4.638800158015657926e-01 3.810302826870711757e-01 4.596457220678921707e-01 2.318857804126002176e-01 1.725722449021924454e-01 7.648982432283883692e-02 1.168900077353169920e-01 2.402928630802508569e-01 2.139666024109382891e-01 3.680208679606357114e-01 4.603403001659587268e-01 2.564559791732938243e-01 4.442215850774922092e-01 3.101771920930559423e-01 5.783591060539269302e-01 3.268661714768010818e-01
6.062711201141974815e-01 4.784599959377098255e-01 4.089051711963700431e-01 7.522502719744487143e-01 6.348990551367232893e-01 6.695576560650272624e-01 7.517702611175454130e-01 3.726085386635693553e-01 6.540128960726928620e-01 4.704488424429859039e-01 3.436002754348980726e-01 4.797969098906931795e-01 4.829250159400736431e-01 5.011900351304550139e-01 4.759608718204064726e-01 4.712605967166554333e-01 4.049878664287333008e-01 3.381018476482183788e-01 7.380762817137448417e-01 7.638105552980830604e-01
6.283823436657577366e-01 4.916002152588900831e-01 2.553198572068548500e-01 5.346114705625932828e-01 4.607492761315280516e-01 4.521466120467713123e-01 3.729419241315945488e-01 5.062164005205802564e-01 6.895420146233228742e-01 5.410513417059442665e-01 3.204709287850838195e-01 5.036702055317326954e-01 4.493734165833698224e-01 5.024572673799888589e-01 4.963263205988814875e-01 3.748099458411655038e-01 5.507239443047582395e-01 2.270880588265584143e-01 4.329287997907019236e-01 6.271660020688063497e-01
9.187387555601493894e-01 8.953343186057931558e-01 9.427138066149731710e-01 9.747838083802502496e-01 8.870368088188352873e-01 9.977262722813251550e-01 1.016882841349513900e+00 7.976767528045639599e-01 9.687664664657889002e-01 9.585499483736770188e-01 9.282824850224089541e-01 9.133336676533507781e-01 9.109745512900319087e-01 8.937837630808002087e-01 7.470697224282709659e-01 9.142890886782332194e-01 7.449518290623741157e-01 9.057606220368598082e-01 8.653234554296413972e-01 9.511107897092957453e-01
2.452371718292735425e-02 3.279836115950966052e-02 5.837896117551620752e-03 -1.178883493787415311e-02 4.393107170240905662e-02 1.015694164810793283e-02 -2.277850631845920390e-02 -1.435179431784055874e-02 -1.678332954886838438e-02 -1.006833773869447550e-02 2.662684228409393367e-02 3.020451126888537216e-02 7.977833052787507151e-03 3.804055275703068645e-02 1.797535002814366553e-02 2.516488248869384881e-02 2.758229004679755778e-02 1.090950154359814593e-02 -4.142531841451759476e-03 3.858762344350886303e-02
3.373043902885247691e-02 3.971113287504040440e-02 -2.871137907271787207e-02 -1.738541101427714536e-02 -1.034766303351750301e-02 -2.205993943378551161e-02 -3.660236161812818658e-03 1.458230411356858068e-02 9.035020603029591049e-03 -4.111688176386832372e-02 -5.026806635733740156e-04 1.695799099682406344e-02 2.465843725476923182e-02 3.547795937526832671e-02 -1.735669617967919645e-02 -5.302680013736978289e-03 -2.128400787458776047e-02 2.006974294014563995e-02 1.715330474141070526e-03 6.072518616229546830e-04
3.144214685067719950e-01 4.123365469838431441e-01 5.132805596316200036e-01 2.050895436821321138e-01 3.011877340323164676e-01 2.762559434640063372e-01 2.479482492377281522e-01 4.597067020721792852e-01 3.088338080766395710e-01 5.524677545491230024e-01 6.142352696503033949e-01 4.455339156233276698e-01 4.315181362316909408e-01 3.759669391954451045e-01 2.358167673102810336e-01 4.748359403151702351e-01 3.684386304245384491e-01 5.843325517478022979e-01 1.719085937388927232e-01 1.611509727979804352e-01
6.130755668010338111e-01 4.909491909593081682e-01 2.937513373907920666e-01 5.268729896255373024e-01 4.402592730911262797e-01 4.696610126929242623e-01 3.309041829253898115e-01 5.099546108778953979e-01 6.604286233705508602e-01 5.445396081012762179e-01 3.049549940515732249e-01 5.062460697840784896e-01 4.413779829661723109e-01 4.677023275225290488e-01 5.277101441411933269e-01 4.312224833667867019e-01 5.056525025751946734e-01 2.773462628451826562e-01 4.862967718606743817e-01 6.220582235446370234e-01
9.191358108923941561e-01 8.571490658612065383e-01 8.069661691203089404e-01 6.458756375938414784e-01 6.594648275802517112e-01 7.328432565454694458e-01 5.277347773677255605e-01 9.320194609055933999e-01 8.823992341205378898e-01 9.541033986948317391e-01 9.669927304287669889e-01 8.647128000714967566e-01 8.542542642647175111e-01 7.910322164585749105e-01 7.597621595211372370e-01 8.237401514240391132e-01 7.986050983328625286e-01 7.617467721027342265e-01 5.493231799411061322e-01 7.000994031997623823e-01
5.465267804560302034e-01 3.594891277678721186e-01 2.345169133703018383e-01 3.843254562379638251e-01 2.933816937706957839e-01 4.005642508538092561e-01 2.946959497016324869e-01 3.499354793772468386e-01 5.218225199334286524e-01 3.752570458938234155e-01 2.517493249124022059e-01 3.609963882714986028e-01 3.482070912898316828e-01 3.002483162353541402e-01 2.527273235527389139e-01 2.808776698322754117e-01 1.955310913571399190e-01 7.983736037811822728e-02 3.191342106108464027e-01 5.129289258151524811e-01
3.836010866711553891e-01 4.767456267871847397e-01 7.155388414679414444e-01 4.949636460096452639e-01 5.529849675365924311e-01 5.250320228395388700e-01 6.258180225200424829e-01 5.379276910584259719e-01 3.263017658855997816e-01 4.815250315396928382e-01 6.773711121769507848e-01 5.196475591736658961e-01 5.502910230306162775e-01 5.402103610317181559e-01 5.136159417049067644e-01 6.622332530652136340e-01 4.864650867097130571e-01 7.091547552961794398e-01 5.086783146074097539e-01 3.110688453737474601e-01
