4.449379283559868892e-01 6.744811324683106513e-01 7.033023014318582344e-01 4.923843163582775628e-01 7.038298805506815192e-01 3.274392511932274763e-01 5.464706679941856438e-01 5.124834417627464056e-01 4.372750989140464783e-01 6.665522819622676787e-01 6.891930721231885881e-01 4.658468470147603124e-01 3.533692646097250090e-01 6.659909503147136700e-01 7.838910891866327502e-01
7.629900078872811076e-01 4.248144063900874401e-01 5.268288439175177196e-01 6.295568897585005486e-01 4.901939165138835541e-01 5.026966627129034748e-01 5.020208101993020033e-01 5.176968302739513028e-01 7.097784594388951707e-01 5.659879905721942883e-01 6.011463951434793396e-01 5.257140716818621273e-01 4.589941619576665688e-01 4.093062927982403787e-01 5.406871077376858015e-01
1.803724156486052888e-01 3.157003435305664185e-01 2.042070193239770570e-01 5.319757828328595950e-02 2.044460785288064464e-01 2.727229153039197329e-01 9.062004676662901992e-02 1.639179977818449596e-01 1.923984083908025222e-01 2.069015943726414952e-01 1.605628416800907732e-01 1.969160885886098444e-01 3.197996717656673704e-01 1.595043837321604430e-01 1.055850948873362366e-01
7.362924131635157909e-01 4.471740547322145543e-01 5.261113953618979933e-01 6.049484559653732774e-01 4.854227879928880163e-01 4.658581648824711152e-01 5.057684172694133506e-01 5.222079866877957777e-01 6.498471885674593773e-01 5.278339689213344954e-01 6.118742911379221328e-01 5.058448988212284059e-01 4.549231254627484344e-01 3.513023681071791304e-01 5.911234705543249035e-01
7.339892802469903943e-01 5.643045289324374325e-01 4.750157119237167214e-01 6.287491104601222736e-01 5.424363210066923680e-01 7.448615018590760695e-01 5.949345822228396807e-01 5.715124034463847646e-01 7.817983749403811800e-01 6.224612469558308270e-01 6.254399736402314058e-01 6.505663853986808354e-01 7.743661658462065445e-01 5.061015379048036111e-01 4.890034903577835101e-01
2.308525139211853872e-01 4.742557449870279940e-01 2.648894192235839995e-01 1.519133978482259950e-01 3.259492963233762142e-01 4.220867033019965464e-01 1.723545526355370339e-01 2.803464663173458327e-01 3.311652021603153084e-01 4.231686881131464517e-01 4.397835839163981575e-01 2.961008489314318481e-01 4.397894237819022778e-01 2.996520458764711514e-01 3.205714998142354943e-01
1.980694539678759525e-01 2.708505908835849296e-01 2.039929882846947540e-01 1.465919077915091295e-01 2.170079367430451933e-01 1.196401088049724309e-01 1.619047746368308116e-01 1.924494444141729710e-01 2.037297636836997161e-01 2.643606075515999021e-01 3.323284810370698561e-01 1.564500996122427656e-01 1.351921941744967659e-01 1.298212574282064380e-01 2.770813667741606756e-01
6.634571980303680672e-01 5.184435559276845407e-01 4.954622302084952801e-01 6.248152882904279837e-01 4.909313854580989456e-01 7.413585304927685637e-01 5.598317333390649964e-01 5.817529027045499346e-01 8.085335531855804003e-01 5.936669175792635977e-01 6.786276424163436571e-01 6.320309074317820297e-01 7.651063745166769570e-01 5.318810573693637522e-01 5.121214034499255163e-01
1.484942123409440373e-01 2.545754828202154707e-01 2.382510903409406633e-01 1.326190239539471183e-01 2.047796843854763349e-01 9.496404888257714560e-02 1.422273845614466792e-01 1.257907175969499580e-01 2.215276490980905566e-01 2.353703604180984732e-01 3.651497536061291682e-01 1.267354511702942776e-01 1.293575011895069515e-01 1.660065434233354287e-01 3.104378697610772342e-01
8.912780714005437144e-01 8.951534142671300209e-01 8.352158285145375727e-01 9.767115339619616421e-01 9.079690791848067377e-01 9.741901350979310648e-01 9.723148738312623607e-01 9.554125398815571657e-01 9.773208340708781083e-01 8.825783508890037155e-01 9.546164349823705875e-01 9.963097439304084979e-01 1.009612757999173605e+00 9.961941540324217303e-01 9.065886969858067967e-01
9.616227693069629989e-01 7.935804808152622236e-01 8.974058557218108634e-01 9.514361774031309116e-01 8.856189849325657448e-01 7.274630197304327028e-01 9.206441882845706193e-01 8.833197114508622994e-01 8.790255940195614848e-01 8.553045486323422875e-01 8.799545249845993622e-01 8.274492152080689111e-01 6.509622928100456951e-01 8.616846115906189318e-01 9.926673319572818510e-01
-2.675681468913274422e-02 -2.409366271070778956e-02 -1.436763333255942562e-03 -1.908761452694540325e-02 -1.474637118727379313e-02 -6.171063661536941615e-03 -1.965956551660506466e-02 1.897151805849344418e-03 8.999165769097884279e-03 3.356254945185347532e-02 8.992551329594387910e-03 -6.434522491559935796e-03 1.790578044167436770e-03 -2.026217929250706887e-02 5.352217865624545046e-02
2.780971020487429390e-01 6.402283742723934301e-01 6.132874018167190355e-01 4.177309573604025550e-01 5.670201862561782269e-01 5.385766563940882490e-01 4.803767256885699832e-01 4.984791781488738249e-01 3.511619737385795470e-01 5.124629348070132151e-01 4.447697266195613786e-01 5.462520102612725692e-01 5.624087600268026232e-01 6.422508202478584005e-01 5.131409499216695869e-01
7.417843224020687076e-01 5.426715554663841257e-01 7.066700149757906280e-01 8.559610480065736882e-01 6.935652873595709034e-01 6.362297093740525433e-01 8.114745807631501551e-01 6.898409601412686110e-01 6.870258980481145361e-01 5.740550961542686403e-01 5.416458066475700051e-01 6.931575765789782517e-01 5.472895581892250894e-01 7.137800091801199676e-01 6.204609003320648020e-01
3.932097390184806085e-01 8.146415970531315498e-01 6.631913245697174109e-01 5.293367259847674422e-01 7.314928914690130846e-01 6.265891610677615242e-01 5.997551919537317255e-01 6.316078010122210262e-01 5.338383670993830377e-01 7.239077326010726621e-01 7.371698516762250630e-01 6.270019708905414380e-01 6.769048889842999017e-01 7.773678970873626470e-01 7.176374644215609555e-01
5.275481182764361066e-01 3.196256951855035999e-01 3.043495087204510785e-01 4.761690598882030723e-01 3.387380026007941192e-01 6.200375463403605680e-01 4.509217977128038291e-01 4.508398185354077770e-01 6.093749460236528304e-01 3.108772289133111544e-01 2.917657585801174958e-01 5.294806536818357223e-01 6.253971812856111701e-01 3.905666387496475322e-01 2.026081389280904310e-01
8.081814267918520089e-01 7.212190059255620955e-01 7.898099968020800832e-01 8.794487732296774052e-01 7.881003293014591238e-01 8.768653974628421999e-01 8.801656571247313821e-01 8.495035104833932316e-01 7.998463834630057390e-01 7.420569262783122122e-01 5.967098076063810375e-01 8.907764174967292004e-01 8.691200873947897421e-01 8.513170712012551045e-01 6.382367963863897486e-01
7.031561032699278346e-01 5.780794116032802465e-01 4.812297657644051263e-01 6.136656464353530405e-01 4.857496810775411289e-01 7.388717216491162976e-01 5.689440262939023940e-01 6.282680398212215911e-01 7.777023716086373106e-01 5.819468365096601703e-01 6.521573966421964075e-01 6.767593461262929599e-01 7.557240633295332355e-01 4.933983834235122767e-01 5.031313142429397756e-01
3.488672632286216602e-01 5.668671434795794495e-01 6.006940950218943032e-01 4.745989550584676087e-01 6.157809583883296911e-01 3.296094713351755967e-01 5.446186681013504005e-01 5.237479461722303054e-01 3.747101543219431563e-01 5.898357072408946244e-01 6.266692591061004958e-01 4.965102425934793673e-01 3.418295813838098107e-01 6.595425394753917647e-01 7.188152534829710394e-01
6.129084117469594251e-01 3.883970203982800573e-01 4.272841955570447769e-01 5.033816130774700914e-01 4.048071822485077020e-01 6.280849865056092884e-01 4.516127297967590937e-01 4.828023342435660559e-01 5.805410052162591761e-01 4.451938395344902100e-01 3.938687465929478493e-01 5.636530091400032694e-01 6.723748936493432193e-01 3.746094070065267290e-01 3.104192720629890823e-01
2.641387916326319307e-01 5.636071174765537872e-01 4.328497949070793660e-01 3.590435631754302914e-01 4.882114394096519483e-01 5.135067142847515864e-01 4.986893634045358459e-01 5.091893805960573394e-01 3.080127709742555009e-01 4.410500624214498400e-01 3.772753308134261241e-01 5.148604890943022649e-01 5.587243297089893312e-01 6.248132300243017800e-01 4.309795765641971088e-01
5.929082825929397893e-02 2.065225413881920102e-01 7.816685438515966200e-02 2.460158771469190403e-02 9.221802557578531734e-02 2.999883822994824922e-01 3.803167792487831961e-02 1.208094094846529770e-01 1.311806637780021101e-01 1.387947480182730453e-01 1.181674524108474178e-01 1.783759908156882790e-01 3.114001637760405172e-01 1.288424301577242026e-01 1.782270963825408408e-02
1.440259837572347157e-01 2.996677131463071908e-01 2.391744974999888418e-01 6.894527543810417824e-02 2.172467456237023031e-01 2.633028012554852748e-01 9.013036952654675249e-02 1.817635431296583670e-01 1.647283080163886304e-01 2.329955353461101164e-01 1.533383258256509896e-01 1.680142460012447603e-01 2.961695722922773055e-01 1.120645458440585884e-01 8.420566855202762935e-02
1.641896227901470107e-01 3.199634378719743433e-01 2.323528495322066956e-01 2.185402180879513975e-02 2.415823612463983416e-01 2.722741063310312182e-01 1.039428685277118403e-01 1.650527160473122257e-01 1.754904665448391299e-01 2.429990417885063425e-01 1.242788249538029494e-01 2.022525179985659727e-01 3.080873086492937341e-01 1.600071071709458226e-01 6.783942823440272663e-02
9.764961137032371896e-01 1.031394932856113611e+00 1.011170622714490763e+00 1.000716779426314096e+00 9.525140320902433233e-01 1.039086503877109990e+00 9.646355567440709766e-01 1.025477330502828410e+00 1.001103094110933789e+00 9.941156942315299005e-01 1.033915578951825065e+00 1.017081533556624562e+00 9.852412363131323181e-01 1.010384330613935289e+00 1.002864691164383926e+00
9.210438364519166754e-01 7.552426453447169674e-01 9.112837701625978726e-01 9.751197284253965147e-01 8.984016093331079755e-01 7.345532675252182120e-01 9.273162945718926853e-01 8.869747979306995544e-01 8.476230047980697346e-01 8.673744516797400328e-01 9.148268587586477762e-01 8.141818222020525964e-01 6.635106334331428712e-01 8.849751373120836595e-01 9.730693965462661188e-01
6.868122884164332143e-02 2.011798933886215501e-01 1.110236004720108888e-01 5.784606295427375394e-02 1.394686185084505203e-01 2.769173866663325878e-01 7.039201508215635339e-02 1.115921579865833818e-01 1.452183224313555454e-01 9.666433374208069362e-02 1.068410723345852714e-01 1.688914021098725793e-01 3.371498140373302976e-01 1.242938764871006074e-01 3.310090379162174135e-02
9.984932311959778817e-01 1.008868603151325427e+00 1.008580537835572777e+00 1.033003107087719474e+00 9.763187564394952833e-01 1.011191474919410860e+00 1.006816078428246941e+00 9.960165110602103855e-01 9.736084041004485767e-01 1.016197823805796485e+00 9.685405858482080133e-01 9.919875331155252329e-01 9.999926622672175025e-01 9.927162923370043135e-01 1.032647322089249142e+00
4.391435091210336983e-03 -2.084302053940180824e-02 2.397364281045363116e-02 1.948438835126844668e-02 -1.986886364783991069e-02 2.721361778338749621e-03 1.808154200296690356e-02 -1.081093239826649626e-03 -1.174971099828548554e-02 4.509694457046640320e-02 2.507292737977130995e-02 -4.978286951845087294e-03 8.193476640864196664e-03 -1.186120647343129678e-02 -4.271042371037194092e-03
6.176577905494623488e-02 1.816158245940327487e-01 8.574266502786070943e-02 -8.142807173397052095e-03 8.754328590526055942e-02 2.906388640699739678e-01 5.452013787929897021e-02 1.507245931451828280e-01 1.231146171310240067e-01 1.323845965636300803e-01 1.246919017508693328e-01 1.462461940203709232e-01 2.993126939614157989e-01 1.263925285508159801e-01 -2.407178425550510897e-02
7.036031732863684551e-01 3.551365887158932089e-01 3.729123874767248936e-01 6.096822554518953607e-01 4.408676634328425048e-01 4.591728055160768096e-01 4.748324337067684198e-01 4.922861426113888106e-01 6.463477399812647128e-01 4.483708117495650569e-01 5.400457196874938193e-01 4.737099783704303846e-01 4.305620545175432023e-01 3.347791962478812722e-01 5.032858182753671139e-01
4.888986064630838069e-01 6.603754836286417351e-01 7.333337017589393048e-01 4.760541233074517264e-01 6.953871202306822763e-01 3.617446762410652106e-01 5.632927185453111552e-01 5.145952656949973614e-01 4.429668425471437465e-01 6.609184899100221111e-01 7.204593411678263948e-01 4.539588450339087644e-01 3.403598019535914454e-01 6.586297075742146845e-01 7.790449093102670419e-01
6.958330047133992613e-01 5.790565423110914933e-01 5.089950375114262737e-01 6.720651464672758868e-01 5.158521019685412545e-01 7.706442089970930720e-01 5.743913410813765719e-01 6.369267645287430835e-01 7.592138549099772815e-01 5.548653146122561886e-01 6.504468751483691857e-01 6.228689461787897397e-01 7.765793086843973958e-01 4.837727858595927133e-01 5.064542436408284720e-01
1.004759121026953972e+00 1.015046543001713708e+00 9.722207418228582254e-01 9.832011804995443027e-01 9.883001803895878901e-01 1.000258568733102260e+00 1.024489197557374887e+00 9.992915639685855389e-01 1.005668552356198342e+00 1.011478336294205249e+00 1.002095029785928793e+00 9.909700398257126341e-01 9.934468901103197247e-01 9.861266420976123603e-01 1.002314772014563538e+00
5.377609620068219964e-01 3.072184818077510204e-01 3.025093703276749979e-01 5.064667822357649118e-01 3.106154170617947963e-01 6.719534927479084985e-01 4.705213070284149923e-01 4.668485326032643656e-01 5.527055871366091111e-01 3.293035713206727833e-01 2.969118475013421410e-01 5.315151520793065520e-01 6.133155095056773698e-01 3.420720542650515505e-01 1.994868684804086967e-01
1.833671464554503527e-01 2.684863392217711198e-01 2.481124809351851757e-01 6.103177581247886535e-02 1.997553426988943337e-01 2.720417740958986363e-01 5.599426432053838942e-02 1.464853929643044061e-01 1.389529031270080039e-01 2.157082842738478334e-01 1.534778166778762720e-01 2.141649724411940625e-01 3.076373697767647575e-01 1.472574239681546382e-01 1.062000800130521033e-01
2.883770014129138359e-01 3.292797563232925384e-01 3.789570573051039282e-01 1.724875700784901933e-01 2.664641697869472581e-01 9.024625715788975322e-02 1.588643832634229758e-01 2.084383779857837404e-01 2.621632015108306124e-01 3.999957975962933343e-01 4.470219135423958434e-01 1.433424491858549255e-01 1.516056511205875756e-01 1.471923101823486568e-01 3.969904013296137180e-01
2.291853593203007078e-01 2.378132026136504373e-01 2.268272347574190606e-01 1.449823000344829804e-01 1.828118210404433563e-01 1.274741658859051274e-01 1.332036016987665217e-01 2.278357751856495694e-01 2.122915660353589806e-01 2.774115473249850750e-01 3.299804196434673598e-01 9.449332288248142586e-02 1.345677960908333859e-01 1.295176229511630361e-01 3.226787370781175057e-01
1.008085441672182281e+00 1.010573602696720030e+00 9.590475429776227356e-01 9.439930033506974683e-01 1.002524682409966728e+00 9.976150957892625515e-01 1.022310014386158539e+00 9.832612223506619342e-01 1.022678632301518675e+00 9.999342231542993620e-01 9.716944802319552599e-01 9.643421625960659771e-01 1.009754619842095469e+00 9.876107753528574618e-01 1.003371238268694787e+00
7.325397102841175734e-01 4.085798935577638624e-01 5.261351606695598981e-01 6.431297656025624088e-01 5.034090268434670001e-01 4.931865993862925013e-01 5.133033645218026964e-01 5.163939145682303611e-01 6.895154324490395670e-01 5.372413567666693979e-01 5.948700763307509520e-01 4.947032224741162998e-01 4.657216780435747272e-01 3.481067342656674612e-01 5.501101538191008888e-01
8.222708173620605354e-01 7.066589947846103614e-01 7.349630275647228705e-01 9.320377492554768883e-01 8.349574510500120672e-01 7.637457805120354548e-01 9.039038103789740486e-01 8.370298521843637651e-01 8.508764948285213459e-01 7.615113328981036878e-01 8.754438694633206453e-01 7.807403950204423460e-01 6.827031506512908354e-01 8.481114756809492450e-01 9.134029709980920897e-01
2.750782907343950479e-01 4.700022413113665865e-01 2.841967842109404119e-01 1.985771376893890050e-01 3.290548448197035958e-01 3.980321681119378674e-01 1.805715476347976300e-01 3.152875926918836669e-01 3.052844168009734571e-01 4.066546614603983589e-01 4.478905763104833460e-01 3.027859828773790674e-01 4.296334071518729258e-01 2.543331521532507522e-01 3.577650426432372743e-01
2.765518805987104423e-01 6.636290758869196615e-01 6.312730997767491692e-01 4.077862421681007210e-01 6.057087558654291604e-01 5.259481865402331202e-01 5.229742213119703553e-01 5.051645927809100822e-01 3.357638808282256693e-01 5.328125112177457545e-01 4.207156381706597670e-01 5.268309872127905358e-01 5.416250696367982398e-01 6.858926978969551724e-01 5.408425490318833351e-01
5.097072248683911511e-01 8.901397410629138252e-01 8.332475785416050273e-01 5.002624559780359803e-01 8.301283669638116480e-01 6.567648453347794124e-01 6.339506005927110222e-01 6.874979165585863861e-01 5.765271262682684084e-01 7.733355901661496112e-01 7.705674913784730240e-01 6.414012346332877978e-01 6.770454980538452849e-01 8.073819691056812742e-01 8.308001843811961828e-01
4.621786460150106857e-01 1.414936630640757642e-01 1.726713226139737489e-01 5.020055114178535449e-01 2.058310880441664159e-01 3.853826605799232086e-01 4.045149041112850452e-01 3.382355220123546280e-01 4.006121516936853588e-01 2.219471889945217602e-01 2.127062459875681266e-01 3.326929605072079799e-01 3.496360713235633355e-01 1.957899354337689357e-01 1.954887758625576677e-01
6.097772571108481809e-01 4.075544073658016742e-01 4.367741056232014030e-01 5.088850174127137471e-01 3.626543138522148602e-01 6.459903975008464139e-01 4.366440080953040703e-01 4.690975696712939014e-01 6.055961883866631812e-01 4.126153147445231761e-01 3.700202911138583683e-01 5.301663175546712514e-01 6.753591484556106250e-01 3.746787007059001473e-01 2.255018023044556563e-01
4.898696194109706803e-01 9.020563754040121507e-02 1.509349681459294379e-01 4.896839210913582208e-01 2.010164328029561687e-01 3.914571678951502820e-01 3.774160142000596574e-01 3.280031025506909836e-01 4.151007727436207273e-01 1.770931293733093437e-01 2.199674370630725351e-01 3.792994422411352651e-01 2.981929072341787390e-01 2.079577443441857909e-01 1.348274925324576268e-01
4.824160557528537341e-01 1.432622550489037749e-01 1.641953988759470295e-01 4.832392120872018859e-01 1.809043566157604865e-01 3.467354074868284619e-01 3.866955665298458245e-01 3.056876993851578850e-01 4.313522186362588884e-01 1.716495697638219797e-01 1.929713681786002222e-01 3.288993389769139797e-01 2.987391496083582343e-01 2.397796239099627691e-01 2.066789356682111889e-01
9.350101222861254557e-01 8.109463939276437827e-01 9.274907973844422893e-01 9.854765868720603006e-01 8.894257732354118318e-01 7.038400871974033191e-01 9.193559743551629193e-01 8.962680822023485483e-01 8.864050874509064037e-01 8.797801360839370144e-01 8.944280073247188323e-01 8.237259326898577205e-01 6.973141710519743519e-01 8.817954010265404152e-01 9.480943858978219119e-01
8.293492393090075021e-01 6.696705487509209132e-01 7.856888033254809667e-01 9.765338075025354891e-01 8.399763758678848724e-01 7.370649104385731398e-01 8.908296767947092576e-01 7.993840333969135514e-01 8.386679254251107052e-01 7.635760300840950254e-01 8.859722562631079379e-01 8.065953947641311128e-01 6.622976838042611281e-01 8.574808613183402262e-01 9.142268712811326692e-01
5.089312355946203903e-01 2.809262194540429469e-01 2.957256876264491297e-01 5.355679987576069667e-01 2.907261423550608348e-01 6.287909105342311955e-01 4.566864935076180299e-01 4.973977060997127331e-01 5.477143070877887876e-01 3.351740912468318956e-01 3.027952357881591450e-01 5.461878874761607605e-01 6.291468688188520675e-01 3.507916090579844548e-01 2.073810043749952925e-01
2.098674630398582319e-01 2.263923983556655473e-01 2.304598670470620891e-01 1.251639346792118024e-01 2.436029273914386561e-01 8.392693480725693655e-02 1.389754877259104515e-01 1.657778016134212051e-01 2.117455703168245051e-01 3.029744126159007456e-01 3.652223239516266817e-01 1.579806037771704641e-01 1.324798824146315168e-01 1.259306916893283557e-01 3.022160313167249757e-01
8.266868226738546266e-01 6.679760470603772760e-01 6.782157184898962576e-01 6.935981432670585978e-01 6.063866694449125960e-01 7.373192970422317583e-01 5.424820632377982399e-01 6.502200665463627738e-01 8.037652575141477351e-01 6.919227156209651897e-01 7.090183058181951381e-01 6.452018730749173869e-01 7.842161992434678597e-01 5.046449460514830232e-01 6.020363792612078990e-01
2.495587160447668151e-01 4.607603391689341632e-01 2.976623543577214814e-01 1.674544652885121554e-01 3.637357670599812298e-01 3.633842922042997969e-01 2.060292232181773764e-01 2.467429436952719712e-01 3.405302996255883952e-01 3.700202413527106660e-01 4.240071321359579759e-01 2.743558871971852331e-01 4.783271367908455973e-01 2.695770132183139545e-01 3.332078371749980783e-01
6.965457162597910035e-01 3.431904259237926746e-01 4.180641082971133793e-01 5.867003333342850624e-01 4.190620697829415264e-01 4.902740929498346500e-01 4.867638861114680915e-01 4.662780940281788800e-01 6.393698763997711643e-01 4.693765223476861204e-01 5.325273234611447304e-01 4.555668382944306760e-01 4.896081942097383344e-01 3.742616257677097158e-01 4.898048011482502573e-01
7.254378872301890935e-01 6.447205706043049878e-01 6.410065811881718867e-01 8.627581544181376350e-01 6.857705559109178450e-01 9.139330979359939766e-01 8.492947994411638168e-01 8.009785293690137031e-01 7.330063668900210772e-01 6.562224689269348099e-01 6.014088135408492963e-01 8.845798824282531392e-01 8.727593959538899604e-01 8.115735013836317124e-01 6.458344450618651589e-01
3.585616886761945898e-01 5.476189830417615978e-01 5.934014360031889534e-01 5.395567780051402362e-01 5.894699850308195987e-01 3.779304882713954705e-01 5.349084192789169689e-01 5.365654785046055641e-01 4.196820266255025245e-01 5.922114448904707285e-01 6.813375046221398224e-01 4.538920391059232951e-01 3.381080828204167110e-01 6.433044030360616228e-01 7.216688252996402708e-01
1.057079009990761903e-01 1.203845878181561274e-01 1.757138126386144916e-01 1.259943037594671300e-02 1.005147143534232540e-01 -1.540194674357638419e-02 9.565775484604516557e-03 1.286370462481743401e-02 4.825483551338567018e-02 8.907590785819177737e-02 7.414865186964839094e-02 4.733024627984168398e-02 -1.822514744887820948e-02 9.816542258493862749e-03 6.587088515051500726e-02
6.725121486092667800e-01 3.495197933618449659e-01 4.123657944305949008e-01 5.935269462028550658e-01 4.090040556003330940e-01 4.891294305498364858e-01 5.036432683943414812e-01 4.978948920328346572e-01 6.257485314351241001e-01 4.422092313050673962e-01 5.928268061774258912e-01 4.880960594438448763e-01 4.740292744693667681e-01 3.523108747236758376e-01 4.800916313802921498e-01
6.990729812502719520e-01 3.097990875555163837e-01 4.168914552931358708e-01 5.912897890264718903e-01 4.390504711580759389e-01 4.642513995790409909e-01 4.777001823124872870e-01 4.953530921400020604e-01 6.556942567750649875e-01 4.192906067813410020e-01 5.938035477077950874e-01 4.840289825914785848e-01 4.382055017262924679e-01 3.489611285286068898e-01 4.552773772634842731e-01
4.965469605936215780e-01 1.101795972212087638e-01 2.154339703573991682e-01 4.614718317199619779e-01 1.733299159024859759e-01 3.954166452228852213e-01 3.654348993611671315e-01 3.353846049675352492e-01 4.315829722406890334e-01 2.164373534269214416e-01 2.376297822307822938e-01 3.655961064786843462e-01 3.080189159698233925e-01 2.162532374552214309e-01 2.193090059998981101e-01
2.654642781424548792e-01 5.766084777693538665e-01 4.611395679881899468e-01 3.822706594110725220e-01 5.020395764465130917e-01 5.393548809416993661e-01 4.990977661663120735e-01 4.875423950868701950e-01 2.729091266574751318e-01 4.209068327485365746e-01 3.987859404807891361e-01 5.119984092732693393e-01 5.376881795195818103e-01 6.329315766441945268e-01 4.544404265046363967e-01
8.220088493173945965e-01 7.303682441444722118e-01 7.579839872868002759e-01 8.752279321405153079e-01 7.863419440505021729e-01 9.128417467454122969e-01 8.633023408687320321e-01 8.180705131511517569e-01 7.582625189548222178e-01 7.549064622248988776e-01 6.864399457990401077e-01 8.955566429968044861e-01 8.930725584385820204e-01 8.251235267236857185e-01 6.865098571975425390e-01
2.155464124883242627e-01 2.166136679394714548e-01 2.172088734219168038e-01 1.211138976598191003e-01 1.884796206474417257e-01 1.042467095403324523e-01 1.422288593076497798e-01 1.327269542394992619e-01 2.548666751814275266e-01 2.561237823310245076e-01 3.517547440485169763e-01 1.122542901805827775e-01 1.167102089629581119e-01 1.341876816993371191e-01 2.973518801605342654e-01
8.309262196608282469e-01 6.771957233098270246e-01 6.346475347494843211e-01 6.431548626615024578e-01 6.255826843063285736e-01 7.272870020955765069e-01 5.814752133585397997e-01 6.602527368969629551e-01 8.004267394417081682e-01 7.265754733752177730e-01 7.337803242971914219e-01 6.226079004543657591e-01 7.611538050575732406e-01 4.864079683974046331e-01 5.913164256570169197e-01
8.234703062104207216e-01 7.426876101617190251e-01 7.516574377099053406e-01 8.648854092489477452e-01 7.629368758228229908e-01 8.507969869731537571e-01 8.948350650021718033e-01 8.008967159366843225e-01 7.901469789342884242e-01 7.326400382449309578e-01 6.418938210178329884e-01 8.541878901761069676e-01 8.711578886559863122e-01 8.788618604229760933e-01 7.254139969763520046e-01
1.717546441714033478e-01 2.950661956796566954e-01 2.113716309188561626e-01 6.937850111443957801e-02 2.073116541388908551e-01 2.722344553100585207e-01 7.616598105649047268e-02 1.950383251346049784e-01 1.890524774976410360e-01 2.191375859508886970e-01 1.426403964319775119e-01 1.988468815363196585e-01 3.263986519930400787e-01 1.370484434653386208e-01 1.195394727325722328e-01
2.422098283631042848e-01 5.713969880023938019e-01 4.173620953095680819e-01 3.672735865854372950e-01 5.272033282311565650e-01 5.297850222868598635e-01 5.355452488898581054e-01 4.990693753309173863e-01 3.155323741605481347e-01 4.353612375834042258e-01 3.799729079965302181e-01 5.047404479170162217e-01 5.772580553926811575e-01 6.403703021158178021e-01 4.165743515352767767e-01
7.398160316769950562e-01 4.394224642552606030e-01 5.984668413510162432e-01 6.096038481518345487e-01 4.936254634631933591e-01 4.783215791327473654e-01 5.241820384804658506e-01 5.367492413034753440e-01 7.046999370859357015e-01 5.425874559604516589e-01 6.085512745396725043e-01 5.056690569272590530e-01 4.392401662019899677e-01 3.557683668470055238e-01 5.770822642106994138e-01
3.721428012812012451e-03 -1.511416287511477795e-02 4.623995817488250372e-03 9.366227863436651143e-04 -8.913236275791967117e-03 -1.097985427024790808e-02 -2.398245595585824300e-02 1.577790353724662503e-02 6.138290607448568248e-03 1.091869591481844579e-02 -1.074176819584064281e-02 -2.212799954624348423e-03 -8.347165487162225631e-03 -6.936297214308701116e-03 2.887038848156199197e-02
5.025615226888761056e-01 3.440908405608030796e-01 2.615763138754425565e-01 5.062257043872189222e-01 3.009620060971263111e-01 6.262097503576959934e-01 4.267185122854766366e-01 4.172977895935919834e-01 5.494437344250507893e-01 3.192215012702018795e-01 3.291121511244891051e-01 5.293762693940552433e-01 6.574931235393139950e-01 3.376202272535409055e-01 2.077799969630074739e-01
2.619273521064514054e-01 4.578956884499293389e-01 3.245613662948128586e-01 1.463950872346624910e-01 2.941334977210128265e-01 4.095498003216526128e-01 1.718840457674110367e-01 2.918850683798059897e-01 3.418124458196137305e-01 4.343384422877274997e-01 4.699893320611913672e-01 2.997715993367618958e-01 4.447573261232566355e-01 3.023368028883386960e-01 3.377219599951257756e-01
8.656615562217976345e-01 6.827664655922177639e-01 7.760273619018158708e-01 9.411810323554868907e-01 7.846747279534664887e-01 6.953495214901967980e-01 8.960865124096478729e-01 8.667030813964710090e-01 8.179798492926396714e-01 7.639195810326843139e-01 8.417320261380963897e-01 8.394979073087095456e-01 7.019407936502218837e-01 8.699670116634746764e-01 8.942588046272329505e-01
6.338707205149560764e-01 3.986611844839768604e-01 4.313513402702137123e-01 4.829562236728454638e-01 3.875803337227951006e-01 6.274838841125657263e-01 4.857278824162639119e-01 4.583818068724209160e-01 6.362352150330269351e-01 4.108299282863659418e-01 3.632459732352799620e-01 5.336688987839727227e-01 6.352314540842469714e-01 3.742144229714580717e-01 2.725893598305569321e-01
3.285596839742455644e-01 5.455470294863289382e-01 4.252871147481347980e-01 1.798172041287317835e-01 4.092605848692217330e-01 3.927097092609672102e-01 2.316102556670354140e-01 3.649256791888944584e-01 3.486684710137442078e-01 4.769921953664977288e-01 5.461356143794705575e-01 3.169889778629425003e-01 4.446469374418340337e-01 2.912641279546979156e-01 4.237467706003408829e-01
8.139313926878468664e-01 6.816281368901231374e-01 7.737768661081380062e-01 9.618296844506695198e-01 8.111407593100562474e-01 7.532171427363967275e-01 9.138257688443985893e-01 8.154264208133712444e-01 8.277086073622610396e-01 7.850359661839514391e-01 8.502270721888179894e-01 8.456808426908359877e-01 6.832148220629441493e-01 8.574785711161456714e-01 9.046856207933187122e-01
5.883841999488090280e-02 9.401708336547408285e-02 1.220341716398828102e-01 2.065551703996054700e-02 1.010169957425831599e-01 1.228489965990123538e-03 -2.393456611460774083e-02 5.502939241781588942e-02 4.716491229201692087e-02 8.968715519027979644e-02 5.629050984589384354e-02 9.026415024868960496e-03 1.422773949591275497e-02 4.725467005908645657e-02 8.498966586039202742e-02
4.046951205623740000e-01 5.827016564683225042e-01 6.016490409930124184e-01 4.513533228815140852e-01 6.323742478808623835e-01 3.758104374882757504e-01 5.402884831292547041e-01 5.063867024899847413e-01 4.486298122101341490e-01 5.754246423965109214e-01 6.186700978052609434e-01 4.338099805949059418e-01 3.594754709399154979e-01 6.324007334680400438e-01 7.049113221614806690e-01
2.269896793609032792e-01 4.887131059698924807e-01 3.246742974243472801e-01 1.458281663422947849e-01 3.098261431626130324e-01 4.027431460183391598e-01 2.006297873944209442e-01 3.032901716159236982e-01 3.371381277115861330e-01 3.677904014841418823e-01 4.797328005056462064e-01 2.758386242940618072e-01 4.652167936904498258e-01 2.210142943558942585e-01 3.150419889266886653e-01
2.891917117483960853e-01 4.322824459787626972e-01 4.799403162183411009e-01 3.761124083460309908e-01 4.866259200855053146e-01 2.684041223531839493e-01 4.303075464565718766e-01 3.911751501325125835e-01 2.036043921487370734e-01 3.907094710527146963e-01 3.383370412724630572e-01 3.296551037680763852e-01 2.322135013732487263e-01 5.200222694891435404e-01 4.854114588279074827e-01
5.745466986836135215e-01 1.889223161699218612e-01 3.077559987803484276e-01 5.180376995005999685e-01 2.955636492439446261e-01 3.771997718235988728e-01 3.659201452939725430e-01 3.822470614475186323e-01 4.322117709007567421e-01 2.736791953381418896e-01 2.705354736401242022e-01 3.436346650366890465e-01 3.432734138834632742e-01 2.248918152458742048e-01 2.366489139792379848e-01
6.164560991081411423e-01 4.779218588235537579e-01 5.335406350063491843e-01 8.450802082907659107e-01 6.093618275205208157e-01 6.057194478200478294e-01 7.730551760776773751e-01 6.546720204107416841e-01 6.143845842557433823e-01 4.983009902895831900e-01 4.665618535098521868e-01 7.213812897384230816e-01 5.294774898386171991e-01 7.137062366100375144e-01 5.872940148293023244e-01
4.748725568012345799e-01 1.120918928587297941e-01 2.004488460561347218e-01 4.711972356252764338e-01 1.811718347025916553e-01 3.860964287602957623e-01 4.177196638705790721e-01 3.360090438426211468e-01 4.228505789734725573e-01 2.249822989804631801e-01 1.876563851339930478e-01 3.389351505652373753e-01 3.091149606579922660e-01 2.081161436368937356e-01 1.901533514673213465e-01
3.032237243397816195e-01 3.412840166822743160e-01 3.331868495360926774e-01 1.171189852269330645e-01 3.335361345485715057e-01 9.788999379307329607e-02 1.366278354304949760e-01 2.005817802097006608e-01 2.399805025290204785e-01 3.284111439465639548e-01 4.211710449251658828e-01 1.513762289431523356e-01 1.843924657252928867e-01 1.309229111876837881e-01 3.956006809499435506e-01
5.010018442120398596e-01 8.846132746723968099e-01 8.156865190044911840e-01 5.195400303962232069e-01 8.293077131288074666e-01 6.052574597962739889e-01 6.260931480639042590e-01 7.153904868803204753e-01 5.582964677051307500e-01 7.942023324710436594e-01 8.059879486801242443e-01 6.628522059179797754e-01 6.650551515420229931e-01 7.935790238664559570e-01 8.264646632028463946e-01
7.261375427496391533e-02 6.581394998499270899e-02 1.731403312241541204e-01 1.128032250599431130e-02 9.494987599449716820e-02 -2.413251309821154086e-02 1.000058964135105803e-02 8.470670482671700807e-03 4.003133691349447520e-02 1.025791686349262349e-01 4.848968436277249772e-02 3.923036029955963289e-02 3.533075389136861727e-02 2.417970916485637570e-02 8.074145933923232432e-02
2.585967136014382106e-01 5.631635969683259635e-01 4.704700607062299866e-01 3.719747790561903633e-01 5.040815736600456898e-01 4.974476229296308505e-01 4.814052855733711445e-01 4.997166296335666669e-01 3.266163550995651033e-01 4.490708985993093205e-01 3.477713930398625419e-01 5.577731470778687362e-01 5.461677126063334553e-01 6.159364025817761767e-01 4.763652210653278596e-01
5.346087491576869688e-01 3.092855861305172649e-01 2.765968597138200868e-01 5.151341856966437094e-01 3.197349712471745931e-01 6.482953082947415790e-01 4.154886553124182424e-01 4.858633964753450440e-01 5.721876741554886570e-01 3.415416456095822784e-01 3.316334828235906751e-01 5.080587447595543704e-01 6.583492954068703717e-01 3.184209805813874028e-01 2.355310725160457974e-01
1.766747166036122252e-01 3.065021238893105293e-01 2.901284195154477108e-01 2.637621338454020081e-02 1.855754772681046660e-01 2.496811629244770070e-01 7.403695319597869418e-02 1.146194079116010234e-01 1.384932960092888632e-01 2.456241013361267489e-01 1.390410378557700166e-01 1.693952523765996920e-01 3.163720868678758236e-01 1.746373922903903253e-01 1.078229731423774873e-01
6.570204487507317337e-01 4.100515992691202150e-01 4.330867797063164271e-01 4.784400855045778389e-01 3.807542635750639781e-01 6.319615566952887509e-01 4.757050313936381780e-01 4.757507548062218650e-01 6.017206191706735430e-01 4.053191948270756795e-01 3.530973815896639723e-01 5.418974887603137391e-01 6.592867124264706336e-01 3.759896723541942265e-01 3.221782598938444653e-01
8.015990914597731498e-01 6.406977196722970502e-01 6.549213609894284360e-01 6.744848546664575784e-01 6.447478852659815907e-01 7.476090309146889989e-01 5.459677717541111530e-01 6.777113435973173283e-01 7.876298327932789167e-01 6.859501832436561974e-01 7.074773675554431041e-01 6.580856678497193357e-01 7.712485299332064725e-01 4.729768412967321756e-01 6.021787105621033698e-01
8.116487449845894986e-01 6.698823584175052082e-01 6.297841436967173134e-01 6.379017429521979254e-01 6.138013389617464899e-01 7.402437910479884309e-01 6.053986724599087488e-01 6.448287067855249521e-01 7.983252292588590704e-01 7.030625450635261675e-01 7.142416313225010693e-01 6.836493982490108312e-01 7.773153233688294694e-01 4.942742240640040086e-01 6.011841817148844136e-01
9.306583794837401946e-01 7.551117034888181756e-01 9.178837681626318412e-01 9.709756630216569429e-01 8.817343944370950037e-01 7.321449980693049975e-01 9.284745517413732774e-01 9.008386793603816445e-01 8.765389869917263876e-01 8.753796212502350516e-01 9.275047113713709157e-01 7.493220893217862333e-01 6.374699320119865398e-01 8.660537705941619979e-01 9.443613401023971399e-01
4.625815422039260549e-01 1.433379417092197072e-01 1.880299458339690644e-01 4.829506847962600768e-01 2.139659203509588770e-01 3.562783064123572485e-01 3.640025954509084061e-01 3.203457257229946342e-01 4.269961290734161086e-01 2.147935881624409016e-01 1.960578526472906702e-01 3.412573455211813100e-01 2.979877488141695618e-01 2.060224989978845789e-01 1.968714255031191740e-01
9.961375333682884192e-02 7.293070176821264683e-02 1.168225342238941727e-01 1.159139411728245944e-02 1.181293666199710601e-01 1.753989012048977336e-02 3.100975928154016403e-02 5.175119245324449890e-02 1.435887932853145699e-03 7.249926322502414644e-02 1.054226838965069690e-01 1.836177284523554665e-02 1.029702626971582512e-02 -3.291614212515288351e-03 4.584709349870816353e-02
6.361168678055987291e-01 3.902418109400146440e-01 4.128960500229687525e-01 5.104682910162803289e-01 4.155246007618325632e-01 6.729166733464974071e-01 4.928795392497031247e-01 4.754804186913601516e-01 5.919523135713221640e-01 4.386524376338998277e-01 3.370671327742081336e-01 5.586739165010833341e-01 6.117314879975894737e-01 3.667565650381562903e-01 2.756742917483542277e-01
7.354311392395582736e-01 5.333055214759140350e-01 6.685939625372847583e-01 8.223074950490081303e-01 6.484379757449667547e-01 5.748060658467999406e-01 8.075617334486594467e-01 7.281545385001817472e-01 6.490967349626697303e-01 5.736597346575770251e-01 5.498973459890482696e-01 6.985382761062292056e-01 5.610366071965273704e-01 7.519720149652269203e-01 6.248485021191981792e-01
4.549045231960685727e-03 -3.453456824696776728e-03 2.168063443858178271e-02 1.507696662496708397e-02 1.902611847327496247e-02 5.860740996833539891e-03 -5.698562467905804278e-03 6.640079186452363218e-03 2.443482442010804986e-02 4.443166952115330109e-02 -3.504926276816240638e-02 -3.012765336016437825e-02 1.632112964969069727e-02 3.331243606448761226e-03 1.575134923351336272e-02
1.630899112427268149e-01 2.919646961935358775e-01 2.310654295592920182e-01 5.315455132629094692e-02 1.877394312594055648e-01 2.896761896215905296e-01 9.117962390740444456e-02 1.657787144519108358e-01 1.903912072260602328e-01 2.122435110892601506e-01 1.371711421493348737e-01 1.871695384833426679e-01 3.086199528906308776e-01 1.103208965397682456e-01 9.267232038857144139e-02
6.897067406071304418e-01 6.473710055027642740e-01 6.369181878268335151e-01 8.265839334086702017e-01 7.184897429993861717e-01 9.397433281746625511e-01 8.496021993646526438e-01 7.929171798997459719e-01 7.597889647705017291e-01 6.631000048044607409e-01 5.888955008031178107e-01 8.690058831493959746e-01 8.751228096069222362e-01 8.475684413700008690e-01 5.748487693678515642e-01
1.836879035876725630e-01 3.062695140882934486e-01 2.258014631514966009e-01 7.894555852160967113e-02 2.380078015830952298e-01 2.947707850481193770e-01 6.461549399769558888e-02 1.465662575567627246e-01 1.368617462766765214e-01 2.344875005008770219e-01 1.331192332987166937e-01 1.542640798188817386e-01 3.500184037447651719e-01 1.828747478442502294e-01 7.852131685095470326e-02
3.032377991165622899e-01 3.293626753368369409e-01 3.521434745688408752e-01 1.475519075275259218e-01 3.286767171031131363e-01 1.476232641563277881e-01 1.413730060488252449e-01 1.691821727357618044e-01 2.364992745890279469e-01 3.675922338387618282e-01 4.193785397286561856e-01 1.237758210266385328e-01 1.294421471943517088e-01 1.204624920761846602e-01 4.013840022144182784e-01
2.551474759745422927e-01 4.343388926673406036e-01 3.010566799745625355e-01 1.537573766150005516e-01 3.004604598633475732e-01 3.648515611263847269e-01 2.281284577954988124e-01 3.023308388268675095e-01 3.220922128448857058e-01 4.014147875737177906e-01 4.694548305629256402e-01 2.698665753311564885e-01 4.362418740428963271e-01 2.353880665600658895e-01 3.624933420064259115e-01
5.942455370910920687e-01 4.093774702147225386e-01 4.301414210056423992e-01 4.785774290677031750e-01 3.976288597607608444e-01 6.479455470160995212e-01 4.841346579129529593e-01 5.132184628895171130e-01 5.805684205626798766e-01 4.517535019631004345e-01 3.211407837252893138e-01 5.275529716595400709e-01 6.589117109841450270e-01 3.386684010675306555e-01 2.915267015990661847e-01
3.397204660803331833e-01 6.193556056603245485e-01 5.847464891101045170e-01 4.244919557076238803e-01 6.048386994880654566e-01 3.627661540781302874e-01 5.454979982490225643e-01 5.202005195113800218e-01 4.226354138282641948e-01 5.764664999541865287e-01 6.500350443899001185e-01 4.523592305220858756e-01 3.555466170503862045e-01 6.435981406274707828e-01 7.343751635518496190e-01
5.130372571611069299e-01 8.930157085509485837e-01 7.979695926559304819e-01 5.440376911007671623e-01 7.655099007869933248e-01 6.593446574868245813e-01 5.988708730104669309e-01 6.479046209453070970e-01 5.421875084804952394e-01 8.096808812055180660e-01 7.934821064955063230e-01 6.234723637465676704e-01 6.833742252588074217e-01 7.875166274662180887e-01 8.422916771520033707e-01
4.298088645400332530e-01 7.814216949372809751e-01 6.847258435673345689e-01 4.962466276832918077e-01 7.009660328717115529e-01 6.084160414544327322e-01 6.081818419555942157e-01 6.185712396206224373e-01 5.516231011662615646e-01 7.085634520323239594e-01 7.314580654183896469e-01 6.477629892059708627e-01 6.662725453359010785e-01 7.162139618753522452e-01 7.594918393611713725e-01
8.955404137805089704e-01 9.056383392112755670e-01 8.717667182958673822e-01 1.003381789605346075e+00 9.211899318306738804e-01 9.530159163558354907e-01 9.768213030982978440e-01 9.620812878668394408e-01 9.517214668815442424e-01 9.189723128579766476e-01 9.528893487058694989e-01 9.834609748001401641e-01 1.016276237344214239e+00 1.035221742206992035e+00 8.975761441890914849e-01
1.826088150532771681e-01 3.299983926815709956e-01 2.053339636305884786e-01 5.351645830347785682e-02 1.935341010574821163e-01 2.610788522347379792e-01 9.172331915101632205e-02 1.301870271737693985e-01 1.637655468620859422e-01 2.411420863703094275e-01 1.607794288725016840e-01 1.828335025924813229e-01 3.155378576004451707e-01 1.848625457240664627e-01 1.313331249965258296e-01
8.253374623053887360e-01 6.400099966163176335e-01 6.640991398010070990e-01 6.719784399638119021e-01 6.174304438312405718e-01 7.433218039243902897e-01 5.595730314287882257e-01 6.480534886271548389e-01 7.944368821708245321e-01 7.202697394603813086e-01 7.446777528698975690e-01 7.154455697533431691e-01 7.584276155975657741e-01 4.966424768130316414e-01 5.886606138885013273e-01
5.118929110591260434e-01 9.124216486686052008e-01 7.912707833134187130e-01 5.072136973173072549e-01 8.316081391701430903e-01 6.476937511357345745e-01 6.339906970816635567e-01 6.937626206076261681e-01 5.468412102489346172e-01 7.723486640910999235e-01 8.251761299144759754e-01 6.607140311544719147e-01 6.837807895966351301e-01 8.147254003892301366e-01 8.348593708626207421e-01
1.160940688134311227e-01 3.242375942957864687e-01 2.557257493385247660e-01 8.139090242232668859e-02 2.096091812030540791e-01 2.687754571000271486e-01 1.386095939875068850e-01 1.514759596283990206e-01 1.617697758913765327e-01 2.155727461811060841e-01 1.701319524838399155e-01 1.864548553831739397e-01 3.454677822591050163e-01 1.670034452651801560e-01 9.030822017164970295e-02
2.763044285334252392e-01 3.645817311709123043e-01 3.882766143044406038e-01 1.704424118936500587e-01 2.831311849300534034e-01 1.338061032996867572e-01 1.388601096855044126e-01 2.174348643847477114e-01 2.711957390911707844e-01 3.714421370139938117e-01 4.372686851074737424e-01 1.271999283163447181e-01 1.354184213645839296e-01 1.669252910465762740e-01 3.766891014269563298e-01
1.723292611576122679e-01 3.131482776937437040e-01 2.366990320392119984e-01 5.801128244182696125e-02 1.571509165590274093e-01 2.765929266417319066e-01 8.274572915320872746e-02 1.547352287791808056e-01 1.249326398556433459e-01 2.101160547105123955e-01 1.488254073571743386e-01 1.845995898912403399e-01 3.362813185940078387e-01 1.532038612662975363e-01 8.607896926599338527e-02
7.884981174399957604e-01 4.365533311680637740e-01 5.283212547581737084e-01 5.790486386956302800e-01 4.966791551796211901e-01 4.689413400857592173e-01 5.046953048751435800e-01 5.382409644727440545e-01 6.668607704388531676e-01 5.260949782028795374e-01 6.404543763065674300e-01 4.942686715940474707e-01 4.483585541111285155e-01 4.197135071603061429e-01 5.641285614058161313e-01
8.499639246205942245e-02 2.333371149019748958e-01 1.006257143079591632e-01 5.207611632000737345e-02 8.886377253038717228e-02 2.847776972071183188e-01 6.719753333365324766e-02 1.294442167335826399e-01 1.349724671531487563e-01 1.397846304795949401e-01 8.941350146542574595e-02 1.800071285826854717e-01 3.109673681342919882e-01 1.318515436031119092e-01 1.352492963972895187e-02
7.933202817300654131e-01 6.992534065971114376e-01 7.928024482647042515e-01 9.424492355385162279e-01 8.399210199043698477e-01 7.272034895598292747e-01 9.076604934878623743e-01 8.345326824914225394e-01 8.431202907828891924e-01 7.778096649543430052e-01 8.411548457969008075e-01 8.373238918067108516e-01 6.934353769574104209e-01 8.542908929997179435e-01 9.331041729778161153e-01
1.923335471939905117e-01 2.528409951540252498e-01 2.249068908387057419e-01 1.161813274208096242e-01 2.181325312444563069e-01 1.145528135382734014e-01 1.437027015332873747e-01 1.625331658261610634e-01 2.284331210208051799e-01 2.465588374971549313e-01 3.419697522318920768e-01 1.340437056773675639e-01 1.331702195204618189e-01 1.476761082048113349e-01 3.367990490613455568e-01
8.110900420910590602e-01 7.670690849331844863e-01 8.082799810106059413e-01 8.866924557861020073e-01 7.784534751080847137e-01 9.150935022153282583e-01 9.204909953240372200e-01 8.459396138088943751e-01 8.111394399184078674e-01 7.054111746872923083e-01 6.372095446496365279e-01 8.722540348073499761e-01 8.585441311680692689e-01 8.559002541506564032e-01 6.803076712001169257e-01
5.190319927139592782e-01 9.184089648806206263e-01 8.322345614922728174e-01 5.257035393323815642e-01 7.911721267939698654e-01 6.607925710512725370e-01 6.435637510493326108e-01 6.705416877937544484e-01 5.594213207413092359e-01 8.105181617214662904e-01 7.823540246303192225e-01 6.577223200757863486e-01 6.610310350374402066e-01 7.877451510687278891e-01 8.128704480257736842e-01
7.206926747494180052e-01 3.287425421569779016e-01 3.887684729484064405e-01 6.170946857875365676e-01 4.206084329012336753e-01 4.867328322476723312e-01 4.992978310506715478e-01 4.913998799021649377e-01 7.014343077895450751e-01 4.653662961726499070e-01 5.446709612807414391e-01 4.901816511011383160e-01 4.481951755534661630e-01 3.495815061647479793e-01 4.741106432917852609e-01
1.691432954561675195e-01 3.458893314651833584e-01 3.561601016038304368e-01 3.382275876079129939e-01 3.730555912813681152e-01 2.636088231291797701e-01 4.407319802731571312e-01 3.163551288756331070e-01 1.865824738766307389e-01 3.081683600227774211e-01 2.967129774116509244e-01 3.677804382749030876e-01 2.589886667051433111e-01 4.494231640751189527e-01 3.982723063545646758e-01
3.267567139994931313e-01 6.254973164829142895e-01 5.949328374478021209e-01 3.697030706040645986e-01 5.649388598767923764e-01 5.641870163476571109e-01 4.946403724666687540e-01 5.016203381450037302e-01 3.400227584493906163e-01 5.586907356911763323e-01 4.498393160145080505e-01 5.385419364875547732e-01 5.457047966126483685e-01 6.359899726349887983e-01 4.805684964691617211e-01
1.701283302334856140e-01 3.267524896903576948e-01 3.677976510760544993e-01 3.605597240084746358e-01 4.179945625553360133e-01 2.484683939726949065e-01 4.664144060411126169e-01 3.687021318132928660e-01 1.704525676723573080e-01 3.207935096462397051e-01 3.139265302624758003e-01 3.664593768722280709e-01 2.559851314446976445e-01 5.250180208456434183e-01 4.057947591038058022e-01
3.090917990187389552e-01 3.991145934083426550e-01 3.591078203042148420e-01 1.561258676949060231e-01 3.126587169374353548e-01 1.117358203366121683e-01 1.696814085663005123e-01 1.908362570311590012e-01 2.537423598447686723e-01 3.563521337568330005e-01 4.026787718311787279e-01 1.203786828875072351e-01 1.029893589833094925e-01 1.605317821630721786e-01 3.905397245355378133e-01
4.390983724981918912e-01 7.852176413703013669e-01 6.603932802977976468e-01 5.000817124081906595e-01 7.252985197108391402e-01 6.368814628936486644e-01 6.094696671966036705e-01 6.324110908540191422e-01 5.451471090634937289e-01 7.265910911787525350e-01 7.312139251057454548e-01 6.575290776959076267e-01 6.665741323010030417e-01 7.592345501902940663e-01 7.644972859508233354e-01
9.451597714853731125e-01 7.367569881426274669e-01 9.197997983389966103e-01 9.565359745519281809e-01 8.890096937145156586e-01 7.235871451567588153e-01 9.384433764228649055e-01 8.642363331317496344e-01 8.437135639705402035e-01 8.775664019101995228e-01 8.620657880290807373e-01 8.311071834810177528e-01 6.803546865923107978e-01 8.220620920923090713e-01 9.851017523260963138e-01
4.482524137606788694e-01 8.222719724423759313e-01 7.095586786981136207e-01 4.973363008050731282e-01 7.359921620198374148e-01 6.405502800419359266e-01 5.963399071257882156e-01 6.260922235289059223e-01 5.272651703181842064e-01 7.370933896271849584e-01 7.643314906305493928e-01 6.378032059504058493e-01 6.711116902113398730e-01 7.959957332584148837e-01 7.521461718952507924e-01
7.302322184695754226e-01 5.320118522577768072e-01 4.766317776861661026e-01 6.355012326996101191e-01 5.264674038380474652e-01 7.231147010048992740e-01 5.549075658534891042e-01 5.778749618245451192e-01 7.499385614686867596e-01 5.871545097013923797e-01 6.812612260180150869e-01 6.507549667343532906e-01 7.440017998455898951e-01 5.316031826494617141e-01 5.055060656303927979e-01
2.586824352213268341e-01 3.335877845493738225e-01 3.750172591005310752e-01 1.052974728072629818e-01 3.482617752634722397e-01 1.048324526327466533e-01 1.122500241968355517e-01 2.121810184842853886e-01 2.543646688067141559e-01 3.885731370668877305e-01 3.697907939403126121e-01 1.445159326822562096e-01 1.487685496418028608e-01 1.774449863733053578e-01 3.870201457555186852e-01
1.936717271720199141e-01 2.212838446864346387e-01 2.141859361110033944e-01 1.710159230405015329e-01 2.220542564806369523e-01 1.286141070173082435e-01 1.001805747957444648e-01 1.872688644419953086e-01 2.463579347656516261e-01 3.421401592892843735e-01 3.278419843953655488e-01 1.176489408175292878e-01 1.138016212940558408e-01 1.107627011153592689e-01 2.962277422670870908e-01
4.388976192802727105e-01 7.788666099512099317e-01 7.110991629448123463e-01 5.157962867267501528e-01 7.039352938444634056e-01 6.467693709751083375e-01 5.987895671451433088e-01 6.120745673114940111e-01 5.353483860567751496e-01 6.990352967973897380e-01 7.355296116124135919e-01 6.279584632877345252e-01 6.939601835658886220e-01 7.460894135929586612e-01 7.695049169592729221e-01
4.371401919494450894e-01 8.137478879909593177e-01 6.845787881921292506e-01 5.614173652131130288e-01 7.547135439302843363e-01 6.239506182291701952e-01 5.788397285686488480e-01 6.679251389708376063e-01 5.177062149470252894e-01 7.078657891414940062e-01 7.274352499947399631e-01 6.453401472132175298e-01 6.640149534787233021e-01 7.687085289744404193e-01 7.754151680326661911e-01
2.813967682462629738e-01 3.148303180022903880e-01 3.348402724498934502e-01 1.490088945697689293e-01 3.152735043816285998e-01 8.484888654035957489e-02 1.345853755326168188e-01 1.880590120368184071e-01 2.724554489321935891e-01 3.667442985379215092e-01 4.197370417016821342e-01 1.394881727928267701e-01 1.284264678490328881e-01 1.786495851803059920e-01 3.964661029976763729e-01
8.191789195950991420e-01 7.916779041825974250e-01 8.180384773618544214e-01 8.971439217050933834e-01 7.695352175072740497e-01 8.969981889663743990e-01 8.760236085844410603e-01 8.247461282945142136e-01 7.651994120464108429e-01 7.423406444421294381e-01 6.580262127375013925e-01 8.914666164848633612e-01 8.906138261879141815e-01 8.418345328042052822e-01 6.855811711101384986e-01
5.271439126782129225e-01 8.976486200800124493e-01 8.047374989305995374e-01 5.368552336007321735e-01 8.118957009665166424e-01 6.324974924400778020e-01 6.550158031979680384e-01 6.930351057264119152e-01 5.662709104473946375e-01 8.138613215016624602e-01 7.347168840425427616e-01 6.787721640373756138e-01 6.822536468889935923e-01 7.874198701704760994e-01 8.216477423602402963e-01
1.884186245591388253e-01 3.349872549695788737e-01 3.741789490500090909e-01 3.646549270426214240e-01 3.852073153211419965e-01 2.955752020839010896e-01 4.243274680085730721e-01 3.559212761475680775e-01 2.048932300821316721e-01 3.074534457486862160e-01 2.847735378067582368e-01 3.518306693436494825e-01 2.427588816169077013e-01 5.010897027228424783e-01 3.703171996051323744e-01
6.546726528406785484e-01 3.295169216671895440e-01 4.002446005559526787e-01 5.975659348610347088e-01 4.104076633973299804e-01 4.423299006269856837e-01 4.736154129116983968e-01 4.976588371034185720e-01 6.389494025654548492e-01 4.646890617409699664e-01 5.466097062790643557e-01 4.722704405993237708e-01 4.496809929160368591e-01 3.615304931125449261e-01 4.907063145858750475e-01
-9.612337267779094349e-03 1.248919598521497885e-02 2.092959531093313910e-02 2.185887340211037713e-02 6.587124372192906460e-03 -2.407030667570652857e-02 5.128938159068647563e-03 9.307800998738050349e-03 -1.228290924818030427e-02 -2.298940212614472567e-02 -4.743732945369830145e-02 -9.274878962019528564e-03 1.999108975546543335e-02 6.035064214145347862e-03 -4.261572280129365814e-03
3.342233295092487677e-01 5.515376432639639281e-01 3.989299986255087638e-01 1.389284337760220978e-01 4.391427529884351366e-01 3.911842448414260542e-01 2.193645836645482516e-01 3.115894723102932140e-01 3.630754302586574056e-01 4.780002963952215689e-01 5.059505577122178632e-01 3.161066733340150980e-01 4.159090704140772088e-01 2.810542728203374585e-01 4.219712762706425146e-01
5.522852230038624022e-01 8.684080411352262940e-01 7.943528155720152029e-01 5.078111467335522100e-01 7.958485342187430200e-01 5.929693032513583262e-01 5.936128020993738375e-01 6.476791148635637763e-01 5.539236533348478320e-01 8.259761855847673750e-01 7.694961247995392162e-01 6.390975289900129308e-01 6.769292022543909049e-01 7.671076327387553739e-01 7.941822604302455346e-01
3.555363440007599518e-01 6.157323675123970164e-01 5.564931418724378132e-01 4.805935299982656006e-01 6.105119937303389310e-01 3.651415325097050468e-01 5.715105999637244416e-01 5.243302024715481569e-01 4.140025209661119532e-01 5.607287524183680594e-01 6.175164740426322130e-01 5.016371166013632310e-01 3.717831050626669853e-01 6.612388924347972763e-01 7.061049889159026760e-01
6.280498875592389618e-01 4.389239711571712443e-01 5.690648582319801640e-01 8.073525933992736769e-01 5.836112975594790475e-01 5.858192967285618113e-01 7.983167002685120917e-01 6.765283106765080934e-01 6.008658358144474132e-01 5.459779122769445880e-01 4.697228474231159856e-01 7.158478009610970139e-01 5.713926889090934491e-01 7.078907438910695404e-01 5.990224633560415901e-01
3.239884211790962643e-01 6.247322197075471095e-01 5.914765866182188914e-01 4.093533071658566058e-01 5.595932528784071103e-01 5.219668586958933210e-01 5.278845675679304517e-01 5.228707669138790148e-01 3.431479630829100680e-01 5.725859927537383376e-01 4.328497704513278865e-01 5.327113610282760980e-01 5.677605468089386154e-01 6.416434754216643332e-01 5.475986438851997429e-01
8.184947096739925154e-01 5.981251936587947959e-01 6.362192617026765085e-01 6.403057857513100304e-01 6.570383575643490293e-01 7.137594134957477854e-01 5.802260965886556487e-01 6.707896087753451031e-01 7.927672505878943232e-01 6.841560584364687614e-01 6.719250757247381411e-01 6.380057052946478402e-01 7.696999493067592235e-01 5.637212348816788010e-01 6.146300851392132447e-01
8.356064608725023435e-01 6.757034979962022181e-01 6.599290178460711642e-01 6.334429978865069311e-01 6.145566749181394783e-01 7.694571741373913421e-01 5.937432419515900062e-01 6.537214623960513338e-01 7.725853259764973169e-01 6.594882363593534969e-01 6.777453717491578322e-01 6.300506566351967708e-01 7.633971460705384349e-01 5.315151416969381426e-01 5.520868871828826796e-01
3.563225233391368874e-01 6.844502643941260400e-01 6.307883182427376223e-01 3.717231884076424575e-01 5.899211304426849045e-01 5.407398378035096487e-01 5.287506371814458817e-01 5.104111400818707178e-01 3.709816752526283734e-01 5.674858320753400909e-01 4.107481279272028329e-01 4.909791727353067237e-01 5.271888497900829584e-01 6.356880795983286259e-01 5.302621451694404797e-01
8.144537164816804120e-01 6.931438212738755267e-01 7.196671340278681939e-01 9.447019737812919482e-01 7.967980015447213571e-01 7.228949630578836993e-01 8.790842969542173035e-01 8.449718328028370529e-01 8.176163545707368918e-01 7.568963024563687414e-01 8.810557504401964612e-01 8.164331106821118844e-01 6.533613384638009558e-01 8.797890700645006890e-01 8.760958142822330430e-01
6.414673828578749681e-01 4.200662726509632461e-01 4.252184395799533667e-01 5.346734883025539009e-01 4.145842656352780042e-01 6.476675651601659922e-01 4.612653469603694156e-01 4.832648162495575828e-01 5.908611356027957395e-01 4.066295424215637389e-01 3.678526329695804842e-01 5.538938839501904576e-01 6.374272861029961490e-01 3.714995854261782249e-01 2.605971088250960133e-01
1.010673266972027529e+00 9.649066508063802727e-01 1.017091850967370092e+00 9.850086472911784297e-01 9.927553518046290382e-01 1.019269203551081304e+00 1.003246209394424993e+00 9.988089953725468595e-01 1.000825981066939097e+00 9.936781200527529112e-01 9.726016482623793813e-01 9.834931138368475656e-01 9.825873818321537723e-01 1.036906053554126128e+00 9.669733872146747400e-01
3.229648503641451285e-01 6.661952596307016972e-01 5.955400335074521045e-01 3.874918123217587773e-01 5.411180707019711544e-01 5.149654552730371648e-01 4.947565148819113023e-01 5.405731209527415704e-01 3.444823678643092468e-01 5.851385498132999352e-01 4.596857544772493531e-01 5.367403947349294047e-01 5.363843559392605931e-01 6.209811173084662794e-01 4.845927014878571026e-01
9.514517664106718620e-01 7.718805821810206247e-01 8.980458390884115127e-01 9.408585577438761671e-01 9.188754479117102747e-01 7.511268427370793033e-01 9.243395572735736421e-01 8.697141470480003189e-01 8.751849627401003806e-01 8.541885833105512527e-01 9.110897875595780349e-01 8.624872786713324579e-01 6.626976605920780194e-01 8.470713497747400789e-01 9.784762842112331160e-01
3.096398689690637585e-01 6.415301369654984320e-01 5.834712652107304498e-01 3.701339603871624528e-01 5.704094806315034294e-01 4.687475457589138639e-01 5.004830961241018006e-01 5.046554412918483612e-01 3.517109972886525715e-01 5.517118774653970714e-01 4.032738755767027450e-01 5.416810125960000999e-01 5.718302952751680435e-01 6.387285813988046179e-01 5.277006275151027159e-01
4.996003451988090260e-01 6.976861023844366239e-01 6.843348717795552094e-01 4.674650451385198302e-01 7.073348198551689947e-01 3.264468451885222389e-01 5.720732275170692382e-01 5.376441170016728055e-01 4.226693776492901344e-01 6.838107836179070365e-01 6.503600444393953239e-01 4.780998942988059497e-01 3.375254904707507553e-01 6.539189694644700346e-01 7.977369565466038148e-01
7.627003729591020909e-01 7.573629163813775378e-01 8.204371214666807965e-01 8.861071116945984372e-01 8.066293455521308386e-01 8.541417900323627910e-01 8.872579104279258999e-01 8.483347231871616323e-01 7.965377077499861125e-01 7.462486202260880663e-01 6.440414391442961239e-01 9.009599630421589733e-01 8.607685529282799175e-01 8.630228882285421177e-01 7.033749765327037551e-01
5.701697955011789665e-01 2.208433591657601724e-01 2.999927873887769936e-01 4.948183162143997560e-01 2.850358198748305094e-01 3.335722138779713131e-01 3.596787054573487574e-01 3.446552949253628428e-01 4.875707605849653459e-01 2.773125227385994096e-01 2.557105861665383006e-01 3.682884354349609812e-01 3.287692038840465680e-01 2.262619225862789185e-01 2.819704831867422823e-01
5.680278054022267487e-01 1.794397975631030207e-01 3.539567270709813585e-01 4.730587734295554903e-01 2.655677690461230589e-01 3.178238859919427228e-01 3.874777753146555481e-01 3.408781709014130357e-01 4.394980928488280147e-01 3.068327150784669888e-01 2.359604338420791814e-01 3.858227701038417501e-01 3.242063200116147015e-01 2.476696679178501115e-01 2.550184954299082318e-01
5.395563183440660326e-01 9.129592927852749895e-01 7.825591635950591707e-01 5.451431128912247459e-01 7.388118579688961463e-01 6.598540128084302570e-01 6.299732696031797863e-01 7.063040613427433723e-01 5.739770813824214279e-01 7.813231307386616642e-01 7.581001596592864544e-01 6.753317720839192573e-01 7.034267183333349216e-01 7.521385459286078490e-01 8.495560958101826543e-01
5.742610900513422933e-01 3.443347673608326276e-01 2.584510902581074188e-01 5.003592205269987714e-01 3.055162065077878242e-01 6.214802453619465705e-01 4.239664849570827232e-01 4.566301352111815093e-01 5.837386990839648071e-01 3.011956199922072308e-01 2.762391172673820949e-01 5.203341183526098979e-01 6.223589392734962811e-01 3.312299628319748668e-01 2.062874333394280613e-01
8.106205548017160201e-01 7.735045600323025017e-01 7.587872141011243743e-01 8.748361182108861378e-01 7.854971764357219222e-01 9.138262126819126641e-01 8.862879561647497573e-01 8.301297166503910363e-01 7.778403879501217810e-01 7.117390446825690997e-01 6.428053010825950375e-01 8.686958441504265549e-01 8.362499238137369728e-01 8.435116241790578950e-01 6.702319567032447578e-01
2.543722720821401384e-01 3.554964947258730801e-01 3.215525527429595742e-01 9.934808934901590005e-02 3.065312763569204568e-01 8.350397928549271875e-02 1.497799908140138581e-01 2.043615008620732199e-01 2.698404683947795424e-01 3.514178615535245020e-01 3.870073389094320637e-01 1.327807963571595862e-01 1.399570253181066370e-01 1.607625131210641822e-01 3.709160101198376580e-01
1.729891613674223727e-01 3.295106562908105552e-01 3.381187403195700103e-01 3.791529615721300206e-01 3.830534879653192948e-01 2.522113112314823269e-01 3.716695112360300368e-01 3.515852483612209034e-01 1.848460668791784833e-01 3.151594421329876883e-01 2.524973697647683313e-01 3.113815145530157702e-01 2.575515890780666894e-01 4.757973390697234350e-01 4.021788582493660003e-01
3.107399769871944106e-01 4.666383567865012294e-01 5.106503168027312078e-01 4.150341472096052975e-01 4.747584281950913976e-01 2.162341263521844192e-01 4.198323525046487315e-01 4.006431845712495332e-01 2.355384818689492676e-01 3.942496357078472680e-01 3.795651497024645771e-01 3.543769829809034211e-01 2.353094433446752121e-01 5.165506009531327658e-01 4.817559712128979821e-01
6.754590394018928912e-01 4.208618430964382595e-01 5.422904743952550177e-01 8.137510059376192872e-01 5.604134423729990599e-01 6.054633269629846604e-01 7.791008598437931809e-01 6.346226184667462800e-01 6.283225264179210789e-01 5.242382789549162592e-01 5.096022238131884263e-01 7.085710831466154325e-01 5.813659479356783066e-01 7.102159760668469435e-01 6.246175448746487113e-01
3.333712350531173318e-02 2.337701156116076262e-01 1.162786113679799005e-01 3.085906303098921027e-02 8.622929674129584110e-02 2.811228435229015665e-01 8.378809480918887609e-02 1.386319900815518591e-01 1.518704894230721580e-01 1.242522537777317609e-01 9.413647518193454800e-02 1.984707935732941408e-01 3.620512696801653219e-01 1.232761008284996018e-01 7.197679847093747807e-03
4.358292366076404467e-01 6.808585184074645857e-01 7.221866057293624408e-01 5.248989868781370749e-01 6.769450410637850579e-01 3.643756010869082518e-01 5.688345847165962033e-01 5.653178931676701158e-01 4.762493764037892818e-01 6.796083407771053020e-01 6.802796373599204749e-01 4.882709081251274674e-01 3.951972600672959968e-01 6.671080081748824719e-01 7.766818822915593223e-01
4.292167892445464261e-01 8.262421961654765612e-01 6.800325294188320768e-01 4.687644238788880591e-01 7.181519569244069201e-01 6.348725135468495928e-01 6.107650611186362655e-01 6.693322087007300691e-01 5.613978052993158219e-01 7.247326352413947514e-01 7.230728619365789367e-01 6.230251068312616658e-01 6.944257033908218801e-01 7.491444791160124517e-01 7.211868337682657559e-01
7.780265071946581568e-01 4.535901317418395973e-01 5.388811999347080661e-01 6.229275248581722657e-01 4.562650411104519632e-01 4.706913319768498694e-01 4.912196314173015166e-01 5.256416446898271033e-01 6.726782837385451019e-01 5.433715110637098444e-01 6.072555787512861070e-01 5.200597950759873189e-01 4.357329132260139848e-01 3.665197501406314284e-01 5.883754594513171954e-01
3.775424941240358712e-02 2.007685558162886352e-01 8.308411792945144536e-02 5.649752985567382813e-02 1.091888583795799228e-01 2.943549249033458604e-01 7.416396591954285689e-02 1.423946548631480069e-01 1.254916721066986762e-01 1.342048539541968177e-01 1.188287291504539767e-01 1.472551019966995556e-01 3.210031482999471941e-01 1.261144752032244409e-01 2.164336689467301345e-02
9.575929415646553533e-01 9.773283185496093317e-01 1.005601844502081788e+00 1.000672032485932395e+00 9.989354061565601794e-01 1.011270296062762641e+00 1.013790705666534064e+00 9.907083937018043018e-01 1.008620996265190639e+00 1.034990935620802022e+00 9.942691742673006594e-01 9.913545428419126004e-01 1.003394962978013449e+00 9.844352844219060872e-01 1.014496959418480060e+00
5.065715929499211567e-01 1.309024770766373524e-01 2.087302710444150777e-01 4.814708617866456097e-01 1.918047800365213496e-01 3.474408962839478088e-01 4.023916436218077375e-01 3.646504258779245111e-01 4.271197967670869455e-01 2.122088932733450506e-01 2.015950764426857611e-01 3.259005084852109602e-01 3.355243650077768813e-01 2.095842566832556708e-01 2.050302699270430129e-01
8.710192487121966032e-01 6.733994449932477755e-01 7.471017318267660912e-01 9.690479179026209033e-01 8.279701113186661576e-01 7.095249974287582972e-01 8.778618084234913743e-01 8.068726677948512283e-01 8.553021147184349804e-01 7.551834021621919302e-01 8.122454426023625329e-01 8.143952696102165767e-01 6.642871731586557082e-01 8.576825267649546003e-01 9.058944803613239172e-01
5.718963129753977803e-01 3.432792030909047609e-01 2.911671505501852164e-01 4.849554151846082184e-01 2.726707538014593313e-01 6.358297177208572792e-01 4.632910164709269085e-01 4.474680373087405738e-01 5.860539749870458115e-01 3.080816715309465659e-01 2.977433261419925037e-01 5.448003236846651332e-01 6.357078123350917709e-01 3.475886662792713744e-01 1.894398717827122658e-01
1.982610957612494784e-01 3.172253926538162738e-01 3.588550789192468948e-01 3.643100291237045818e-01 3.580871224397055297e-01 2.633445783177122967e-01 4.285266253446781692e-01 3.892846081886703891e-01 2.238259925135437367e-01 2.957194364767392059e-01 3.116307180083673356e-01 3.193695656582456466e-01 2.030855616444855738e-01 5.173942926219698979e-01 4.161527065610796661e-01
8.247441696620845253e-01 6.628054128247288235e-01 6.570897963651946005e-01 6.805956154449130935e-01 6.046728957537953475e-01 7.700767607644345425e-01 5.477116915563083888e-01 6.225089206383703777e-01 8.557930616098100574e-01 6.681233623472472294e-01 7.192645429828142811e-01 6.547481516299258342e-01 7.645257070068752769e-01 5.326950361336090234e-01 5.910360026534685618e-01
7.823174818104267070e-01 3.911421854794969732e-01 5.592709125125686631e-01 6.297448216329891713e-01 5.298903885999566299e-01 4.727667379105119916e-01 5.003768427654478046e-01 5.117614642469088260e-01 6.922443878405831752e-01 5.827334563902647480e-01 6.349119671575209622e-01 5.142862503379442840e-01 4.641639205365815091e-01 3.756762927022375687e-01 5.378704720817729656e-01
1.368668488293662590e-02 2.160692571361188738e-02 1.059444451491954944e-02 -1.366490695364716741e-02 3.468757541574730985e-02 4.447470636053184323e-03 1.224866841562025077e-02 9.127614073526520849e-03 3.266665027825818232e-03 -8.904225738702654588e-03 1.233872466840430643e-02 -1.991498754379225633e-02 2.801001286552232128e-02 1.544432568361136897e-02 1.133226658480976194e-02
5.620060034790699266e-01 2.215424296762821821e-01 3.372391300801718672e-01 5.281305302852952188e-01 2.602279810056655762e-01 3.981932186120858419e-01 3.923584897727693255e-01 3.494604565070333346e-01 4.702266480399752147e-01 2.618845655611471424e-01 2.687773956514384888e-01 3.505316225727327928e-01 3.369629847168646442e-01 2.592339627489632092e-01 2.273272709978208794e-01
7.180880440348833549e-01 6.917677923034047938e-01 6.620353781266221649e-01 8.750802816228397951e-01 7.005393681617531065e-01 9.189295927052695268e-01 8.282658034157341920e-01 7.946018338346487742e-01 7.836635704616198295e-01 6.541312303114162896e-01 5.647623981384181091e-01 8.555043094705061524e-01 8.473558262028142440e-01 8.484436152138561393e-01 6.467219570408797580e-01
6.630051449693928900e-01 4.248839476462849540e-01 5.466112990761813339e-01 8.401105895224317832e-01 5.589671828901949802e-01 6.168085851142355303e-01 7.789740694690704403e-01 6.798006333055882644e-01 6.178972146183344671e-01 5.247232389219234072e-01 4.400483362131387688e-01 6.955758564017583412e-01 5.583332531775219154e-01 7.089185499879379071e-01 6.233892516092077729e-01
1.557523118349517233e-01 3.504749324643166575e-01 3.750484281274834020e-01 3.339718094437024165e-01 3.914909464355627033e-01 2.549055795592966578e-01 4.046219095928189624e-01 3.546179919176714046e-01 1.692533791536978138e-01 3.077640593272935043e-01 3.033383079550466821e-01 3.298589555483497082e-01 2.131850553614811072e-01 4.831153415690037645e-01 3.929887946324565617e-01
6.886488160598583930e-01 5.724529176877862779e-01 4.971337059036544659e-01 6.208483261207441428e-01 5.483131263692071489e-01 7.436575170333201701e-01 5.418789650328262875e-01 6.355617255974360669e-01 7.734332992453520905e-01 5.923046082244035615e-01 6.440763127568575053e-01 6.455694656266937059e-01 7.594759734882129409e-01 4.791129645332057319e-01 5.294949787891350956e-01
1.770225527686296874e-01 3.631565446785087747e-01 3.700977250887581560e-01 3.467257884846998151e-01 4.153207980506656294e-01 2.382642536208650907e-01 4.186858122795982240e-01 3.431443032583963992e-01 1.823353501146392497e-01 3.055857866369309228e-01 2.981252636239390408e-01 3.211994646411440169e-01 2.316251497119533875e-01 4.881284861234984063e-01 3.846045718654074186e-01
3.526328732347019379e-01 5.898091206599482827e-01 4.453462594303528310e-01 1.942812868143055649e-01 4.427230356705074144e-01 3.852089082208751680e-01 1.818360055253410990e-01 3.380843921482216685e-01 3.925969513105797559e-01 4.836804573623512682e-01 4.983471578420730630e-01 3.033285472291911145e-01 4.753590190861101128e-01 2.763426543735270080e-01 4.074419781184815958e-01
6.457441175931446509e-01 4.012140516557401448e-01 4.229024611852394422e-01 5.177305587693351585e-01 3.521345480151056861e-01 6.599702479218418905e-01 4.620164005234456139e-01 4.721871007669796172e-01 5.838218706157085602e-01 4.503250427503819875e-01 3.567025462944302672e-01 5.169529759646791511e-01 6.409092433246905696e-01 3.656102177890601101e-01 2.660725593980796666e-01
4.639812484019743000e-01 6.906631140189821716e-01 7.031632198711037507e-01 4.890976167892015503e-01 6.806494447541903137e-01 3.517100599370284741e-01 5.630440602981597875e-01 5.529241220800948931e-01 4.538524106109875222e-01 6.816832248837898511e-01 7.123576138481698683e-01 4.753093267250996234e-01 3.324720628069764428e-01 6.779078607468191908e-01 7.836250383311459400e-01
3.634608598060970475e-01 6.540484409846095692e-01 5.802133299968554869e-01 4.031752428324403281e-01 6.111147551796615174e-01 5.041711528629516659e-01 4.899328087251522135e-01 5.207591890536078516e-01 3.739921266007852352e-01 5.279939886047829711e-01 4.571918457440879435e-01 4.869976030126183519e-01 5.508866691572802399e-01 6.137172416733978064e-01 5.180020313748331384e-01
1.636544808108486293e-01 3.675249849664407598e-01 3.827760171461237482e-01 3.379274514759665893e-01 3.921836255501358059e-01 2.197952043461458838e-01 4.075114763083138025e-01 3.682745173576436604e-01 2.020587650535630997e-01 2.915830800272515844e-01 2.665039549927360474e-01 3.268793034337678649e-01 1.935705120472762386e-01 4.987505548928382049e-01 4.274820580331767372e-01
6.539585290587696109e-01 4.160607791980351911e-01 5.447974039582540451e-01 8.268361215476908166e-01 6.152080636333038255e-01 6.150833066369950641e-01 7.966511404045687472e-01 6.721625838527727215e-01 6.013644223438729952e-01 4.924308232198453261e-01 4.735134569501687762e-01 6.889748746193560258e-01 5.729492363750467998e-01 7.169270533207102725e-01 5.919302385432873015e-01
9.768827132543826952e-01 7.619512061201522135e-01 8.618502954803203275e-01 9.524303524938506627e-01 8.992687298676199648e-01 7.033170485205216815e-01 9.036877465732695569e-01 9.011170115545272807e-01 8.970288915328448187e-01 8.579509007814332122e-01 8.951391394531498236e-01 8.132701052507760320e-01 7.083081338104423308e-01 8.814200062861085039e-01 9.652320555002972258e-01
7.109363799215290269e-01 5.712657109453658233e-01 4.926998030841708287e-01 6.071874067777617290e-01 5.129441336987670130e-01 7.652994795491101510e-01 5.885866870112613780e-01 5.876518691436043440e-01 7.744977312965521943e-01 5.874587052554708366e-01 6.734112467291556436e-01 5.980980396791342191e-01 7.412472512550885018e-01 5.300429402609957430e-01 5.284076250209044368e-01
7.464790790410914534e-01 5.853295744288724567e-01 4.569079184127755600e-01 6.089068356109665903e-01 5.334017517047152657e-01 7.487311057761856237e-01 5.833832185154536054e-01 5.961567377355996289e-01 7.805481304789553265e-01 5.728988370870162772e-01 6.327562148058464286e-01 6.418085709642347148e-01 7.540456852606400862e-01 5.141368570202813348e-01 5.707857080821782114e-01
1.655584337313094068e-01 2.320018272515622093e-01 2.467408905964545984e-01 1.408237195210627624e-01 2.199763811846118244e-01 1.384425784565479212e-01 1.485566526531532650e-01 1.487021835703428163e-01 1.630155113596294947e-01 2.683250268782634840e-01 2.996032342135100390e-01 1.198255645601184333e-01 1.303690596862594475e-01 1.108652112021849406e-01 3.157126812206564881e-01
2.124963098850475851e-01 5.106218396680057836e-01 3.100201022186558353e-01 1.996717394508405463e-01 3.448642650352612415e-01 3.864131161732822783e-01 2.027864584108967638e-01 3.118140190265251688e-01 3.280385927225640263e-01 3.695837407414029330e-01 4.564301255951823677e-01 2.986611509453352409e-01 4.569064081507657749e-01 2.485576879326420185e-01 3.372986365023779021e-01
1.854635091553623050e-01 2.563673455337030505e-01 2.069619317610655318e-01 1.536713743847952229e-01 2.224331534202599325e-01 9.842676644892724147e-02 1.297400596635938375e-01 1.617890234382481085e-01 2.175468214496885933e-01 2.428370181365120950e-01 3.304835004216997718e-01 1.181346096006951896e-01 1.246916399403802944e-01 1.959345470020870672e-01 2.830887919596662972e-01
2.006152336032505368e-01 2.956675367360383500e-01 2.258558199071312445e-01 1.084173158843510787e-01 2.030022066509863110e-01 3.034620773140744299e-01 8.187635871813081501e-02 1.639208021428942286e-01 1.561589640996823847e-01 2.519507210491000460e-01 1.663432919790318043e-01 1.734312792153394067e-01 3.301008858036268423e-01 1.514017015131736699e-01 8.878370820195863322e-02
6.602394031099594329e-01 4.472587181987830451e-01 4.473449836572779281e-01 5.220551077535442452e-01 3.613045023334226502e-01 6.341224048303839567e-01 4.735370785285455408e-01 4.555226428893749957e-01 5.951020117064175219e-01 4.040059684108609495e-01 3.334515937991784362e-01 5.504292127600374229e-01 6.773705094840041241e-01 3.609619825224062439e-01 2.825407698879897622e-01
5.053551749293130335e-01 1.350958815904673704e-01 2.124124336312832595e-01 4.587080696677436342e-01 1.742344829432567743e-01 3.691145497371442485e-01 3.913493081575852850e-01 3.114955351896470104e-01 4.473301482663088469e-01 1.791930702200387471e-01 1.988636467403575581e-01 3.298988738673889198e-01 2.829832046073697538e-01 2.229163788976092353e-01 2.056203660920101484e-01
8.126698021990517162e-01 6.188253326224559814e-01 6.384805497642997985e-01 6.643965339531522352e-01 5.715951735838001868e-01 7.775938183374893065e-01 5.772226027398784653e-01 6.507658107896777677e-01 8.011233934208230600e-01 6.794175498091777898e-01 7.426575335342207040e-01 6.617413805750094191e-01 7.741095186890132318e-01 5.315042860720946560e-01 5.632206278041538283e-01
2.812791425358533437e-01 4.161682855910284751e-01 5.167487652358494499e-01 3.466814578716473361e-01 4.786344934096550818e-01 2.462440128026660013e-01 4.537576918880815713e-01 3.949844028591483758e-01 1.959539235712976779e-01 3.935493799554720673e-01 3.527344594829384117e-01 4.087924103981460111e-01 2.542911259495050924e-01 5.318469872082325356e-01 4.895739985575093822e-01
