4.590569611530513905e-01 4.606197782648085437e-01 2.551509793857690833e-01 5.083998090898032007e-01 6.053547806543745358e-01 4.759540316986746733e-01 7.427889705942802845e-01 5.957429061943924076e-01 4.938627405411305515e-01 4.454009900751585982e-01 5.401601911029805247e-01 6.485658922927839409e-01 5.734537602250707744e-01 5.312980558739390791e-01 5.283520147454924265e-01 5.846663217987142502e-01 4.537483605648489071e-01 4.974323904244477568e-01 5.222699246291760966e-01 3.966790349008251781e-01
3.382362043841646154e-02 5.700871597419560066e-02 5.139801198574351498e-02 9.738636950232715250e-02 0.000000000000000000e+00 4.511798913918499410e-02 3.109972101970788147e-02 4.617459370283095721e-01 1.253098641655600032e-01 1.457103369252073233e-01 1.333942341041142315e-02 6.901494860010010113e-02 0.000000000000000000e+00 1.128724418674358354e-01 4.037088950152527278e-03 9.374708579476087600e-02 3.989752001103193807e-02 6.629432631357659589e-02 0.000000000000000000e+00 7.066769494716599806e-03
9.175553132600478001e-01 7.808103768922789456e-01 6.871068287388586437e-01 6.145258050783883874e-01 7.263231589497172180e-01 6.422778480152322444e-01 8.234030870417757830e-01 4.403754658827618851e-01 7.936921287881525400e-01 7.271697343590703966e-01 7.327008790482230083e-01 9.492522072424066648e-01 8.009436605434283596e-01 7.574696582233354514e-01 8.328919073946969842e-01 6.783964087439212642e-01 7.631161312857696055e-01 6.933696599813460315e-01 8.341860010802377712e-01 8.658306290094335278e-01
0.000000000000000000e+00 2.102369272210427298e-01 2.969300376094176075e-01 7.865459445315028941e-02 6.176337380438611663e-02 4.001118092384053360e-01 8.640150320200531975e-02 2.167904683683145040e-01 1.745692260404747287e-01 1.283667327055084961e-01 2.330714411803008201e-01 0.000000000000000000e+00 1.526765515083376989e-01 2.537467823354465635e-01 2.098018099411669557e-01 1.519704124018861069e-01 1.180113353382470365e-01 2.647298162280087297e-01 1.869671215183944246e-01 1.594661069277275300e-01
9.940588331110921105e-01 1.000000000000000000e+00 1.000000000000000000e+00 1.000000000000000000e+00 1.000000000000000000e+00 1.000000000000000000e+00 1.000000000000000000e+00 1.000000000000000000e+00 9.849058686805578500e-01 9.955640573629307433e-01 9.928283675369455885e-01 1.000000000000000000e+00 1.000000000000000000e+00 1.000000000000000000e+00 9.937094472778462695e-01 1.000000000000000000e+00 9.885430431065576062e-01 9.799437754707177595e-01 1.000000000000000000e+00 1.000000000000000000e+00
0.000000000000000000e+00 5.569772336025172188e-02 2.470638480336275616e-02 0.000000000000000000e+00 0.000000000000000000e+00 0.000000000000000000e+00 0.000000000000000000e+00 0.000000000000000000e+00 0.000000000000000000e+00 2.553597499812440552e-02 1.529721115869591211e-02 0.000000000000000000e+00 0.000000000000000000e+00 0.000000000000000000e+00 0.000000000000000000e+00 0.000000000000000000e+00 1.028255319084665949e-02 3.507411657801291771e-02 1.428097612252006432e-02 3.529810613862473419e-03
4.113816403928585164e-01 3.244623217948992000e-01 4.778000318696410398e-01 3.245907568223493911e-01 3.255125424717182359e-01 1.846298993516278797e-01 1.999943017966103187e-01 7.263632683574589022e-02 2.875802360482453413e-01 4.149928498198501292e-01 3.116385537596034205e-01 2.723877874344639016e-01 2.669868794910242871e-01 2.803176642894467663e-01 2.269892428230126658e-01 1.330991108057193451e-01 4.354470668117900733e-01 4.182932251709280402e-01 3.941233686245225187e-01 4.336603400702128686e-01
1.822624180097040247e-01 2.587142795210792268e-01 2.934801063067549731e-01 4.024835811390334306e-01 1.748085994270443255e-01 3.248588796648504973e-01 1.414592895322207833e-01 6.003651244215562066e-01 1.127408537337623445e-01 2.623448760188127338e-01 2.005593591651217700e-01 7.707224021962495730e-02 1.441116852785687408e-01 2.968893117351382172e-01 2.393635533249352798e-01 1.952083866454718264e-01 1.903027118826085551e-01 3.882813162042078048e-01 1.818673214754782941e-01 1.471561421841497963e-01
1.000000000000000000e+00 1.000000000000000000e+00 9.683698918068228689e-01 9.695227395494132594e-01 1.000000000000000000e+00 9.798306876486515549e-01 1.000000000000000000e+00 1.000000000000000000e+00 1.000000000000000000e+00 9.601948237748643145e-01 9.948884239511440741e-01 1.000000000000000000e+00 1.000000000000000000e+00 1.000000000000000000e+00 1.000000000000000000e+00 1.000000000000000000e+00 9.782171387860417733e-01 1.000000000000000000e+00 9.101815653720752852e-01 1.000000000000000000e+00
3.719196904791576830e-01 2.982941215542880831e-01 5.434723266677501385e-01 4.087117377149677155e-01 2.896642742243964452e-01 2.248009846740161022e-01 2.664038391441252429e-01 1.432982453072478846e-01 3.832938012948272632e-01 3.132531454358394862e-01 1.779343574403331463e-01 2.878631901496104262e-01 2.704632039727914994e-01 2.599445155772206473e-01 2.444714462758048878e-01 1.183295590475487713e-01 5.324996870372965541e-01 3.145985305117312003e-01 4.612360400829303431e-01 4.874085411426375969e-01
5.080621179343971505e-01 6.246566162989528603e-01 7.627739709056129414e-01 6.212311158660190902e-01 4.453013516369289659e-01 6.098826503485142991e-01 3.577049345042936923e-01 8.194809760239205598e-01 5.235161231467513332e-01 5.900891731800433915e-01 5.550717117174467363e-01 3.376126594576777107e-01 4.561274282733061569e-01 5.545908527026701673e-01 5.263390375443214309e-01 3.988812009785061008e-01 7.092277206096780917e-01 6.027247366601364842e-01 5.940440478650602651e-01 6.003460214286766572e-01
1.000000000000000000e+00 1.000000000000000000e+00 9.615462123720224241e-01 1.000000000000000000e+00 9.372183411792898156e-01 1.000000000000000000e+00 9.815545510339002133e-01 1.000000000000000000e+00 9.699266346839187092e-01 9.445274370359677540e-01 1.000000000000000000e+00 1.000000000000000000e+00 1.000000000000000000e+00 9.910604215560437913e-01 1.000000000000000000e+00 1.000000000000000000e+00 1.000000000000000000e+00 1.000000000000000000e+00 9.844993474243840526e-01 1.000000000000000000e+00
4.634236398831116932e-01 5.793899991856650278e-01 7.763756005589822484e-01 4.548672686608515314e-01 4.527465799621781528e-01 6.615890917552947892e-01 2.639702638442099625e-01 2.723929278833975287e-01 4.868244033371029733e-01 5.010995864208843686e-01 5.131231315279164429e-01 3.743199433144929200e-01 4.508662465419877030e-01 5.767126540189697614e-01 5.017463174908314283e-01 4.483612512808562989e-01 5.836294951114723295e-01 6.118477736271138445e-01 5.401199093548724184e-01 4.486491839875195176e-01
9.352673729899605437e-01 8.231100438662973806e-01 7.329400226784381633e-01 8.299892693316878178e-01 7.955677192338754811e-01 6.531740161416601520e-01 9.323815898179748096e-01 7.959631974252275866e-01 8.592147079270650023e-01 8.881416124763431563e-01 8.495209676207254867e-01 9.096876906795406947e-01 9.136465750241732353e-01 7.450912423820302832e-01 7.212961050846595779e-01 8.267843828349656921e-01 9.675801082008003151e-01 6.885358195497337519e-01 8.269626454025499340e-01 8.189557508573094280e-01
5.278515163513108899e-01 5.116136026593760544e-01 8.123884507845374747e-01 4.431693763241105199e-01 4.473215521548088991e-01 5.654535557371511700e-01 3.449557433272365525e-01 4.117321878152383485e-01 4.924434933264540959e-01 5.560551263288106005e-01 5.446226179467247297e-01 3.964461823861958334e-01 3.967760745968124114e-01 5.728262205723144707e-01 4.519323714957394489e-01 3.834345247396682144e-01 5.585885110388837393e-01 5.774526312269059325e-01 5.002897104413361884e-01 5.374782807939760820e-01
4.837469538655094770e-01 4.377299927345171815e-01 2.157632803200602578e-01 3.799830798762115491e-01 5.460456480087644282e-01 4.173133482712315101e-01 7.709959652229285698e-01 2.956441023009305225e-01 4.592276671948804512e-01 3.909131870684086629e-01 4.506606554709223778e-01 6.097616823173966916e-01 5.160273208667258693e-01 4.484581850472548203e-01 4.599793703343513229e-01 5.780641977728313563e-01 4.909197642597944444e-01 3.912492130423330661e-01 4.291823407701762516e-01 4.324972026814823400e-01
0.000000000000000000e+00 0.000000000000000000e+00 3.786733624263818876e-02 0.000000000000000000e+00 2.828780393343255026e-02 1.047366035424673464e-01 0.000000000000000000e+00 9.154782508899663926e-03 0.000000000000000000e+00 0.000000000000000000e+00 7.053390738668419147e-02 0.000000000000000000e+00 0.000000000000000000e+00 0.000000000000000000e+00 0.000000000000000000e+00 2.197127701709909731e-02 5.676368524537322297e-02 7.281718724459693148e-02 8.312108816140449663e-02 4.719304910482075704e-03
5.315614946865913071e-01 5.330327208003295958e-01 4.312697686817155707e-01 5.162763581292670878e-01 6.652363434129140440e-01 7.598727714768799268e-01 7.575398760717989566e-01 5.103574857827080091e-01 6.148901270295751287e-01 4.950998009571649927e-01 6.015674736728714445e-01 5.896900391109930473e-01 6.708269150428647354e-01 7.741047570920449594e-01 8.544375105893118327e-01 8.000473772292374663e-01 5.021137602419596391e-01 6.397700815825243525e-01 6.120421066148579170e-01 5.732788980134744250e-01
8.795360668143503702e-01 6.945923106033378147e-01 6.430126933884794393e-01 6.453090717141751753e-01 8.855414969688737425e-01 6.746846002105281181e-01 7.971966073875160763e-01 3.342762325281676272e-01 8.369013380714407369e-01 7.897893990741701176e-01 7.705892710025658010e-01 8.610343963814913737e-01 8.782901623342620478e-01 6.708757642100521279e-01 5.773882630733344623e-01 8.208823305005406024e-01 8.015088155552363425e-01 7.312742294463585591e-01 8.594270500737359875e-01 7.372169855588389664e-01
5.314703231216150181e-01 5.693615717204778548e-01 7.698744598671101169e-01 4.720312119629163639e-01 3.555136380948446528e-01 6.282162346709626588e-01 4.422429423845726237e-01 4.370810813508876347e-01 6.368681974535117529e-01 5.435226494668669028e-01 4.754582991398182412e-01 3.311629091931075908e-01 3.957049968975032139e-01 5.829239595944166741e-01 4.183264206159956755e-01 3.938462900766921959e-01 5.786815813237566886e-01 5.882822706577575111e-01 5.453495397451538773e-01 4.944955945974831013e-01
5.397651358226895901e-01 5.458271565143811843e-01 7.350693440072306739e-01 7.157786464971718221e-01 4.658662409278523375e-01 5.656195700198742848e-01 3.710932920378179900e-01 7.993059519222862619e-01 5.217905305557258844e-01 5.836649004649063777e-01 5.877177160333580952e-01 4.630275923166947694e-01 3.650467920565484414e-01 5.745452160141217846e-01 5.644197106632198313e-01 3.892858548309321987e-01 7.169694157274689728e-01 6.321259723192080848e-01 5.501242989093344526e-01 5.656831744032888576e-01
0.000000000000000000e+00 0.000000000000000000e+00 0.000000000000000000e+00 2.392220847818862448e-02 0.000000000000000000e+00 1.931318321630052376e-02 3.322793572743934845e-03 6.676516435206662770e-03 8.825962315900176547e-02 1.072254637897265828e-02 4.959058726304504949e-02 0.000000000000000000e+00 0.000000000000000000e+00 0.000000000000000000e+00 0.000000000000000000e+00 7.481027148018946915e-02 3.708434508431077831e-02 0.000000000000000000e+00 0.000000000000000000e+00 0.000000000000000000e+00
4.150929187782112506e-01 2.636741325252530133e-01 6.146393644671157563e-01 3.478942220216585390e-01 3.359932835444418564e-01 1.503645821220338519e-01 2.026123608312792590e-01 1.325253567158456713e-01 3.577559374562209182e-01 3.953976224313981991e-01 2.822404639747915223e-01 3.482421878382276903e-01 2.941417936054604443e-01 2.370455585015674160e-01 2.077723367459978210e-01 1.914288190078547447e-01 4.942875968139691101e-01 3.731321723022182901e-01 4.335987381003968966e-01 3.780577038248571498e-01
1.000000000000000000e+00 7.618713307769373611e-01 7.318218029273071412e-01 9.382652571322754875e-01 8.913612247173430259e-01 7.285713307938280758e-01 8.521819649734606594e-01 8.189084257199122918e-01 8.950863290086628066e-01 8.051506304065653152e-01 8.475346909353000946e-01 8.728540735716004972e-01 8.759408602972118540e-01 6.964944069434217955e-01 6.973151742081602489e-01 7.703312315291659385e-01 8.777536082310711807e-01 8.447878622528466330e-01 8.602650798093121054e-01 8.158920980153633318e-01
1.000000000000000000e+00 9.338162733646487856e-01 1.000000000000000000e+00 7.687821411699293783e-01 1.000000000000000000e+00 9.683822337395399105e-01 9.495713754374920379e-01 6.467035177739087759e-01 1.000000000000000000e+00 8.740854483754113557e-01 9.202834014228796766e-01 9.311080834983079813e-01 1.000000000000000000e+00 1.000000000000000000e+00 9.828437902476161447e-01 1.000000000000000000e+00 9.640753392694120238e-01 9.485218428689896619e-01 9.887031719793197837e-01 9.669974452620371252e-01
4.414426630400181129e-01 4.188138004384797664e-01 5.274590345912654188e-01 4.184541719289457951e-01 3.346463300931800111e-01 3.136783934373161831e-01 2.376741437074552654e-01 1.680838146862913829e-01 3.521492465096006108e-01 4.656217586337093040e-01 2.510041767607728014e-01 2.667061834209594751e-01 3.791409604539126010e-01 3.326657741913385813e-01 2.302409789564863474e-01 1.522828944114734406e-01 4.404653520253676846e-01 3.040099900192544391e-01 3.868609957374917752e-01 3.497712850766889758e-01
1.666108916029536077e-02 0.000000000000000000e+00 1.994432466394852055e-02 4.997879865955123097e-02 0.000000000000000000e+00 1.086482410908442414e-01 0.000000000000000000e+00 4.373611806972139970e-02 0.000000000000000000e+00 3.693304540025073995e-02 7.700125165197273247e-02 3.100370105752882355e-02 0.000000000000000000e+00 0.000000000000000000e+00 2.691361393130383209e-02 0.000000000000000000e+00 0.000000000000000000e+00 0.000000000000000000e+00 7.103995049810320206e-02 2.725591656053928929e-03
5.222557608131708218e-01 5.041178286333281022e-01 4.057372578008870967e-01 4.217322331449880890e-01 5.834852293432620796e-01 7.177759500488694044e-01 8.171427148024494880e-01 4.397285868972575784e-01 5.615883102829102302e-01 4.470399470900676686e-01 7.052694099223490998e-01 6.067262225924853203e-01 7.419104720706072298e-01 7.315407167128835653e-01 8.609312727752563843e-01 8.851913931868400365e-01 4.876312466905461385e-01 6.142794650141996105e-01 6.363834098385845461e-01 5.928016848607966516e-01
8.720518716204533893e-01 7.865024939228592027e-01 7.200991827518821164e-01 6.785266265526452845e-01 8.659062558054645420e-01 6.468716602335490284e-01 8.849605694663021938e-01 3.590721633282287772e-01 9.001804807932907160e-01 8.000033908575453490e-01 7.323613504612467295e-01 8.869144342982541174e-01 9.259300004817679897e-01 7.144283682296715954e-01 7.197068225198787195e-01 7.498560938471334758e-01 8.218310705098035296e-01 7.263007990907143219e-01 8.041403163930567199e-01 7.840391617041828631e-01
1.563482245909459528e-02 1.936253833135079816e-01 1.658548066995645387e-01 1.744049591894438478e-01 1.837103051468615411e-01 2.760741258946326493e-01 1.806337045956119269e-01 2.280560275068382325e-01 1.617036615825545309e-01 1.406885740698267939e-01 1.894238291672142305e-01 2.939617676462086271e-03 1.236569598969502609e-01 1.981971090620598119e-01 2.777084034318634265e-01 1.895720397461073126e-01 5.096724451417201235e-02 3.319008470508025832e-01 1.358246462735024085e-01 2.012438135526704586e-01
5.636703188824705446e-01 3.722832958010217630e-01 5.705922425995765268e-01 6.295793829986169321e-01 2.622677517863665209e-01 2.599687220385411557e-01 1.582655335643139982e-01 6.251512118534277018e-01 3.591610542019479380e-01 5.454496210775264808e-01 2.924001132229792632e-01 3.066058859109089818e-01 3.207750701260084769e-01 2.446092932028703926e-01 2.908181227646686740e-01 2.723171886600117553e-01 5.193421420988032500e-01 3.852259035443312274e-01 3.285253396987326546e-01 4.919384016486839650e-01
4.462199174385994560e-01 4.772080651305696808e-01 8.545770988103867927e-02 4.279969269908521223e-01 5.010024100985586148e-01 3.753989437380639838e-01 6.716759819968524114e-01 2.842590029540364438e-01 4.541147978558310871e-01 3.786016161548619863e-01 4.172537201621623337e-01 4.756195121771710221e-01 5.754064320370647634e-01 3.347093829091524197e-01 5.417728502548829761e-01 4.952359208188263917e-01 3.750607116523392293e-01 2.855763890831027885e-01 4.447323505216798090e-01 4.066811294171048807e-01
9.600897783436028732e-01 7.654761689557026960e-01 8.079825374658141657e-01 6.846702458417044390e-01 8.113264203156588250e-01 6.627792383160127088e-01 8.337007493416189741e-01 4.240528142082161667e-01 8.177541925752014329e-01 7.430023258896689686e-01 8.079043757891964939e-01 8.510860110745050999e-01 8.790636447453517022e-01 6.389162562538882595e-01 7.552143642093248621e-01 7.736034222110401704e-01 8.622703290730074910e-01 6.417848386805883321e-01 7.965688040515401802e-01 7.870235390385000862e-01
4.944474442249614521e-01 3.379136110457443554e-01 5.030703637647488957e-01 3.236039929722514530e-01 2.505934158348246399e-01 3.343436858951876478e-01 1.681414890962915354e-01 2.114555611792935941e-01 3.906572267410031163e-01 3.802493062282264469e-01 2.678104412267955925e-01 2.983162989734708392e-01 3.661242669163988772e-01 3.100870205109180766e-01 2.847280238198446889e-01 1.675904325347569168e-01 4.471382561655510290e-01 4.148013514104620381e-01 3.538037653220569290e-01 3.835135495468648403e-01
4.929746458067932879e-01 3.664668460929217386e-01 2.183540487192469071e-01 2.570110692017155696e-01 4.326192147871024130e-01 4.593646157156741627e-01 6.441946735346167907e-01 2.812827761242914226e-01 5.586357166252217121e-01 3.582758497352321325e-01 4.572358032358651014e-01 5.673369564496276718e-01 5.672035687891263667e-01 4.219583913629321170e-01 4.374077755063023321e-01 6.189209182839827683e-01 3.243789211353950153e-01 3.317998642995525493e-01 4.011448227570052483e-01 3.782411579699693771e-01
4.605694688050919750e-01 6.065039839635200103e-01 4.369927456719318037e-01 3.436491874428629911e-01 6.589803281140322877e-01 7.343728690316453367e-01 8.207370847015486026e-01 3.822857622279403622e-01 6.108125643005934968e-01 5.510341099980856638e-01 7.127998837035106616e-01 6.102768530108069189e-01 6.412451276536781375e-01 7.087824466370690191e-01 7.616792215261217747e-01 8.029133720589020085e-01 4.538772363263666176e-01 7.189863277142410913e-01 5.352150470980620023e-01 5.930758858186963023e-01
5.025392404573294503e-01 4.125153431576468188e-01 5.379721946148506850e-01 6.491683244797687991e-01 2.751109575855049116e-01 2.298166020269919452e-01 1.250211346322284700e-01 5.892922129439042145e-01 3.526621828777184997e-01 4.925727890959073485e-01 3.018413921799319999e-01 4.047142374814805543e-01 3.093991969300767808e-01 3.064688368581250932e-01 2.923785290763368794e-01 1.476090741086321656e-01 5.761436462136144687e-01 3.757219465247261803e-01 3.920773193773307574e-01 3.899232445168064332e-01
5.198040547637375886e-01 7.514408607253191263e-01 4.699200667190235881e-01 6.167919536020259885e-01 7.806876379113867337e-01 6.494066223941264981e-01 8.204728812742310140e-01 8.483468855430627009e-01 6.755306531156920480e-01 6.047409273103313554e-01 7.077222072891258264e-01 7.580008478593026622e-01 7.343898130665205137e-01 7.558723991151380384e-01 8.064469235213487242e-01 8.475961562536774574e-01 5.126652025747635566e-01 6.225138679341283288e-01 4.666070746978507322e-01 5.899636694607517384e-01
9.573193900014029811e-01 1.000000000000000000e+00 9.932828207127974984e-01 1.000000000000000000e+00 9.998844392240143764e-01 9.283834608368283225e-01 1.000000000000000000e+00 1.000000000000000000e+00 9.455054800614624000e-01 9.980028250386692168e-01 1.000000000000000000e+00 1.000000000000000000e+00 9.453394396104701780e-01 9.918928920394393112e-01 1.000000000000000000e+00 9.657706613749282853e-01 9.487180099724118465e-01 9.529400899611328857e-01 1.000000000000000000e+00 1.000000000000000000e+00
9.235340197145119889e-02 2.011865439986345802e-02 8.315789023342476036e-03 3.951303822482992063e-03 3.307670908392797149e-02 0.000000000000000000e+00 9.658712375447148918e-03 0.000000000000000000e+00 1.182726280353071230e-02 0.000000000000000000e+00 0.000000000000000000e+00 0.000000000000000000e+00 0.000000000000000000e+00 0.000000000000000000e+00 8.347229597179221805e-02 0.000000000000000000e+00 3.343433522040456518e-02 5.441905977934435173e-02 7.590822000648482504e-02 0.000000000000000000e+00
5.404471393913371502e-01 5.020873284137374881e-01 2.253519921439035012e-01 5.294425622179652624e-01 5.688457637535897504e-01 4.434581038769189187e-01 6.115126949333697937e-01 6.392401234777240759e-01 4.373163241081463593e-01 4.858510558988149985e-01 6.604452596908507722e-01 6.216783670891031788e-01 5.102296326425861395e-01 4.802137442119842059e-01 5.187338074931638898e-01 6.759024665859253433e-01 4.795371040178187938e-01 4.468851574613006417e-01 4.526785430488736717e-01 4.014927446805760525e-01
1.000000000000000000e+00 1.000000000000000000e+00 9.965385436053815216e-01 1.000000000000000000e+00 9.482067645348132290e-01 1.000000000000000000e+00 9.418985506313651834e-01 9.227281116262944227e-01 1.000000000000000000e+00 1.000000000000000000e+00 1.000000000000000000e+00 1.000000000000000000e+00 9.790843984409504097e-01 9.796536912296768262e-01 1.000000000000000000e+00 9.996338424284532120e-01 9.286777195235813576e-01 1.000000000000000000e+00 1.000000000000000000e+00 1.000000000000000000e+00
4.909635902696086185e-01 4.520706551452621791e-01 8.141540997365686039e-01 4.189213310226930220e-01 4.720117682761043043e-01 5.489317007277990657e-01 3.319115466033166206e-01 3.368801022078696250e-01 5.387903057347869229e-01 5.022299796625668833e-01 4.775150062659392902e-01 3.931475764677249130e-01 4.496573264336520825e-01 6.518230728117744288e-01 4.995610303916862005e-01 3.452982366694076211e-01 6.127442184071848486e-01 6.180838951342129128e-01 5.002229951099342875e-01 6.317378459746393338e-01
5.495313783844865130e-01 6.077492766968397575e-01 4.355089363073326170e-01 6.724839849906814049e-01 7.397435905883493756e-01 7.438589782151456831e-01 8.297557629956768821e-01 8.161248642359602012e-01 6.781287932213069247e-01 6.154298299874605416e-01 7.078015736748229925e-01 7.127616003905905551e-01 7.038525927793135573e-01 8.427714529452260406e-01 7.798228578227156538e-01 8.746063828186327882e-01 4.644590032240368815e-01 6.939280540623948834e-01 5.739912946789550441e-01 6.799233838142455522e-01
8.968844830080482389e-01 1.000000000000000000e+00 9.788088080848929007e-01 8.510549799546962557e-01 9.397668985790778029e-01 1.000000000000000000e+00 9.323321508839169658e-01 5.948481337662869795e-01 9.848604205039591664e-01 9.704597427196691717e-01 9.657508648461307077e-01 1.000000000000000000e+00 1.000000000000000000e+00 9.475438596467644636e-01 1.000000000000000000e+00 9.858982885454913303e-01 9.341042074776545467e-01 9.326937257998044739e-01 1.000000000000000000e+00 9.675991462987785230e-01
4.298267298403222747e-01 4.504381667931653954e-01 1.765749773392230326e-01 3.928458539599127830e-01 5.317236693487559229e-01 3.756351018562921196e-01 6.126020485593838272e-01 2.245196247396499256e-01 4.555227125858566373e-01 3.752666945364407369e-01 4.867827472404053224e-01 5.504517136280219214e-01 5.731632343567168997e-01 3.632569871230642566e-01 4.520631585948955422e-01 6.379994504468602390e-01 4.138116478085985817e-01 3.186584502963270005e-01 4.933419351579779732e-01 4.097928145795317056e-01
3.024530437482910936e-02 1.448392204301237988e-02 0.000000000000000000e+00 1.128712768603482887e-02 8.127435388226583735e-02 9.388093345958191047e-03 7.153655125301922567e-03 8.305793633007722832e-02 1.054191688347510536e-01 0.000000000000000000e+00 0.000000000000000000e+00 4.512355092699361914e-02 8.296714425826712605e-03 6.040915343979161994e-03 0.000000000000000000e+00 0.000000000000000000e+00 7.303517212392122981e-02 0.000000000000000000e+00 0.000000000000000000e+00 3.784425558132739620e-02
4.550231707376832802e-01 4.438698888889009431e-01 2.717714055058845779e-01 3.320371449950794140e-01 5.612283474503390046e-01 4.906893216810249703e-01 7.308523182069157631e-01 1.757188289764869404e-01 5.196270344368636440e-01 2.944213785973924802e-01 5.362289429998225998e-01 5.697105907578068340e-01 5.924339016647862666e-01 4.440344220885854565e-01 5.346245422314317430e-01 5.520217318542094409e-01 3.588894863819015457e-01 3.525700811072822738e-01 4.019686923111345789e-01 3.914751174259861188e-01
5.835135903565342730e-01 3.679222156975252012e-01 1.984288684619352761e-01 5.397667116301650969e-01 4.582181484578050634e-01 4.214282127608690587e-01 6.953448579625555181e-01 5.954336187465411045e-01 4.471910102081604332e-01 5.031400865271377087e-01 5.144462835794109123e-01 6.793524999895989014e-01 5.050896228692385304e-01 3.636930870101157121e-01 5.303288765805472815e-01 6.124036531687010454e-01 4.414734685229824707e-01 3.817206188972276926e-01 4.981602537437408995e-01 4.159199835678378809e-01
4.974260859078772912e-01 4.373798922297887914e-01 2.031356834092154506e-01 3.021872021448632761e-01 4.883738357393199170e-01 3.793512566694642874e-01 6.066401047864637963e-01 2.471502719738482567e-01 4.905851821096478549e-01 2.987907220357687299e-01 5.099141276219656405e-01 6.062828275711645842e-01 4.816572640869574706e-01 4.189128710763116437e-01 5.455490223165517794e-01 6.108314451812544288e-01 3.523488199376844099e-01 3.992213205587268332e-01 5.359236437709912204e-01 4.523466223563473720e-01
5.409512539838985390e-01 5.632075115756786099e-01 5.195421243204738637e-01 6.259473917266868970e-01 6.432475214777151340e-01 7.316451203877396559e-01 8.828669597549896331e-01 9.205102769935963325e-01 7.052992732496263795e-01 5.811328878384728336e-01 7.380667770566166075e-01 8.032158875643768958e-01 6.230536507604156338e-01 6.741475040139848218e-01 8.149822034602995924e-01 8.411488699514433343e-01 4.443087446762141735e-01 6.037572536271661461e-01 6.627772087997464423e-01 6.058405648234510554e-01
4.771241306721433761e-01 5.692020748954761400e-01 8.956282536217686774e-01 5.486058306650132277e-01 4.043283143092244458e-01 5.829315099477313522e-01 3.819509136331294408e-01 3.750434797447593782e-01 5.381226536772233393e-01 4.469201039253785090e-01 5.032184428377215468e-01 3.172189025200599088e-01 3.406642179070930032e-01 4.868543692205717366e-01 5.012013513703326151e-01 4.241747796252703373e-01 5.473518855419438056e-01 5.662515223860318248e-01 6.318680006344661315e-01 5.813444940261587313e-01
0.000000000000000000e+00 0.000000000000000000e+00 2.260869751034591882e-02 1.316418785430056339e-02 0.000000000000000000e+00 0.000000000000000000e+00 0.000000000000000000e+00 0.000000000000000000e+00 0.000000000000000000e+00 9.713391919891004034e-02 0.000000000000000000e+00 0.000000000000000000e+00 0.000000000000000000e+00 0.000000000000000000e+00 0.000000000000000000e+00 6.255343393967326658e-03 4.180871850900526321e-02 0.000000000000000000e+00 1.875530993586240966e-02 6.306832678810813178e-03
3.931084280947810816e-02 1.955405263753229594e-01 2.076894937212954706e-01 6.977300955453967501e-02 1.410653207411846355e-01 4.504251401046190373e-01 5.807567722773460117e-02 1.987367566311141476e-01 9.606297740844606248e-02 1.193602509771292536e-01 1.564742826675750709e-01 0.000000000000000000e+00 1.439439567626243921e-02 2.425504168922586745e-01 2.811897167672008369e-01 2.041957782332579630e-01 1.401689752282322954e-01 3.235657621017059005e-01 1.565958587003381808e-01 2.294116777112883143e-01
9.587556995314906461e-01 1.000000000000000000e+00 1.000000000000000000e+00 1.000000000000000000e+00 8.887006501679884929e-01 1.000000000000000000e+00 1.000000000000000000e+00 1.000000000000000000e+00 9.832540634626241172e-01 1.000000000000000000e+00 9.944070980102490687e-01 1.000000000000000000e+00 9.579841131704113222e-01 1.000000000000000000e+00 1.000000000000000000e+00 1.000000000000000000e+00 1.000000000000000000e+00 9.576424309943492030e-01 9.574978006347137915e-01 1.000000000000000000e+00
4.097806402670400860e-01 3.523239041059813004e-01 5.771590738796181785e-01 3.749028145516996591e-01 2.827854209094303739e-01 2.696496728859152370e-01 1.802763631129305488e-01 2.024577289421981841e-01 3.009933472801708532e-01 4.083891821079067008e-01 3.639153822749546796e-01 3.298612266069036458e-01 2.862372858081087545e-01 2.406027708131005804e-01 1.768389939609349426e-01 2.036704607183883187e-01 4.659878430173629571e-01 3.756721615145287019e-01 3.838091471999173776e-01 3.463624134425850598e-01
5.253933063869007380e-01 7.504358455780448800e-01 5.000627607977625733e-01 6.596849680069200028e-01 6.979433428005016316e-01 8.401200250286290361e-01 8.777216950422406239e-01 8.263885428078487916e-01 5.946624427704939597e-01 6.979602299196129289e-01 7.737446915222992994e-01 7.051471203238505181e-01 6.516132137429955229e-01 7.319994946914648581e-01 7.914904139019006690e-01 8.078271134753809424e-01 5.498354698609878577e-01 7.421862235952467746e-01 5.965521498474509743e-01 5.570784559133366010e-01
2.905315620491250028e-02 1.915652262722254973e-01 2.003837187202058834e-01 3.428028958827730177e-01 9.630651767736249369e-02 4.500587736950245610e-01 3.022904687072694441e-02 5.659250850130321808e-01 1.758793921302897745e-01 2.608939473974085654e-01 2.626414363787674677e-01 1.327516298265537797e-01 1.037363653328753355e-01 2.597180807130809455e-01 3.924023224248104347e-01 2.280093365645744496e-01 2.524625835462754875e-01 1.574981436000296997e-01 1.530089505140569128e-01 1.250055649914725842e-01
4.263121352596448421e-01 5.997072561171086225e-01 7.757424716904304240e-01 4.972577454495429317e-01 3.253916667213886393e-01 5.904639925642874987e-01 3.987495436474294275e-01 3.969203079368123777e-01 5.414466518063943967e-01 4.304410185732888694e-01 4.281400116512512066e-01 4.345454519183865605e-01 5.087876046740725799e-01 5.273508840317360225e-01 5.207818649551341217e-01 4.075519526777311996e-01 6.399449560825988259e-01 5.456099843563596563e-01 4.899118733141502036e-01 5.304185451225366110e-01
9.734080038439188454e-03 2.252634622745304793e-01 1.684347539112911463e-01 3.666936415668562432e-01 1.228843618965824586e-01 3.284894787342490519e-01 1.951331719803805487e-01 6.305140899223512507e-01 2.520067576455322644e-01 2.492046541160889417e-01 2.308985314983803272e-01 1.611576292197938465e-01 1.205499905867659233e-01 2.435657565678579495e-01 2.665766527952797005e-01 2.042689191508674507e-01 1.667423336905344278e-01 3.207457834706379796e-01 1.737071955715902283e-01 2.737341411369467181e-01
5.809648060372869516e-01 5.180656575574718037e-01 8.180145484542981071e-01 7.052279486419550381e-01 3.584123367033075214e-01 5.547395704163571306e-01 2.897776149566754222e-01 6.794780917148862676e-01 4.374498636584334688e-01 6.481364863275059784e-01 5.735279030064019956e-01 3.578846447001182707e-01 4.866165774553267154e-01 6.533541129367661515e-01 4.481841383103909449e-01 4.051211480286293631e-01 5.515566218781002839e-01 6.313500985682600763e-01 5.997347557685102082e-01 5.394197818182767667e-01
4.063486986236746201e-01 3.109963432953775087e-01 4.501548045306138501e-01 3.386635156822522252e-01 2.802228343728024318e-01 2.852856784638405085e-01 1.709417480410812262e-01 1.834101796413558638e-01 3.485448733154359324e-01 4.359907088313066392e-01 2.386353268282448148e-01 2.917984540992368814e-01 3.338103352812379909e-01 2.895651240582684527e-01 2.204760370487420240e-01 1.246511498861347794e-01 4.259163673361116009e-01 2.694512534137685211e-01 3.405650589192553701e-01 3.957158694094279339e-01
3.777762814805290525e-01 4.102888043421296094e-01 1.411261166712962645e-01 2.345056223027932596e-01 5.599254587408791783e-01 4.217090038165901555e-01 5.958801258039592152e-01 2.175235885898803845e-01 3.604818475876563899e-01 3.322352321204765646e-01 4.496991425865289327e-01 5.819821054648486314e-01 5.317457522840389750e-01 3.905599982514966761e-01 5.731039925850154315e-01 5.392358334211524440e-01 3.449911502676090147e-01 4.122874943789880953e-01 3.909692703340250652e-01 4.803005178138876619e-01
9.828055361571905735e-01 8.164692413300920215e-01 7.419726759950774353e-01 9.003911927308654306e-01 9.059201491494692782e-01 6.043054019935485410e-01 8.837205121519626783e-01 8.320764828074939112e-01 8.221242304067073459e-01 8.934519691808997521e-01 7.243571595681318476e-01 9.032817600766567256e-01 8.525048650603496148e-01 7.285689347894507284e-01 7.944174658857149351e-01 8.111068762212381156e-01 9.056790737424691429e-01 7.426258901440416782e-01 8.134456219564439872e-01 8.792417919458910269e-01
8.326851009392791658e-01 7.728354036862574716e-01 8.150644086033701496e-01 8.750367129082112783e-01 8.528444796984546716e-01 6.898437881498309387e-01 7.656558827329934536e-01 7.622814107504846115e-01 9.053715036639982117e-01 8.616453351283503981e-01 8.598722320397447216e-01 9.120779248280972418e-01 9.034312903534253980e-01 7.568028811963470881e-01 7.885777737647496899e-01 7.626464245935189457e-01 8.923152426869338516e-01 7.170824281691563495e-01 7.935467244586487112e-01 8.308466704295079941e-01
5.564545603296069398e-01 5.217765338026785216e-01 7.603792709170545949e-01 7.541845187749931512e-01 4.943574225491866869e-01 5.350918562232926945e-01 3.140476500639978741e-01 7.601083417051652802e-01 4.848589029519396743e-01 7.408593480014507016e-01 5.481189904090799647e-01 4.481230652255533409e-01 4.647941724700782040e-01 5.329912720991920594e-01 4.594228442482691799e-01 3.847407160242539148e-01 6.060194588223427603e-01 5.494653305247625408e-01 5.133834732550155433e-01 5.472757718003503635e-01
4.580186174139149191e-01 3.512890088081302986e-01 5.504147926052979090e-01 2.943336012017505054e-01 2.881378291446886619e-01 2.771088350114035426e-01 1.363095403067166034e-01 9.657627119076289679e-02 4.051175765757968339e-01 3.790238807197701676e-01 2.120660481767450978e-01 2.681972128361008179e-01 2.718884831968378379e-01 2.353439811625644695e-01 2.084165667980655279e-01 2.724891620255988633e-01 5.061965434302244660e-01 2.917771855509926904e-01 4.005118209914105276e-01 4.513391472981704289e-01
9.071779801374074692e-01 9.054088648172966547e-01 8.923834234451072378e-01 7.522959627789352899e-01 9.449637795807177554e-01 1.000000000000000000e+00 9.796195315025344463e-01 6.293060994333032898e-01 9.203251576643503018e-01 8.998244907514600932e-01 9.838089244979949521e-01 8.800777259253504958e-01 9.765054850242663731e-01 9.592101608178874583e-01 1.000000000000000000e+00 9.267806853897770925e-01 9.222693339663509127e-01 1.000000000000000000e+00 9.470386684272543709e-01 1.000000000000000000e+00
9.800701057215215339e-01 8.864820466645531027e-01 1.000000000000000000e+00 7.253178162978159982e-01 9.579703039586171531e-01 1.000000000000000000e+00 9.525722866971172431e-01 6.338895080275812610e-01 1.000000000000000000e+00 8.355455156213811296e-01 1.000000000000000000e+00 9.394074774146916607e-01 9.815687009230539273e-01 9.499783028829621445e-01 9.082298448358863130e-01 1.000000000000000000e+00 9.536475937072825815e-01 9.505517668556704436e-01 9.703342184670015191e-01 9.963856374142228134e-01
4.713085907241152950e-01 5.271490605476388813e-01 2.429501322224123516e-01 4.484652721524403085e-01 6.344053448846866949e-01 4.328788705002367121e-01 7.484306267158056247e-01 6.473112995213989862e-01 4.709864536841615323e-01 3.113027221349118356e-01 4.910825680907169866e-01 6.934720950540433915e-01 4.642936311793462445e-01 4.814800954724371973e-01 5.309466176886044053e-01 6.349209587311931413e-01 4.614266431667043422e-01 4.016417323496200842e-01 5.021211247901117281e-01 4.937203121800244343e-01
5.679843407156349722e-01 6.984364494603212403e-01 4.584807403309701934e-01 4.063468019646611640e-01 6.365578456164727728e-01 7.824395806650819019e-01 8.260724700652872787e-01 4.387344960642260983e-01 5.849955161775386436e-01 5.523505184948338531e-01 7.143905067914296803e-01 6.933267064001595870e-01 6.559887514252095153e-01 7.791050195296763681e-01 7.992827309378304212e-01 7.092669120673410488e-01 4.922103419424400106e-01 7.028047830279510189e-01 6.203511625200629487e-01 5.348039548534094800e-01
5.097503945593939712e-01 5.905518819172285161e-01 8.399161990240595621e-01 5.315162996718797439e-01 4.020871680951268456e-01 5.611978022677301947e-01 3.140597220821333968e-01 2.943169034867922362e-01 5.645510821608240581e-01 4.924570223568752736e-01 5.684709417588815761e-01 3.622385872518636418e-01 4.475792994763769794e-01 5.111871514635122349e-01 5.030452390063128165e-01 2.896671697511236099e-01 4.791589824579693957e-01 5.768969276321528339e-01 6.002698824324471660e-01 5.759406632548206284e-01
4.714162258868886402e-01 3.939843441399127344e-01 5.202454284163986475e-01 5.595939746798337389e-01 3.021196256801701452e-01 3.022311932658119371e-01 1.937542003783039868e-01 4.988261476826809648e-01 3.897103966738223457e-01 5.058764276835168161e-01 3.533992569097452185e-01 3.340977119196996137e-01 2.369685835712379840e-01 2.515775301853554469e-01 3.337078237914966605e-01 1.259371054023096237e-01 5.636801870116915358e-01 3.797081074217237284e-01 3.994225818548367002e-01 4.034687363115888048e-01
5.905170938473836006e-01 4.629508328380833593e-01 2.348060476233411464e-01 4.519685070666897841e-01 6.143633570433499891e-01 4.576212393056516281e-01 6.894547860300510589e-01 6.478263619811287510e-01 4.726529432556938470e-01 4.556626576490766523e-01 3.751800030472631775e-01 6.433458932444107159e-01 5.007439894542378145e-01 5.108639585230441149e-01 5.400116629539983837e-01 5.907639731772876823e-01 4.292763440894591942e-01 4.860961879485716786e-01 5.048188279499947750e-01 5.205600642687893131e-01
1.000000000000000000e+00 1.000000000000000000e+00 1.000000000000000000e+00 1.000000000000000000e+00 9.980865563835559229e-01 1.000000000000000000e+00 9.605171704404569244e-01 9.474326292477507350e-01 1.000000000000000000e+00 9.625385725625983380e-01 1.000000000000000000e+00 9.899530723660783238e-01 1.000000000000000000e+00 9.866668961742804944e-01 1.000000000000000000e+00 9.551890726796516962e-01 9.422028743204701184e-01 1.000000000000000000e+00 9.756179787487626598e-01 9.665763460118186323e-01
4.066063219139207652e-01 5.029821847471909191e-01 2.214620104993277605e-01 3.459899752171816667e-01 5.870070623407422916e-01 3.564759665843326153e-01 5.769869914513433562e-01 3.129385386684838677e-01 4.762936850778001774e-01 3.794996940783180173e-01 4.595477876864396682e-01 6.376031153259100748e-01 5.987505665049647208e-01 4.447518335235480236e-01 4.587475231896189776e-01 5.903267237580247517e-01 3.475896662955761385e-01 3.233783064269557528e-01 4.185999275688629950e-01 4.785908672962388422e-01
5.942454432568217149e-01 5.195253663154707491e-01 8.814313769561527012e-01 6.045119193251060619e-01 4.695903262083600538e-01 5.348482095025716143e-01 2.897220461837005101e-01 7.295502595816930613e-01 5.647765249354892436e-01 6.148109019927681107e-01 4.830449557864967547e-01 3.797826029445343088e-01 4.522649002006168817e-01 5.716755144464999994e-01 5.701820988538850443e-01 4.496575857821357158e-01 5.982748109404862902e-01 6.876775158999729465e-01 5.043200664870604033e-01 6.940900699831393794e-01
5.338219265450158124e-01 6.313240426486378398e-01 4.470898762031747520e-01 5.662530648139448841e-01 6.852809069754496329e-01 7.158407784009982455e-01 9.330464609233592999e-01 8.308900288911534870e-01 6.424804372138678277e-01 6.247584401376422569e-01 7.135370604431242603e-01 6.700563998816960742e-01 7.368288015131766455e-01 7.683832275955514435e-01 7.596066983196432254e-01 7.604987231695855554e-01 5.475679844207237412e-01 6.611795482801624546e-01 7.089346768002831034e-01 5.820961288762777075e-01
8.576281043552824723e-01 7.829621243257728347e-01 7.764289251026429417e-01 6.299229651202766789e-01 8.086446434356898694e-01 7.165404274162432419e-01 8.254163538378749276e-01 4.378286538806528405e-01 7.365322896725705615e-01 7.508454723150174148e-01 8.332521482929031720e-01 8.101594302570492845e-01 9.320725278860485519e-01 7.010284200113098274e-01 7.054888791738419540e-01 6.877701756163627778e-01 8.019452720746231833e-01 6.602318702686136298e-01 8.726629755802435273e-01 8.112860861146882208e-01
4.829148269380645897e-01 5.679139340459959939e-01 7.767148050020510341e-01 7.166569880614332977e-01 4.590121572549589746e-01 6.392171045744480251e-01 3.277435070555355656e-01 7.376778862522572755e-01 5.034367925811664701e-01 6.684070201757188467e-01 4.485769205312473695e-01 3.451734017529646259e-01 4.429249255810627783e-01 5.136194540579098744e-01 5.309004128562255787e-01 3.695158644553777072e-01 7.338837609554560437e-01 5.602619071192735944e-01 4.458270892755386017e-01 5.984548723336188258e-01
3.701453555870168333e-01 2.949748869037888688e-01 4.977919822879809941e-01 3.685768967741062108e-01 2.931711686677923590e-01 2.717947437887087148e-01 2.869913542327203748e-01 1.738728980680223080e-01 3.627473193867566392e-01 3.409344195258117161e-01 3.483389210463416763e-01 3.874064589297963601e-01 3.087286393230017634e-01 3.176431516228342411e-01 2.569550514498429861e-01 1.087318560965770953e-01 4.398785641075945163e-01 3.526451529414639241e-01 3.787946496705626442e-01 3.464937623459876659e-01
1.000000000000000000e+00 1.000000000000000000e+00 1.000000000000000000e+00 9.759479112805840018e-01 1.000000000000000000e+00 9.924725959900507766e-01 9.237407398231706201e-01 9.759105053037552269e-01 1.000000000000000000e+00 9.885099159630443832e-01 1.000000000000000000e+00 1.000000000000000000e+00 1.000000000000000000e+00 1.000000000000000000e+00 1.000000000000000000e+00 9.869574522514795722e-01 9.612734302190948377e-01 1.000000000000000000e+00 1.000000000000000000e+00 9.637619134234545193e-01
4.945856595623933649e-01 3.509673688590127516e-01 5.454934822133286065e-01 3.710729509421463179e-01 3.535932443956323334e-01 3.721892003307106789e-01 2.046232369967299070e-01 1.080595075248185211e-01 2.855991778812335680e-01 4.235861927726561893e-01 3.522367156958714496e-01 3.122573226401985647e-01 3.763846134069644966e-01 3.103560506066208591e-01 3.571593508493727254e-01 1.498984668156364553e-01 4.519493962167435708e-01 3.684578905165265539e-01 3.094042845165185240e-01 4.063764809737735462e-01
5.610530664015849212e-01 4.493179507379660431e-01 2.475259428900399294e-01 3.549479839158212746e-01 5.320743308149257222e-01 4.702107287876924335e-01 5.912206131333431758e-01 1.810811997270173890e-01 4.739499287261964011e-01 4.071344785561128998e-01 5.193686738345584253e-01 4.885236557681176817e-01 5.213621300159386740e-01 3.823307080554886328e-01 4.682994574312293601e-01 5.761149304119823622e-01 2.760837940713261607e-01 4.179296222994732246e-01 4.030867040411747482e-01 4.305162354521878676e-01
9.645892901543161591e-01 8.926500153163530182e-01 7.598985091887771048e-01 9.681562835985629834e-01 8.851136277861149093e-01 6.339153539539271742e-01 8.825495312013853511e-01 8.654574232936266265e-01 8.473878000177768044e-01 8.502130946662868061e-01 8.314916727952164077e-01 1.000000000000000000e+00 8.277462525181049635e-01 6.982957295487715044e-01 7.452722609569543133e-01 7.296168600502227486e-01 8.641995859133787539e-01 7.172275601141669954e-01 8.769893734076146252e-01 7.799743429826729857e-01
9.945724687539473363e-01 8.485709983702593995e-01 6.331113862291615213e-01 7.810616000184142926e-01 8.815667699100767640e-01 7.331658991822429527e-01 9.100545015475821620e-01 7.482887239169899729e-01 7.089206145079415267e-01 9.161270307079029118e-01 7.523773365848824835e-01 9.372199621687801185e-01 9.601967637271189293e-01 6.928968349054633880e-01 7.385340353400342561e-01 7.702733849021676793e-01 8.562895266479640943e-01 7.514350642409500791e-01 7.919598861892327424e-01 8.712839558891957159e-01
4.677853778852171795e-01 4.366043098326463090e-01 2.392350072190064791e-01 3.166590369434126861e-01 5.059627339779456667e-01 4.716858348075309015e-01 7.171434030129762993e-01 3.079532472271352406e-01 4.568104414281742853e-01 3.433688898138467227e-01 5.351007430788041752e-01 5.468301886983906179e-01 5.692787987565548491e-01 5.133328951367384096e-01 5.517731363182672988e-01 5.842332637788714145e-01 3.573649856446283746e-01 3.839294561759450386e-01 4.427782874975230709e-01 4.347052275374208574e-01
4.193938278950539722e-01 3.111576680202071676e-01 5.353753657313971015e-01 3.784457010961360668e-01 3.073945608547919983e-01 2.643793109112690387e-01 2.151817788075973403e-01 2.591729100555772436e-01 4.750222763343798227e-01 3.000933099534794923e-01 3.241038572282610719e-01 2.098833312435257614e-01 2.801350658988277509e-01 2.538686755371195591e-01 2.750207018651996682e-01 1.551067661981660739e-01 4.688441593969112087e-01 3.174691746617949173e-01 3.249967695571718829e-01 4.115693957655639501e-01
4.982693946588210437e-02 3.165989594332756923e-02 2.447160438420471415e-02 0.000000000000000000e+00 5.898772344240554855e-02 0.000000000000000000e+00 6.452245787330222748e-02 1.285705968842607017e-02 8.859285564896614285e-02 0.000000000000000000e+00 8.230158769413775666e-02 0.000000000000000000e+00 1.737076549277409218e-02 0.000000000000000000e+00 2.366055832366359760e-02 4.187554291339053159e-02 5.540477263691168976e-03 4.250565063097941354e-02 3.459896248954430487e-03 0.000000000000000000e+00
5.106421798050517769e-01 4.773761660519344474e-01 1.526103553908941257e-01 3.323170450919137320e-01 5.704041033320655929e-01 3.283727037251170655e-01 7.005740963830978663e-01 2.989613050378213677e-01 4.986484162172226675e-01 4.641418638441121014e-01 5.688697597913362491e-01 5.899113026727592635e-01 5.433276762103760316e-01 4.180669408143080079e-01 5.718584093872980390e-01 6.366880949134348100e-01 4.101100925498317173e-01 3.722061373594826028e-01 4.924291515606133984e-01 4.002550485430675931e-01
9.520113980581256241e-01 7.116491477662312271e-01 7.497091280250126610e-01 6.676809691949904257e-01 9.249981812764898059e-01 6.966439623502324041e-01 7.694765579674047729e-01 4.759227286248052802e-01 8.407165349326863879e-01 7.289780887103302076e-01 8.121415655693811075e-01 8.405556381001794142e-01 8.447687864637360988e-01 6.860428461089450591e-01 6.657679157788096713e-01 7.647091346486752927e-01 8.210440304599500028e-01 6.401897418294369979e-01 8.643696021567438548e-01 8.474610276858919322e-01
5.792196060542513791e-01 6.357749006125203994e-01 4.744297034019226977e-01 6.412486953075223761e-01 6.852015825193717991e-01 6.766288022918425238e-01 8.359128279779645121e-01 8.156352893249518843e-01 6.650572106578072074e-01 6.291251003943967302e-01 7.402692096339289485e-01 6.733578404087817715e-01 7.074727772241211632e-01 7.407415707895363965e-01 7.025605458878536602e-01 7.731835026580190506e-01 6.841067436880348129e-01 6.683529427321394101e-01 5.924412529818141593e-01 5.556305121527310709e-01
4.347412113151966073e-01 4.751599944802689102e-01 8.205778355310962002e-01 4.895984807411556394e-01 4.897080914711711142e-01 5.802352203936853581e-01 2.814140312182912829e-01 3.573930181718763532e-01 4.747818776773685689e-01 5.937206655429752011e-01 4.900683944804168912e-01 3.492879893895506904e-01 4.698965020239632695e-01 6.868598531758506320e-01 4.051213213006484848e-01 4.175181577028471702e-01 5.342788027729827860e-01 6.027006839480880673e-01 5.505797168342627668e-01 5.750903444381662011e-01
4.936036083459899304e-01 5.448202203639620489e-01 7.651534651426422640e-01 6.580618831359804632e-01 4.456611877563774193e-01 6.005882705741648619e-01 3.793189342899241367e-01 5.985433578560348522e-01 6.209002813400203991e-01 5.680418917490291930e-01 5.414252923445859178e-01 4.160450316961840644e-01 4.161535498423992729e-01 5.509369365715609534e-01 5.722113497062374377e-01 3.775018028531508807e-01 6.999978669459882008e-01 6.125836722076498653e-01 5.047920001086205755e-01 6.159801088141085845e-01
5.092094970270479859e-01 5.348933930520676228e-01 8.309076881694977823e-01 6.485752301876880344e-01 4.130175690466069693e-01 6.434288398734911985e-01 2.875959061091765689e-01 8.242136079777320212e-01 4.961578019269327622e-01 6.689248589405493162e-01 6.054533379081934452e-01 4.184903622654018718e-01 4.863790039815473198e-01 6.364026634951619465e-01 4.432826994294467582e-01 4.930765707840484846e-01 6.235090915794150312e-01 6.688156697681536533e-01 4.650374152886120882e-01 5.461712190449208304e-01
5.477943514783822909e-01 6.850032561285966937e-01 4.602816544426841516e-01 6.142113653470238077e-01 6.181119322055249610e-01 7.330528297922954684e-01 8.333796686536918408e-01 8.978487631283071924e-01 6.398092737758361848e-01 7.244543605955494625e-01 6.594492452713698327e-01 6.902338778804962827e-01 6.952852020288483592e-01 7.231735188306300799e-01 7.253877458416340129e-01 8.182567436001826344e-01 5.782569752775625904e-01 7.183896993129192943e-01 5.627939197748365041e-01 6.000906860062367176e-01
5.318545663665208423e-01 4.657688852154933112e-01 2.263661952697503532e-01 3.710029104760374508e-01 5.649418995401731536e-01 3.928757454272546745e-01 5.307378871339459847e-01 3.369436189793677539e-01 4.753782637183265880e-01 3.241104671380832247e-01 4.248127835872854696e-01 6.108267143207195549e-01 5.618040571001408079e-01 3.746994824773403066e-01 5.231160945571056153e-01 4.811440800146962737e-01 3.041677184184441440e-01 3.984184824853758689e-01 4.461345458565467159e-01 5.461228910261626268e-01
4.599302401105519467e-01 6.382998511399273767e-01 7.336524034443410169e-01 6.842203637141220929e-01 4.339357005695826386e-01 5.589734507555140786e-01 3.574799921950747583e-01 7.479562591585077191e-01 5.046272010539261110e-01 7.080474707389344813e-01 3.985396782726687848e-01 4.521203522458725477e-01 4.273667557477580092e-01 5.295578548671028285e-01 4.526041324311987357e-01 4.640196622609312760e-01 6.608280092649910786e-01 4.928406494380122571e-01 5.645727077831632634e-01 6.158243170299758651e-01
4.783750781270048047e-01 2.814077103189980278e-01 5.522221476580504440e-01 3.679807042852629162e-01 3.123304104579936458e-01 2.771884546245890202e-01 2.301719383667327756e-01 2.040136950145096106e-01 3.670604373697102241e-01 3.926209465801266951e-01 3.713571681783964795e-01 2.147756940637344791e-01 1.987118573548962708e-01 3.221499220032723043e-01 2.915964823460204247e-01 2.226394005224933692e-01 5.874712501652912255e-01 4.375531677804546660e-01 3.737266777328354106e-01 3.404385897534774608e-01
4.568793721965813126e-01 4.180407113950746489e-01 5.774483746493376257e-01 5.734857141040774486e-01 2.944304423776175073e-01 3.066259678648531883e-01 1.159503715405879321e-01 5.696692550903632579e-01 3.995034534644419932e-01 5.678101761316772800e-01 2.528048916872410734e-01 3.068470098549954672e-01 3.359620240883869902e-01 3.281637455578249596e-01 2.191547386756052540e-01 2.294260469848781459e-01 4.795662334977847108e-01 3.247148853649508560e-01 4.093748934386776117e-01 4.478152322455384304e-01
