1.086370447228243608e+00 9.798609562484341673e-01 8.926706749715760392e-01 9.779338804148279829e-01 9.230287439837484564e-01 1.004956058628190263e+00 1.009986767995370238e+00 9.281049445784389507e-01 1.042810747903216262e+00 1.016497265150416940e+00 9.907927312288056232e-01 1.018759768257496257e+00 1.009682011444766214e+00 1.047790705834435565e+00 1.001885135819520878e+00 1.053940954616113590e+00 9.765402889830355759e-01 9.495374942074982227e-01 9.605005808955053848e-01 9.286603737449176110e-01
2.806259677324636215e-01 1.054203344634158934e-01 4.023264013405731254e-01 3.802923883350383116e-01 3.029157594174115009e-01 4.742620767821887906e-01 2.435327944655450993e-01 5.495077921544651023e-01 3.085962885067536354e-01 2.238830811288798350e-01 3.762881478090369103e-01 1.021006570429335569e-01 1.392392291121556935e-01 3.700676627603678437e-01 5.881188297266680687e-01 2.756204596844699650e-01 2.787741766987582026e-01 4.979762383811412452e-01 5.072144076349173192e-01 2.639178148391571610e-01
5.973537689783476878e-01 8.294093317860171677e-01 6.695457464332387199e-01 6.528060553016119538e-01 6.026855037131878534e-01 4.903061101235342556e-01 8.589647858564173344e-01 4.548475876985426658e-01 7.428263489559707722e-01 6.503826511992140125e-01 6.612425388182677777e-01 8.376205129283414985e-01 9.211712207546564057e-01 6.080803675704187228e-01 4.534853940214045864e-01 7.262540075244494631e-01 6.759123904423123275e-01 4.598699609267946076e-01 4.837371171505903122e-01 6.593545445583716136e-01
2.711714919677369329e-01 1.677974330315095131e-01 1.289332489681977445e-01 1.097239545012890505e-01 1.766218782123920028e-01 1.122723339726291181e-01 2.262654271105447867e-01 9.572104841646683626e-02 2.529913463657734729e-01 2.011064292729646819e-01 1.683962003529471119e-01 3.795075425090405630e-01 2.443184636478852312e-01 5.859813417301612537e-02 2.644035768269904496e-01 2.395950745529846493e-01 1.071320026731909791e-01 9.859327610781924711e-02 1.845815675666543365e-01 2.534754943918421932e-01
7.061272699935623454e-01 7.358657537045062424e-01 9.110421493777313140e-01 7.150840626199023164e-01 8.012114376919724501e-01 9.368170206820153334e-01 6.554683947197049720e-01 9.341970739216175490e-01 7.310389910504345723e-01 9.429615940537031671e-01 8.545767600281024556e-01 5.776556050885276461e-01 7.724256723832327864e-01 9.282182970137784483e-01 7.046109355393335161e-01 8.913003646227077859e-01 8.036429830695734911e-01 8.216653818414479948e-01 8.185390204019571403e-01 7.559034866696747734e-01
6.786944646004613446e-01 7.815265702037387241e-01 9.210225219377593531e-01 8.509531994601322591e-01 7.986729596515945717e-01 9.952336110918185152e-01 7.201743880516218166e-01 9.919694359886275237e-01 6.593792423293040050e-01 8.459759023476933759e-01 8.363797596216797636e-01 5.943534672331290958e-01 8.023988118375895429e-01 8.809608109902167250e-01 7.639133470185488495e-01 8.325107212926050604e-01 9.333718226234275495e-01 9.310486238892062838e-01 8.242753422766738725e-01 8.053049258304214586e-01
3.961604965270775214e-01 6.168230153410787509e-01 5.413889581250401761e-01 6.141908436247001113e-01 4.460386872867699304e-01 3.558891706581533976e-01 4.852071254159168734e-01 3.786671802363243966e-01 5.112474828064320631e-01 5.671926515432746951e-01 5.461164535402571740e-01 4.229753280992440967e-01 5.201596566290135337e-01 5.239991984384689827e-01 1.944196208502919077e-01 5.204327379254731767e-01 5.424847319487979824e-01 4.771915655707282267e-01 3.372895861770502934e-01 5.319767689148516832e-01
8.897212082444699854e-02 1.491905176950540368e-01 1.078182369302441296e-01 2.327659427201168862e-01 -3.090450626188028307e-02 6.616682087539786650e-02 1.237350793581846881e-01 1.290866245084216005e-02 1.825000714077241459e-01 1.002529840442534757e-02 1.006777789396135214e-01 6.235786913495499489e-02 1.420642374216324333e-01 6.564373234195122753e-02 1.055816447808039932e-01 6.800046747239721356e-02 2.560255686083102306e-02 7.460588171088019388e-03 3.398587539663504298e-02 7.753003977037839500e-02
1.240575067839720935e-01 1.434156257433645276e-01 2.043195854163306346e-01 1.213896701636776876e-01 -3.308161624765801334e-02 1.089462925549289710e-02 1.582434466875539680e-01 1.345326458809151943e-02 4.879091664692930541e-02 1.811189927580527173e-02 7.928438470156067008e-02 5.268339704988991151e-02 2.987827926817205465e-02 3.552751875080988747e-02 -1.467102674476493743e-02 -8.149699254649753200e-02 -6.605041385254013797e-02 4.171993164652604280e-02 1.158467209712969043e-01 -4.426701754989978421e-03
4.295666316495944659e-01 7.157761152811671357e-01 5.542545871924953182e-01 3.999672685601319277e-01 4.399749431002542566e-01 3.580408388687998933e-01 4.381899628176527117e-01 2.864214297019653799e-01 3.981529129569041370e-01 4.933971554455929831e-01 3.190533288464323936e-01 3.128448296868688860e-01 5.724601913911471218e-01 5.071052643680438177e-01 1.447998184868821980e-01 4.998539963649099027e-01 4.268938851243050947e-01 2.726948592164566421e-01 1.238082165764667203e-01 4.721715419994898522e-01
4.117527812469267134e-01 2.847815642500577948e-01 5.737891183369424608e-01 3.940734237279926444e-01 4.513320707616691463e-01 7.079156230671287409e-01 4.511097484942804825e-01 7.036317103607742096e-01 5.172460086007830693e-01 4.884270272761211951e-01 4.311788477403526443e-01 3.005098392443664168e-01 1.908912923869217348e-01 5.026271585341706150e-01 6.439353862297754194e-01 4.517444700604388297e-01 4.403777680300630659e-01 4.928296709824326882e-01 5.409501089800550222e-01 4.658999447570109087e-01
9.523148736137220238e-01 9.275597007385494308e-01 7.699282819765684849e-01 8.309184671080096507e-01 8.101466000120267630e-01 7.078770464879755586e-01 6.902116746983862905e-01 8.645074953284165309e-01 7.980320245596200790e-01 8.211629615617803690e-01 8.469967630620791610e-01 9.453204941229721436e-01 9.118762036761207668e-01 9.059625031312288357e-01 9.957436418906234765e-01 7.766189205381042182e-01 9.077447134860263667e-01 1.024192537114437140e+00 8.895419221881142313e-01 7.600795237642644642e-01
5.916983345090393032e-01 7.750884623655431849e-01 3.651393291837471411e-01 6.201188366620398185e-01 5.494183929995137827e-01 3.744748453975239588e-01 5.955817167517556410e-01 2.972330766565403626e-01 5.139330662386950577e-01 5.048643078139337659e-01 6.481823797736225856e-01 6.888161731762387774e-01 6.804399049247321640e-01 5.096515121168103679e-01 4.143524350384772403e-01 4.620074287043717254e-01 5.749462037009249737e-01 4.373868430203143309e-01 3.881446130943178030e-01 5.758308448010642788e-01
6.275669321492906017e-01 3.489076211169925834e-01 3.706640662018525489e-01 4.193647558673935238e-01 5.309167304096864548e-01 5.558352013494625155e-01 5.690459568507481025e-01 6.385223525942484990e-01 5.040826713955139926e-01 5.015558821211706375e-01 6.866911739195944442e-01 6.049888155599560946e-01 4.802584246942759871e-01 4.707340774627046254e-01 8.430193146977467133e-01 5.395781070811689339e-01 4.581814845946971526e-01 5.517408628979363350e-01 6.221241784520296081e-01 4.829611062193227555e-01
3.272439552799825679e-01 2.369521190431393420e-01 9.753916765946585299e-02 1.631456842417979836e-01 2.112542917948063981e-01 1.820684360638437915e-01 2.312911969604599660e-01 5.071872189577259632e-02 2.944368763251031806e-01 6.339480539925845815e-02 2.423449559267878972e-01 4.809689143405035394e-01 2.678099711849565301e-01 9.830336438889300532e-02 2.915167088811174700e-01 2.048819130234665331e-01 1.115390962729114754e-01 1.332485961752743475e-01 2.138571694889225550e-01 1.815780166256303341e-01
-5.478853378451789546e-03 4.247974855053515686e-03 6.556666439062164287e-02 2.408828919402332402e-01 1.642124362261939904e-02 7.513854873152873287e-03 1.093670313116962556e-01 4.991669853500773496e-02 9.208833481738448734e-02 -1.150236546694995490e-03 2.519884268430702678e-02 -1.871499397522802255e-02 4.075959047854958717e-02 1.414712378419512862e-01 -2.522705936279962327e-02 6.269305328175048264e-02 6.297228877705482496e-04 -1.862941532417150547e-02 1.694626468786094298e-01 -2.210779232211927681e-02
4.020615652454335720e-01 2.121101273302067602e-01 4.227974475385084530e-01 4.976236480115607819e-01 2.473494880658659301e-01 4.026010676771960006e-01 2.540854641667252833e-01 6.329417175720875033e-01 3.005997305865573122e-01 4.383018776167061370e-01 4.569626088555702736e-01 2.535018281413462526e-01 2.243506701682274340e-01 4.029518947132503248e-01 6.061335545349910703e-01 3.360711712309085719e-01 3.116917407871815371e-01 5.457248837241321926e-01 7.299231349601140728e-01 3.209365548537543300e-01
2.434119805505692846e-01 1.370613810400222177e-01 4.323248573225552671e-01 2.824152099993381126e-01 2.405126583035353538e-01 4.401194645218728940e-01 2.053708996578181845e-01 6.898930879310560815e-01 3.836020916974036132e-01 3.267208634695774050e-01 3.721074722869073814e-01 2.403075148188984211e-01 2.075193999152897817e-01 4.022588487610477825e-01 5.966720748396630025e-01 3.546041289534987428e-01 3.334855404316469096e-01 5.562021752932961860e-01 5.382230027257378646e-01 2.664846194912085520e-01
6.727932467877645317e-01 5.085167037525191169e-01 6.720218857068755991e-01 7.688287799556816626e-01 5.959562698361032806e-01 8.123090751282430189e-01 7.684125351410683313e-01 8.101819120592960166e-01 9.456713965528633636e-01 7.213367339102004783e-01 7.421014599797335354e-01 6.392987833867502800e-01 5.866758656371607872e-01 6.682342838955461772e-01 9.189627316030553050e-01 6.619116082313575289e-01 5.515294527666803059e-01 7.106890787299253720e-01 8.501300513768133005e-01 6.665687537316558053e-01
6.677097828099490817e-01 6.657149135844673271e-01 7.718022437302489713e-01 7.016525421681005792e-01 7.237679970204468072e-01 7.493167223683688816e-01 6.465313590286682066e-01 1.003455509818560687e+00 6.682772627336817095e-01 7.976697259241481985e-01 6.751475190290117112e-01 5.369252454467222657e-01 6.766970475175656530e-01 7.736771529789410184e-01 6.837252614570522580e-01 7.352947595611826204e-01 7.602387985864137443e-01 9.197056248818804569e-01 7.642994615657536794e-01 8.535180099115280417e-01
4.512181044757855863e-01 3.161678676152210876e-01 4.446662829088967595e-01 3.514183241080445219e-01 2.614031694574589504e-01 3.264071225485841166e-01 5.464490237898849134e-01 9.499496307073139467e-02 5.524006702682798808e-01 3.396727601723186774e-01 4.339615754420925176e-01 4.661510460342255247e-01 4.668868040389832497e-01 2.439104763748799476e-01 3.323470098231475767e-01 3.802080900396159202e-01 1.884955143792833021e-01 2.041549813455762197e-01 3.624029413276488309e-01 5.382281097275642967e-01
5.055618921560740553e-01 3.831894494671006512e-01 4.662717753180648517e-01 4.347159666433271230e-01 5.726103231993835418e-01 5.699209238552833678e-01 5.041834910985324436e-01 5.935722031768145834e-01 5.104942993243118954e-01 4.621154890628371703e-01 6.527576524936731239e-01 6.856869656847682792e-01 3.680949101864138262e-01 4.508062132188401239e-01 9.054046274286319251e-01 4.403950500854167949e-01 3.394997860237528031e-01 5.673078216643151483e-01 6.493980740358407111e-01 3.907845719397950446e-01
3.080816021484508171e-01 4.247198293840944716e-01 1.812949392799313997e-01 3.187803897127743369e-01 4.080447380658641654e-01 2.403926469419699341e-01 1.625280098037862886e-01 2.096491884450503718e-01 1.363160757128806244e-01 2.957230252701117945e-01 2.552671348335676660e-01 3.131843721009404113e-01 3.841458096112422282e-01 4.115748050718925910e-01 1.459205167493496658e-01 2.017431893867379644e-01 5.043025578288702349e-01 2.585496899881557509e-01 2.390404222808329149e-01 3.149741114785057916e-01
6.722106752121871365e-01 8.063788017473603187e-01 4.310785542207298260e-01 6.348069513222059923e-01 6.264344483840071920e-01 4.751402930215268272e-01 5.400673478914221892e-01 1.934006384715636906e-01 4.978224421319121795e-01 4.333234645477899161e-01 5.981574383779749704e-01 6.395825789724995936e-01 8.146752759634221519e-01 6.039473691489983809e-01 3.116829478993521918e-01 4.109967748904207463e-01 6.588940612307406797e-01 4.239664017897871728e-01 4.466956858288612109e-01 5.363290175021611095e-01
9.969956487140579915e-01 9.401139284367647786e-01 7.820720565716178241e-01 7.524485688137334538e-01 8.883620556708737848e-01 8.122392506806801471e-01 8.069526551586247987e-01 9.407098246770864147e-01 8.038566168371451548e-01 8.512204681789758975e-01 9.569261624314555625e-01 1.005941786123914161e+00 9.450008715010922433e-01 8.597520517058664380e-01 9.090041781918856145e-01 7.864660726102719046e-01 8.831168088875696043e-01 9.951641270277081786e-01 8.593845357220121217e-01 7.945147820167188790e-01
6.277269898242532342e-01 4.639036052076017103e-01 8.411050518464107117e-01 6.864307911323355160e-01 5.403496307249171515e-01 8.176619615413477371e-01 7.433641805009950643e-01 8.243467073559804792e-01 9.264697965055994633e-01 7.025955488441321117e-01 6.931691830642445762e-01 8.028808668857105868e-01 6.940834835957457871e-01 6.277874800608486128e-01 8.767191185459328739e-01 7.147034807508655385e-01 5.612311967678461633e-01 6.928153920609426697e-01 7.822546107835339768e-01 7.243311770099046809e-01
8.827168512299029546e-01 9.503784289749490632e-01 7.261502009864834184e-01 8.447099724658375663e-01 9.490156485255992758e-01 8.229648610320495772e-01 8.190511204300512382e-01 8.508386370514431363e-01 8.187379942716216386e-01 8.230110862442414632e-01 9.981378098901422247e-01 9.341983590685672967e-01 9.061505857614187143e-01 9.005866542807172692e-01 9.968941242908262446e-01 7.943744710344869953e-01 9.700708592256875873e-01 1.004440339920965597e+00 9.421016246227145174e-01 7.537618909828520675e-01
6.570541105186122888e-01 6.985727467648418232e-01 4.985933155483883716e-01 4.769516644826198859e-01 6.816400130834058269e-01 4.859230373489799026e-01 6.866834923853741834e-01 4.339075181388737934e-01 6.573869675903535326e-01 7.078103771698458502e-01 5.933328025292913255e-01 7.414400356402891523e-01 7.847219756684927772e-01 6.249532546126972399e-01 3.793639927536252010e-01 6.920515769735938738e-01 6.959131837213824445e-01 6.192109347851488810e-01 3.829254096636811044e-01 6.580602874813675784e-01
3.239552129368215017e-01 2.975718955239073371e-01 6.771916273916804840e-01 6.627047352800586877e-01 5.095135123044425285e-01 6.777865328475527473e-01 5.314423698730592616e-01 7.126088300973917322e-01 5.930499722563903342e-01 5.542536831761707417e-01 4.942740776478007358e-01 3.777661815185358596e-01 4.414697210140795525e-01 4.696278381211965725e-01 6.017613054889867641e-01 5.504811725363532027e-01 4.301006859528091475e-01 6.399846855291393410e-01 7.819995778370545381e-01 5.352943649447958752e-01
4.371520056996180403e-01 2.950747247210412927e-01 4.537900941160094570e-01 5.056287055054558000e-01 3.807306453558263470e-01 4.650435597488666861e-01 3.326441955908137627e-01 5.833551588122666276e-01 3.372496461941671408e-01 3.270510443266405609e-01 4.347762519968995099e-01 3.330135965432277634e-01 3.330980425835242675e-01 4.146521639070739340e-01 4.995923771227190335e-01 3.301449682526778062e-01 2.855036492281305960e-01 4.641512464973297503e-01 5.932681217617304936e-01 3.616777498975842220e-01
6.397592264928473327e-01 7.954919822164165932e-01 5.016405820901422841e-01 5.030999290334590146e-01 6.799170645370637978e-01 4.605260089893107867e-01 7.001716031962716968e-01 4.578563654971696262e-01 5.909686917975923715e-01 6.367909923758705570e-01 6.495748730685595440e-01 6.393931148002138798e-01 7.840181593719962594e-01 5.774291755694032080e-01 4.837312380372467135e-01 6.250144318150346878e-01 6.690150647824560926e-01 5.022069817692408344e-01 2.843569253552490350e-01 6.660956208100075049e-01
6.936789034493237027e-01 4.706922747838073184e-01 5.258025988780513638e-01 6.928470441422470705e-01 4.304549416591042510e-01 6.396850010651498053e-01 6.046369008471664808e-01 6.143604772515645074e-01 6.869320041536081112e-01 5.205449923235395682e-01 6.732986317388424125e-01 6.883327073801130958e-01 5.074238089261923212e-01 5.283286963223695620e-01 8.070488862748291803e-01 5.098522842385316833e-01 4.974441722433566859e-01 6.550052988430673517e-01 7.730920718695182270e-01 4.427408054166070417e-01
7.679388097490331688e-01 3.979867113639685705e-01 6.285499843132515974e-01 6.710201545512487487e-01 5.372996512911371036e-01 6.665625841718214595e-01 5.756166896681240708e-01 6.408313729271365444e-01 6.889074392180692952e-01 5.774917901917149266e-01 6.317396846399976340e-01 6.808526009612407837e-01 4.826370826020512927e-01 5.575418646785164078e-01 7.680659547016320809e-01 5.168982704102785819e-01 4.597117177382808451e-01 6.083884116088519312e-01 7.716885328015911094e-01 5.502798952797719467e-01
4.509921043267984264e-01 6.969291282754485062e-01 5.963546518806489560e-01 5.174872772325720405e-01 5.160500887907107925e-01 3.432164063432002754e-01 6.004514801320288697e-01 3.821780402104598684e-01 4.223448520230840275e-01 5.896309151751932820e-01 4.364418818358444252e-01 4.425151374441285146e-01 6.387366130970789646e-01 4.497642763698820323e-01 1.816833397573641429e-01 4.617543630726463344e-01 6.093189930275597632e-01 3.862635122871115878e-01 3.494080458189020577e-01 5.883207226375386512e-01
3.553825333489922800e-01 2.832969285453198482e-01 3.541092275161363268e-01 2.300198763340931263e-01 3.056615194835097804e-01 2.383600281270751298e-01 4.167393715955883815e-01 2.228772806134153295e-01 4.491290954668341051e-01 3.221335092929526467e-01 2.707763070458046872e-01 4.074722848342570147e-01 3.004297084789973038e-01 1.837109250335654254e-01 3.045421373939466991e-01 2.357165503731778189e-01 2.021408572546534999e-01 2.168369099429184599e-01 2.042459860507253033e-01 3.896902086915266517e-01
3.125098015854009814e-01 4.751595734247374692e-01 1.214637439056363150e-01 1.800280621693069183e-01 4.416235838074294984e-01 2.191079655499597878e-01 2.253854145815190890e-01 2.661542174577657960e-01 1.433221629377081641e-01 3.178278086305601491e-01 2.751729262242577079e-01 2.465048305692698061e-01 4.083571527709702331e-01 3.783699994313978743e-01 8.116453936737087760e-02 2.609370975426286710e-01 4.450545319219065266e-01 2.639545028722262154e-01 5.792103677772604542e-02 2.555868895589385459e-01
3.629308306351674562e-01 5.499401960786606258e-01 4.903007489393340634e-01 3.512755784340113041e-01 4.015149113699227890e-01 4.018940708808585449e-01 4.511501057534114678e-01 4.061965839453589577e-01 4.448348441086528715e-01 6.382042629373547715e-01 3.160392081345683168e-01 3.205456490462892938e-01 4.919220735053433380e-01 4.553845654312729807e-01 2.099796048611026200e-01 5.030842014787834104e-01 5.714687311902104661e-01 3.286603755500446256e-01 1.481553151303335314e-01 4.613463721083016500e-01
6.206154986832930209e-01 6.716233480479257834e-01 2.726390004747037410e-01 3.859070615629983658e-01 5.843426415142356500e-01 3.881518806272045152e-01 4.236223320632054312e-01 3.223817326382800164e-01 4.082364467185237156e-01 5.479247623920180388e-01 3.935112553037326544e-01 5.993964448325679317e-01 6.756321464013773648e-01 4.591017339507558193e-01 4.242771411210315979e-01 3.945319524988794568e-01 5.262526645919659574e-01 4.630661146751421930e-01 2.892351387673927632e-01 5.740433009087452243e-01
8.799741785921233461e-01 7.097050735694793167e-01 6.575052107758962983e-01 7.044310312809312080e-01 9.061424705931827583e-01 7.738632222960766249e-01 6.401401873217062999e-01 9.726979182600404839e-01 7.500829204522322380e-01 8.195499120281477534e-01 8.346040802168761541e-01 8.735489907157540923e-01 8.040237542357298040e-01 8.436976195495808906e-01 9.755661903523970002e-01 7.379452738502079168e-01 9.259574873168545661e-01 8.155318293691988796e-01 7.838723301938814725e-01 8.174877659546171405e-01
4.782426121915743789e-01 3.900414274045164720e-01 4.080902670569341306e-01 4.323854405004050050e-01 2.930824855957047115e-01 3.093964588937072047e-01 5.309370125395920237e-01 3.095038454420748208e-02 5.732097502585946636e-01 2.498672745154936758e-01 3.721503093038985299e-01 5.613311322782543744e-01 4.079535961937891808e-01 2.021842214146233330e-01 3.034695813808672704e-01 3.868728545359773618e-01 8.475310938344876588e-02 2.403534251502709718e-01 2.158233159005463198e-01 3.864083672951779680e-01
6.886570612675978476e-01 7.906783023714754055e-01 7.220811663888355714e-01 7.650038021430446422e-01 5.834167644356100801e-01 6.487309603365645216e-01 5.349838586847672772e-01 9.104866801868626291e-01 5.664552551857126028e-01 7.292501678387464104e-01 7.072316928990741713e-01 5.702326197879684644e-01 6.355375095335138447e-01 8.855234214460204756e-01 6.450529006035817803e-01 7.057652094663122710e-01 8.244024134176355378e-01 8.656678379407619639e-01 8.634504995970798680e-01 5.652251771166577621e-01
4.068975570594030589e-01 6.376405778884091102e-01 5.598451489280154014e-01 6.913955584435348412e-01 4.028448275138918899e-01 3.939539931203007161e-01 5.680371572281793791e-01 3.548187067785794624e-01 4.571549892877074805e-01 5.618573944856863900e-01 3.220263377608709177e-01 2.828438418540860644e-01 5.352832104601806806e-01 6.045680600550973338e-01 2.441085594386496749e-01 4.801401863554093929e-01 4.668818268787332526e-01 4.161562915037887445e-01 2.804947497544186263e-01 5.042827406119434475e-01
6.356086693112794617e-01 3.227688364388247577e-01 4.483132930956340578e-01 3.491283665369493416e-01 4.924606158849130777e-01 5.164057493537128618e-01 4.972039390669321102e-01 7.064909651842185001e-01 5.655021038812172440e-01 5.482005616716238983e-01 5.387726990956650530e-01 7.244253376117186782e-01 4.686487182112116234e-01 4.767610728179548230e-01 7.799846649657029563e-01 5.239938692510200946e-01 4.828766759464734881e-01 5.739305986660373504e-01 6.825494351558351047e-01 5.346752823758208484e-01
-5.484798597849558505e-02 9.321926904992908214e-02 2.088679615120351829e-01 1.073264212953336655e-01 6.850627061119500538e-02 2.469721970924391441e-01 2.569966393507428504e-01 1.397125254769822911e-01 1.980175285538404439e-01 1.067058957496829080e-01 1.612833833506436831e-01 4.164223348980665429e-02 4.134745539996390051e-03 6.834313207535172574e-02 8.348945111942497610e-02 1.650155148459589161e-01 2.586220468119862503e-02 2.013292462286998541e-01 -6.660631944610551081e-02 1.819194677575194929e-01
3.711245866868919663e-01 2.481748774200548957e-01 2.529359371392245204e-03 1.093689603712326014e-01 1.607658824269306841e-01 5.477422495898534582e-02 2.000161194891079963e-01 1.088632721805860015e-02 2.765369476725000886e-01 1.396094695582602019e-01 2.779884097849236735e-01 2.795121268637042466e-01 2.094170197858610527e-01 1.176879621036836521e-01 2.906712488267638728e-01 1.793289544838561345e-01 7.678282067681571621e-02 1.072677414628141201e-01 1.566148326750745889e-01 2.653436741477928629e-01
5.384845001386038277e-01 6.126204352593361824e-01 6.298139454487986511e-01 5.348698600684289595e-01 7.167912086189992538e-01 6.557617866143451435e-01 3.328254152679778199e-01 8.321954897327250578e-01 4.071035729500988021e-01 7.134124487158514105e-01 8.053255958297286243e-01 5.310226987617039374e-01 6.437343763660258178e-01 7.841542594665006360e-01 6.707932418715808476e-01 5.738644546140746483e-01 7.389384096681539393e-01 8.004750245766999450e-01 7.074768879443500413e-01 5.531171027159004217e-01
3.755654515050320108e-01 3.320241329068194247e-01 1.036112504920576743e-01 2.831266429123228678e-01 1.835642099687311846e-01 2.086959379696589345e-01 4.885792310651989045e-01 4.544073630968702149e-02 3.687689532403377046e-01 1.802260009111351369e-01 2.514391906697401313e-01 3.145363699826868586e-01 2.492266225015335179e-01 8.914416252804344132e-02 2.425615789769557107e-01 2.150510674871149719e-01 2.346411942008099771e-01 1.286952231376881084e-01 2.157832780791871241e-01 2.414754655837676456e-01
7.354070013116376092e-01 8.236605214070730208e-01 4.455133119870464120e-01 4.707323348496599280e-01 6.675549968001848189e-01 5.410182582388857186e-01 6.663480736346023559e-01 3.721995490224555558e-01 5.955803706867691671e-01 5.902706957633063745e-01 5.660184977832000142e-01 7.340935627355257287e-01 7.715262146444346048e-01 5.231703387084608581e-01 4.620778328246886169e-01 6.636687117282439319e-01 7.117759207997851334e-01 5.222030879778376544e-01 3.702332567232379801e-01 7.560948862973115858e-01
3.041106679218964493e-01 2.646773195604295581e-01 3.087578851903418076e-01 2.904942080513074343e-01 2.981994904021070814e-01 3.438655630727053825e-01 5.313048027722996336e-01 1.380724290819903000e-01 4.063651634257081646e-01 4.770035308208451230e-01 2.673700604029379813e-01 3.847005850838554064e-01 3.540810615630853309e-01 9.405426897904332895e-02 3.322280263199713923e-01 3.417075298439700148e-01 2.328483003003096463e-01 1.423425912813785221e-01 2.021877358950661674e-01 4.355605385906375915e-01
-6.645073101529265502e-03 1.259706102559623453e-01 1.876877516347200126e-01 2.359112444146868603e-02 5.692636885625144971e-02 1.043488200258771564e-01 1.883080359726140018e-01 9.903493329443230353e-02 2.741565239380507890e-01 1.668118671591768409e-01 6.925433270186127921e-02 2.948967066375230220e-02 1.040906180849518470e-02 1.160259923794846881e-01 9.944528441810439323e-02 1.417797249289217687e-01 8.273906092998416228e-02 1.159564921281673044e-01 9.710317745108307252e-02 7.172983153693734959e-02
5.801327254155367319e-01 3.853100011937428682e-01 3.790275429474826430e-01 3.403160029190332447e-01 4.948028112813200874e-01 5.755201506250012811e-01 5.378318615305889283e-01 6.915839671600901850e-01 6.235585979518214472e-01 5.184682753880037742e-01 5.995212890388588178e-01 6.038417077670463762e-01 4.724515158334132714e-01 4.231248812555891692e-01 9.121022568317315171e-01 4.976881701729459762e-01 4.762896633935228552e-01 5.984672222901490368e-01 7.551840872821677930e-01 5.232615304346609486e-01
4.462336654945236458e-01 3.543469937211429777e-01 3.537266953954409932e-01 4.135726446042465310e-01 3.142720916183080471e-01 4.001179834718439632e-01 5.364503607921260464e-01 1.290573908666604874e-01 4.417347207222530603e-01 2.950477378240004556e-01 3.601385962565540888e-01 6.040114066545910765e-01 4.200455009478085144e-01 2.406175297633144916e-01 3.483509546650292443e-01 4.569612451534060260e-01 1.479630671544966414e-01 1.905173024835296602e-01 3.089806490401824646e-01 4.071173218593864829e-01
5.964076744062781765e-01 6.034587672429155836e-01 2.810993776717813919e-01 4.048210733189024912e-01 5.773552309032374819e-01 3.631925567612945271e-01 4.188490939966499904e-01 2.809240781753534755e-01 4.069257737812543296e-01 5.631764675280049870e-01 4.485541665965063762e-01 6.378895220744137395e-01 6.310237436754335683e-01 4.211535416075707361e-01 4.514528924268285115e-01 3.641119689676955984e-01 6.556289532706329748e-01 3.779790053747060230e-01 2.720091005177932564e-01 5.092406287143129706e-01
3.733387233170660374e-02 1.765463131229554061e-01 3.122127730117219002e-01 2.837773049785960455e-01 1.041667694467351690e-01 2.051448259090870585e-01 2.868256417208621123e-01 1.036418531154859601e-01 2.172816136756001160e-01 1.343539383838686097e-01 1.136141468444951119e-01 5.502467858110610122e-02 2.438132608387107714e-01 5.880832603800323355e-02 -2.852749710941665517e-02 2.294387753809026265e-01 3.437461086148666661e-02 8.146994448740255135e-02 1.438142579145204603e-01 2.856877746061530221e-01
-2.470420160311091740e-02 1.174065599792453035e-01 1.014242828000619934e-01 2.310185706100841285e-01 2.902977628670456306e-02 3.648045315258537785e-02 6.148823015286790372e-02 9.401854742378965013e-03 5.770632779603475371e-02 -1.414525999103591059e-01 2.092191787077761489e-02 -9.451155335578248495e-03 7.251456576295255141e-02 6.367364190310945138e-02 5.336865891118039440e-02 -2.382258801873921028e-02 3.059829942989296045e-02 4.385082213640463522e-02 2.036416693981278336e-01 4.179319323293909788e-02
3.567294792630189559e-01 2.605456624760637552e-01 6.426436484535560378e-01 3.743844338258505156e-01 3.838554770927573023e-01 6.370991091880331414e-01 5.045273070395629444e-01 6.828621799173377749e-01 5.670846174372664583e-01 5.511691344742933873e-01 3.717777436532826996e-01 2.970430958017897805e-01 2.320907969166436935e-01 4.161731724694723855e-01 6.598142926971103384e-01 5.423743896751281879e-01 4.608483324566343686e-01 5.819890504460056846e-01 6.130700561386730474e-01 3.852907081154656188e-01
7.073169063562606551e-01 8.644713464259741187e-01 3.454874248062137498e-01 6.489069004445785493e-01 5.733795699691397463e-01 3.680124566958712373e-01 6.362656907595131139e-01 2.910684670385939032e-01 4.014547745298229775e-01 4.567236003042252079e-01 5.892603950623127584e-01 7.606335132458049708e-01 7.185451896345887990e-01 5.319377108568182910e-01 3.873338818526743665e-01 5.005366367800044847e-01 6.028421467079615459e-01 4.015915041202805513e-01 4.376089307680007257e-01 5.314279387947978828e-01
8.690954161457685734e-01 8.774064943778819847e-01 1.062362188329470492e+00 7.761846123659533747e-01 1.004484437481964143e+00 9.718453599479068838e-01 9.037618846557983199e-01 9.919570549101008883e-01 9.776793866539963407e-01 9.087822986269424863e-01 9.136395177505619580e-01 8.824264051133580145e-01 1.000679434113930455e+00 8.635812119509472806e-01 9.838081238580402843e-01 1.023359492458561393e+00 9.762531491681406548e-01 9.346661002458248602e-01 9.759887772511015580e-01 1.013724265679830205e+00
9.964759529979647645e-01 9.836807143153935007e-01 1.035717564381718026e+00 9.832348588330673822e-01 1.043630164880085198e+00 9.968212207553450721e-01 1.038072181927099713e+00 1.037181720028620635e+00 9.727777980887339915e-01 9.674222259892305553e-01 9.700442279245968802e-01 9.826333322795554048e-01 1.041750678870674296e+00 9.544973281847057844e-01 9.436365910187972661e-01 9.899814120147257812e-01 1.033939292655728259e+00 1.031030862812948978e+00 1.013964706100667579e+00 1.009340367296334806e+00
6.773776273453774310e-01 5.008201020179076091e-01 5.482221178112808291e-01 6.487913986816091771e-01 6.112956614457243365e-01 6.189661842255314017e-01 5.460353476021538865e-01 6.242220643256281010e-01 6.296372063060823310e-01 4.316787479929621307e-01 6.834587893140781079e-01 6.555824750191681094e-01 5.009420883720028250e-01 5.663029688818443930e-01 9.215158527963617230e-01 5.608944686353433129e-01 4.311428358527300553e-01 6.487709636324792140e-01 8.509974747206238144e-01 6.169744256124296555e-01
8.116664416529412174e-01 9.407097726145728922e-01 6.424701118840244751e-01 6.956540308205829692e-01 7.653109771441859444e-01 5.314832999556773352e-01 7.797845971704627788e-01 4.421427407660338260e-01 7.064131962950168653e-01 7.697905795728698930e-01 6.569938659306587825e-01 6.319440553107062986e-01 8.549593809837816583e-01 6.801715445209997046e-01 4.626777414196472926e-01 6.647578914347563872e-01 7.324222366807155993e-01 4.537368275314157540e-01 4.450581922939652602e-01 7.308054441572300330e-01
6.604995049603358259e-01 9.118004889576269978e-01 4.200993911705354633e-01 6.346694347972324790e-01 6.138929702316412440e-01 4.662082466086801547e-01 5.152863642211314987e-01 3.619338907561879815e-01 4.235879224308414792e-01 4.109834301467073514e-01 5.747465925698713729e-01 8.301595748938646047e-01 7.389446036180546962e-01 5.267983130783402412e-01 2.459638698853592043e-01 4.762365717647885632e-01 6.312479115391733675e-01 4.481141780113201412e-01 4.620733359225043801e-01 4.489828887877587715e-01
-2.498604827091770522e-02 4.736518183952301286e-02 3.549502121098237293e-03 -3.473141377642856992e-02 1.622188192854664632e-02 9.364324881587787405e-03 8.316196092297642450e-02 4.105211218269439952e-03 -3.730967935541085190e-02 3.570552586871313799e-02 9.425557580164424520e-03 1.854847021511579416e-02 5.235758949207731938e-02 -4.521403593677783550e-02 -6.937566641488876473e-02 -5.948257284441892806e-02 -1.407601781482834685e-02 -1.470387425283832886e-02 -4.926742632872620903e-02 1.551048448462566745e-02
6.261692294158942573e-01 6.678503721759608824e-01 5.441773900688815502e-01 5.939425796098654065e-01 7.364887573448377633e-01 6.612624027785503067e-01 3.928618662517546212e-01 7.940345086568832977e-01 4.444524782887193104e-01 6.221107369475580295e-01 5.591001538143153260e-01 6.093186138269869323e-01 6.449707161325478610e-01 8.076647796565018522e-01 6.801731409623755775e-01 6.105014952202157952e-01 7.332935311253968580e-01 7.148922485594629839e-01 6.581970429770958031e-01 5.762533265989255860e-01
3.303155646182213689e-01 7.007026487382109758e-01 5.733361678932114014e-01 6.524644583555903044e-01 4.568270283099669093e-01 4.121002182659708746e-01 5.429899569553404692e-01 3.278144117838344695e-01 5.136046880216061927e-01 5.669617991672756263e-01 4.684790879086704884e-01 4.313237075967690792e-01 5.808764371027045348e-01 5.478937742992182613e-01 2.123916260952635471e-01 5.722003104908240934e-01 4.991390867598415326e-01 4.040204333605497689e-01 3.836608172117380033e-01 4.666168901325004059e-01
7.509062044581112927e-01 8.672147524429957288e-01 9.105161062875535283e-01 8.071746040914885567e-01 8.679636329977954423e-01 8.835907117462830085e-01 8.208199624939838124e-01 9.596320060281452458e-01 7.478070167849530936e-01 9.128384605749954028e-01 7.458662089961766162e-01 5.512073042221773411e-01 8.247772997653484151e-01 8.685526382080034358e-01 7.755140490779313112e-01 8.408259134236591992e-01 8.365136656399557724e-01 8.866310567300800249e-01 8.023957569937594236e-01 7.897202097359264927e-01
6.755758558341554143e-02 1.404966262442007841e-01 1.293649059506404020e-01 2.357949651924320378e-01 9.142473023931935172e-02 8.658105401486742431e-03 1.336213433945733775e-01 -8.266924519113773295e-02 1.898790770974788933e-01 4.591767312361462461e-02 8.581956678536410699e-02 4.951858595488115022e-02 8.785966422849800228e-02 7.541308206014935012e-02 8.268640951758152169e-02 1.529871397284545721e-02 9.856467864867397149e-03 3.885787585706510644e-02 1.310820858381971377e-01 2.148858038785770100e-02
3.441026452089401277e-01 6.111422618998573197e-01 2.770826110992848923e-01 4.229760730018772841e-01 4.382312802899694382e-01 1.938655878977700309e-01 3.269499232682530621e-01 2.896941941122234132e-01 2.860202751810742572e-01 2.718766336791195171e-01 3.610346389012841217e-01 3.236082888570517291e-01 5.110278526478215788e-01 5.465329857489442666e-01 1.855877065616595156e-01 2.613141661091810120e-01 5.371881343455024993e-01 4.187178353339534032e-01 2.616624886471183853e-01 3.083453874895527580e-01
6.021156765289655821e-01 8.567432021778027540e-01 3.908759163156725891e-01 6.158917970490415117e-01 6.419916883603048463e-01 3.997182284008329867e-01 5.531121614146391474e-01 2.991992315272087866e-01 5.212337717198900489e-01 5.109292051769551701e-01 5.482660382003756716e-01 6.907519054270540027e-01 7.205599240231829183e-01 5.106632403549549171e-01 3.653538871844799196e-01 4.187145775952599847e-01 5.772731375372581741e-01 4.081627034365936102e-01 3.886550478574513634e-01 4.798907305665243705e-01
3.680926069876190865e-01 6.386153354738207666e-01 6.748491458294978429e-01 5.298167040140820960e-01 5.524194648741168612e-01 4.496871648695711654e-01 4.421596087347182680e-01 3.308980090286887110e-01 4.764959479746052606e-01 5.706854692215334035e-01 4.504173394869864233e-01 4.731937155757677815e-01 5.836927685731481130e-01 5.889375384870121355e-01 1.609009777075917358e-01 5.198503857243135240e-01 5.686766678635952754e-01 4.351759404663376740e-01 3.787483941838698520e-01 5.066010320136913325e-01
6.494212303638742245e-01 7.946834601067312986e-01 7.692529042912401582e-01 8.524060498386102358e-01 7.393575743971011471e-01 6.885247997999631719e-01 5.060957290910914619e-01 7.975345710178683989e-01 4.678412362924833645e-01 6.943271586190913336e-01 7.408173426080377766e-01 6.012335321771206109e-01 6.843351019833483484e-01 7.034474356665391115e-01 6.111161913108604793e-01 5.315694600994016472e-01 7.023509455320454675e-01 7.839125588269079126e-01 8.249740932350634326e-01 6.299631513849609510e-01
7.002263844866989384e-01 5.747801922185267198e-01 8.341110885614327897e-01 6.697923271966367276e-01 5.588863717236437489e-01 7.838330406996981692e-01 7.052089168976323208e-01 8.610422449113894761e-01 8.857569629305324099e-01 7.418856277583519843e-01 7.351545471731603110e-01 6.826922507930354156e-01 6.067880367382950668e-01 5.340265891334161630e-01 9.700646634805117907e-01 7.293534135560755249e-01 4.809044917025908639e-01 7.298946999577087258e-01 8.489110286328481747e-01 6.867154477084540520e-01
6.892084170066919979e-02 2.170219893863378491e-01 3.093021003187768070e-01 3.691179180523355141e-01 1.866531059322563690e-01 2.396271298916600179e-01 2.738952200361451927e-01 6.760757749661132354e-02 2.986858757505904127e-01 1.322351889824886217e-01 8.943722017587009410e-02 7.953954888996632444e-02 2.367767426034656508e-01 1.622053623105705888e-01 5.165407645636836687e-02 2.035334991920603742e-01 2.007481127806159948e-01 1.564269128798145836e-01 9.862519760344717890e-02 2.340995303953546103e-01
3.845033162802901638e-01 3.608342613781963526e-01 8.060336849192589748e-01 6.018656824798566118e-01 3.930878213696931689e-01 6.273074223919398174e-01 5.220394389613155495e-01 6.495951158610092646e-01 6.516612830159357328e-01 4.821667221811261062e-01 5.159816393773994925e-01 2.402171282931437890e-01 3.703169201684099465e-01 4.751019196030867309e-01 6.681117534791305435e-01 5.904668736389963035e-01 3.212140814889421492e-01 5.675409282131922417e-01 6.392450747366945629e-01 4.626935578721547149e-01
2.608974320583425932e-01 2.059400165424437601e-01 1.776163666070244007e-01 3.361284889369328677e-01 1.640704309705673103e-01 9.711686833994798151e-02 4.163353545801703470e-01 9.398832797764680724e-02 4.425447505074640020e-01 1.512576144075475915e-01 2.669871118619888684e-01 4.876225814873390574e-01 3.478119006819938019e-01 1.593344856895585471e-01 3.299131994106319077e-01 2.169771098061536452e-01 2.055203106849158023e-01 8.720282381707125663e-02 2.586597437356435991e-01 1.923834092856879507e-01
3.526324005386052285e-01 3.418886726349157912e-01 4.717198122141803562e-01 3.785994128904920375e-01 2.764591925338774070e-01 2.560481837230687008e-01 5.780094419291146313e-01 1.743234541792637871e-01 5.796135368875742211e-01 3.080712743666237374e-01 3.736827246663300128e-01 5.041119395220032828e-01 3.325260006167526927e-01 2.874560708185016633e-01 2.976432570713942183e-01 3.692223249425136689e-01 2.413934539139139246e-01 2.467483018623718716e-01 3.282965281957622161e-01 4.411763930982540716e-01
2.530909445161161897e-01 5.227434737525662456e-01 1.741021882331426074e-01 2.724556766373366079e-01 3.758349349810903295e-01 2.371602305036758507e-01 1.548159425620062313e-01 2.297447622284476410e-01 1.444377130711342050e-01 3.586124430060007029e-01 2.502249485370501847e-01 2.999684206046496215e-01 4.096467157953864180e-01 4.175973843778142403e-01 9.970916732441785502e-02 3.048301480137090014e-01 4.314938731136023220e-01 2.811700867617770161e-01 1.421658972595672976e-01 2.980911404794784891e-01
5.781815713825606551e-01 3.347550830666132793e-01 7.012858787017395290e-01 5.655887700037852683e-01 6.686639658137396580e-01 7.955400742682698922e-01 7.165448739500371866e-01 7.434157738360193113e-01 8.095347705819567752e-01 6.740953664859249406e-01 6.295454697879324657e-01 6.790689154249156534e-01 5.975147026466978151e-01 5.768213889326493371e-01 7.629486196917628638e-01 6.901050302398086256e-01 4.884920581589627941e-01 7.454574486727730820e-01 7.773235063061143535e-01 6.489780539824263617e-01
3.300790536287876442e-01 1.292078137775348745e-01 1.441001957872321826e-01 1.743195581000294703e-01 1.462914494978695967e-01 9.980342224884514168e-02 1.426338288201050020e-01 8.173172989640566100e-02 3.317062080919615519e-01 6.457070705301500013e-02 2.556520705912634917e-01 4.002108922169716476e-01 1.843791952262283096e-01 8.375090013573131820e-02 2.718969333599815519e-01 1.377062928292084043e-01 1.355335998356712590e-01 -3.337898510381090422e-02 1.397293108967019026e-01 1.766784569705514008e-01
3.003164716277875734e-01 5.503577813534062946e-01 4.055952188030561012e-01 3.893269402285008951e-01 4.458959000151390129e-01 4.132225561196741226e-01 4.332507596488034962e-01 2.939162513297124413e-01 3.736350726860496185e-01 4.358141750514756274e-01 3.634150349046076367e-01 3.090901053091507644e-01 5.386335630349348147e-01 5.099363206521165814e-01 1.709086838383973017e-01 4.694895674551627374e-01 5.879574643753443519e-01 4.096226979224408260e-01 2.097478701606909079e-01 4.221922249978050101e-01
7.583722347813906528e-02 2.338355382005953276e-01 2.907274931179286148e-01 3.295500637740639283e-01 1.019573506349161357e-01 1.765516139933031303e-01 2.766153512918009261e-01 1.623559246187342153e-01 2.295653572132780318e-01 1.660356212562182354e-01 2.242023269876560754e-01 1.518924323122388675e-01 1.730449741595757873e-01 1.118211452465555922e-01 1.012912829015407412e-01 2.387772216859676000e-01 1.364365683275782504e-01 5.797471945700078538e-02 1.438649729114929443e-01 1.931081189949716559e-01
3.967908149695768549e-01 6.481483767124286421e-01 5.567892286921978240e-01 6.102396790712614205e-01 5.655225190843201633e-01 3.947096095392477744e-01 5.386056394083970078e-01 4.330740537466013507e-01 4.200784968053211110e-01 6.187396017366324497e-01 4.456368210964346543e-01 3.782222723281127297e-01 5.511636925504763695e-01 5.063336003605091173e-01 2.659715165852122309e-01 6.090783524112003411e-01 5.511515089145250235e-01 4.501040878121808086e-01 2.820320425896982175e-01 5.480939073336827949e-01
6.434106505245570373e-01 3.602707669891827558e-01 4.437403684030146733e-01 5.086087058281795192e-01 4.676584831098802852e-01 5.161390971220320978e-01 4.994779887035818988e-01 7.248543135788533265e-01 5.228692778273071884e-01 5.020695921875506507e-01 5.495082003839828477e-01 5.880586931741482726e-01 4.602102185871567164e-01 3.980465691012383678e-01 7.864732977466867281e-01 4.862908918274652104e-01 4.200418000645657624e-01 5.516254595815222039e-01 7.365671728503916382e-01 5.319223104349001252e-01
3.667403895330522134e-01 5.063453090958376368e-01 4.347406607711244986e-01 3.125464418735419692e-01 4.982108437091652409e-01 4.527363697455056291e-01 4.274963768358657212e-01 3.851660589848731608e-01 3.744547526441739382e-01 5.469411846312871583e-01 2.795118871167268648e-01 3.355667054654103976e-01 5.096250184846367048e-01 4.989778118792493333e-01 2.601598704075335777e-01 4.819782377819892827e-01 4.924164515038094714e-01 4.421992090811809883e-01 1.876826187576673965e-01 4.322470056626123158e-01
7.118107806079366773e-01 8.966671800888790234e-01 6.454151705843322873e-01 7.106762190567053050e-01 6.949641574253579979e-01 5.348584391422653850e-01 7.635225726615998409e-01 4.110968623352363460e-01 6.914046953430854625e-01 5.279819721243543817e-01 6.925501041423071102e-01 7.469193085513228247e-01 7.960395085828643191e-01 6.311276792866433727e-01 4.408177724774297035e-01 5.684418330861267243e-01 7.199574666996191308e-01 5.804882197382078557e-01 4.616266702908412012e-01 7.044427109863188319e-01
7.708294799152206611e-01 5.158148074144732753e-01 8.005675603848110278e-01 7.839851205299283032e-01 6.580293872289818546e-01 7.524864365964397672e-01 8.177273807985808718e-01 7.673647441460282881e-01 8.899458733377589859e-01 7.275531391010570115e-01 8.051127807381838197e-01 7.196443430360809357e-01 6.434971181365277682e-01 5.957103676350072874e-01 9.026191010075000909e-01 7.706427377825268987e-01 5.137883010311974363e-01 6.932869754233573767e-01 8.670467591357118309e-01 7.401307828183322224e-01
9.487373502847983309e-01 8.753913423909668312e-01 9.354263693217663711e-01 8.698629544276570424e-01 9.449481147477285514e-01 9.790070043468368510e-01 9.402639595707004139e-01 9.206184719731448363e-01 9.275000076844971408e-01 1.008499991556655484e+00 9.642138497326956381e-01 1.004709839000633931e+00 8.870613606512660620e-01 9.403550121830451802e-01 1.014039710749138568e+00 9.243543056727498985e-01 9.370077098179301345e-01 9.907392106871936166e-01 8.978343924300539181e-01 9.582470063089981727e-01
6.372996847765872719e-01 3.444575722748731139e-01 6.366894916334765453e-01 5.735581581853037569e-01 6.383672036691918628e-01 7.893144468057590180e-01 7.057741595134152668e-01 8.291760241764980499e-01 7.839907313340658268e-01 6.311535570312851728e-01 5.543967003786485215e-01 7.269479634279186753e-01 4.983623602744174375e-01 5.016449154058681970e-01 7.765712365163697228e-01 7.168449171743238590e-01 5.061453964859867760e-01 6.359234570210663406e-01 6.719495232636727433e-01 6.467388994080194298e-01
6.757873385161485835e-01 6.728763773602057796e-01 6.724058183014901546e-01 8.144736664678752236e-01 7.480864686485496629e-01 6.607425837580535033e-01 5.712093875576457203e-01 8.470524162890061826e-01 4.441748570397903162e-01 6.755840309232497010e-01 7.206806404122708676e-01 5.381655654900872054e-01 6.647967634353106892e-01 8.208748511204848608e-01 6.275693610757558938e-01 6.440407983051389396e-01 8.377231991165904335e-01 7.824086162463752547e-01 7.890912191423122835e-01 6.528062723543011092e-01
3.809396089028959098e-01 3.330023860749189990e-01 7.041048646744941797e-01 6.399055809323415112e-01 4.970805134947861581e-01 7.189940901265247097e-01 5.519148127711543950e-01 6.435510086887109571e-01 5.961173979286100710e-01 4.754863879230912249e-01 5.944249874477991469e-01 1.343615340214856513e-01 2.789337269227546434e-01 5.211525284224381993e-01 6.617776784199124185e-01 5.126064242722594422e-01 3.366400766458185201e-01 6.902784277372382427e-01 7.776640019055838238e-01 5.706907936721981045e-01
2.817310796262618988e-02 2.018703775943690992e-01 3.609364712186854951e-01 3.462500132668572816e-01 7.832404691842378974e-02 1.288381925308718645e-01 3.134215864075978186e-01 8.631507872302329742e-02 3.095217012338991602e-01 2.957053117258295893e-01 1.659851373491966486e-01 5.338402441343952781e-02 1.235876603379496563e-01 2.201916537137738050e-01 1.455445564268106895e-01 3.303043827757360384e-01 1.532956969517105250e-01 1.776145710916180454e-01 1.295504881808589859e-01 2.702783008881990967e-01
6.652565715138174518e-01 4.913531246664843422e-01 5.793422596154463866e-01 6.509370220724703948e-01 6.313702073839000395e-01 5.643968166642917561e-01 6.235891426725449493e-01 5.306276544496301151e-01 7.079518039878945901e-01 5.349593105052266040e-01 6.754821009758051886e-01 6.963357693492436828e-01 4.704815336689360805e-01 5.623472142213737923e-01 8.147475316875077977e-01 5.689885350525425434e-01 4.193089450637009774e-01 6.709858640994442736e-01 8.468112400526024430e-01 5.677542197467706497e-01
3.906342003890984627e-01 2.618910763400240094e-01 3.615288613653828698e-01 2.470605068487950196e-01 2.611325242237357847e-01 3.877884933145241964e-01 4.680611045325978603e-01 1.254993554052298566e-01 4.686046175381122780e-01 3.560850118756985205e-01 2.526575065248293783e-01 3.627312193539533047e-01 3.988229439505143192e-01 1.316198451657557833e-01 4.273004706633128924e-01 3.990007422313041618e-01 2.177358235938893494e-01 1.914092304208305506e-01 1.026539611012403791e-01 4.090948450754406385e-01
9.218491527239550676e-01 9.094881711441185068e-01 8.464847240482997748e-01 8.718009240265129911e-01 9.003799296999057677e-01 1.013024309693016267e+00 8.618903432237314810e-01 1.003227995577210541e+00 1.005952932862344662e+00 9.572753767796580160e-01 9.819782452610006374e-01 9.043604872816893847e-01 8.529483000610288412e-01 9.443971778109574444e-01 9.704877221860075398e-01 1.059404920372924774e+00 1.067728247658269902e+00 9.171062526172154561e-01 8.634021685978935379e-01 9.476481451227654063e-01
9.160519576950180154e-01 9.822407343905674715e-01 9.865715530522398691e-01 9.605654853608753818e-01 9.937915651970734565e-01 1.057764658732849972e+00 9.563742294598708282e-01 9.421165290392625735e-01 1.063692025066785174e+00 9.815053390885253304e-01 1.007966396945888521e+00 9.439676698879464478e-01 1.013722936960720800e+00 1.037808138746268982e+00 9.856187258211202007e-01 1.016397011849413223e+00 9.682721527524817962e-01 9.515895662086931717e-01 8.892776362517500477e-01 9.611921089468788981e-01
8.145274290655400984e-01 8.318450525405403084e-01 8.990569559038144032e-01 8.402375623048572439e-01 7.533309231224116775e-01 9.122435165934656975e-01 7.115405293447101265e-01 9.512786829540806899e-01 8.315079215460314810e-01 8.376424284269498033e-01 8.317386691017694123e-01 6.862831451063211574e-01 7.772978586175186555e-01 8.679946504773919935e-01 8.366853963079760037e-01 7.771073790003952819e-01 9.550197383348907332e-01 8.796294891698850371e-01 8.288187893980460963e-01 8.463487619336887979e-01
5.497673323967202652e-01 8.456163079280368811e-01 4.321253286614236133e-01 5.067353861233059309e-01 7.027366348400450047e-01 4.755908027096107937e-01 6.648054517856731849e-01 3.654899435542230401e-01 7.258096686081670912e-01 6.665079284418454764e-01 5.832084884204170594e-01 7.440501347342568517e-01 7.255434731209616794e-01 5.988837461479391555e-01 4.449671192786999740e-01 5.839204898599971161e-01 6.922033844503803213e-01 4.744795414784195309e-01 3.020933054254633099e-01 7.244778348586103922e-01
6.393914955486903473e-01 3.410023438451566524e-01 5.842722402474526122e-01 6.231856392888168727e-01 6.332274693215703687e-01 5.756125612635895061e-01 5.892907095965417286e-01 6.846663901216939463e-01 7.367325262929258489e-01 4.373016240822843459e-01 6.848693887965234817e-01 7.012193116717559960e-01 4.319788245746941091e-01 4.989987767042808886e-01 9.444289061217023828e-01 5.582308237480655411e-01 5.495206226391222692e-01 7.268259140736494928e-01 7.958112453546590803e-01 5.286994895525841676e-01
5.322717142831338011e-01 6.734681470433241390e-01 2.922505080438601022e-01 3.835364718421311880e-01 5.420265303874927110e-01 2.648385386603925862e-01 3.727781945767239535e-01 2.932913254967118855e-01 4.311450501812731373e-01 4.481776658293306070e-01 5.331666454697507884e-01 7.626885269813798995e-01 6.863037284973609875e-01 4.132358982572346684e-01 3.934154117411306495e-01 4.347416736862432241e-01 6.198264621804613350e-01 3.791420745628857891e-01 2.711287614023917270e-01 5.226612960406530339e-01
3.639933788695853822e-01 5.331586963390188005e-01 1.827880458767821570e-01 2.127549296555224234e-01 2.896136709057042791e-01 2.262047600713616158e-01 2.305841062584665091e-01 2.954736909628724595e-01 1.247658395616618593e-01 3.035428335702453628e-01 2.032373208181847413e-01 2.620096960219325255e-01 4.625629861054112446e-01 2.280232002982710560e-01 1.264570107031556812e-02 1.745748327930059518e-01 4.795743861519161655e-01 3.358324074005905602e-01 1.767390720543080829e-01 2.364732883971320532e-01
