9.499865384742202101e-01 8.055375216957285645e-01 6.800225099441120635e-01 9.628746894189722516e-01 8.869255003097689105e-01 8.582570327135314869e-01 8.102801426897004999e-01 9.217627676105513146e-01 9.178345729775213568e-01 8.223838640615956930e-01
2.598210366129949933e-01 1.872476497446584620e-01 4.111669010403293800e-01 3.007518496581640388e-01 4.476185367262727199e-01 2.765027691188586823e-01 3.853288139286167313e-01 3.074546197743676101e-01 1.977294739167876902e-01 2.457973634595136958e-01
8.256100561698921370e-01 4.495336754085567654e-01 6.079025910449314951e-01 7.016871452227824157e-01 7.475288252068363892e-01 6.776736764668584989e-01 5.597629719776371360e-01 5.215117453922272217e-01 4.451935009455939007e-01 6.415330861902670545e-01
5.163507426517981863e-02 3.310517093583512094e-02 2.196319803396975523e-01 1.442320868297143621e-02 1.044042395826085823e-01 2.304487941245434990e-01 1.614297053338122900e-01 1.128442633865767014e-01 2.803873478496238247e-02 1.307779701939806860e-02
1.802420985266485476e-01 1.640059615548550842e-01 1.235809616943491507e-01 3.510112933707819072e-01 2.892577159371066409e-01 2.341724551860483450e-01 1.287191418978431978e-01 2.454125959561032633e-01 3.908040806652045285e-02 1.462101804416046646e-01
2.339426922835172451e-01 5.865279767304529823e-01 3.012401960180291494e-01 2.894006247112871355e-01 2.383793188600311086e-01 3.576311484009488395e-01 3.546574220758306195e-01 4.477547666331942455e-01 5.135060047623585255e-01 2.666733567288178675e-01
7.880103571601587698e-01 7.847594103909045771e-01 9.085197518934768901e-01 6.544990901949556683e-01 7.327549960309014399e-01 8.567097108630896685e-01 8.193936801615454568e-01 9.246742211067244810e-01 8.078649638530366328e-01 7.681517388384662137e-01
7.610200283747933225e-01 9.465915301162891593e-01 7.366521501025595775e-01 7.688375902733849410e-01 6.978951686358031425e-01 8.046042227402613323e-01 8.528327866276619318e-01 9.644133608005880376e-01 8.983206564637511438e-01 8.230562344478855596e-01
2.703681465854096966e-01 1.175916638241751716e-01 1.256694689689233368e-01 2.586561899212391213e-01 2.070429687535007002e-01 8.039696272408441979e-02 1.678443419089316324e-01 2.640787317125935507e-01 8.470170975865118357e-02 1.433103703163131071e-01
3.605301217045195905e-01 6.886577184906071958e-01 5.258638284173176025e-01 6.077724299619714499e-01 5.370399484302146309e-01 4.655679025596713982e-01 5.683502616350973868e-01 8.394352180649197193e-01 6.716021034073925700e-01 5.023387615039481835e-01
6.728221684230590860e-01 7.918790723212800753e-01 6.080667746597000489e-01 7.032785694965526524e-01 6.407917030881963294e-01 8.679286503041068190e-01 6.886430658107189906e-01 7.321998581637730874e-01 8.228190061479468964e-01 7.702246833394099657e-01
2.987202441765864913e-01 6.316972681437251769e-01 6.303270766346148468e-01 2.977503464631728880e-01 3.529415505403893927e-01 4.927423563205288182e-01 5.220459672580438637e-01 6.217384791032358748e-01 5.471843936253990570e-01 5.397014273273805784e-01
2.488684957110016693e-01 1.026344906523196099e-01 1.069216153491435312e-01 2.184332503708844575e-01 2.274605798004389334e-01 2.256842311562543557e-01 2.563299067792930153e-01 1.695473684649342061e-01 9.072204828805360832e-02 1.658012579619794480e-01
5.227867053715385959e-01 2.204135244229328272e-01 2.243455997376230804e-01 3.200343657628841876e-01 3.513089309299393670e-01 3.875137547033309926e-01 3.424815542473763075e-01 2.478222497076602304e-01 2.449822556779639449e-01 3.576317628300663687e-01
1.000000000000000000e+00 9.896905193497039788e-01 9.533588162618703565e-01 1.000000000000000000e+00 9.274625148435865496e-01 9.621809959148712732e-01 1.000000000000000000e+00 9.561112574659093033e-01 1.000000000000000000e+00 1.000000000000000000e+00
8.166121935275294508e-01 7.727062475290605859e-01 7.507186149710634027e-01 8.835636491132237147e-01 9.060721814974493915e-01 9.387999133569256971e-01 8.293246972373301551e-01 9.459845884404900485e-01 9.301149139568860580e-01 9.079449171154366782e-01
4.591104267715953591e-01 6.636444909308011897e-02 2.354529053044847331e-01 4.471878739488220345e-01 3.133662414288693743e-01 2.971749272433451550e-01 4.294540942692228191e-01 3.087031573987363831e-01 2.365401757757224777e-01 3.733707345072374562e-01
9.508384307892178144e-01 1.000000000000000000e+00 7.622024527324268162e-01 9.718005230470287970e-01 8.805269242333991775e-01 8.473243442736385633e-01 8.093633526952902502e-01 9.515061326261899932e-01 8.707373977263179743e-01 9.129657643543360734e-01
1.000000000000000000e+00 1.000000000000000000e+00 1.000000000000000000e+00 1.000000000000000000e+00 1.000000000000000000e+00 1.000000000000000000e+00 9.559378800946592980e-01 1.000000000000000000e+00 1.000000000000000000e+00 9.771280222697988904e-01
3.048655401359846584e-01 6.839066337746652069e-01 5.825155125790298927e-01 4.039633837897905755e-01 3.398512637801034408e-01 4.551934850502701302e-01 5.874447126332899005e-01 6.664061083919703421e-01 6.331331025011726066e-01 5.452835087855155694e-01
3.751537695483472268e-01 7.473738590188578890e-01 5.405972837253385510e-01 5.610794995425664178e-01 4.578986680822027533e-01 6.044901025068050160e-01 5.578245638251870808e-01 6.701005773065230597e-01 6.960276176246065205e-01 5.688308688383773015e-01
3.060425260994911190e-01 6.593367895848212257e-01 5.960315623765812809e-01 4.278336694146801511e-01 3.694495314372562289e-01 5.405527309493710630e-01 5.453290490291741177e-01 6.005697924550706945e-01 6.891304523456189823e-01 5.208625725965778663e-01
6.445759295343849171e-01 3.029244006202192474e-01 4.275759219556496404e-01 4.086632336284426459e-01 5.142282216134057560e-01 4.289484195556466650e-01 4.499024230862367357e-01 3.567478068884497588e-01 4.001966390804793106e-01 4.781962605513851994e-01
1.000000000000000000e+00 1.000000000000000000e+00 9.369167464069427798e-01 1.000000000000000000e+00 9.801282034543516986e-01 9.537786408766469881e-01 1.000000000000000000e+00 1.000000000000000000e+00 1.000000000000000000e+00 9.873973035883591987e-01
6.624044511922694278e-02 4.293368360616730411e-02 2.986397610609565212e-01 4.375761319501053626e-02 1.756210331587224061e-01 1.060278964016053566e-01 2.385791201747765600e-01 8.431247725474505517e-02 3.334626264822793812e-02 3.078452988943387869e-02
7.915586122557649595e-01 3.912424937670389569e-01 5.232989106672042423e-01 7.847395635759522037e-01 7.850272603938417415e-01 6.147517554032972953e-01 6.113613499773810078e-01 4.576916617424395262e-01 4.361865614738789088e-01 6.280398619276146288e-01
9.323149812012352378e-01 8.412675538567131461e-01 8.070168466245806194e-01 9.318750808517647366e-01 8.021097581230407503e-01 9.264210836387259951e-01 7.946724707193510984e-01 8.528607754733285029e-01 8.878363561734450293e-01 9.117367502649486033e-01
5.613585333063746130e-02 1.413019268460632971e-01 2.269040718794549938e-01 2.067170322988823306e-02 1.625350292596088042e-01 1.549584818440352951e-01 1.669470661761266184e-01 5.992891111282005329e-02 1.177218694434122026e-01 3.733960908571679060e-02
6.150322465748955247e-01 3.026788537011292912e-01 4.803791278682255639e-01 5.773218357689572366e-01 5.827409509156729062e-01 6.350839010946577323e-01 4.331418607055412817e-01 4.575243425855569646e-01 4.118092396065632377e-01 5.103529781052716929e-01
5.133210490594660724e-01 2.675099999556177499e-01 4.962103546473581872e-01 3.687869508507037875e-01 4.885578958208572353e-01 4.796890387172850212e-01 4.253422929805267261e-01 3.324868906522253087e-01 4.012773964733614696e-01 3.988678027587776453e-01
4.645478330745315132e-01 7.067097135498411342e-01 7.613687478916137952e-01 6.620831745716772021e-01 6.625131517361416700e-01 6.047611537988639707e-01 6.571901461070426276e-01 7.487543766356448138e-01 7.178676275527995365e-01 6.825071863061011879e-01
4.484083634267332918e-01 6.828670003065049343e-01 4.657654904207056967e-01 5.803935331189218338e-01 5.034225322321402851e-01 5.480226255627267395e-01 4.848095783977908191e-01 6.966778818028249720e-01 6.995035100435473829e-01 5.398268467515122682e-01
7.119326321819445802e-01 8.449720372549514025e-01 6.025590984526674188e-01 6.815648703022327837e-01 5.539479936413423955e-01 5.937174113217575933e-01 7.211890454486324931e-01 7.544708178234784679e-01 7.517712343566071986e-01 6.769875549697663697e-01
5.202031839538303615e-01 1.979926456058621054e-01 2.172598090750895716e-01 3.983187700749556415e-01 3.810938033966278504e-01 3.215371928258724532e-01 3.608632959445522981e-01 2.558366278327501298e-01 3.186344019758851065e-01 2.813720814985778418e-01
1.033705617923730141e-01 1.768421057571997745e-01 1.909101238671617184e-01 8.488474017579789033e-02 1.655174830046117762e-01 1.275858711409584290e-01 1.715582682649923751e-01 1.633848307867805105e-01 1.346214927272922079e-01 1.572928615413969056e-01
8.497186004043364438e-01 9.929020172809468470e-01 7.603993988549965222e-01 8.561328708374030816e-01 8.379408526655225398e-01 8.935513523662996782e-01 8.232933126671232449e-01 8.965802351666509740e-01 9.955451418129848129e-01 8.849599321926348017e-01
5.092516406594291833e-01 3.174112828804559472e-01 4.418578476884749140e-01 3.671064874436060776e-01 5.102677948506152417e-01 4.802723667375208838e-01 4.549693622074483246e-01 3.492625625110994392e-01 2.906175235329273021e-01 4.647772406395114797e-01
8.705650917686472701e-01 8.110417686644818547e-01 8.164991714606284479e-01 9.659891601800550953e-01 8.512596917467987190e-01 9.097151590966151558e-01 7.941324551324685510e-01 9.027643563812794980e-01 1.000000000000000000e+00 9.088401910333472333e-01
4.775126819567730996e-01 2.195054676427813378e-01 2.148022318315087054e-01 3.562318035525233739e-01 2.886816240282644719e-01 3.196448956721993917e-01 3.046925162655705899e-01 1.507235926338359455e-01 2.559517024235367089e-01 3.334966865834189664e-01
4.312567358477243928e-01 7.819548836449565776e-01 7.484817542324603279e-01 6.735907577384631084e-01 7.223796847773983343e-01 5.898888204982650763e-01 7.268810797082949637e-01 7.977396084443719726e-01 8.022073957069312256e-01 6.486453198329038550e-01
9.846726825563196783e-01 1.000000000000000000e+00 1.000000000000000000e+00 1.000000000000000000e+00 1.000000000000000000e+00 1.000000000000000000e+00 9.445894973309096887e-01 9.843582594673293551e-01 1.000000000000000000e+00 9.972073991364567291e-01
2.184397412800682670e-01 6.045750833584859762e-01 4.324944081335115875e-01 3.389630780960563583e-01 1.991032076457849298e-01 4.456449789533917238e-01 3.635225850440186313e-01 6.119857347145162274e-01 5.366882608477877570e-01 4.289651131978208798e-01
9.182893934649731804e-01 8.908708488444726514e-01 8.078520902869598119e-01 9.799609714531550830e-01 7.626819270314949550e-01 9.381076171141572440e-01 7.666542296514489152e-01 9.185526364171953118e-01 8.537560239119609262e-01 9.129326387201580628e-01
6.791830666021806406e-01 7.936365811791540326e-01 5.559299372476271817e-01 6.046310317966255843e-01 6.533655606250643455e-01 6.838728036641406050e-01 8.060819571705577502e-01 6.980036665596305312e-01 8.507779230971237450e-01 6.838626008512915799e-01
0.000000000000000000e+00 2.039642275355565623e-02 2.273757382731459928e-02 0.000000000000000000e+00 3.651132797730808482e-02 0.000000000000000000e+00 0.000000000000000000e+00 3.324706182851770719e-02 4.274571161685437881e-02 0.000000000000000000e+00
5.095799718903584186e-01 3.175845951356216501e-01 5.388049423330907306e-01 4.465034857913112165e-01 4.314521260170477435e-01 4.201766786784220109e-01 5.128048272932159701e-01 3.679256366894401165e-01 3.660439079499749893e-01 4.684368207101164971e-01
7.819529600709361761e-01 8.918298276455632889e-01 7.953860282648719249e-01 7.708165696935895816e-01 7.943778743768130646e-01 8.814655507422144431e-01 8.716008106515480414e-01 7.470460210658496081e-01 8.495239175031727985e-01 8.112597046966832925e-01
2.758634975386965449e-01 1.164942999403482393e-01 1.675760748525112753e-01 2.997768652897909725e-01 1.712142582095292354e-01 1.206716461101591253e-01 7.851497277036759148e-02 1.458151819523755832e-01 4.915784798376794662e-02 1.693418269825026357e-01
7.749231225859029015e-01 8.338691818332149008e-01 5.935041168799837230e-01 6.832416538260502881e-01 6.364510477149215584e-01 8.236316033364426969e-01 6.995252911548648367e-01 8.128209042420370123e-01 8.534267562588362388e-01 7.148891238130922199e-01
8.943626866080962856e-02 6.055454250509050285e-01 3.134971098571333603e-01 2.960252224984871172e-01 1.902836369079523027e-01 3.580569354845524188e-01 4.406543627047166956e-01 5.189210685672197565e-01 4.777129272065800403e-01 4.581952511671087414e-01
4.134970134965570976e-01 6.439190062447611718e-01 5.994647513563509111e-01 6.561414115983047468e-01 4.669442482246833892e-01 6.348344747133849442e-01 5.088852578739875288e-01 6.810279598940557344e-01 6.809388923432387886e-01 4.996498243002722717e-01
6.713558231735566872e-01 2.932633551687865436e-01 4.608790240166283914e-01 5.577589078997982064e-01 5.741860727811660681e-01 6.479421637134221701e-01 4.691538593935531409e-01 3.977822476587038469e-01 3.659010694020471410e-01 5.161227650346642548e-01
7.383734191321256191e-01 8.171567144737900135e-01 6.316812983271542503e-01 6.570844395194022081e-01 6.265331575637563821e-01 7.193404544311631232e-01 6.494171156135718492e-01 6.565199798225351824e-01 7.800735159976930344e-01 7.250039966426675697e-01
8.388061000513811205e-01 4.467899516880693978e-01 7.291984828176090172e-01 6.798375905400133590e-01 7.560094144591336107e-01 6.078604514155053762e-01 6.967014940710685167e-01 4.994696228173269303e-01 4.923532451347413796e-01 6.365415451571619920e-01
4.874084176873189067e-01 1.205976949234729700e-01 1.637639105316537613e-01 4.371950666358599968e-01 2.852052332587480810e-01 2.798040242028514979e-01 3.309014234566529655e-01 1.945526362477753013e-01 2.197873930449695534e-01 3.932146344246914005e-01
7.297248304613694891e-01 8.525278871785020307e-01 8.266692551807656164e-01 6.478089769274116838e-01 7.480039108045762886e-01 8.310972775217221331e-01 8.867315750124222795e-01 8.361685383252953629e-01 8.711179338684674756e-01 8.426070821152651380e-01
4.407760656263418619e-01 2.633191749133073634e-01 1.908441993004902359e-01 3.365557122942215984e-01 4.484266801336586061e-01 3.804970159884787373e-01 3.493216247080601078e-01 3.043281632809750059e-01 2.860256943253439710e-01 2.569387692574530146e-01
7.734398488393285920e-01 1.000000000000000000e+00 8.088416214579960961e-01 7.295738581422613889e-01 7.849740215743415961e-01 8.887758107170175004e-01 8.379908498400260308e-01 8.473312631960722152e-01 8.756932511923467555e-01 8.442390570724364052e-01
7.417811217038323690e-01 7.150543857329884068e-01 5.933966020490871740e-01 6.204601338550863598e-01 6.317087790065365471e-01 6.498684165712615979e-01 7.550887391024396766e-01 7.344433669027636835e-01 7.912819769881784815e-01 7.269696277461532574e-01
1.919924482029462531e-01 1.630910992631058043e-01 1.315527082485577759e-01 3.283017359206212293e-01 2.954596163100607353e-01 1.612508499740193946e-01 2.602987894321232010e-01 9.948189591765550788e-02 1.129222790610656668e-01 1.614837393013827671e-01
8.571252800520501314e-01 4.098663950848297488e-01 6.190166642500333216e-01 6.505260029983634951e-01 7.235239966802310407e-01 6.322637306550660252e-01 6.134835073046230880e-01 4.851971140526439297e-01 4.439690225736699358e-01 6.631663422303744060e-01
7.949474997356582584e-01 8.627233307019386288e-01 8.194446620881807863e-01 7.425934196425029166e-01 7.346867093011191230e-01 8.311392511004270789e-01 8.612247629258584780e-01 8.902468681893820346e-01 7.933878835655623352e-01 8.827441855976498886e-01
7.109846305068572292e-01 3.019619411955750676e-01 4.200502049746959732e-01 6.628769432551755436e-01 5.897643324510827290e-01 4.817851532158374250e-01 4.909061794180951677e-01 4.247177017274864630e-01 4.082553437463699031e-01 4.790171597926272118e-01
8.349778104415259694e-01 9.246975039001894547e-01 7.297399083690569999e-01 9.865312110584708583e-01 8.914101751434134746e-01 9.562923591121352818e-01 7.487094019687167146e-01 9.702721899379073145e-01 8.128500325249312652e-01 9.531507588700284250e-01
5.230162991084935653e-01 1.321438543030660773e-01 1.253223246716316519e-01 3.875781658379647276e-01 2.490293524853882112e-01 2.337650913826401222e-01 3.239606859710546516e-01 2.768773124223530280e-01 2.249681618767140345e-01 3.739731073535468298e-01
6.982441378412058697e-01 7.267188282490210094e-01 6.581479097200938488e-01 5.622644921148187702e-01 6.105116850855936139e-01 7.389086169358302092e-01 7.182482378256562772e-01 7.320772371162221903e-01 7.238286849855247729e-01 7.208640299890298753e-01
6.775965257720044654e-01 7.768529824088890035e-01 5.474574449484730376e-01 5.604507272048621092e-01 5.385783944250851496e-01 7.849998318946940223e-01 6.421226511062386733e-01 7.250515354569332382e-01 7.606226404204267100e-01 6.620214797787589145e-01
8.201282215298564271e-01 9.267462415315120827e-01 6.750688016505562716e-01 9.724284288345459437e-01 8.684490854772672908e-01 9.746104683912997224e-01 8.020835387682373474e-01 9.308207678252047312e-01 9.238828424864190536e-01 9.167161291782379706e-01
5.067791511090889538e-03 0.000000000000000000e+00 8.858466625565025732e-02 2.951275883041703033e-02 0.000000000000000000e+00 4.131375946765380135e-03 4.481029208786208723e-02 2.868416289330177546e-02 0.000000000000000000e+00 0.000000000000000000e+00
2.679395744087457731e-01 6.700757649975034314e-01 5.623402686563023778e-01 3.463485915598223941e-01 5.212683411235488062e-01 4.270175228920320976e-01 4.917328355211677549e-01 5.965669752024814754e-01 6.360381956830988281e-01 5.310611695496944007e-01
3.518605773628368794e-01 7.408758818856056028e-01 5.546849693912775381e-01 5.638030894695528206e-01 5.314994830562401740e-01 5.729532760480069431e-01 5.343381485214417914e-01 6.953531720305948793e-01 7.391183812524401153e-01 5.359591832917071086e-01
3.347567339864384039e-01 1.432223684495392835e-01 3.993231796141444301e-01 3.642188545522017651e-01 3.514230761825781202e-01 2.602283874029163724e-01 3.009567739943366793e-01 2.712375388203037141e-01 1.934125268400408160e-01 2.668206432994441046e-01
1.514598887006392280e-01 4.798029247883590920e-02 1.096172730872807255e-01 3.371338472105903650e-01 1.964425840689566494e-01 2.058945107418524989e-01 2.000883399438269927e-01 7.667518725323638207e-02 2.086688180048422714e-01 2.144850825063431554e-01
8.805555423860235154e-01 8.683032759426536629e-01 6.848504270928130744e-01 8.879004783879311802e-01 8.378505624373039362e-01 9.713313123366391633e-01 8.584204393752020712e-01 9.402979578046068987e-01 9.557811077444196002e-01 9.043093197439374675e-01
5.106423477975513547e-01 1.905363103857398432e-01 2.919806586306205043e-01 3.377420870522293006e-01 3.126079382909800475e-01 3.720124808944878514e-01 3.638119194282351532e-01 2.898623782058683540e-01 1.449853696252575153e-01 3.188133400105451765e-01
3.364325975400757063e-01 6.580971100525846440e-01 5.686830936024477312e-01 3.807984143040021308e-01 4.112540794365705521e-01 4.226853946885060775e-01 5.427337282008199981e-01 5.622550070856666693e-01 6.774072134791682132e-01 5.804488183258966760e-01
8.629789447612196129e-01 4.836878272147714930e-01 7.335458854096217340e-01 6.281303323963391971e-01 7.402573271516923459e-01 6.758206054270584628e-01 7.190133786475915167e-01 5.361240080924546403e-01 4.367497499317477549e-01 5.393895697654116361e-01
4.881915760424662132e-01 7.656087444442338796e-01 7.293861552780177560e-01 7.402298653464688405e-01 6.148668623511975850e-01 6.358774710264561980e-01 6.750936248319218125e-01 8.364055846678210004e-01 7.458975710679980331e-01 5.897117144637238351e-01
5.366479206710578209e-01 8.235189023931085428e-01 7.634129433189484892e-01 6.212718822929742535e-01 6.606643788380627269e-01 6.569007623683258412e-01 6.789251644468173863e-01 8.295462952326162487e-01 7.730807562463546390e-01 6.422936505048707501e-01
8.719255948410266077e-01 9.345714759037013764e-01 8.111610444134282893e-01 9.244819202384052526e-01 7.869589640584200296e-01 9.912815900957467896e-01 8.008354417581802220e-01 8.835440801340914696e-01 9.395768970122462260e-01 8.487305562600703235e-01
1.071258442319793502e-01 1.279684547634299674e-01 2.493842314515928582e-01 5.783685909246351342e-02 1.025291427661322863e-01 8.434066018483593608e-02 1.559353525169806520e-01 1.253667016432531145e-01 7.593453804721780886e-02 8.307363100738543449e-02
7.322980575657043190e-01 3.417662271607790903e-01 3.736170916062260261e-01 6.265529124822852847e-01 5.413122691460595659e-01 4.233067524220976985e-01 4.714020250919674360e-01 3.705041395629643519e-01 4.500639494839772659e-01 4.969094573555883354e-01
2.612217985587625413e-01 2.211225376522680530e-01 4.370010292060216850e-01 3.863123456454926608e-01 4.626117189278213249e-01 2.794601089603832023e-01 3.230255907907147450e-01 2.851067523883985544e-01 2.604465171479189434e-01 3.632636084496733697e-01
4.900399185832134963e-01 8.017809534530404569e-01 7.606693465758342931e-01 6.288496856040176608e-01 7.147902297557108264e-01 6.680258383056139060e-01 7.017246393932210502e-01 8.680177856772292033e-01 7.932101878441739640e-01 6.749911727413449025e-01
6.488890583328792427e-01 3.346829595257950207e-01 4.676799677853466508e-01 3.553856222905286133e-01 5.158470434758748446e-01 5.402205823110302063e-01 3.995391974571515514e-01 2.747363993431106155e-01 3.283849742996621246e-01 4.523018648147096310e-01
1.000000000000000000e+00 1.000000000000000000e+00 9.033799054252920069e-01 9.854208269368379680e-01 9.897763702442700096e-01 1.000000000000000000e+00 1.000000000000000000e+00 1.000000000000000000e+00 9.200383668259176639e-01 1.000000000000000000e+00
6.547342940161222924e-02 0.000000000000000000e+00 0.000000000000000000e+00 1.537701073963683787e-02 4.399275748666885665e-03 6.608445123676585931e-02 0.000000000000000000e+00 1.550895882043275970e-02 0.000000000000000000e+00 0.000000000000000000e+00
1.605403702474436922e-01 8.407104270979232075e-02 9.845092375081303249e-02 3.256143598327933542e-01 2.298030509459637327e-01 1.878565033161778142e-01 1.269034548406554330e-01 1.452128139345353341e-01 9.913415174298188803e-02 1.827278156019172539e-01
7.221823345652684800e-01 2.994938571715113351e-01 4.291351797039255622e-01 6.247053075811068723e-01 5.603510656895753783e-01 4.947667728399049447e-01 5.001748860827985865e-01 4.832438618621190951e-01 3.372436559056289918e-01 5.429170787757343630e-01
6.893678246635853712e-01 8.756610407275655650e-01 5.595201597301781016e-01 6.083205562649338649e-01 5.213417866815510671e-01 6.467670447573223846e-01 6.599803904541001742e-01 7.166635454901629787e-01 7.986206034425017419e-01 8.006079941127650645e-01
7.728981124922535972e-01 3.531143386150024099e-01 6.641346047610101611e-01 6.253034926938806359e-01 7.603698303752896015e-01 6.903987598476031273e-01 6.557344721897472306e-01 5.224253120640587333e-01 4.513059203553970722e-01 6.392273080970553023e-01
9.531882704870452416e-01 9.181762701804062621e-01 7.234075002394174669e-01 9.470000100657872677e-01 8.365878366458271431e-01 9.017493641104571411e-01 8.354422120921083383e-01 9.456790055112772597e-01 9.016339134084627727e-01 8.275294169672263722e-01
5.537445064375523529e-01 2.069351927824555071e-01 1.681110436616179704e-01 3.217203443233278004e-01 3.945516879045788405e-01 3.027609734574831513e-01 3.329918569884239288e-01 2.464651008933099463e-01 3.064209294122571259e-01 3.566154930656956212e-01
9.268779955825432459e-01 8.360131569713549204e-01 7.603267996653422234e-01 9.970079185698903501e-01 9.281520196232857511e-01 9.150216868345187882e-01 7.292518407061011620e-01 9.014326858152061916e-01 9.321649855910331128e-01 1.000000000000000000e+00
8.084891613492115603e-01 9.441419978617470177e-01 7.881456150450945053e-01 6.598658749130980050e-01 8.048375843591732970e-01 8.241391331486425109e-01 9.160410410344158594e-01 8.139099107654665932e-01 7.596703703151128639e-01 8.270138874016813579e-01
8.988772787549824672e-01 8.353824457784968516e-01 7.424518126934391837e-01 9.578342968112091294e-01 8.006768264457513329e-01 1.000000000000000000e+00 9.169773710595403582e-01 8.162205734546459368e-01 8.376675782674536386e-01 9.096895846734165403e-01
7.225683500734889630e-01 3.503115238296913292e-01 4.858143582779123060e-01 6.409717644976618001e-01 5.974519976223978679e-01 5.496990832915537029e-01 3.884937866034356424e-01 4.234090155857788140e-01 4.208194456498188241e-01 5.534001665410182014e-01
8.897236881495187433e-01 9.553833655960830562e-01 7.597499315370302986e-01 9.581469833911484546e-01 8.342255100051143568e-01 9.061860224838385047e-01 8.573527580786314273e-01 9.594539309129257454e-01 9.422342023415304357e-01 9.026504255433392965e-01
5.178339143408704492e-01 7.499332040380158881e-01 8.099638376105297022e-01 6.795021488230936768e-01 7.237662597628495842e-01 6.789536689336409525e-01 6.418499658023337773e-01 7.354816544250801780e-01 8.153892908616211521e-01 7.176212488145655710e-01
7.536865175013667262e-01 4.509350105491900518e-01 6.891542328896433922e-01 7.232800248098354423e-01 7.923385985515152274e-01 6.523287273962942168e-01 6.515576776351721389e-01 4.187644369642032904e-01 4.474369038026645429e-01 5.589053244807491438e-01
0.000000000000000000e+00 0.000000000000000000e+00 3.342705599891308832e-02 4.942624661650008022e-02 3.017142633784906242e-02 9.523940532765401076e-03 1.095916615183377130e-01 0.000000000000000000e+00 0.000000000000000000e+00 0.000000000000000000e+00
6.039603171396625836e-01 2.459331166392574319e-01 4.262249980655347659e-01 6.878957721422594984e-01 5.858290770451053397e-01 4.780451908570226283e-01 4.199068598786826478e-01 4.609545135704831709e-01 3.355115412499201089e-01 4.910863158886549229e-01
1.000000000000000000e+00 9.893830957270043358e-01 9.585440044009720939e-01 9.658910838968717272e-01 9.903445677344604459e-01 9.962579050133992808e-01 1.000000000000000000e+00 1.000000000000000000e+00 1.000000000000000000e+00 9.351071473939677192e-01
1.831565347799092303e-01 6.446200599248607110e-01 3.103561309666393320e-01 3.334231865088285174e-01 1.994471193037228862e-01 4.059712960935267234e-01 4.092512037195961128e-01 4.130683504014691643e-01 3.903506646550455317e-01 3.686444833137569876e-01
7.858341281802514455e-01 9.035340530187500052e-01 9.279930428650312590e-01 7.672424749201827154e-01 7.811150239129796002e-01 8.565564129730171006e-01 8.320037418678472019e-01 7.749960978211541951e-01 8.816428174357254788e-01 7.534992618349400928e-01
1.000000000000000000e+00 9.918025057425108315e-01 9.039843726250875733e-01 1.000000000000000000e+00 9.677103806942158881e-01 9.992838831185226756e-01 9.939205134763047234e-01 1.000000000000000000e+00 9.853825362699811796e-01 1.000000000000000000e+00
5.692736130224346214e-02 1.051419094141057414e-01 3.053501073963060808e-01 0.000000000000000000e+00 1.980009084255620055e-01 8.303613169615876866e-02 1.308702927378427028e-01 2.281291400515833567e-02 4.346628990051445290e-02 1.151908489869284680e-01
2.375261939095257846e-01 7.042112152106261291e-01 5.799940600084980691e-01 3.665951783631714034e-01 4.703912504004482686e-01 5.127101615023260672e-01 5.659987656659176691e-01 6.417209444748771530e-01 6.229861940709263690e-01 4.491193034315633659e-01
5.526955445845095349e-01 1.644636268906913834e-01 2.791400392151426324e-01 3.636928339886192907e-01 3.883474321483110225e-01 3.225434036046213593e-01 3.149227604075051645e-01 1.728596090479105896e-01 1.756210080642533200e-01 3.019856771373518045e-01
7.052382749260519557e-01 7.392108272864300611e-01 6.494602372956185254e-01 5.912903356706519231e-01 5.928725260590833601e-01 8.827486623227395190e-01 6.932016231605915291e-01 7.787716498264689591e-01 8.179306468313097822e-01 6.810194503210316164e-01
3.091727820122742720e-01 2.607207844210187586e-01 3.605005665658937986e-01 3.898650997099428750e-01 4.426506851431115108e-01 2.920247494679084621e-01 2.913661672282401582e-01 2.204145813979295210e-01 2.551185265447998285e-01 2.967716886380779573e-01
8.616855016863268490e-01 3.435364488958829732e-01 5.376190672475461563e-01 6.881414001026888716e-01 7.856717928514020954e-01 6.595420343909094152e-01 6.493406855024234092e-01 5.085001716332541166e-01 4.606369232495156618e-01 6.129286075604275519e-01
7.364698872388224515e-01 6.717433621694962609e-01 6.126369545560432783e-01 5.988751993866803236e-01 6.067465767448981806e-01 6.766986650488521216e-01 6.654571647448895844e-01 7.580520863089245109e-01 7.243927126538928229e-01 7.743467120436088313e-01
6.412004926081442679e-01 2.817204859060378763e-01 4.096376351886032996e-01 3.834629443695710682e-01 5.067979355980948286e-01 3.676163561760305010e-01 4.790992895773844018e-01 3.826761628217063560e-01 2.872103651232063570e-01 3.903884761206727338e-01
6.253385228715708788e-01 2.926008909850694173e-01 4.322427882398772736e-01 6.035212205276176967e-01 6.863113152855313537e-01 5.285267320839354133e-01 5.323068263558585755e-01 3.225451456057003008e-01 4.121034534172720587e-01 5.719723768412995346e-01
3.063530439208544398e-01 6.292857002217813189e-01 6.243283711112397327e-01 3.628009864740555090e-01 4.126689037479489008e-01 5.231554832250349119e-01 4.535411498234054317e-01 5.616014211978642701e-01 6.206554016589562739e-01 4.291380550991757414e-01
2.313033131213143578e-01 8.352984895504487195e-01 5.966253157254245432e-01 4.480616741319159435e-01 3.766155163635399039e-01 4.342155201945174792e-01 5.354983029352742285e-01 6.674647829711594094e-01 6.140391359578035724e-01 5.748362769470941602e-01
3.015085030295138746e-01 7.350246569466714064e-01 6.220354943448943574e-01 4.115952163206673120e-01 3.921038435017091262e-01 4.930882824266870079e-01 5.504350746641381020e-01 6.738917621767753774e-01 5.920338297374251324e-01 4.933738192266433620e-01
7.213847248581209959e-01 4.157543875559789881e-01 4.255568431698632526e-01 6.558464884979794407e-01 6.618028709397127951e-01 5.537276084782363217e-01 5.559669118140903032e-01 3.761709812510143358e-01 4.468354257511258920e-01 6.175856530569150404e-01
8.994672692144655146e-01 8.790447247800398101e-01 8.631887056306122297e-01 9.108828920248001060e-01 8.626655809540221265e-01 8.827159331636799111e-01 7.922510924849753833e-01 8.906637050960301005e-01 9.299902269879776195e-01 8.977019730846812484e-01
7.587332420195357363e-01 7.973918951950832446e-01 8.235487766614845162e-01 6.290783318250403600e-01 7.695777369501088927e-01 8.696752053626810586e-01 9.204815310419943719e-01 8.009768073304370795e-01 7.748502054791702731e-01 7.685179062496542146e-01
9.654240930241073659e-01 1.000000000000000000e+00 1.000000000000000000e+00 1.000000000000000000e+00 1.000000000000000000e+00 1.000000000000000000e+00 9.478817214374535283e-01 1.000000000000000000e+00 1.000000000000000000e+00 8.734518455872182230e-01
9.945519659176981220e-01 9.189152635372311861e-01 8.566601439512468996e-01 9.150851037291449774e-01 8.206189548976704495e-01 8.950789323289376487e-01 8.186213293655165701e-01 9.041931056622737328e-01 9.324101393951477190e-01 1.000000000000000000e+00
1.380309162994439731e-01 1.203732068522331278e-01 1.656217268562415745e-01 3.192834276132480165e-01 1.723777999194295307e-01 1.115081981186663157e-01 9.280666508439347484e-02 2.016043631437416384e-01 2.522259379668683188e-01 1.883249766494314581e-01
2.817352865650957217e-01 3.218307787311962542e-01 4.011301313952111425e-01 3.948858197366929002e-01 3.736817915037234927e-01 2.699333230584968768e-01 2.912877619263850582e-01 3.210349848691637087e-01 1.570896552284567205e-01 2.351142500564196991e-01
3.316017806798300382e-01 7.436651926582245054e-01 5.752122935030072881e-01 4.111031438944306449e-01 3.281252245300734782e-01 5.054082676005062780e-01 5.513083623816226186e-01 5.461797066522940947e-01 6.330058912701033158e-01 4.271024007342256179e-01
2.513705397159310406e-01 1.810966149591256846e-01 1.141210356708432794e-01 2.828330261740302776e-01 2.993420982987713974e-01 1.339127432369530135e-01 1.356105558777805919e-01 2.056332076283800825e-01 1.945705744167376960e-01 1.162236651725956915e-01
2.716966931892671189e-02 9.379135574107209938e-02 2.669651851415650867e-01 6.573050849916181604e-02 1.475409045408333508e-01 1.207764215717755107e-01 6.898567028312921345e-02 8.845672589153881493e-02 6.307241084005596465e-02 8.025835767980991908e-02
1.000000000000000000e+00 9.717266935511995607e-01 1.000000000000000000e+00 1.000000000000000000e+00 1.000000000000000000e+00 1.000000000000000000e+00 1.000000000000000000e+00 1.000000000000000000e+00 9.296243207570559219e-01 1.000000000000000000e+00
8.678793228734534848e-01 8.924672858883718751e-01 7.420398235413115939e-01 9.040237322186301938e-01 8.583439836967714509e-01 8.627932110216710582e-01 8.547855662832692936e-01 8.932904952044128377e-01 9.611629897902624897e-01 9.901516355902924005e-01
1.000000000000000000e+00 1.000000000000000000e+00 1.000000000000000000e+00 1.000000000000000000e+00 9.734033762488066843e-01 1.000000000000000000e+00 9.819726447003739311e-01 1.000000000000000000e+00 1.000000000000000000e+00 8.909131139174404357e-01
1.923822462286572110e-01 6.096128632459612007e-01 3.522056100075352525e-01 2.950413008046584573e-01 1.298313191090113561e-01 4.118941685680156950e-01 3.649145199314994814e-01 5.489736715969550929e-01 5.690859648871035015e-01 3.607567781029004106e-01
5.362063905609997239e-01 7.742005530269436830e-01 7.387460169361408369e-01 6.822336728177013088e-01 6.605543906736076609e-01 6.487451208419572346e-01 6.939701203690006315e-01 7.984824730464654685e-01 7.531684092486675697e-01 6.211155306332305504e-01
7.277321534649668910e-01 9.369663794363440878e-01 7.725360386380698552e-01 6.627158131519885753e-01 7.261454088273231466e-01 7.887596037308929331e-01 8.480123385519625634e-01 7.689468376866949173e-01 9.387219581249144351e-01 7.914366236407424093e-01
7.920688712596972714e-01 3.891302437511696688e-01 6.214995510326638550e-01 6.726264793029819167e-01 6.721962967407597578e-01 6.330968321774633756e-01 6.952874600939394911e-01 4.990509884363042992e-01 3.876376177942169043e-01 7.453337804683843881e-01
5.211794414531994990e-01 2.410696034174018010e-01 2.682902463202544996e-01 2.814021584806217779e-01 3.960149370682636283e-01 4.109008333195437457e-01 2.528529581456724351e-01 2.273622739754658506e-01 2.342720430694482381e-01 4.286645787093744664e-01
4.504958407526252762e-01 7.928823445632127154e-01 6.691518549087299705e-01 7.370997543740902547e-01 6.349608964541680889e-01 6.832518555771920354e-01 6.891218926358003705e-01 8.517636376277208932e-01 7.446737438915493890e-01 6.144609901176768529e-01
6.544396256990691052e-01 2.573258925074964343e-01 5.048516832061777926e-01 4.460460382294174631e-01 5.341689716816105937e-01 4.825383818203918262e-01 4.065260988244479567e-01 2.972085503505567106e-01 3.085799896772524198e-01 3.414849492401724196e-01
4.722578234407134312e-01 7.798400137054088965e-01 7.354346660728293683e-01 5.297289380567660189e-01 6.510173988906031717e-01 7.351167976583823371e-01 6.662088393162018951e-01 8.172504241867732944e-01 7.815067278916376647e-01 7.355659155198888133e-01
4.339825588607353901e-01 2.133470588350199482e-01 2.180786154781725883e-01 3.051125940247764179e-01 4.457640115563554217e-01 3.881034526096594495e-01 3.954696194619852778e-01 1.329010974160221570e-01 2.723025695739503815e-01 3.366372851955766188e-01
1.932560718325215809e-01 4.809240958316390868e-02 2.279843066067649415e-01 1.796652890270996616e-01 1.473940064547943074e-01 7.513605763137368165e-02 1.791269009368876841e-01 1.023464826276845874e-01 3.162408156603148390e-02 7.617164511176617581e-02
5.112845028352830390e-01 7.802171263716021210e-01 5.583356601667265329e-01 5.562733937234780601e-01 3.850968163933352617e-01 6.200860948914344029e-01 4.841351009146600548e-01 7.311788035148424347e-01 6.522719365110525302e-01 5.453000495731071817e-01
7.915796993766202050e-01 9.145851673904671353e-01 8.425916141550121585e-01 6.367693413757002929e-01 7.401352285777481610e-01 8.028104552141488437e-01 9.018757056474273615e-01 7.635419525660629425e-01 8.775445726625437093e-01 9.124441666597581380e-01
8.474120383586802863e-01 9.918569793076725816e-01 8.359547309651322866e-01 9.193241237012855782e-01 9.054995372661690523e-01 8.955233243384630448e-01 8.254262737496489422e-01 9.437674690497210861e-01 8.557705881977877294e-01 8.934629740916461005e-01
7.096545735911339303e-01 7.262735436787716159e-01 5.511126103185253200e-01 6.090486376271559976e-01 5.873841370487967728e-01 7.595414741717435581e-01 7.177105199813625935e-01 7.977448452281556968e-01 7.663331085627549388e-01 6.716131580440839466e-01
4.088281674601652593e-01 7.411886290434882563e-01 7.933254987632855082e-01 6.314118493448396263e-01 6.461758375813853039e-01 6.464665294873760404e-01 6.917454589365080730e-01 8.175691314381292596e-01 7.579773508744432897e-01 6.926815564177086770e-01
2.071242644188744653e-01 1.321015305710688814e-01 1.803703327222678787e-01 3.025842012481771981e-01 2.401728230195380176e-01 1.566400940306627021e-01 1.792774648538265070e-01 1.486110568033540968e-01 1.987736984784770344e-01 1.647260332434014041e-01
5.009978145147523376e-01 8.181474270193563880e-01 6.323743202089132653e-01 6.143152426389077991e-01 6.476078260953332943e-01 5.739646733353009900e-01 6.439503329624539640e-01 8.163979567541853610e-01 6.954549525142433852e-01 7.148419645488591767e-01
1.000000000000000000e+00 1.000000000000000000e+00 9.968161627143620196e-01 8.944091885934117858e-01 1.000000000000000000e+00 1.000000000000000000e+00 9.928305200520636253e-01 1.000000000000000000e+00 1.000000000000000000e+00 1.000000000000000000e+00
4.864435533172360993e-01 2.925134014860017451e-01 1.462840634329873324e-01 3.255920339442480715e-01 3.999207459840862788e-01 3.798093284619599164e-01 3.315200531208314927e-01 2.181551257818418466e-01 1.554755346266923910e-01 3.710198690921518994e-01
5.494077741767229295e-01 3.021393293914805822e-01 4.830004393276723929e-01 4.214650630844761214e-01 5.438480306714472690e-01 4.616529847588841662e-01 5.402603810728562328e-01 2.947044427162598401e-01 3.953654324955457877e-01 4.853678693953925039e-01
1.257887241244675103e-01 7.288832962883984301e-02 1.733921713834164768e-01 3.083633387375994128e-01 2.215103767336144003e-01 1.779612151054777158e-01 1.999716389549734130e-01 1.931903687479598619e-01 4.812647509728747164e-02 2.420686275781732122e-01
2.871860606951570638e-01 1.722525638097837097e-01 4.423660680709238791e-01 4.001476683731732820e-01 4.475085716334648023e-01 2.260633122242661497e-01 2.918630676891841857e-01 1.937273420408620328e-01 2.381205437161247329e-01 2.581137833630640088e-01
6.566419527474504081e-01 8.306990083321993401e-01 5.810801735094848208e-01 6.647469170277915396e-01 6.036617426243129358e-01 7.373319197895457089e-01 7.195863130965167720e-01 7.672991213701270130e-01 7.018163130718104714e-01 6.695055150241795427e-01
5.715641458239099082e-01 8.352818595736890561e-01 7.300019742368694109e-01 6.457317153744887017e-01 6.672771136055288821e-01 6.581195352447385405e-01 6.413747306107051571e-01 8.006676914904884423e-01 7.885443428108025454e-01 5.855326389320327785e-01
5.372194344623859585e-01 8.081035218024816835e-01 6.661790754133901649e-01 6.959179266216724002e-01 6.036450159685085026e-01 6.264176429510067701e-01 7.327228983938270934e-01 7.805883348522264509e-01 7.168151333027356076e-01 6.390727506906156430e-01
7.980096421568073639e-01 3.042213577234745836e-01 6.136165288957523556e-01 6.933268831741066229e-01 7.629911143107740434e-01 5.386301077918516089e-01 5.999423070370202282e-01 5.136700703476005936e-01 5.675700789179380923e-01 6.592059527941884767e-01
8.386212638894213756e-01 8.894211965500373740e-01 8.041758939007035423e-01 6.375179040828480304e-01 8.096698408160672988e-01 7.814611876562922443e-01 8.596429745522432553e-01 8.303726789377615658e-01 8.514904082027515697e-01 7.605502773431597197e-01
2.919441567748702338e-01 1.347565132073804683e-01 4.615112813280961568e-01 3.344738313882176239e-01 4.392635199192416184e-01 2.867181183769687003e-01 2.282692737785940451e-01 2.822925481261052694e-01 3.038701280629066415e-01 2.488259196585326793e-01
3.563540877255668149e-01 2.443754250001255179e-01 4.580985824800753448e-01 3.798787147397148511e-01 3.717959604530476914e-01 1.600587154913555854e-01 3.696189194740491235e-01 1.918135872405180020e-01 2.347561340415727227e-01 2.782253004347507996e-01
8.591815094798695984e-01 8.313803523004329454e-01 8.413018038937580823e-01 9.255803784165856918e-01 7.800091307177225985e-01 9.447514095497163700e-01 7.931146974153268081e-01 8.218629547211085962e-01 9.705086401190246015e-01 8.778303115039127746e-01
4.314882470992427166e-01 7.697370799086660220e-01 5.038414773969893679e-01 5.496447173378032902e-01 4.936314089418862849e-01 6.397659425818214007e-01 4.401273481675366250e-01 7.438993311890005344e-01 6.159611424048972994e-01 5.034708344929784696e-01
7.101516620848649097e-01 3.824209917837870232e-01 6.228060734819064193e-01 7.265569328598513454e-01 8.078730271643101979e-01 6.206568988141907273e-01 6.974862509184479586e-01 5.717272287343402315e-01 4.771758019413756546e-01 7.073581867516506305e-01
4.082017381508869502e-01 7.740969089310539841e-01 7.101439405692789864e-01 6.598327982900614730e-01 6.265029513672782935e-01 6.175492615429053478e-01 5.959608984745381477e-01 7.572889419805628464e-01 8.222920048177552177e-01 7.016299259757545759e-01
4.353659529352988944e-01 7.247232686212767838e-01 4.290701880120814105e-01 6.286062272001979867e-01 4.634933878094955051e-01 5.916407667077127064e-01 5.109392830206999081e-01 7.387798272109608044e-01 7.824406209173139226e-01 5.557342603298197625e-01
5.882133622885320490e-01 2.500140845328767680e-01 4.618089754830719817e-01 4.724818663550669484e-01 5.777174955366912723e-01 3.905649291931255207e-01 5.264197506591259401e-01 3.779528734003613777e-01 2.863746109698018794e-01 4.333133854089495918e-01
1.000000000000000000e+00 1.000000000000000000e+00 9.682055646866467580e-01 9.825150193694904832e-01 1.000000000000000000e+00 1.000000000000000000e+00 1.000000000000000000e+00 1.000000000000000000e+00 9.693813679682666828e-01 9.893200941277942029e-01
4.165534085457926472e-01 1.640122243879360842e-01 3.838571867984842401e-01 3.311587877025308213e-01 4.313431725560605834e-01 2.565086249447955935e-01 2.106210315404517253e-01 2.864746819260811650e-01 2.670964492443325122e-01 2.710699901780518339e-01
1.000000000000000000e+00 8.859759380482228330e-01 1.000000000000000000e+00 9.356732210888012435e-01 1.000000000000000000e+00 9.541615667925354982e-01 1.000000000000000000e+00 1.000000000000000000e+00 9.402525490403990105e-01 1.000000000000000000e+00
3.017908271433811240e-01 6.456914646779433609e-01 6.018319516058985297e-01 4.652939741729484324e-01 4.066118377688414109e-01 5.109627744917268899e-01 4.987635113233364059e-01 5.292377034322810481e-01 6.976409884123603300e-01 4.505462315414583419e-01
8.381211492705967769e-01 4.141320336766671217e-01 6.177043176517573730e-01 6.565682676641013682e-01 7.455515632307189167e-01 6.539418513615086193e-01 7.524178831777287302e-01 5.201320683063058725e-01 4.572471553856438664e-01 5.518617243323775678e-01
2.467911087101004042e-01 1.477199178327685269e-01 1.758237421941353518e-01 3.761835766860260333e-01 2.947945455785390689e-01 1.251662743112175735e-01 9.547912035253869334e-02 2.414722485608906122e-01 1.890734661406742179e-01 1.774240055453067955e-01
2.939602499262078950e-01 1.870497136013499206e-01 3.632277470893542914e-01 3.529043989404195281e-01 3.997009234297148050e-01 2.206276103895749019e-01 3.024983084825518254e-01 3.208392822564498648e-01 2.270596452184688030e-01 2.872515196043728958e-01
8.001052397633745539e-01 3.966983081082786078e-01 6.409467122948828699e-01 6.275377861116556710e-01 7.757570936900326508e-01 5.636528659713448963e-01 6.845575587691735686e-01 4.241767449283931346e-01 4.593072534015002484e-01 5.518021446842500399e-01
7.766989539893863759e-01 3.748597480467619203e-01 6.493660280841671018e-01 6.601379844851864576e-01 7.400463260372336372e-01 6.619074876242961869e-01 6.332235954037643832e-01 4.185918881424451898e-01 4.835386610243765371e-01 5.842339618876832841e-01
3.293632424812883985e-01 6.646486495903026759e-01 5.770393564983282708e-01 3.159916860817175710e-01 4.106727544172070199e-01 5.173881222295754201e-01 6.163305046756968331e-01 6.635107039301725296e-01 6.094210644906826735e-01 4.592196587079229730e-01
8.317156003536914088e-01 8.645386614666137337e-01 7.909090090776724757e-01 9.177845421189811947e-01 8.646108321766559079e-01 8.368663820502639794e-01 9.176908885626304802e-01 7.738069642774614287e-01 8.498717257318750828e-01 9.119613435093845144e-01
4.706366658255987101e-01 2.424691516608037667e-01 2.158195042185958590e-01 3.519183543355911548e-01 3.904532058860701871e-01 3.468919505967286154e-01 2.673761436763003596e-01 1.234307107902338774e-01 3.075653235511387473e-01 3.517596465359630886e-01
3.360653306752803271e-01 5.642660148756776239e-01 3.438229064715023209e-01 3.566524086115862580e-01 2.491190204003134179e-01 3.388327447444369755e-01 4.026307205328752969e-01 4.970229225239144455e-01 6.341299595780345300e-01 4.769750273562050058e-01
3.287255892623744957e-01 6.244808947517899167e-01 5.701328222312843641e-01 3.151868422456330365e-01 3.752210758437585225e-01 4.427948521710118324e-01 5.581194219083439600e-01 6.856625730775247618e-01 6.332227083301842363e-01 4.969276999618943980e-01
5.590645265524089025e-01 7.883539261323059266e-01 6.699881296422270927e-01 7.414827688917464688e-01 6.947068946440475568e-01 6.719552211238783990e-01 6.697744936341898381e-01 8.076781424526011666e-01 7.367501683525782274e-01 6.342599831096279450e-01
8.810873360688650235e-01 8.858204819296184862e-01 7.744781275619992966e-01 9.756374180770097659e-01 8.366205040939567184e-01 9.702548628954654752e-01 8.375153067994768330e-01 9.324628516602687656e-01 8.819717348728927098e-01 8.749937479631676451e-01
2.715559953982250585e-01 6.528606014874829278e-01 5.374714847219703717e-01 3.653784210031769120e-01 3.696364288816363919e-01 4.666386367570800608e-01 5.831571056922686402e-01 5.919976223485062805e-01 5.314466560865971356e-01 5.301323422765987781e-01
5.095991010165666912e-01 8.485065507607431057e-01 7.659605846719429456e-01 6.928431805023107515e-01 5.831763970170531497e-01 7.062165570035534579e-01 6.624580273064932801e-01 8.221556588309910651e-01 7.515274833879579397e-01 7.004871899650924050e-01
6.506504271722231003e-01 8.315061644538064289e-01 5.881623806322532344e-01 6.313390928471730446e-01 5.993399311160637621e-01 7.667509792786108003e-01 6.599980102317467567e-01 7.605309683732511816e-01 8.635546005308507578e-01 7.430415317386024343e-01
5.039888001143024709e-01 2.283612123773612612e-01 2.182425698534942171e-01 2.849358393369810782e-01 4.053643152112292314e-01 2.792843547622322897e-01 2.892817642483178631e-01 1.892211200189198583e-01 1.749475285191563756e-01 3.618270543955283691e-01
9.601070396354431935e-01 8.801392100678586683e-01 7.372057465551689059e-01 8.333838463934846175e-01 8.264826309427759643e-01 8.895451620461721776e-01 8.104334012048850511e-01 8.881543373849817291e-01 9.106565916946852690e-01 7.948681544849128811e-01
1.035583772970352645e-02 0.000000000000000000e+00 0.000000000000000000e+00 1.546208740988441223e-02 0.000000000000000000e+00 0.000000000000000000e+00 0.000000000000000000e+00 5.890732051631451111e-02 0.000000000000000000e+00 0.000000000000000000e+00
7.644268483545904047e-01 9.075853637176750643e-01 6.663491962825054404e-01 6.800549622020936047e-01 6.557628744787308284e-01 7.304014084713755794e-01 7.543541533165490920e-01 7.879627487000550046e-01 8.258273131468808481e-01 8.094552829496467483e-01
2.000227833325039506e-01 1.581229967351698851e-01 1.981783301203719205e-01 3.148262734427871301e-01 2.172475645858443494e-01 9.291008433538405775e-02 8.039358859675893587e-02 4.257012319957452495e-02 1.133561161658755700e-01 1.675261103463436818e-01
4.299160586728097977e-01 6.617549389029608875e-01 5.477814971295984492e-01 5.341863472712812255e-01 5.987908939842931932e-01 5.802973284649246555e-01 4.053117696339715859e-01 6.122872809977041308e-01 6.476281508957935085e-01 5.812497201018448356e-01
1.191843441059219216e-01 8.127867232015895116e-02 1.234212379461657183e-01 3.545134168738842129e-01 2.938672597241705486e-01 1.960815072670183123e-01 1.493601888522323451e-01 2.125913285242835016e-01 1.245253911623568910e-01 2.677068612730133523e-01
8.012498418001396949e-01 8.152863037755825326e-01 9.011647518402142731e-01 5.723671954105252757e-01 8.179434156510980714e-01 7.711222999229342401e-01 8.003890356775302806e-01 8.273714782525438682e-01 8.971946427639083677e-01 8.308242809549337693e-01
2.740179180767267075e-01 2.506481504889728207e-01 3.646366913863952064e-01 3.531243120569452221e-01 4.640376789518489975e-01 2.881819068513753468e-01 2.234123381016251964e-01 2.596976319801139188e-01 2.373268182010880023e-01 2.598171753575870824e-01
3.396538369597978946e-01 7.309221881615273197e-01 5.892539310205926473e-01 5.817951583005005478e-01 4.132425777765911246e-01 5.026035428594948229e-01 4.993349108518084778e-01 7.024757292760427374e-01 6.768633003731701070e-01 5.991748586035623436e-01
3.179332914767626916e-02 0.000000000000000000e+00 0.000000000000000000e+00 7.940749956977871671e-02 0.000000000000000000e+00 0.000000000000000000e+00 0.000000000000000000e+00 0.000000000000000000e+00 5.367217487767142470e-02 0.000000000000000000e+00
7.292756781225377960e-01 8.161132922231191245e-01 6.593774399262802843e-01 5.677172920432241865e-01 5.764903444167984725e-01 7.186186312607145688e-01 7.007251452812058856e-01 8.664611029514542873e-01 7.671671473662502461e-01 7.075515154516421878e-01
8.049488250963521274e-01 9.470068147579072670e-01 7.267705712583309996e-01 9.455370088753430879e-01 8.905239605033434813e-01 8.428399847482797025e-01 7.571549376930561959e-01 9.603735438479135134e-01 9.138501092174086127e-01 8.255545679477738208e-01
2.920179704652233754e-01 6.736504439193934379e-01 5.737724938988532086e-01 3.401959415667780151e-01 3.341888026280486756e-01 4.844880678352109782e-01 5.248619959063455243e-01 5.281592309722069611e-01 6.926250227956759487e-01 5.487735512692206719e-01
9.736724704533539221e-01 9.779603181084660646e-01 9.518797952039851351e-01 1.000000000000000000e+00 1.000000000000000000e+00 1.000000000000000000e+00 9.877717492223668794e-01 9.935286381197548922e-01 9.306455098320487451e-01 9.692685321244861596e-01
