3.753259213936527457e-03 1.189616187174418610e-02 1.238897349526225239e-02 4.395188644702567766e-03 1.728729098900299091e-02 3.232927355670944108e-02 3.072328968072651073e-02 3.822903537653585260e-02 8.358253456827394873e-03 0.000000000000000000e+00
4.112187229252606269e-01 2.769669183550629854e-01 6.194738863061718392e-01 2.825823871464178128e-01 1.777802893988629229e-01 4.756572920348164368e-01 4.402462957735830962e-01 5.920141187578469300e-01 5.151537048920518114e-01 4.878019629464393492e-01
4.438126623946005989e-01 2.890470486942851025e-01 6.114222381303930920e-01 2.575535133595246440e-01 2.150829490807230071e-01 4.778030348420201912e-01 4.597746843147126339e-01 5.917980138790910338e-01 4.984634431198405324e-01 4.873566757992106036e-01
1.894535688355101499e-01 9.010821639657945470e-02 1.690671808949218424e-01 1.224267803591512771e-01 2.343152786533764520e-01 2.784610151083239948e-01 1.407661095591672684e-01 1.753548098172699188e-01 1.711586162700996783e-01 1.406267167164703402e-01
2.164951843921176719e-02 0.000000000000000000e+00 2.297290839782327107e-02 0.000000000000000000e+00 0.000000000000000000e+00 1.113341219600560289e-02 8.303908600947019179e-04 0.000000000000000000e+00 1.350297060045850886e-02 0.000000000000000000e+00
4.106939811254897155e-01 2.827382430362452292e-01 6.298974428882920806e-01 2.889410277456521126e-01 2.313048996216506281e-01 4.613010725387141076e-01 4.403066149479102909e-01 5.738479167002714654e-01 5.404740672078389707e-01 4.860198748156689952e-01
1.348403881709360312e-02 2.070243580189620042e-02 3.983985717123869619e-02 4.729291541108460173e-03 0.000000000000000000e+00 1.498397400713033685e-02 1.348784784973771321e-02 0.000000000000000000e+00 0.000000000000000000e+00 3.675083194878235593e-02
6.039488130344340400e-01 3.870329208549084798e-01 7.506034773405731997e-01 3.712439996829434152e-01 4.817601251381763983e-01 7.235322494382958602e-01 5.499160258216811981e-01 7.189681375844451106e-01 6.597918554154210691e-01 6.226447134009599482e-01
9.979117187478380169e-01 9.794330297920537109e-01 1.000000000000000000e+00 1.000000000000000000e+00 1.000000000000000000e+00 9.740469960761694024e-01 1.000000000000000000e+00 1.000000000000000000e+00 9.898613465792804877e-01 9.989868571587505741e-01
4.099670623795927948e-01 2.966350268228265530e-01 5.998192176137050469e-01 2.820869918381574970e-01 2.044368973293116676e-01 4.061060605183837158e-01 4.438622590320915329e-01 5.768630801617352644e-01 5.259599026607834071e-01 4.440383206942100092e-01
1.855819616672190475e-01 1.219134858604976057e-01 1.636776486462361846e-01 8.401792832996117510e-02 2.491440737691767160e-01 2.878143816495994378e-01 1.518174181406322376e-01 1.689390163236027531e-01 1.616286124724064799e-01 1.198732959829461459e-01
1.745013937885231681e-01 9.805658961822516506e-02 1.824089519774660106e-01 6.808589370568178534e-02 2.608713981537864601e-01 3.009442427059930147e-01 1.224713102437408191e-01 1.326019559504300060e-01 1.814909780599847922e-01 1.495935506938837756e-01
6.172727316544956988e-01 3.963272936596131113e-01 7.917240155235700794e-01 3.720999448223590855e-01 5.156287800149731426e-01 7.090156475250959378e-01 5.810491642565286385e-01 7.400209727963246165e-01 6.397895607134840290e-01 5.997582443078344205e-01
5.682102627612878321e-01 7.255649903604183271e-01 3.980102831813173148e-01 7.500359418401694178e-01 7.909288919950312469e-01 5.188633600473603336e-01 5.883591135327621569e-01 4.052300574517881393e-01 4.643675433623724036e-01 5.383964344917333555e-01
2.105791980628847482e-01 1.015517073287890287e-01 1.470500651180615403e-01 2.462686831347326438e-02 2.928987668677273670e-01 2.742304118645698119e-01 1.428367550129695795e-01 1.466491042969026160e-01 1.680043382858180390e-01 1.301965961417629047e-01
4.173770248399036875e-01 3.078289669376491622e-01 6.463002702778907205e-01 2.994155427140325898e-01 2.615595224212839964e-01 4.368339040265080131e-01 4.090539348890124272e-01 5.727894516074673037e-01 4.845720493637235005e-01 4.951512593568710430e-01
1.000000000000000000e+00 9.515346419660368760e-01 9.985860760887124155e-01 9.736511550801796311e-01 1.000000000000000000e+00 1.000000000000000000e+00 9.751926347543757867e-01 1.000000000000000000e+00 9.760999264340206594e-01 1.000000000000000000e+00
6.229660163087927804e-01 4.348987628118079485e-01 7.905539033589168429e-01 3.511864533763702223e-01 4.955425902413495010e-01 7.674167414801166265e-01 5.872708331454010722e-01 7.337225331121149940e-01 6.819029661874963510e-01 5.885844323838917980e-01
5.920751492289355600e-01 7.028457062113327991e-01 3.919216397307100364e-01 7.459746829621707320e-01 7.968788435835467698e-01 5.410783231788125480e-01 5.404489523614973701e-01 4.239461684153373322e-01 4.597378133048519722e-01 5.519699001951046125e-01
8.257894752625126733e-01 8.811263163217182282e-01 8.442733688079779864e-01 9.285807117528717125e-01 7.466065399935628566e-01 7.578926639853925673e-01 8.641529423025062773e-01 8.360421775116911869e-01 8.415450187370099311e-01 8.931036425322660399e-01
1.000000000000000000e+00 1.000000000000000000e+00 1.000000000000000000e+00 1.000000000000000000e+00 1.000000000000000000e+00 9.939600420770905442e-01 9.870668179689803257e-01 9.912287386641326359e-01 9.969831704283701468e-01 1.000000000000000000e+00
9.916309107069586348e-01 1.000000000000000000e+00 1.000000000000000000e+00 1.000000000000000000e+00 1.000000000000000000e+00 1.000000000000000000e+00 9.953387417268150239e-01 1.000000000000000000e+00 9.994773867882911222e-01 1.000000000000000000e+00
1.934837569193878226e-01 9.964931522329485702e-02 1.216814939138246565e-01 8.107044235826516010e-02 2.669686678067682561e-01 2.900941589861458225e-01 1.232711435644141401e-01 1.471763464197766713e-01 1.699067971755051087e-01 1.017688828299440768e-01
1.706485527049405315e-01 1.127491156541669398e-01 2.029707990262476780e-01 7.643012183174641150e-02 2.369448768988330345e-01 2.737424886285932946e-01 8.212323491055777136e-02 1.602451823958933874e-01 1.640502502007233632e-01 1.189272562896145080e-01
4.141453117540224715e-01 2.879553623836093590e-01 6.373023193784814744e-01 2.592189943710582201e-01 2.296150396460386323e-01 4.779183952774518351e-01 4.401190175302184260e-01 5.594112852072641306e-01 5.304204930829262699e-01 5.119204628051142736e-01
6.124327040093481278e-01 4.093342396517397064e-01 7.795706740782269994e-01 3.515927487822295139e-01 4.845724601483704097e-01 7.682611704164622468e-01 5.715599515975786638e-01 7.091376571195966427e-01 6.613653526627716328e-01 5.816211390965572159e-01
1.799454554238897330e-01 1.172428959653476904e-01 1.557319591958018501e-01 6.280032504750315825e-02 2.677500659897607549e-01 2.890009475663040672e-01 8.608391251390819232e-02 1.117134257105939221e-01 1.527708860315493133e-01 1.288227256929542208e-01
5.419741968859859149e-01 6.781716037040280698e-01 3.843996322097729124e-01 7.733263640916562265e-01 7.824353984007994534e-01 5.556478021244213306e-01 5.524219030225872018e-01 3.772552981306115383e-01 4.861148314402731208e-01 5.573809999670399362e-01
0.000000000000000000e+00 5.507383900051800868e-02 0.000000000000000000e+00 3.658629590334806087e-02 0.000000000000000000e+00 2.667894169742509106e-02 0.000000000000000000e+00 3.887342776289106142e-03 0.000000000000000000e+00 2.500357595911354563e-02
6.201662796830020863e-01 3.924483363787952817e-01 7.903961230041263164e-01 3.051829707730410179e-01 4.958075665337856597e-01 7.204609417290478435e-01 5.857713095475476361e-01 7.475598703836898729e-01 6.795593152708876428e-01 6.336444991745139310e-01
5.866767266831677263e-01 7.216324805200119430e-01 3.884728491773383197e-01 7.356616205017548760e-01 7.384525745376150363e-01 5.151524476171724931e-01 5.283642154052907713e-01 4.450443503951986846e-01 5.041960599467563142e-01 5.461104831594789655e-01
7.885866521221430725e-01 8.671785076148400551e-01 8.404086202518813442e-01 9.083727402977670451e-01 7.611067295058077109e-01 7.360164178447533567e-01 9.047872199829787299e-01 8.544759572552756977e-01 8.349602575331227516e-01 8.560302754474841125e-01
4.002489042501915506e-01 2.888688448270052000e-01 6.338437274410851918e-01 2.902102909510772544e-01 1.743331282388103920e-01 4.765425978114308792e-01 4.196725724556308879e-01 5.836286030807315006e-01 5.233264412638256591e-01 4.540148683391227458e-01
5.973530519191752042e-01 6.990812505957195722e-01 4.001165690276144438e-01 7.678365089000134258e-01 8.060818822176994969e-01 5.390355621786478979e-01 5.806638284373083492e-01 3.888632137362214580e-01 4.845139107991951466e-01 5.225133410106376219e-01
4.438245044678606477e-01 2.721860944328344800e-01 6.122587741984474308e-01 2.375103075568671396e-01 2.104879530532646481e-01 4.636730968390434526e-01 4.492772627745895142e-01 5.553823732405180902e-01 4.833239053705261634e-01 4.792287696749115700e-01
8.216863426543353777e-01 9.019445809707498096e-01 8.341752364028668376e-01 9.099399546728083044e-01 7.393802450356014022e-01 7.259208383111643847e-01 8.703605956513966735e-01 8.563793509488376587e-01 8.779573308937443921e-01 8.637357942448125048e-01
4.398910799654675907e-05 0.000000000000000000e+00 0.000000000000000000e+00 3.424670953398743518e-03 0.000000000000000000e+00 0.000000000000000000e+00 0.000000000000000000e+00 0.000000000000000000e+00 5.526473204386924548e-03 0.000000000000000000e+00
5.713147836440197747e-01 6.929382104928737407e-01 3.778547470633933925e-01 7.529043232709373701e-01 7.821195487991043915e-01 5.225470838200906298e-01 5.259846455579499924e-01 3.758481060897583825e-01 4.592783743721898793e-01 5.243961664570062631e-01
9.910771757052212472e-01 9.840277327808610863e-01 9.840245761965147331e-01 1.000000000000000000e+00 9.817436407375503826e-01 9.865123803852678952e-01 1.000000000000000000e+00 1.000000000000000000e+00 1.000000000000000000e+00 1.000000000000000000e+00
0.000000000000000000e+00 0.000000000000000000e+00 0.000000000000000000e+00 0.000000000000000000e+00 0.000000000000000000e+00 2.052885846370409301e-02 0.000000000000000000e+00 0.000000000000000000e+00 0.000000000000000000e+00 0.000000000000000000e+00
6.229554880975658460e-01 3.733292118190184028e-01 7.469820193092598926e-01 3.601464288529104829e-01 4.770057580553814791e-01 7.676312162739318268e-01 6.113430397539638683e-01 7.690354649953692334e-01 6.831027509089918626e-01 5.776377972415003281e-01
5.974721274001997262e-01 6.990778677846685163e-01 4.042747667253502319e-01 7.241280889604527760e-01 7.519059044869087494e-01 6.067918666582147180e-01 5.778266763322276178e-01 4.080066991856838299e-01 4.994005720574877794e-01 5.397797823936396622e-01
1.373255100470116910e-03 1.212247134115104936e-02 5.630868416300126994e-03 6.036387351701989409e-03 0.000000000000000000e+00 0.000000000000000000e+00 3.446425454897849433e-02 0.000000000000000000e+00 5.863330754586467027e-03 0.000000000000000000e+00
0.000000000000000000e+00 0.000000000000000000e+00 2.126949897584444471e-02 3.159721610544612841e-02 8.450386929200503702e-03 0.000000000000000000e+00 0.000000000000000000e+00 0.000000000000000000e+00 0.000000000000000000e+00 0.000000000000000000e+00
4.095840316188401609e-01 6.146267885609772996e-01 2.109919513931085289e-01 6.719576290803096486e-01 4.867850666878095756e-01 2.362517135125315748e-01 4.285774396016548971e-01 2.626255414737758143e-01 3.185749483022599637e-01 4.014371775770935180e-01
4.327549921009058442e-01 3.116578407995940214e-01 6.173249801671137904e-01 2.439810166699889482e-01 2.157931872901492076e-01 4.442465002423691689e-01 4.391404271982229934e-01 6.156474029018860206e-01 5.317495461262071732e-01 4.690360670910385665e-01
7.696968247249792450e-01 8.974960305168913077e-01 8.566531260705888551e-01 9.061234583613586580e-01 7.196345008517233133e-01 6.886993814664489344e-01 8.804431740447598020e-01 8.529701881448896739e-01 8.099941658024096824e-01 8.724729002426503399e-01
3.575799308493435302e-01 6.294765897942020683e-01 1.553870242111093092e-01 6.698369389707378163e-01 4.960318795922339374e-01 2.805279161529859455e-01 4.203224316985717524e-01 2.896873295134489990e-01 3.814649057237051166e-01 3.902519695239014541e-01
5.703983391223192978e-01 7.133137448416400073e-01 3.595936041347982393e-01 7.190636918386739129e-01 7.869179251832576494e-01 5.528606755758724844e-01 5.447702142615458154e-01 4.704109364661701598e-01 4.906252179369532396e-01 5.383041750893138300e-01
0.000000000000000000e+00 0.000000000000000000e+00 2.207540428616386677e-02 0.000000000000000000e+00 1.818171598942797465e-02 0.000000000000000000e+00 0.000000000000000000e+00 0.000000000000000000e+00 2.488094900490342432e-02 2.566164650283947815e-02
1.799204188058259324e-01 1.083780840916606925e-01 1.782628653733453472e-01 3.328809354880729598e-02 3.091862987749652847e-01 2.942551832861579619e-01 1.174606511757341071e-01 1.349532556216839763e-01 1.642038571046897377e-01 1.639241026093294917e-01
5.858941957597639805e-01 7.025164890646899973e-01 3.710396769215334456e-01 7.306904803702759521e-01 7.533149500005607013e-01 5.176144669573918833e-01 5.484087508017880808e-01 3.893599159055693981e-01 4.782064336624008982e-01 5.319904619326677464e-01
8.207254860771852067e-01 9.003031092215305620e-01 8.150344890414674692e-01 9.295301833936134850e-01 7.664831352078181892e-01 7.002253800437734377e-01 8.578230433443662095e-01 8.678836612299627440e-01 8.176074766217162892e-01 8.135892332103273894e-01
6.393012681236212025e-01 3.902357601795311548e-01 7.840281583484195460e-01 3.371940638898852094e-01 4.965688179823111725e-01 7.505704729003946918e-01 5.798139208157079283e-01 7.213195232792714018e-01 6.658348260530864149e-01 6.226462270238291019e-01
4.297205367863690118e-01 2.772371115353634563e-01 6.043675544888532647e-01 2.264635253778472523e-01 1.828258584792510910e-01 4.389555346186608809e-01 4.351922099956650469e-01 5.822927639618377116e-01 5.085622039741246603e-01 4.549513886816451413e-01
6.265954729335346807e-01 4.071730176529813061e-01 8.057481612486699918e-01 3.494483891029472877e-01 4.877575011417661366e-01 7.278158087827230061e-01 5.540444089387569493e-01 7.224568589668912688e-01 6.566018436582702344e-01 6.529039968545751194e-01
1.895157345129227788e-01 1.138607533771750641e-01 1.636609271298201940e-01 8.882202126634369810e-02 2.690188798125172642e-01 2.686118002336026489e-01 9.964936692753312286e-02 1.408697676405993304e-01 1.682926503399991836e-01 1.333724127388603853e-01
6.474364742666452455e-03 0.000000000000000000e+00 6.475636321101033675e-03 4.653885249869653580e-03 8.524214063773800920e-03 0.000000000000000000e+00 1.253633953724431725e-02 4.837201906605513926e-03 1.578133135433990031e-02 2.643996993067175214e-02
7.910785411990365334e-01 8.835562259032689880e-01 8.619075633782899981e-01 9.233728515265587911e-01 7.219594836565565998e-01 6.962050579411512841e-01 8.722577715420232192e-01 8.281156006710328477e-01 8.442021117918154793e-01 8.428753295501358878e-01
4.419955519650951015e-01 3.309619333832566901e-01 6.107765498604150745e-01 2.873874133048470170e-01 1.923038693445093816e-01 4.649838369705052710e-01 4.117251104279018858e-01 5.764943177284189701e-01 5.128002102267766871e-01 4.868516374893783749e-01
3.807473632898003557e-01 6.093097438292766066e-01 2.009069071790034466e-01 6.689489156329466724e-01 5.022273870543514374e-01 3.009833430285019373e-01 4.262669392491394982e-01 3.155234880823905574e-01 3.577117016980632669e-01 4.297306441042260117e-01
3.694738002164978385e-01 5.781866927722143501e-01 2.809086720244559632e-01 6.281137031085171074e-01 5.184996892687293579e-01 2.527740718270744535e-01 4.648989480694536436e-01 2.920651020377019735e-01 3.434071282164478656e-01 4.199704604890494020e-01
0.000000000000000000e+00 0.000000000000000000e+00 0.000000000000000000e+00 2.582224561325891996e-02 1.040346474639550385e-02 0.000000000000000000e+00 8.634919289440344536e-03 3.591083607352001800e-02 3.087150757008234186e-04 0.000000000000000000e+00
3.952735767723354887e-01 6.156913413954248071e-01 2.506240348805708340e-01 6.726080754550698426e-01 5.188183525205055657e-01 2.551223770716683492e-01 3.974720046004037721e-01 2.652635223242356122e-01 3.082055395441357093e-01 4.085525976962147143e-01
6.181448300106652249e-01 3.695472381052275490e-01 7.327495081278366795e-01 3.426117297941810302e-01 5.000430315010461202e-01 7.377444652017242088e-01 5.918509617217311281e-01 7.228288463935834685e-01 6.806347003132549034e-01 6.033653683386084321e-01
1.759142588920394046e-01 1.459184355024906177e-01 1.380592981878066561e-01 8.451265182187461811e-02 2.509347258566710370e-01 2.908912344426441976e-01 1.382108640686563195e-01 1.505922881902036214e-01 1.709642715105346433e-01 1.381467050143845576e-01
6.177569543037754185e-01 3.750777276185170983e-01 7.830073095191711907e-01 3.964837661563778703e-01 4.816922556847573200e-01 7.648576773796392780e-01 5.836858426179155623e-01 7.325886287559966181e-01 6.622497910456878190e-01 5.844731178166714392e-01
5.716042037872358650e-01 7.041972647589189727e-01 3.439779611537230330e-01 7.173396729086543022e-01 7.727097034112198060e-01 5.464426001441933245e-01 5.541709904976281909e-01 4.028729350130036413e-01 5.244328534693469823e-01 5.589475331441776662e-01
7.961330384859656162e-01 8.847322608233604280e-01 8.193524727526868556e-01 9.311153264465485968e-01 7.194434599270307373e-01 7.193239645370783641e-01 8.789543439713023432e-01 7.920511726867549562e-01 8.409716174579492387e-01 8.530039812788193787e-01
4.316623849120381773e-01 2.881569249768978214e-01 6.314436787919177618e-01 2.428218853748853601e-01 2.612612091718065632e-01 4.704040498130951931e-01 4.137231267175192628e-01 5.555742114165160839e-01 5.007759228499875093e-01 4.304219994607289546e-01
3.942104066223689474e-01 6.212349859469252777e-01 2.237715306201830401e-01 6.438352552202784018e-01 5.236539355806961726e-01 2.378670450973306982e-01 4.323564894081170507e-01 2.435209560606534374e-01 3.398410759985028284e-01 4.158600238838111585e-01
5.789685217722149169e-01 7.280219023033205339e-01 3.327639791932112123e-01 7.385663711135447285e-01 7.906781831008123929e-01 5.538857710829022674e-01 5.401564888175586221e-01 4.197776839217677303e-01 5.242911498637621293e-01 4.748038912815534807e-01
8.147648163619644057e-01 8.984638614969362447e-01 8.442052428669138964e-01 9.601264427964167902e-01 7.041727224399366714e-01 7.316205293235699125e-01 8.358137747366622960e-01 8.423763210420726066e-01 8.333844612140183239e-01 8.737886041256710534e-01
4.078127208535365922e-01 6.170204868910011964e-01 2.389256870701075841e-01 6.198197545174315426e-01 5.329806198078371748e-01 2.535736615915224479e-01 4.077208140773563305e-01 2.756932870954776349e-01 3.037609228469141387e-01 4.100940018885979033e-01
5.894882527067507594e-01 7.003800916051275971e-01 3.768325815826971126e-01 7.667919822844734279e-01 7.728852866678767031e-01 5.512442702166872044e-01 5.926239290126551484e-01 4.115495304004937460e-01 4.987766342678029430e-01 5.139346315059730719e-01
1.918163099322826581e-01 5.218162890288973593e-02 1.460300489011582825e-01 7.998634860691866688e-02 2.691911374636113408e-01 2.810119635041579134e-01 1.037488908444016839e-01 1.748256413465273384e-01 1.315717446629857956e-01 1.270512363424206870e-01
4.093510737187454063e-01 2.969863966956094448e-01 6.091986456835304375e-01 2.860183065425555560e-01 2.388533141457574172e-01 4.656265694793026988e-01 4.518630281904479906e-01 5.567540097242206221e-01 5.044527375774124911e-01 5.063394642125648160e-01
1.000000000000000000e+00 9.622981496204657814e-01 1.000000000000000000e+00 9.950252354859551174e-01 1.000000000000000000e+00 9.821533017804496835e-01 9.969809632423671797e-01 1.000000000000000000e+00 1.000000000000000000e+00 9.836894769568601538e-01
7.942038020013345578e-01 9.168972630734361084e-01 8.525819729574063421e-01 9.175685887203453017e-01 7.600454534303322518e-01 7.117416291574706344e-01 8.626744686029018672e-01 8.570995515009653953e-01 8.363564431816639111e-01 8.755792307208147829e-01
5.527732508113391008e-01 7.358167870118640375e-01 3.950499156114986588e-01 7.329123136687735185e-01 7.879300756633852432e-01 5.544538978936488505e-01 5.680921509849101714e-01 4.023005466051938206e-01 4.647305159761396243e-01 5.575418119366599701e-01
7.781771261623751101e-01 9.020091676327169905e-01 8.619752650785642567e-01 8.863936406601393703e-01 7.226889302957119066e-01 7.200611985627162204e-01 8.690953591048251603e-01 8.536686318473412083e-01 8.593520228855018317e-01 8.904823403032242624e-01
4.001349486226176144e-01 5.846609158965256903e-01 2.227934145535494515e-01 6.510998025810998957e-01 4.744430893726868659e-01 2.053202971241716024e-01 4.142811917151661971e-01 2.626835272676328326e-01 3.320892176637283977e-01 3.901130038236407804e-01
3.628358715907723520e-01 5.717101614176627322e-01 2.154159816443378950e-01 6.720575330390801128e-01 5.060224466998598514e-01 2.598903804003233065e-01 4.076491791475854165e-01 2.559826862876156128e-01 3.204121403498561005e-01 3.792376003423004738e-01
6.178744427550029172e-01 4.094298716753069778e-01 7.645547433415778027e-01 3.583902034252761104e-01 4.981909648165077087e-01 7.454551782260636639e-01 5.848368400010958146e-01 7.216327364150715296e-01 6.553170011935985917e-01 6.464077414786572051e-01
0.000000000000000000e+00 0.000000000000000000e+00 2.876595976129113157e-06 0.000000000000000000e+00 0.000000000000000000e+00 3.028891471830209153e-03 0.000000000000000000e+00 0.000000000000000000e+00 0.000000000000000000e+00 3.376688226118190229e-03
4.108435072005139355e-01 3.143163550492407143e-01 6.600030274987072065e-01 2.766431395962739015e-01 2.302975763842336487e-01 4.624989375243181433e-01 4.315084496021599492e-01 5.896394019444658463e-01 4.819274975994550791e-01 4.884662472633797270e-01
4.164729877919106649e-01 2.948972279158527665e-01 6.225079164099249773e-01 2.703824455817515071e-01 2.527374289176494981e-01 4.405936823736092967e-01 4.556303863758983108e-01 5.629792075792926509e-01 5.214565885313875437e-01 4.902011051841433376e-01
5.601273831572608497e-01 6.922743989996194003e-01 3.956806955582229390e-01 7.606062780623259467e-01 7.891937555011052652e-01 5.243404719215855048e-01 5.438490259202816146e-01 4.083103052142244560e-01 5.275409243800820436e-01 5.362301940551303936e-01
6.550460611935225996e-01 4.054895340712966201e-01 7.867016737766182599e-01 3.611382064418526272e-01 4.856761283435917509e-01 7.647284919865252606e-01 6.139925329612291316e-01 7.492225284107730809e-01 6.819563948751279359e-01 6.134464095694180941e-01
4.041600916189279635e-01 2.617258935787883378e-01 6.167823016887926668e-01 2.835112973228193778e-01 2.042973299285615330e-01 4.424695531082807887e-01 4.658159334463434220e-01 5.714817391770005139e-01 5.107067285854095529e-01 4.617833698543019061e-01
2.162297824444114197e-02 0.000000000000000000e+00 0.000000000000000000e+00 0.000000000000000000e+00 0.000000000000000000e+00 1.391284951273212903e-02 1.823073687491467976e-02 2.351639085188549777e-03 0.000000000000000000e+00 4.086412250501567089e-02
9.119796120173537246e-03 0.000000000000000000e+00 2.773131353921434988e-03 3.001995081721504574e-02 0.000000000000000000e+00 2.634601171834944494e-02 1.740970065497098951e-03 0.000000000000000000e+00 0.000000000000000000e+00 1.335601689773933606e-02
7.895292245962289845e-01 9.054147946331976282e-01 8.104357676414384315e-01 9.225115603401499165e-01 7.375545231175889560e-01 7.080529665337207401e-01 8.551525225543266107e-01 8.646754219358756544e-01 8.342129610784164706e-01 8.913898499326270430e-01
1.000000000000000000e+00 1.000000000000000000e+00 1.000000000000000000e+00 9.711761763858218766e-01 1.000000000000000000e+00 1.000000000000000000e+00 9.984570829438631501e-01 1.000000000000000000e+00 9.670957156946377031e-01 9.816814784436481700e-01
5.691929437160130334e-01 6.822990704827212038e-01 3.822426826825243151e-01 7.409127006328343201e-01 7.716482704937547288e-01 5.300871291253558271e-01 5.638182924904378002e-01 4.061781683536255239e-01 4.782744963969251528e-01 5.407120238311020621e-01
1.000000000000000000e+00 9.985918793636540114e-01 1.000000000000000000e+00 9.932022529408002232e-01 9.735052885937923728e-01 1.000000000000000000e+00 9.787651008250010110e-01 1.000000000000000000e+00 9.788616547210747809e-01 9.600176896090166778e-01
3.602456846246934741e-01 6.223197350470019984e-01 2.086742795790091365e-01 6.321628313772487129e-01 5.195085420131798637e-01 2.804435435576952962e-01 4.145947996171862604e-01 2.702069543383123218e-01 3.158262069922607718e-01 4.001493101278484343e-01
6.662375421999988667e-03 0.000000000000000000e+00 2.730705173815178161e-02 1.005427555436600416e-02 0.000000000000000000e+00 1.375059558161664287e-02 0.000000000000000000e+00 3.094034508068042866e-02 0.000000000000000000e+00 0.000000000000000000e+00
5.961697319178916876e-01 4.330926305230750617e-01 7.932784155835039819e-01 3.581377159792899501e-01 5.009103620418406955e-01 7.528860658606656431e-01 5.733562692883609202e-01 7.441987533937650667e-01 6.484242438580388734e-01 6.036600528530881027e-01
1.000000000000000000e+00 9.708241250579766612e-01 1.000000000000000000e+00 9.955062833255974297e-01 1.000000000000000000e+00 9.771066622321978867e-01 9.806168203378128334e-01 1.000000000000000000e+00 1.000000000000000000e+00 9.910108559358584701e-01
1.583714033688921052e-01 1.131936693196177179e-01 1.302689736634262130e-01 4.438219854497742201e-02 2.632916651796175511e-01 2.862921268078477688e-01 1.096439546253391017e-01 1.530845043055629184e-01 1.856510710624761917e-01 1.073269568372467453e-01
0.000000000000000000e+00 1.217606746323947157e-02 1.541123352118567089e-02 3.517144715172623726e-02 6.621888707067371919e-03 0.000000000000000000e+00 1.523773507735627641e-02 6.338457511640309579e-03 0.000000000000000000e+00 0.000000000000000000e+00
5.559603488702800078e-01 7.000635168136238873e-01 3.917934759204356743e-01 7.556012116190040651e-01 8.039613406697049269e-01 5.437536258832502689e-01 5.606019545577525243e-01 3.899247763889716611e-01 4.725279620693861871e-01 5.116777295159091743e-01
4.065515361565139596e-01 5.923670588228721057e-01 2.510423949442105451e-01 6.627037140935186921e-01 5.350297088488705777e-01 2.559614106458221738e-01 4.661715270013283563e-01 2.789361116418154762e-01 3.486132820973316671e-01 3.774614903101235486e-01
9.980772350690196859e-01 9.498385630271071189e-01 1.000000000000000000e+00 1.000000000000000000e+00 1.000000000000000000e+00 9.763773441558141197e-01 1.000000000000000000e+00 1.000000000000000000e+00 9.829627736211633549e-01 9.902076710557673467e-01
4.152229528114737001e-01 3.099386048688960171e-01 6.105496998244562823e-01 2.603799790538010028e-01 2.145251946669061160e-01 4.678682998755680500e-01 4.584754126869143298e-01 5.678033448664093763e-01 5.310183681771994957e-01 4.421736031996273963e-01
5.853965858487649720e-01 7.122182145386448671e-01 3.794392739852461838e-01 7.062706331565838935e-01 7.937208230893172400e-01 5.487806215789470254e-01 5.471283763719909654e-01 3.970224536677842142e-01 5.060741886796836786e-01 5.159160068714475633e-01
5.705034360717667896e-01 6.914897812287840173e-01 3.872842620921876367e-01 7.386460798541769623e-01 7.410980976144783128e-01 5.594505733259105273e-01 5.564470584533086628e-01 4.177510045285540707e-01 4.788948387147679009e-01 5.445682697486082802e-01
2.203042855661373201e-01 9.026993535027980076e-02 1.597602615580956675e-01 1.008581462071601181e-01 2.580256813054562226e-01 2.649018369573177267e-01 9.494398147571975199e-02 1.327035145902650815e-01 1.653417795880673669e-01 1.262408752142834822e-01
8.030836381030332927e-01 8.960793455649354033e-01 8.279185090020871884e-01 9.069345006251856578e-01 7.265784733305865606e-01 7.050075080169633246e-01 8.988810275661669458e-01 8.350445052165105242e-01 8.256684780303563675e-01 8.662793616805285479e-01
2.315633673047370542e-02 1.399743795940425369e-02 8.042977163333834070e-03 0.000000000000000000e+00 0.000000000000000000e+00 2.224806808638054700e-03 1.691387825481169976e-02 1.158575808943499222e-02 0.000000000000000000e+00 0.000000000000000000e+00
2.281838573637261225e-02 1.881446572453162941e-03 1.920116995199832102e-02 0.000000000000000000e+00 0.000000000000000000e+00 0.000000000000000000e+00 0.000000000000000000e+00 2.120513674182771674e-02 0.000000000000000000e+00 0.000000000000000000e+00
3.553924070961699822e-01 6.181582915408411205e-01 2.148601240878003638e-01 6.541452829186267248e-01 5.045354462903874904e-01 2.647692796392730474e-01 4.248975974086976470e-01 2.466669755924125185e-01 3.293800113572049604e-01 4.231217066267562998e-01
9.889951827649066107e-01 9.750275227008450285e-01 9.995338736141530234e-01 9.946667929528963947e-01 9.741369526875897078e-01 1.000000000000000000e+00 9.906296348775102123e-01 9.781229898076463369e-01 9.763397149896758664e-01 1.000000000000000000e+00
5.870135601464755437e-01 4.204827063263877895e-01 7.429887166099135021e-01 3.504693122834862118e-01 4.749493442244474561e-01 7.565415882302549688e-01 5.840511340229478376e-01 7.269125352770418047e-01 7.029194046771346516e-01 6.161504903377713616e-01
8.025756084627352349e-01 9.155919950578953470e-01 8.541294599051822978e-01 9.079063262686309921e-01 7.397133276563160331e-01 7.005547807020385820e-01 8.495497536052715182e-01 8.737940127082058916e-01 8.127954593888975232e-01 8.561916003860413626e-01
4.127148845993925952e-01 2.984575590384302424e-01 5.905599419819679285e-01 2.279821786382030258e-01 2.256716954416438103e-01 4.561537842671784526e-01 4.260179147095661256e-01 6.087717064910809217e-01 4.965908538858610499e-01 4.777526091598042757e-01
3.728025656426993684e-01 6.142141625193834331e-01 2.359348621578180594e-01 6.334387051399495983e-01 4.929242673588608015e-01 2.602506640648641900e-01 4.029923529478996458e-01 2.581286026588626714e-01 3.143294618755294589e-01 3.917494501000472473e-01
5.652022728723771205e-01 7.379764971666984419e-01 3.844866110394072889e-01 7.541972134199200761e-01 8.100466853119007160e-01 5.716546699877129711e-01 5.386402448757174888e-01 4.245334257357836205e-01 5.161641962843208642e-01 5.437991260698212814e-01
5.572411562831728338e-01 6.750980649507704046e-01 3.629889598746706136e-01 6.989377073068041568e-01 7.948559866293195553e-01 5.726433918952705815e-01 5.834768937173238079e-01 4.257103570437738571e-01 4.573972914174743165e-01 5.216178020673888360e-01
5.924023469668795450e-01 7.258830232743461730e-01 3.587927790891186630e-01 7.380580572857198263e-01 7.723954089077084140e-01 5.634503723942462239e-01 5.017546808131881919e-01 4.101063464671609315e-01 4.840032337818117036e-01 5.168003175193632837e-01
2.004155147670508286e-01 1.172422003928826062e-01 1.606393349558309369e-01 9.919707013133735596e-02 2.564085609963368539e-01 2.635817671027929632e-01 1.083282956327833030e-01 1.339402134343482542e-01 1.845853268849616258e-01 1.277955716199863923e-01
1.589376791544442474e-02 0.000000000000000000e+00 1.118230097646433696e-03 5.273554817832715180e-02 0.000000000000000000e+00 2.686697573807599049e-02 0.000000000000000000e+00 0.000000000000000000e+00 0.000000000000000000e+00 9.430608289163019964e-03
5.831455672658644174e-01 4.096629190798315445e-01 7.771514381755836309e-01 3.673150778363738489e-01 4.761215856566389792e-01 7.379699824649934570e-01 5.587975238841632608e-01 6.913101783215316321e-01 6.524468646831688146e-01 5.780882533589380978e-01
1.753055905926198255e-01 9.342940241295409620e-02 1.769627321828808608e-01 8.654204854624265864e-02 2.677520729480298289e-01 2.959565177031885930e-01 1.469663417639967551e-01 1.796375477181149649e-01 1.508625413971511064e-01 9.378738407320783010e-02
1.882951304901424039e-01 1.062900296432794517e-01 1.809062996993339167e-01 8.699587246189362244e-02 2.802927583184653404e-01 2.805103829664841175e-01 1.259936923566213063e-01 1.531689858957555883e-01 1.504824612816880181e-01 1.592346299770767692e-01
4.382147010667505338e-01 2.819659564883344460e-01 6.217953731887293500e-01 2.705782488002988484e-01 2.368092174875283118e-01 4.409310026434392071e-01 4.360307700348317050e-01 5.779783845456122338e-01 4.934116388632955874e-01 4.525959467964011940e-01
8.000317024369834051e-01 8.689343368204746065e-01 8.323998837912007787e-01 8.872224638996304424e-01 7.364090905813256427e-01 7.369213351262479117e-01 8.863711374369828144e-01 8.461094682706766790e-01 8.226543401178260106e-01 8.666527450528009879e-01
8.186590910348179317e-01 9.011166453583093761e-01 8.234049074920480882e-01 9.055148598714992669e-01 7.351726130221468702e-01 7.202511656175138999e-01 8.497599866116910539e-01 8.858480017995256084e-01 7.942577620015534023e-01 8.313214713660859179e-01
4.165698459537767739e-01 3.015126728112655363e-01 6.489916652343943326e-01 2.521693821177821149e-01 2.270566523919192448e-01 4.852413899775688821e-01 4.588843117398186400e-01 5.705131117339545810e-01 5.102475939022027562e-01 4.728665895180135803e-01
1.976284879757550239e-01 1.112091896634795907e-01 1.569887366421028885e-01 1.249071509860422979e-01 2.983438612612164809e-01 2.645790422142613174e-01 1.277467364779025505e-01 1.612009381880461778e-01 1.220799066935563393e-01 1.278715486087399766e-01
7.961523436671552600e-01 8.827649527372090077e-01 8.230571336596061993e-01 9.313630462430729784e-01 7.258317002075996838e-01 7.116691190910650056e-01 8.762239229992571099e-01 8.656274852884646709e-01 8.344064931984710443e-01 8.749567422857053023e-01
6.492148366726048225e-01 4.021525563583113749e-01 8.176318550530302653e-01 3.209501326417811828e-01 4.898430309993034859e-01 7.345660218949831011e-01 5.772874878944043164e-01 7.143980898581973049e-01 6.719962740970313320e-01 6.141429494356510643e-01
5.711145394486158988e-01 7.098746015884211946e-01 3.954011843091585487e-01 7.486701890789461133e-01 7.635619023872850519e-01 4.862368596609422111e-01 5.569261735270201186e-01 4.570344599456473977e-01 4.824096155657903173e-01 5.426251181598540363e-01
0.000000000000000000e+00 8.561707321710241778e-03 1.472820776347805345e-02 0.000000000000000000e+00 3.095738668649908321e-02 9.818784545990241405e-03 1.244905975468768404e-02 0.000000000000000000e+00 0.000000000000000000e+00 3.296986704206674758e-03
4.151585762880446451e-01 3.356213790377894912e-01 6.045833574429210211e-01 2.782523262356768612e-01 2.369270021256922876e-01 4.583908206511593808e-01 4.556043520711988148e-01 6.052708120124572488e-01 5.005472001279094307e-01 4.451952719741733566e-01
3.910295442648277775e-01 5.783734715054301700e-01 2.108171003708227131e-01 6.529409652453911361e-01 4.899902882387346392e-01 2.790879152033370336e-01 4.306027467539224052e-01 2.853171627901098240e-01 2.953682768055085894e-01 3.857997990390159004e-01
4.225670034624575688e-01 2.976969257765439414e-01 6.147628687159950589e-01 2.668832472692528324e-01 2.345513010730515824e-01 4.590646374626207726e-01 4.404997549213167107e-01 5.893791116965778620e-01 5.055894292097660170e-01 4.591191859474593184e-01
3.697086712963387756e-01 6.342343752000870749e-01 2.142285545139650527e-01 6.486701539513253234e-01 5.216567588162769331e-01 2.504009177711822853e-01 4.081607569731169893e-01 2.637250424679152272e-01 3.279502456747551697e-01 4.048120802509989624e-01
1.000000000000000000e+00 9.788342011283991395e-01 9.808586752244005114e-01 9.989805624773817616e-01 9.673334326621504387e-01 9.748877221817252581e-01 1.000000000000000000e+00 9.838967725464834446e-01 1.000000000000000000e+00 1.000000000000000000e+00
3.859312623744359794e-01 2.960913753660250336e-01 5.860023599087788027e-01 2.260817593807893655e-01 2.146763169110479375e-01 4.606315550805443193e-01 4.655794288795611080e-01 6.020006974394944699e-01 4.916574851151205294e-01 4.435373468360691018e-01
1.058335544024180050e-02 2.229096486672481683e-02 4.734377192657070882e-02 0.000000000000000000e+00 0.000000000000000000e+00 2.344304370899834896e-03 3.661097447383148632e-03 0.000000000000000000e+00 1.657686240579776121e-02 3.013467011790753845e-03
8.136132018125864507e-01 8.795176655035307212e-01 8.312582077627531651e-01 9.088787149568519075e-01 7.757859363335979364e-01 7.138400345679797310e-01 8.484302163688091092e-01 8.498724669455411940e-01 8.722012234440520428e-01 8.786258597444815965e-01
6.679289764499709778e-03 0.000000000000000000e+00 0.000000000000000000e+00 0.000000000000000000e+00 1.599661806897511793e-02 1.738399149859338674e-02 0.000000000000000000e+00 0.000000000000000000e+00 2.659031867329290227e-02 9.185704651347490965e-03
7.859964814473803241e-01 8.824436029573585749e-01 8.639238956398623825e-01 8.892129030740819617e-01 7.218162767335173369e-01 7.536086429216112270e-01 8.417760326912117064e-01 8.447000343792419041e-01 8.280315870200527506e-01 8.690223731672814811e-01
6.188433405612407956e-01 3.957669693453955140e-01 8.162416318690604022e-01 3.327384773121920269e-01 5.026061338286286206e-01 7.040436072064755191e-01 5.797868836869404241e-01 7.630624134402909098e-01 6.762135436331337957e-01 6.281075499995859568e-01
6.039812119128536994e-01 4.101217496989431055e-01 7.435129375517008921e-01 3.175103892345296219e-01 5.275788216678598541e-01 7.507238382559600076e-01 5.843863802725026702e-01 7.122324214296024136e-01 6.413978219223551713e-01 5.983356140309515903e-01
1.801235676667360397e-01 8.448816519615151566e-02 1.644236878317664186e-01 1.007746673369534635e-01 3.155904056871938201e-01 2.745460047705194917e-01 1.237005955479503760e-01 1.946826229852516577e-01 1.535732720302906695e-01 1.196867952825757808e-01
9.779893758818083427e-01 9.971898362741701272e-01 9.997557198152325908e-01 1.000000000000000000e+00 9.877964581297502544e-01 9.616320268827387441e-01 9.742755521245221040e-01 9.930868267765498025e-01 1.000000000000000000e+00 1.000000000000000000e+00
1.923770116421632537e-01 8.804788067847747757e-02 1.561409847951392427e-01 8.700961180217864355e-02 2.717706786539194619e-01 2.905081413678812230e-01 1.683283526607493585e-01 1.295137848189960583e-01 1.504420046815507506e-01 1.270320931394912922e-01
6.092289452180987830e-01 4.112453399946983668e-01 7.655610479155928738e-01 3.184889633684994670e-01 5.019424757490337230e-01 7.321629564284364289e-01 5.595116136934139561e-01 7.133671985611809152e-01 6.700033477680396032e-01 6.324653035542553425e-01
5.950825831534338750e-01 3.674043308312906486e-01 7.905703657855124300e-01 3.457669772074623560e-01 5.051947966907539556e-01 7.489072502601652470e-01 5.654400440100769698e-01 7.370081785926997364e-01 6.814352865882999932e-01 6.146073277724543038e-01
5.756703323660427030e-01 6.880460999241956310e-01 3.788208933207611873e-01 7.274260092705492342e-01 7.492058345090581994e-01 5.368910206536589014e-01 5.648584906442188913e-01 4.127652524575707860e-01 4.915842318554760060e-01 5.012896855549804354e-01
0.000000000000000000e+00 0.000000000000000000e+00 1.040407376691453861e-02 7.184467594900418794e-03 0.000000000000000000e+00 0.000000000000000000e+00 0.000000000000000000e+00 0.000000000000000000e+00 1.867374851159674196e-03 5.552383993920420591e-02
4.172250950837861905e-01 6.123351869024711291e-01 2.458863531541437553e-01 6.770836295801266891e-01 5.175806774779226904e-01 2.435092159285669466e-01 4.221992175839313077e-01 2.711922251386071347e-01 2.955292328254186529e-01 3.915438143275502547e-01
4.022547990116205341e-01 6.244599639832711935e-01 2.149788971353616407e-01 6.371211022635726584e-01 5.251928291002174731e-01 2.315259225083589611e-01 4.149368498275501360e-01 2.611205621133861898e-01 3.049259085169940819e-01 4.227588595685869421e-01
2.388810649845293510e-01 1.064178082753714089e-01 1.707712022605655799e-01 1.196765484400456325e-01 2.945819220747556422e-01 3.218707161792253579e-01 1.361460735030445290e-01 1.387124327487244124e-01 1.399111467447758106e-01 1.680981760831963823e-01
1.719094818318864237e-01 8.657813592945180770e-02 1.709539380656899810e-01 8.328573990273953342e-02 2.667250587447721477e-01 2.726741076365973848e-01 1.450078923803468645e-01 1.628506994546020936e-01 1.567575449310820157e-01 1.286165515002150039e-01
6.018283320465428465e-01 7.125130984828450531e-01 3.559776497031953979e-01 7.200118064295859543e-01 7.901137116492640278e-01 5.639722137598311980e-01 5.122937292371058104e-01 4.559720153535778420e-01 4.810683624215799092e-01 5.087163712322362308e-01
2.130176597532391636e-01 8.556405056387698937e-02 1.504906916979506237e-01 5.847640358693650953e-02 2.752702931664656183e-01 2.854286279587771036e-01 1.480008018911870560e-01 1.281017894995261641e-01 1.634385516063100174e-01 1.246579594362473425e-01
5.948982541636457233e-01 6.951834285631374177e-01 3.852957452282678164e-01 7.398055703315931098e-01 7.638700888713993997e-01 5.347077838120550819e-01 5.841270128984942245e-01 4.395677333293640521e-01 4.859100606565176506e-01 5.737502943881370721e-01
1.000000000000000000e+00 9.930869448279547873e-01 1.000000000000000000e+00 9.969883158120922406e-01 1.000000000000000000e+00 9.923172379277457322e-01 9.811188636267204055e-01 1.000000000000000000e+00 1.000000000000000000e+00 1.000000000000000000e+00
3.813080965905427666e-01 5.989763873228050040e-01 1.993782816532752300e-01 6.561540336492577286e-01 5.040658471350587533e-01 2.958095027175807190e-01 4.140188986064624044e-01 2.527482575912570195e-01 2.762966332596394903e-01 3.891846183633373979e-01
1.969728013156942792e-01 1.483815630521937989e-01 1.799864127917929491e-01 8.899509969007095289e-02 2.842469795895490314e-01 2.580707788223194354e-01 1.099979918984183846e-01 1.238770593946573184e-01 1.592982183851453792e-01 1.405039841888358343e-01
5.875557732852082493e-01 6.903680266523479769e-01 3.739500844796938561e-01 7.082136675630513745e-01 7.750642282476856160e-01 5.374786662817788718e-01 5.438933874169168403e-01 4.243006262767941572e-01 5.021476244198848082e-01 5.556388785907829808e-01
5.671024975321645734e-01 6.973855802893205169e-01 3.629565507288666226e-01 7.157356255866995642e-01 7.751404781186533866e-01 5.322944944681073931e-01 5.899664882763823170e-01 4.277028669658212712e-01 4.922286074146391965e-01 5.146126507989962073e-01
6.141112820017209373e-01 4.034420243956470253e-01 7.779643856915452460e-01 3.253900570138078541e-01 4.725635226925495869e-01 7.750256036999157994e-01 5.911982978070783323e-01 7.110054311357402179e-01 6.693099910111470763e-01 5.768796058072540589e-01
8.169818552170073911e-01 8.987545196197841424e-01 8.407552525505309626e-01 9.137496216945207861e-01 6.862252064476948021e-01 7.326465525551135727e-01 8.554221840837668012e-01 8.893098064567990235e-01 8.581267341909533108e-01 8.694997859510158467e-01
4.515928557452374426e-01 2.749335535973347899e-01 6.268042929979439348e-01 2.927059840142439140e-01 2.185530726256064982e-01 4.637130890759542101e-01 4.150600260669361496e-01 5.950809168707931196e-01 5.232629145700058437e-01 4.605561062479648360e-01
4.199258701435857333e-01 2.971701919923093738e-01 5.737553185356294438e-01 2.639928421345475451e-01 2.249146313763905614e-01 4.484454248903816942e-01 4.355271846628189225e-01 6.231669155601128329e-01 4.613069508292582110e-01 4.934320847278879096e-01
3.740354674211942010e-01 6.064880855942886839e-01 2.020142338030334606e-01 6.263187555966585052e-01 5.108799041967826415e-01 2.023270844303692306e-01 4.160427492824250728e-01 3.128519331108099988e-01 3.488925051151337553e-01 4.152295199654970070e-01
1.000000000000000000e+00 1.000000000000000000e+00 1.000000000000000000e+00 1.000000000000000000e+00 9.931661026731777309e-01 1.000000000000000000e+00 1.000000000000000000e+00 1.000000000000000000e+00 9.916748435559672448e-01 1.000000000000000000e+00
6.351275553246034100e-01 3.734604326322091827e-01 7.592709952754341796e-01 3.677545702085118218e-01 4.981483541667953152e-01 7.375664746759349466e-01 5.512663835403818213e-01 7.264297901110511324e-01 6.854923225639808493e-01 6.224668097531353972e-01
4.188574428772820490e-01 2.690056368585121982e-01 5.954513843329929390e-01 2.375260751532741466e-01 1.759452456890279459e-01 4.464304759242972431e-01 4.502116082007739939e-01 6.031894809004917368e-01 4.667920765001813965e-01 4.788683132311393753e-01
1.734476146572995203e-01 9.340343757326809160e-02 1.414000333953569499e-01 1.002018634966080207e-01 2.738889838350217487e-01 2.859822238653842441e-01 1.061166594488509723e-01 1.414506293154539629e-01 1.664525049859130745e-01 1.159140720946808950e-01
3.999456350725645870e-01 5.876228673597747587e-01 2.311110231857316510e-01 6.565541563889145671e-01 5.026725052772189617e-01 2.288673452471040592e-01 3.959953479106130825e-01 2.452956813394303048e-01 3.196141754175840233e-01 3.971658933198402019e-01
6.149950110035908857e-01 4.196843244171247211e-01 8.154555740917396323e-01 3.639674041368719526e-01 4.680238647532551921e-01 7.097666994865775569e-01 5.602163156749648820e-01 7.374998870861128042e-01 6.562494644142804479e-01 6.261741306832948606e-01
1.992315249589414194e-01 1.188656773485785301e-01 1.486749920092790833e-01 7.623453564871175703e-02 2.694346250988507441e-01 3.108596581697260497e-01 9.786342433790647111e-02 1.434665872108659146e-01 1.876214226375534921e-01 1.360231291009343091e-01
0.000000000000000000e+00 1.285855375201931661e-02 2.718257009149223011e-02 0.000000000000000000e+00 0.000000000000000000e+00 1.337204077254785725e-02 0.000000000000000000e+00 3.801037703395776512e-02 0.000000000000000000e+00 2.351430693115581696e-03
1.354427357128677734e-02 9.659662695536513216e-03 0.000000000000000000e+00 7.415679853032012755e-03 6.245637019845657299e-03 1.669333630332422991e-02 0.000000000000000000e+00 3.417271035340378130e-03 0.000000000000000000e+00 9.182177206375711359e-03
5.898426005851843401e-01 7.247045675280907595e-01 4.017981764450780924e-01 7.134808985093272771e-01 7.671516563550467849e-01 5.589447634993233160e-01 5.798513492453255536e-01 4.011831798566326546e-01 4.662058469462093679e-01 5.277846242017981693e-01
0.000000000000000000e+00 1.719201087548764828e-02 0.000000000000000000e+00 2.024473739301686434e-02 1.720899492021223456e-02 0.000000000000000000e+00 7.167903274554138747e-03 2.200898043655958106e-02 0.000000000000000000e+00 0.000000000000000000e+00
6.763190573886461721e-01 3.951624528817264115e-01 7.624212536691178377e-01 3.378103259118298007e-01 4.932063063916186652e-01 7.452879550938646958e-01 5.567363102996196744e-01 7.508540759559932942e-01 6.746106025810200135e-01 5.839246268978992571e-01
0.000000000000000000e+00 0.000000000000000000e+00 0.000000000000000000e+00 0.000000000000000000e+00 0.000000000000000000e+00 5.290464234490385720e-02 2.229912836625793163e-02 0.000000000000000000e+00 0.000000000000000000e+00 8.155454645801859387e-03
3.912916088330698483e-01 6.109861314898384910e-01 2.393285941129669470e-01 6.583409934161453814e-01 4.891329025699490685e-01 2.728148356456254198e-01 4.211781224241631927e-01 2.820382706626312075e-01 3.249653659828902197e-01 3.554427923675837486e-01
5.514468194991083427e-01 7.276456845212233571e-01 3.752649929305859056e-01 7.833085159119260732e-01 8.021842867733048887e-01 5.052176618932753271e-01 5.937340587030176531e-01 4.738036183459313211e-01 4.880652681017620953e-01 5.200417231327338907e-01
1.891942511158963280e-01 1.074229956744287007e-01 1.557308476836663791e-01 8.034976979657437735e-02 2.892959086732926344e-01 2.836025053942311525e-01 1.074619322297459267e-01 1.552529062404351123e-01 1.707811699799231808e-01 1.346374346038858305e-01
0.000000000000000000e+00 4.351342764634690864e-03 0.000000000000000000e+00 3.313710589790698491e-02 0.000000000000000000e+00 4.648200489637584198e-02 0.000000000000000000e+00 1.144980805306959008e-03 2.404964897254385087e-02 6.028728455799161993e-03
1.000000000000000000e+00 9.802047038867842677e-01 1.000000000000000000e+00 1.000000000000000000e+00 1.000000000000000000e+00 1.000000000000000000e+00 9.810537927836202599e-01 1.000000000000000000e+00 9.848501458885261517e-01 9.848211169179346136e-01
8.465809336344108926e-01 8.894453906621231365e-01 8.368445449353416610e-01 8.777242543995354973e-01 7.009859159711171461e-01 7.035632173884208695e-01 8.920924678255056639e-01 8.247629963484097715e-01 8.365843333022404682e-01 8.360419530743468108e-01
4.422291516539208489e-01 3.357563988672449540e-01 6.641697459157653860e-01 2.748490592619488027e-01 2.353168356981211740e-01 4.759604643267097979e-01 4.649103739572066907e-01 5.684999463141752196e-01 5.032746157695395794e-01 4.545761654755953174e-01
4.229020871493314182e-01 2.770624802418389931e-01 6.512671289815363806e-01 2.404564305872226027e-01 2.251434596907144481e-01 4.425395373594150916e-01 4.270702715999433741e-01 5.633172258566969681e-01 5.134619526832744363e-01 5.034689940239263084e-01
4.318095374220972116e-01 2.864461337794032558e-01 6.347650365169613673e-01 2.801748008342986318e-01 2.051215510582080348e-01 4.545997588954018842e-01 4.795072322039970469e-01 5.665070435842598506e-01 5.008461743614817108e-01 4.585691438413609933e-01
6.396714192114475450e-01 4.118669665366737065e-01 8.253591746350633640e-01 3.315008422202314065e-01 4.828590279474114233e-01 7.739772980820246451e-01 5.914036914392533095e-01 7.247475942845923447e-01 6.732705031589212297e-01 6.169732759157529056e-01
8.712778111735202113e-01 8.895748327313519610e-01 8.225323806102656787e-01 9.307667243455800543e-01 7.305779812939312556e-01 6.976467274989697209e-01 8.352858258223486709e-01 8.466765094041422968e-01 8.318268237160156842e-01 8.530047941058821470e-01
8.192128799938683814e-01 8.987087818745732593e-01 8.277821317991712613e-01 9.207461556999201324e-01 7.253994698223592552e-01 7.345852683499626279e-01 8.519173699298515645e-01 8.545158086036951373e-01 7.949098178134517134e-01 8.529110916872795212e-01
8.158281283492440084e-01 8.675613649089238821e-01 8.278805810986359370e-01 9.156110768636194219e-01 7.200823034662868771e-01 7.203718311611307934e-01 8.825759568192201865e-01 7.893250747508961940e-01 8.462399795792658885e-01 8.534118701428911047e-01
1.633245015319984006e-01 9.668211103086955804e-02 1.824228073509480130e-01 7.535862431434575681e-02 2.354285385490114124e-01 2.900099454110612318e-01 1.335921553467170342e-01 1.072473219713064169e-01 1.757799787104161737e-01 1.449150426274051495e-01
6.131976967057287675e-01 3.952398761013109496e-01 7.665436242724372740e-01 3.206311747084760189e-01 5.149016668692028009e-01 7.494009595693674752e-01 5.669042641947251715e-01 7.490140543227365999e-01 7.010725951863480132e-01 6.457931341028896322e-01
6.173246459412492504e-01 4.109568612168878476e-01 7.928640880610493546e-01 3.407965766179865130e-01 4.848284576415634595e-01 7.634035145954471968e-01 5.839455523145985483e-01 7.698718004500465506e-01 6.771522033400885210e-01 5.918379145898494675e-01
