2.177107833969281203e-01 4.872686260845955353e-01 3.724837106186159041e-01 1.686039020217609541e-01 2.464973978323206083e-01
7.367113629500241512e-01 5.565794401977612882e-01 6.392424630951436537e-01 8.198682726174973956e-01 7.163197553890190417e-01
6.607672036068155119e-01 4.716041941349066180e-01 5.858506723956862228e-01 7.620788661241806317e-01 6.998096930496051638e-01
6.654400782827776251e-01 4.477017855582931527e-01 5.842770184315480009e-01 8.094569873677712746e-01 7.104842682379519658e-01
1.125131453465371550e-01 6.603918430452018762e-02 2.238289875759131783e-02 6.170831545018611031e-02 6.259973589137369371e-03
6.578445017832755815e-01 4.442838788740994249e-01 5.727642828720134194e-01 7.591086961896321705e-01 7.382854535080817238e-01
3.448946060507161460e-01 5.805412866483133927e-01 3.624900087989080810e-01 2.052545230103866303e-01 2.995019129445522510e-01
3.372490523947846985e-01 5.902667079843307851e-01 3.837853282441743286e-01 2.206021209522787685e-01 3.057978364378008407e-01
6.130295028704485505e-01 4.267597416856059866e-01 6.195265507579825748e-01 7.371253958779884208e-01 6.940976815671797695e-01
3.638414599864181476e-01 5.699580840191528219e-01 3.725532761954227223e-01 1.966912346175382076e-01 2.511800949391615467e-01
2.256041433969866727e-01 4.872381260002182635e-01 3.689016236562606688e-01 1.585503838924927911e-01 2.608812707352384241e-01
2.163626264096644991e-01 4.654762654222905360e-01 3.811650228434990129e-01 1.817149349742879227e-01 2.957730142698531961e-01
-3.884704819673614681e-03 1.716072555260930374e-02 9.370478923761707546e-03 -1.052964484729721449e-02 9.334895633628982354e-04
6.678346153941464580e-01 4.713035259224724327e-01 5.839983234952411673e-01 8.102813011291745138e-01 7.498517401970675733e-01
7.470391478858831036e-01 5.489180087145808518e-01 6.215151556289770785e-01 8.467609835063003576e-01 7.519812709338768997e-01
3.571604072127200769e-01 5.547557205595321506e-01 4.131816244806356675e-01 2.186295253303641994e-01 3.005543453679677124e-01
3.518732471358546610e-01 5.419958103169137953e-01 4.089714365941701235e-01 2.644003874374329377e-01 2.781345195047898455e-01
-2.051279387572573290e-02 1.476006418881936275e-03 -2.049777349882804609e-03 3.098122537421608112e-03 -2.442413265503276185e-02
7.704601251580264210e-01 5.299527471563084680e-01 6.345138776502891043e-01 8.556428419416070019e-01 7.290005553318997800e-01
9.769703472684230228e-01 1.025191029450332802e+00 9.903110727704059757e-01 9.607480575283063873e-01 9.896442243953924578e-01
-2.442248534917289878e-03 -3.487720523944647100e-02 1.710479937847480744e-02 5.335272883045020197e-03 -3.424580877992720179e-02
2.288656564899997914e-01 4.964448574633729683e-01 3.653550450517968340e-01 1.917036015569193730e-01 2.821066380036152954e-01
3.600946722136704747e-01 5.572845151981493661e-01 4.184676028618941612e-01 2.007496829567638197e-01 2.608965959970269699e-01
1.014740082769140406e+00 1.023661563844861400e+00 9.659655933821454932e-01 1.002296426012146080e+00 1.026402866748510556e+00
1.025629612236575561e+00 1.023424132477841697e+00 9.821157995466279766e-01 1.019238564459990837e+00 9.918597384614481483e-01
1.050348806415421832e+00 9.871437831204193936e-01 9.630481103873567150e-01 1.020121963576854363e+00 1.010312366049077815e+00
6.213858023807561359e-01 4.526008811854687619e-01 6.059062999561687368e-01 7.858996160670118636e-01 7.271130183865435193e-01
3.513349276818816813e-01 5.801406488942303374e-01 4.327318904031313695e-01 2.299853169101505612e-01 3.128416199704632805e-01
1.248359322582639624e-01 8.590406328251729007e-02 1.254107785872019855e-02 2.204826295311925269e-02 1.098035901157369716e-02
8.824880641851698404e-02 1.315560956986429331e-01 1.669405445565087798e-02 3.554568401796281280e-02 5.707557944843415568e-03
6.447678990491946260e-01 4.446472532554728851e-01 5.962798471764555464e-01 7.700140538657421763e-01 6.801575022836411355e-01
6.673103324774005696e-01 4.212863510269831968e-01 6.047489610577957420e-01 7.758320959941700234e-01 6.793446573714438941e-01
6.666819109401199706e-01 3.959323205723881411e-01 6.154925581723210692e-01 7.913185120183825472e-01 6.868526835355007742e-01
3.599529067446306518e-01 5.195730839953955904e-01 4.105639547841925530e-01 2.151913850670623407e-01 2.944537471158207853e-01
3.433730036204190039e-01 5.464010994044879999e-01 3.917549236569110582e-01 2.198902539123341326e-01 2.834257804821036508e-01
8.827752706527244309e-01 9.399450823618025197e-01 9.672831876373726434e-01 9.408362592987407069e-01 9.977326459576781881e-01
1.866737732829171770e-01 4.861001783675514831e-01 3.993159394250019312e-01 1.723235740330615051e-01 2.863559659702994975e-01
8.929333172568915122e-01 8.866757414678708704e-01 9.655270989344438837e-01 9.414391338729876102e-01 9.752037655392410409e-01
-6.097454943114350920e-03 -3.857927575098395873e-02 -3.120106939021911538e-02 4.456996034618625896e-02 -1.492409673129281057e-02
1.288358617212720381e-01 1.045807067006169488e-01 -1.750936514172896780e-03 1.062339634201305005e-02 -9.208099439100624756e-03
2.157598890143263004e-01 4.740876926831197880e-01 3.869447789847590413e-01 1.957213984724648081e-01 2.216088509771767245e-01
2.163753558560320978e-01 4.885269730774770003e-01 3.632865457668121301e-01 1.789491551999220498e-01 2.671313477525666391e-01
3.313947728239631796e-01 5.626392837142317749e-01 3.840372719211295194e-01 2.043430619008698157e-01 2.756385460256777775e-01
2.316193927058795010e-01 4.920153981687492850e-01 3.892470527186768225e-01 1.399140583600827492e-01 2.491184631203200717e-01
2.233116151477445577e-01 4.580212391608385891e-01 3.588534817070796468e-01 1.642538825430060745e-01 2.654666508868302466e-01
1.292618061237185423e-01 9.527533836293229641e-02 5.230899389749173872e-02 2.647577913116606896e-02 1.025875736461165019e-02
2.310896746606096452e-01 4.292672980570863550e-01 3.609233686932012408e-01 1.523686291111704949e-01 2.729928371407006060e-01
2.098103302385088270e-02 -5.744208157229341305e-03 -2.564408287899834493e-02 2.777452853596009547e-03 -1.905343914444367764e-02
7.526303150350723836e-01 5.279575954532768067e-01 6.080251006971405525e-01 8.189657317822212068e-01 7.419543971093751633e-01
8.934315371012544471e-01 9.457542217357057801e-01 9.796637707417352736e-01 9.485270720290546187e-01 1.019859982092612416e+00
9.860468452041066811e-01 9.844662972590705330e-01 1.001211172554218765e+00 1.031022867633200724e+00 9.992672924706690329e-01
7.737402275031044496e-01 5.664596902808031187e-01 6.627489266760816511e-01 8.028593045171711351e-01 7.553738560506448874e-01
8.345947859607141250e-01 8.841007412109882502e-01 9.860999879882230701e-01 9.548703775333824417e-01 9.850833170548151108e-01
2.562608872355704587e-02 -2.803509620372483802e-02 9.159527889463012565e-03 5.457226628582693972e-02 2.986011571827859590e-02
7.781164844005709069e-01 5.201561472840867673e-01 6.212111157370525660e-01 8.252853377494705489e-01 7.245111070120895391e-01
2.404093519027712955e-01 4.281514512654886473e-01 3.834537699625541474e-01 1.702684441444423658e-01 2.348662464456124366e-01
1.168070432691433250e-02 -3.767846427556803546e-02 1.776604315322833499e-02 1.245458929425405543e-02 3.952608601623285728e-02
8.969162142083316747e-01 9.095607227754770596e-01 9.750111274999775368e-01 9.841283991702139966e-01 9.703107944818039066e-01
8.746233525490623162e-01 9.117879539198067151e-01 9.702377180422715464e-01 9.718080726235001077e-01 9.773485749179313675e-01
3.643744701283965770e-01 5.490282872380040091e-01 4.251844163368059260e-01 2.140133957664625552e-01 2.788454558100104119e-01
6.651892975188012924e-01 4.884505238564308405e-01 5.955985120865058269e-01 7.813789622158396897e-01 7.147676280357688761e-01
3.359423370599941006e-01 5.165020440696841408e-01 4.295232898768391316e-01 1.954701325534706213e-01 2.645852111548784302e-01
1.007126492858581468e+00 1.008014138602251197e+00 9.700198823377830237e-01 9.821395977883111694e-01 1.019416919176743486e+00
7.685558361928762627e-01 5.639234242346580217e-01 6.048594992883205013e-01 8.379326260219343014e-01 7.131541346366928602e-01
1.005220223821734038e+00 1.014874722930644957e+00 9.705519588687016030e-01 1.010539044077595427e+00 1.000240333489645028e+00
7.592839126376933478e-01 5.638419369314590091e-01 6.332901398650805369e-01 8.281395431800901985e-01 7.244937747831817765e-01
9.980683366325153738e-01 9.858879510558641313e-01 9.872659614475454148e-01 1.010470161075516238e+00 1.013400012345061274e+00
9.294240657570524977e-01 8.910975895198161023e-01 9.659020246526809350e-01 9.824247774369878616e-01 9.798206493828905961e-01
8.968319400816269216e-01 8.731231152007292717e-01 9.452324391147993721e-01 9.530657111377371926e-01 9.704846872025115756e-01
1.011864907645123157e+00 9.840823304115096093e-01 1.020721194583922520e+00 1.043759900905266491e+00 1.011991703306255763e+00
6.376422851246960066e-01 4.317043686759746701e-01 6.013638082974289700e-01 8.052911908526332319e-01 7.141612499456286844e-01
8.825528640666365776e-01 8.927831470539661085e-01 9.665786725440559390e-01 9.608483688654798627e-01 9.688654886086894846e-01
1.003922880410466512e+00 1.014980573493854177e+00 1.019291008966638490e+00 1.002619483761270303e+00 1.007667090275125910e+00
-6.306176378004443861e-03 -2.487779565246318533e-02 1.212428667943440952e-02 4.101421270103935805e-03 1.132726934688946816e-03
6.191859787247716573e-01 4.175205802922708487e-01 6.133258600684881046e-01 7.814724395590639805e-01 6.834547336098050208e-01
3.710276768398662606e-01 5.189143319963619438e-01 3.871430232703453878e-01 2.256197240842716667e-01 3.087845409631501670e-01
1.634750686135068992e-02 -3.264938983184676596e-02 -4.919186076711481309e-02 1.453063198319914061e-02 2.881247363260565353e-02
3.366172339858606311e-01 5.511271629143552619e-01 3.938375046779129529e-01 1.926724563536902357e-01 2.572274446891530397e-01
1.021072587477125815e+00 1.003842320602279292e+00 1.018541820246426033e+00 9.828260780545319264e-01 9.815249990926684376e-01
2.351491377545136818e-01 4.605940450666852204e-01 3.510570860790359071e-01 1.805978104469808943e-01 2.770798130226713174e-01
2.510396830106418342e-01 4.630475493670938025e-01 3.393979515537918212e-01 1.927860700561511709e-01 2.856907124694246791e-01
3.434820953134771759e-01 5.716383462162933915e-01 4.270894329185997429e-01 2.005293480346694579e-01 2.952401021906131962e-01
8.738013040509819973e-01 9.013694180342437523e-01 9.907860738289471225e-01 9.633108521424552650e-01 9.454978532699285232e-01
-9.680856961452545886e-03 4.201893572424908094e-04 1.328658644367991830e-03 -1.659194908050628386e-02 -2.705214477307485692e-03
2.182440831709838713e-01 4.491063934929437340e-01 3.974828189211137008e-01 1.711157632391230032e-01 2.703564521267328713e-01
-1.476564758998317843e-03 -1.299393771819167334e-02 1.359812342146865353e-02 -9.702801145680785624e-03 -1.180514509228163672e-02
7.450788167101125570e-01 5.517516029572040459e-01 6.490608885724122867e-01 8.641702364633224720e-01 7.559850997181000176e-01
1.012657833577229827e+00 9.939865528650470017e-01 1.012111880019864296e+00 9.964254370092096025e-01 9.487280557164692318e-01
6.416966898000721065e-01 4.304697569498430743e-01 6.138936826596441687e-01 7.868069360695806314e-01 7.084935123123679013e-01
1.384779992996913456e-01 1.115550679598469735e-01 2.325498110114522510e-02 3.799522979310535065e-02 1.965548979657056466e-02
3.203975135403239749e-01 5.444570571347158161e-01 3.660143857863650263e-01 1.941551249236805055e-01 3.309403324605658669e-01
6.427582868119235959e-01 4.726430810391525905e-01 5.595169480343438195e-01 7.539600949468618918e-01 6.841077564750619455e-01
7.606476210239933033e-01 5.500807537142067272e-01 6.261564412900795240e-01 8.150132458494385723e-01 6.937081781667471247e-01
1.014353018320358402e+00 9.964483168018926085e-01 1.006360044686580801e+00 1.017192594602612354e+00 1.017038825247988720e+00
1.001917994517764310e+00 1.026323485918568812e+00 9.839902507566621326e-01 9.850451952093172148e-01 9.969771982529713750e-01
2.208846335193057620e-01 4.811552531050088399e-01 3.779931296356502379e-01 2.031445815604042138e-01 2.974996388701550143e-01
1.008657613770019390e+00 9.894662562963623120e-01 9.996999831193503772e-01 9.800229915091757116e-01 9.934399698393607814e-01
9.922553752968474861e-01 1.016630424633595542e+00 9.888854857700407619e-01 1.006089287495845808e+00 9.827970138543508094e-01
8.586627250215197460e-01 9.156020278252224864e-01 9.653005742464788597e-01 9.581162667966239832e-01 9.843302522474993710e-01
2.303581471970861105e-01 4.793076684150360256e-01 3.279533954030444676e-01 2.042386497065854511e-01 2.895436593155599758e-01
6.597492707181686900e-01 4.289083807298397222e-01 5.692898780918105306e-01 7.690660403860786198e-01 7.270468016695175173e-01
1.048788443595042308e+00 9.983427664665370793e-01 1.049644053498383078e+00 9.834446339797139336e-01 1.014547096633421575e+00
6.599533159146602213e-01 4.431754369284263140e-01 5.818729830805083880e-01 7.913192297566263855e-01 7.126819855818586902e-01
6.434638652972204387e-01 4.702223822841726797e-01 5.692974095399513379e-01 7.946296562932441132e-01 6.909291009731657329e-01
1.033345673585576996e-01 8.286110421646937507e-02 3.235602071766904148e-02 5.129378755468074619e-02 3.583010676882222162e-02
1.010607488571271459e-02 -2.318036579113949211e-02 1.271153823037938536e-02 -3.783433448424687595e-02 2.463951450985374381e-02
2.078172468791652794e-01 4.803868353235449806e-01 3.335208386393678781e-01 1.645065726159043173e-01 2.540014328672557387e-01
7.333958122427703952e-01 5.504847985647497444e-01 6.077688674434025273e-01 8.621949748945019198e-01 7.428526789317619894e-01
-9.666697256520246154e-03 5.298587185928646179e-03 -1.655297762969518485e-02 -1.570666698995228788e-02 -4.726020116751212391e-02
1.748748821249949612e-02 -4.712953252155334567e-03 3.543941712473210048e-02 -2.168633416163240693e-02 2.892232356719418376e-02
3.695276637399708131e-01 5.494341125361339451e-01 4.046093440126892204e-01 2.435137836848664528e-01 3.043192271528920578e-01
2.458500729007311036e-01 4.779625698917419618e-01 3.784858467503785517e-01 1.721768991918273262e-01 2.789651554138999900e-01
1.711968904996119187e-02 8.810144495954802188e-03 -1.414307285570146067e-02 1.403199319620895662e-02 -1.423813700290208276e-02
3.600353579288329553e-01 5.672682374822746176e-01 4.527712026841146931e-01 2.152706903583167242e-01 2.860067554137318835e-01
8.823329594588013025e-01 9.061554666986229023e-01 9.681565025063539887e-01 9.108253991801111837e-01 9.863424213681750707e-01
1.014086223333299230e+00 1.029152076170880781e+00 1.011517497242515384e+00 1.015031398167829391e+00 9.769864220148979372e-01
6.500438902683266518e-01 4.341474193472588672e-01 5.886805820601130890e-01 7.713030687836937016e-01 7.172888107740187369e-01
7.839932002200482586e-01 5.512467938914139554e-01 6.356743679662264501e-01 8.539307212178738338e-01 7.210225597508550521e-01
-3.397746603638678031e-02 -1.698353554459348588e-02 2.866299123336465970e-02 -1.684014617516185405e-02 1.619223442031989674e-02
2.229481242595913182e-01 4.649221140364249161e-01 3.648799927822517497e-01 1.563449607442788380e-01 2.594015782568357409e-01
1.310248018846594253e-01 7.724646676892177322e-02 4.965788834051215739e-03 5.797798863135053549e-02 1.054999870430334101e-02
6.656197445614422392e-01 4.450777854877803197e-01 6.160306519236712353e-01 7.749019089545852168e-01 6.832293984731112602e-01
1.050742969476337330e-01 9.523458418804356396e-02 4.495362227012839745e-02 5.029084794519258356e-02 6.930152029324792781e-03
1.006865028505748105e+00 1.009457790308089242e+00 1.008018068845273341e+00 1.005658767167090684e+00 9.739643127744672668e-01
3.568759863093126095e-01 5.882540821889434834e-01 3.838183517183244575e-01 2.005592106973463074e-01 3.084039770946437886e-01
1.217403595520736431e-01 1.120022942575866487e-01 5.214859279477280368e-02 6.010234733529659645e-02 1.924107942531680035e-02
2.023641045934478910e-01 4.249592989246930297e-01 4.003459235661478988e-01 1.641039427781313120e-01 2.592056858004456732e-01
8.636628654429882035e-01 8.876486842208828332e-01 9.655548033139179642e-01 9.554612818608952951e-01 9.548123575585578671e-01
3.595570866839587487e-01 5.481591147421638333e-01 3.913335499516679694e-01 1.817420376050316033e-01 2.666417517056568487e-01
1.362315713925406901e-01 5.866947785458696829e-02 3.424178425277601273e-02 3.478720866239671389e-02 -2.517430010609830043e-03
-9.695139065022605543e-03 -1.856906395846322916e-02 -2.885850995915344858e-02 2.142908393652146609e-02 -1.233647957553344297e-02
1.151844078615499728e-01 8.444728085487596125e-02 3.907164226218014236e-02 2.613180633201155414e-02 3.120562702458738388e-02
1.013092748780080710e+00 9.953593331438091996e-01 1.014469562455892149e+00 1.015113045795749125e+00 9.992350801946938699e-01
8.866849702770918107e-01 8.907745736893488697e-01 9.629573448672978930e-01 9.524338820021767127e-01 9.664465860820732335e-01
3.957376899935361458e-01 5.445001317279628550e-01 4.312744328776632052e-01 1.844608195371080783e-01 2.781455921993790104e-01
3.574405760249937947e-01 5.676579201646434480e-01 3.964715089148669880e-01 2.178355595733284800e-01 2.806928544902196898e-01
1.026491308858269891e+00 9.973872872129964096e-01 1.016826198151288940e+00 9.854047461337879232e-01 9.829840357137025197e-01
9.245169697715074353e-01 8.805462399765242587e-01 9.646913917117981851e-01 1.002855712166006885e+00 9.866928999059834116e-01
7.547309618931471453e-01 5.256338393534267794e-01 6.246560924724192665e-01 8.489055821311574102e-01 7.187318198384539114e-01
8.898638082775732483e-02 3.055582804388666529e-02 5.630876740043093409e-02 4.765127390786223771e-02 4.416006499437483829e-02
2.167260537348456861e-01 4.840939971835701017e-01 3.722202556496684300e-01 2.027705415185294402e-01 2.706123094127629303e-01
1.000436606400456174e+00 9.738750569112628597e-01 9.748860592572976547e-01 1.018548223526418939e+00 1.011747689498000424e+00
6.352212898208049463e-01 4.374140247775223367e-01 6.071329625586455725e-01 7.763463439708687686e-01 7.175581913223776365e-01
3.815818954909069305e-01 5.237272302542482771e-01 4.312672458539706932e-01 2.323788789111247977e-01 2.811505187529739769e-01
3.200089914932582325e-01 5.690378863617451266e-01 3.817922360244443980e-01 1.828740840366446796e-01 2.783466700811228489e-01
9.949567108636955259e-01 1.046418940798369501e+00 1.007262244002087082e+00 1.003865340712694065e+00 1.006187812448166685e+00
8.607219437993217648e-01 9.124153026091805785e-01 9.853670638712161978e-01 9.657670963816625820e-01 9.728415803478128732e-01
7.756896938899040528e-01 5.465052010863776788e-01 6.449495608981320460e-01 8.303990117405063431e-01 7.267682804061146307e-01
-1.939642652898532216e-03 -3.997636984661910586e-02 -2.068051138232284564e-02 2.443339294330688569e-02 -1.546560661707354484e-02
6.618766339299857471e-01 4.301207553202309741e-01 5.802002102646572901e-01 7.989041902326278199e-01 7.478053697729067917e-01
3.607194218294971777e-01 5.759658251774435467e-01 3.930288943373929089e-01 2.022238666639077920e-01 3.054269391678830492e-01
2.460637025461446040e-02 6.772696845072726998e-03 -1.712589880048867585e-02 -1.406846602018398248e-03 2.011159927924726851e-02
1.730768266172268491e-02 -3.360756810583598840e-03 -1.661441605449780548e-02 1.784520406586420985e-02 5.973986936409089732e-03
6.123112374442473138e-01 4.821987403461142074e-01 5.722210482374955332e-01 8.153645663915041197e-01 7.122393788763651257e-01
1.054296048800351104e-01 1.270229950403126695e-01 -1.787241090478142169e-02 4.858012014852427368e-02 8.802884391058148073e-03
3.364949188525807600e-01 5.381023750192348576e-01 4.394149085892666839e-01 2.079743669478114898e-01 3.140966214355273567e-01
3.442973177683255614e-01 5.737285804890831509e-01 4.429296107816350081e-01 2.396215184530413322e-01 2.599247663481445980e-01
3.432573580287430759e-01 5.666580763697288692e-01 4.022256980383189240e-01 2.329316310214653851e-01 2.917904101127651861e-01
8.798068962504872470e-01 8.812498484355105743e-01 9.942761300542090064e-01 9.642599632950511479e-01 9.698590234129776944e-01
1.025087922716461986e+00 1.007951180737636010e+00 9.948394934569678716e-01 1.041088291263993160e+00 1.028351354101686876e+00
-9.588683626382652966e-03 1.110180158687628510e-02 -1.051061210602605329e-02 1.413947567028910621e-03 4.474934040823951280e-04
-3.710689887696019124e-02 -1.378692339161948985e-02 -5.758218993073457512e-03 -1.928463921167863915e-02 -5.821536582265934845e-02
6.471792028945612119e-01 4.283391660686738378e-01 5.846132649601112341e-01 7.442879247823616096e-01 7.334677344236130159e-01
2.386714515961237959e-01 4.795969391945048566e-01 3.962202080559030226e-01 1.571617026704495157e-01 2.990006953834439818e-01
1.276312441914974061e-01 1.079254136599093611e-01 -6.203229681633171122e-03 6.167916902861018957e-02 3.718326474241138990e-02
3.509796317258492282e-01 5.693021363189344486e-01 4.161246143543740339e-01 2.176422356578129047e-01 2.553080251275226531e-01
9.128644963576962867e-01 8.902937710444047692e-01 9.412033369096820534e-01 9.515685368569757330e-01 9.858917347050011326e-01
3.653261914232255325e-01 5.519633796182905616e-01 4.114122618219033245e-01 2.290048642294779946e-01 2.791938876759213484e-01
-1.903936878363880758e-02 -7.074631422036826989e-03 -5.213652784656589746e-03 -6.875516593433164941e-04 -2.716674000668904340e-02
7.690255763841555847e-01 5.581232169754450911e-01 6.127990276264118075e-01 8.310254484529440155e-01 7.237442659500600284e-01
1.008657962144825726e+00 9.852964516599246325e-01 1.021291525365771946e+00 1.012906051721301548e+00 1.012663094305311873e+00
1.001107476855191303e+00 9.915887972956674012e-01 1.031455106210811934e+00 9.850101091327636560e-01 1.010771356856931424e+00
8.838573086326949602e-01 9.358909287229825180e-01 9.704940016967653627e-01 9.660050969847389091e-01 9.801040965104644842e-01
2.737236018694831283e-02 -2.232612865746125969e-02 -3.889067621163907335e-02 4.247010864776574329e-02 -2.272360387740429005e-02
1.001026991556934753e+00 1.008103168954584961e+00 9.924317433207937578e-01 1.004022474241696328e+00 1.032459335204158668e+00
3.446516599427039140e-01 5.561022936325737964e-01 4.136587194375205834e-01 2.388293309545653775e-01 2.764922200324203549e-01
3.354735286471177691e-01 5.618008075947453772e-01 4.166195094092502993e-01 2.212334831339680119e-01 2.454929634725449838e-01
3.506689936352944126e-01 5.567713627929846698e-01 3.726703319702138750e-01 2.061174128767470914e-01 2.708562614646789490e-01
6.653599263589194956e-01 4.453195056018730558e-01 6.025636126611058074e-01 7.734859815565799934e-01 7.234098761818382739e-01
2.757459514283877589e-01 4.782463208212385242e-01 3.453643565192153209e-01 1.440357211124536629e-01 2.245334227771889901e-01
9.040851048408745649e-01 9.049141929634439974e-01 9.482379278712148585e-01 9.819448399089290014e-01 9.913744688455777831e-01
9.882090120435271796e-01 9.889816749725811595e-01 1.018034611463569883e+00 1.011425664622912723e+00 9.987387546693209384e-01
8.665921009946377929e-01 9.211560565956132818e-01 9.524029833581227900e-01 9.602596775847854760e-01 9.627612637943536722e-01
8.829749427800072104e-01 8.664786437833388311e-01 1.000599929343884087e+00 9.322436009560297610e-01 9.817150533663655532e-01
2.202718016639619580e-01 4.557889223442214144e-01 3.509102772144072624e-01 1.775663473645719137e-01 2.707646462062741066e-01
6.797459778183438939e-01 4.458001235291754183e-01 5.873442624321374428e-01 7.662297262650823448e-01 7.058899606197834853e-01
9.084847574871547371e-01 8.948237310104225628e-01 9.746639549775473199e-01 9.357454934910121036e-01 9.903073671454175608e-01
1.011252166050400136e+00 9.808126950965925239e-01 1.012070838542735052e+00 9.864605638786284603e-01 9.790110445473145795e-01
1.007753147020735707e+00 9.355028013640231954e-01 9.980405114038547465e-01 1.019833400563860959e+00 1.008689038938086258e+00
7.711809775048041882e-01 5.438753256474233577e-01 6.251062207352160449e-01 8.547029973173384532e-01 7.558897712026456661e-01
2.956572078658787350e-01 5.319768500067076911e-01 4.132693644061266602e-01 2.449432559456805880e-01 2.458507916727938336e-01
9.652171743376668500e-01 1.019341374197206385e+00 1.021885324529484107e+00 1.008739416244395004e+00 1.028578730848159317e+00
1.425568895722556240e-01 7.442146436246360741e-02 2.498975641540157264e-02 4.967066145703405433e-02 4.233063641452852743e-02
1.977593312782753299e-01 4.796534755012930029e-01 3.416353305362684334e-01 1.742151025188283797e-01 2.729424534177839479e-01
3.454720746145986121e-01 5.649757053000581397e-01 4.125277108791836622e-01 2.206601865880130631e-01 2.720348066995185166e-01
2.810793735070565846e-01 4.241197620976607241e-01 3.835721814698309640e-01 1.710724838865664010e-01 2.895722524690196309e-01
8.782421168383555132e-01 9.283428188963233074e-01 9.777577431920210227e-01 9.728792199584391787e-01 9.625586021250339686e-01
7.972905751523365891e-01 5.588307755368617791e-01 5.837938041248332821e-01 8.325155661664085383e-01 7.242567357844410525e-01
8.579242400767814747e-01 8.845993060731057733e-01 9.674892912979263793e-01 9.761564862421179267e-01 9.858358279591170614e-01
2.518986885723975000e-01 4.614781599497169706e-01 3.595212642361717004e-01 1.801955445088976315e-01 2.474766258816299414e-01
3.477046228983490805e-01 5.335929886209250794e-01 3.826363989103168106e-01 1.850325209229649881e-01 2.859052726415206025e-01
7.352264244366437662e-01 5.130533789315877558e-01 6.332560969030851528e-01 8.110078149879514919e-01 7.405938121897462922e-01
7.658746043735236153e-01 5.337211527708836112e-01 6.516885703629647919e-01 8.113658076626653060e-01 7.217143737551475757e-01
1.290238748791424639e-01 1.200422656698073298e-01 4.587605738990154641e-02 3.384738419043272634e-02 -3.696223825265135959e-03
6.628883373715451777e-01 4.225034719578521503e-01 6.225118836297052205e-01 7.982467588940808101e-01 7.369000151825143563e-01
7.561962875677945561e-01 5.008664779741743844e-01 6.145023225838602832e-01 8.501081324679943263e-01 7.588522112963782540e-01
7.625714472402419508e-01 5.392403497235441767e-01 6.583671428793584912e-01 8.176048277090011140e-01 7.656933096984097631e-01
7.646936277296808582e-01 5.495711868240112929e-01 6.334259602248552001e-01 8.165877067193484384e-01 7.130378722208779996e-01
3.728512806137734281e-01 5.488346157243275680e-01 4.120672332488412581e-01 2.042067167437813247e-01 2.796016047518299907e-01
1.141232543727803504e-03 -3.107821010982449519e-03 3.773990426345913071e-03 -1.127277907277304293e-02 -2.013936974232711022e-02
8.869253253152222793e-01 8.976152190895011485e-01 9.749304884537359772e-01 9.248965875150899629e-01 9.830477103158945518e-01
-5.077780520551446186e-03 -1.681630938488007029e-02 -2.010225956221510166e-02 1.034829494191598712e-02 -1.092616646416800195e-02
6.287275649753003570e-01 4.459056894591996167e-01 6.036591145544309978e-01 7.857002398161884171e-01 7.114920889509755986e-01
3.324951566700892203e-01 5.744736772664880142e-01 4.128907933732858249e-01 2.033301635337591007e-01 2.553633486896279559e-01
3.257257117425889081e-01 5.633499838137351334e-01 4.156174912884049721e-01 2.227197570010503724e-01 2.817284027345454134e-01
1.193937869835100668e-01 1.149400840792835082e-01 3.926811890000753147e-02 3.634650932479391305e-02 3.451838491561610989e-02
1.814836963328488317e-01 4.807335997258198046e-01 3.634367181194187446e-01 1.349719655527792106e-01 2.952516101679573679e-01
3.554419870670899595e-01 5.917483671256567046e-01 4.164661886842648264e-01 2.118299982860954722e-01 2.969451536007665093e-01
3.795719885748092826e-01 5.690476383304970964e-01 4.148680335288209564e-01 2.357338861377152872e-01 2.926867742000733852e-01
1.098057580738461408e-01 9.767066627754816821e-02 3.379542948370876931e-02 4.157914835957592786e-02 8.459066122891021472e-03
9.794355340280412880e-01 1.001738025378425601e+00 1.018318327998849027e+00 1.013176965723223688e+00 1.011125652200069114e+00
-1.604698947135757212e-02 -5.333706706717035277e-03 -7.994621143478270213e-04 -7.396726837893810493e-04 -2.177979204741769398e-02
7.466443847502107767e-01 5.432420942827052013e-01 6.539851172084027997e-01 7.899707927181311984e-01 7.039163686025183830e-01
7.771341942303778838e-01 5.551315436242043599e-01 6.149527007500283915e-01 8.432779113119415193e-01 7.555451272581160671e-01
1.329817728644082375e-01 6.207916504492638765e-02 2.850141177471671172e-02 6.290853530458183351e-02 -5.133343294831536202e-03
2.312163311153193068e-01 4.727703363262181768e-01 3.768595001780679077e-01 1.578436712037748768e-01 2.435866620799710391e-01
1.004617292173751064e+00 9.784133313009736321e-01 1.002534016978714027e+00 9.888914198867178040e-01 1.029730382923275345e+00
8.163582417805738400e-02 1.267127548488927724e-01 1.956064639428790886e-02 9.239197448961622428e-02 1.288575910416119887e-02
2.610090452372407221e-01 4.705894041310466624e-01 3.975795943308195191e-01 1.815734610315415387e-01 2.416783082022838092e-01
3.384779828409272828e-01 5.706616248764263544e-01 4.030475116954657100e-01 2.051754406188258939e-01 3.053146517367124613e-01
6.561866802573856905e-01 4.672382710376541959e-01 6.184530682039200977e-01 7.541851431918213944e-01 6.958115137120473026e-01
1.126121055368508317e-01 1.070590476663487722e-01 2.045561316385796635e-02 4.876986972493834588e-02 4.293755516556869989e-02
9.660368707690648593e-01 1.027869178498243885e+00 9.848201845576792790e-01 1.021109784807283427e+00 9.898575694017003324e-01
2.297540463493445984e-01 4.759204399306844468e-01 3.620431000783860820e-01 2.082273191625278463e-01 2.561353956480704741e-01
-1.494816949502489334e-02 -3.013011656699331534e-02 3.227862292545025102e-02 -8.439006879476579001e-03 -9.969317374454473180e-04
8.956583859196919351e-01 8.920511949143252739e-01 9.794917699604559491e-01 9.568610739848758540e-01 9.669322174763589350e-01
-4.463632299254417096e-02 -9.229923402616898925e-04 1.913573663497662421e-03 1.028526014592158477e-02 -7.746659456400710117e-03
3.651109152736493058e-01 5.564890116109013629e-01 4.194156664716840455e-01 2.295995258874705403e-01 3.052495109163657627e-01
3.901743023635617091e-01 5.742830059626632400e-01 3.973963310488899947e-01 2.463924133192178789e-01 2.726470780957298556e-01
1.013265155778146687e+00 9.470156727734480029e-01 1.023253929666548601e+00 9.795528731225616736e-01 1.005514604071937823e+00
6.421090019331514576e-01 4.448566301243627175e-01 6.007963427907696552e-01 7.759445029355133139e-01 7.213615770362986623e-01
2.182138346116827832e-01 5.012963649710004965e-01 3.678524971827632495e-01 1.956937684177101344e-01 2.791558761210105044e-01
6.528781222957218411e-01 4.147264096463184058e-01 5.988411734970758848e-01 7.648355461402730482e-01 7.268747312127484816e-01
8.850716849454239865e-01 9.197986982403787426e-01 9.546303803715308067e-01 9.329538669832029285e-01 9.800613896112829737e-01
8.913020272946599043e-01 8.788416335886550801e-01 9.587394562216782212e-01 9.308645218364522966e-01 9.803210871563936557e-01
2.237029299002818994e-01 4.613086690910744303e-01 3.972340128928415481e-01 1.484155604826052355e-01 3.079735488644220753e-01
8.754130639476741527e-01 9.248956997020193471e-01 9.718667344384233076e-01 9.982693811438470011e-01 9.590117738772424572e-01
1.006327195499110427e+00 9.956277549970347085e-01 9.869660035569620682e-01 9.735900043830257866e-01 9.611400566091804487e-01
2.276798465615985367e-01 4.834430410972205272e-01 3.916032817370457275e-01 1.918575254752247772e-01 2.506349947365226205e-01
9.784497568341993246e-01 9.905365605858907907e-01 1.028157405890705922e+00 9.778422495374197165e-01 1.013081392605023057e+00
1.015073393203176355e+00 9.949512794682492389e-01 9.784610529055205452e-01 1.001991871291859848e+00 9.741347030275743224e-01
8.651268913335187216e-01 9.212155992107395885e-01 9.795732092265307944e-01 9.843286862339510890e-01 9.864272229295270034e-01
8.972564910011011641e-01 8.925431991111474339e-01 9.691482853864117342e-01 9.039950200792690183e-01 1.010875293512903728e+00
3.215449600017158960e-01 5.199507139134912359e-01 3.935081755429350459e-01 1.988461271783401596e-01 2.424698120418092295e-01
3.446428396615232037e-01 5.884792364898677741e-01 3.782903926268533779e-01 2.130442368532162456e-01 3.019987270071557983e-01
-2.176423114712045317e-02 -4.093088958428315466e-02 9.201954457413535904e-03 2.384468714557319829e-03 -3.624738643499055869e-03
7.745619921744801850e-01 5.275390352683977380e-01 6.315620175480185505e-01 8.236424261125547819e-01 7.238322597027873062e-01
3.885488857682902752e-01 5.780926145315350428e-01 3.978714042507133231e-01 2.007932158360554720e-01 2.805701977092396882e-01
8.114373928892269772e-03 2.195733347318923681e-02 -3.348776589570774675e-02 -1.980620013744406951e-02 3.702911908199924690e-02
1.258468457820082409e-03 9.025376751812237350e-03 1.193308417473241956e-02 -1.547070955668810449e-02 -3.325411119179199487e-02
1.023726953864614320e+00 9.772576396283735312e-01 1.007922529806468459e+00 9.609447853846662113e-01 9.918771418511039828e-01
9.075282169794159082e-02 1.172026349152122393e-01 6.178869363789882274e-02 4.165272884175128670e-02 2.863486770105309540e-02
1.019096483242102558e+00 1.026543701561753119e+00 9.748249404764766091e-01 1.014315997030616368e+00 9.958225345942133266e-01
7.350573216101350393e-01 5.425626727751503564e-01 6.354361756995114963e-01 8.021200760752281722e-01 7.385010805662099997e-01
9.857088563104693391e-01 9.907838418362703292e-01 1.053115186936808945e+00 9.953123577437386071e-01 9.870980328952619898e-01
6.345746150042321787e-01 4.349757515298334209e-01 6.176334278072213024e-01 7.739810555175423712e-01 6.987552859408682204e-01
9.149930844193817636e-01 9.043045165245382488e-01 1.013969571818175597e+00 9.502414032982846592e-01 9.775273944262722337e-01
8.550451776902895373e-01 8.939018401684380999e-01 9.435418744016781378e-01 9.653763616214803278e-01 9.644709797488183467e-01
3.179203815581548853e-01 5.728752862626275144e-01 3.980551196450930473e-01 2.125818656955508756e-01 3.018330124605042020e-01
1.046334608691022350e+00 9.984902775776671735e-01 9.997783031195535131e-01 1.005150902318210360e+00 9.764050839862363773e-01
1.256995033861010858e-01 9.124349345063499650e-02 7.191378097278385007e-03 6.491781308436458953e-02 1.871938964694231169e-02
6.563094898675526645e-01 4.749091671738648879e-01 5.962022400181797854e-01 7.562861920225374401e-01 7.082169445165321653e-01
6.657873649999355159e-01 4.275958499715223349e-01 6.061234948026351654e-01 7.791005563656485666e-01 7.039608165401295414e-01
6.475127259945939739e-01 4.264313225387798556e-01 5.650529924514403612e-01 8.128294070154548079e-01 7.204144737969754297e-01
7.673860422986272800e-01 5.292327548542340443e-01 6.121714447799975201e-01 8.197565672153834804e-01 7.445545937389529412e-01
8.709804137545368308e-01 9.607265253238506109e-01 9.990107569472005400e-01 9.759479625596474417e-01 9.465623240732534693e-01
7.533205494362295029e-01 5.270689596335973448e-01 6.281578253203369266e-01 8.223435021540711487e-01 7.386415630105260810e-01
2.088329048191581716e-01 4.889419898999520786e-01 3.697082715036129619e-01 1.493204966933566191e-01 3.002406301672616018e-01
7.747827953794353961e-01 5.425648333176136262e-01 6.063889682623448962e-01 8.889319049076419565e-01 7.531119525003786563e-01
2.312142698111874506e-01 4.571374101708657323e-01 3.447020333377222578e-01 1.668352548000483770e-01 2.589630190259262221e-01
7.636833174824239068e-01 5.249212232973939907e-01 6.273158163157591671e-01 8.186355434419446686e-01 6.949474447530883392e-01
6.276673065803970442e-01 4.550992096920206675e-01 5.945651489488230634e-01 7.781417572105510105e-01 7.164902015138582270e-01
8.601223166879012894e-01 9.028887698085241720e-01 9.509551484415181832e-01 9.525548935433296727e-01 9.820034782817773644e-01
6.474633783235714812e-01 4.170159196273500735e-01 5.943549525972880998e-01 7.970002643457160252e-01 7.132386177317756593e-01
1.022096590438003272e+00 9.965150436863388084e-01 1.002055884246518147e+00 9.855944935974161325e-01 9.951983537606735597e-01
2.622971830810122418e-01 4.761946245533605904e-01 3.350294177603392876e-01 1.779148459300351759e-01 2.704411482844959469e-01
-3.175767233473067441e-02 -1.725018363955702766e-02 2.179020782828094624e-02 -1.641740193158727421e-02 1.007527957981974205e-02
2.019622498962369422e-02 1.708399337407891933e-02 2.365794685264567543e-02 1.065956486432087340e-02 3.185594667919670886e-02
-1.282154518186929930e-02 -3.688386404041212475e-03 -3.051072618508248249e-02 1.050615786910236334e-02 -8.121535340831429958e-03
2.162064892978041858e-02 4.634595711591448126e-03 2.205252837348389491e-02 -5.914771222667931060e-03 1.421789905754567394e-02
1.330320709198581919e-01 6.020770208848204297e-02 2.906755545781636307e-02 7.032026626380930012e-02 9.853685611996421470e-03
7.783441574306214639e-01 5.664317587523748365e-01 6.503687200087452380e-01 8.208477148844017801e-01 7.360714111060633336e-01
1.670335926533835502e-01 1.032041029122893472e-01 4.906043446824888410e-02 3.320720930725692965e-02 6.085523224988308166e-02
2.435075045305582497e-01 4.779308995114890934e-01 3.778551462589516130e-01 1.792155252098962537e-01 2.630627780775126046e-01
1.172780155292020010e-01 9.724114355871014970e-02 2.671331168556691574e-02 3.543430380924064704e-02 1.906130922517211557e-02
2.310218436667942077e-01 4.630147699675418727e-01 3.814832413794520538e-01 1.711588995828351445e-01 2.755534668022254774e-01
-2.378564961494440341e-02 -1.125546354071995866e-02 2.646376449790047852e-02 -2.352548937414028485e-02 -4.946110704816019006e-03
8.330272686906975421e-02 1.051391343602619821e-01 6.988790221719019813e-02 5.387903038680579015e-02 2.377340465642012457e-02
9.326748325450957139e-03 -4.639542319832418160e-02 1.815563111090680347e-03 3.198354009018810479e-02 1.609280255692498857e-02
1.013774722985293142e+00 1.009555944998815402e+00 1.038279608409421906e+00 1.029969702824666600e+00 1.039595449437161312e+00
2.127607469815099295e-01 4.602973462424697071e-01 3.875891688421841397e-01 1.627616838059603999e-01 2.756147854532012831e-01
3.031638376487322609e-02 -4.278329152857768096e-03 1.463664672445231596e-03 4.300958722803259471e-02 1.057009632818438696e-02
6.637026425453513845e-01 4.498474687870667177e-01 5.700727711326400993e-01 7.842586447057363630e-01 7.051206757667107805e-01
2.207861889254668641e-01 4.847032474049257633e-01 3.449192452025460764e-01 1.652729302662145350e-01 2.964329848457815109e-01
8.846053953774390965e-01 8.925603056509173738e-01 9.849737381595619068e-01 9.324248940008924569e-01 1.003143947538903680e+00
9.531951698655102834e-03 -3.353113739949788868e-02 -2.881154709867889824e-02 -2.184949389583385956e-02 5.289027169268276443e-03
7.860134730431257433e-01 5.367506380500253194e-01 6.045935858200144342e-01 7.931996722009027057e-01 7.294474477170348470e-01
8.862895346637881255e-01 8.939390970173489714e-01 9.455564973448881139e-01 9.512095753943100584e-01 9.585483517022801436e-01
6.589364003632948164e-01 4.208989617873339362e-01 5.883774626184665735e-01 7.723455605146410941e-01 7.137003068499050418e-01
-3.989425147128904808e-02 7.619057235178647650e-03 1.852033468763871621e-02 -1.294474064946269168e-02 2.685315829885005778e-02
3.444809266852859042e-01 5.808528545339491922e-01 4.133381173031882572e-01 2.065249403130894890e-01 2.785345935873528855e-01
8.882409477618354865e-01 8.735027947902490597e-01 9.975517351022640256e-01 9.954146941155377348e-01 9.601589593762213104e-01
6.143181904814150052e-01 4.356071671817984825e-01 5.830425192540485968e-01 7.596941771914256236e-01 7.181088227519176748e-01
7.671902321029978600e-01 5.505053092499510026e-01 6.409210753028758978e-01 7.892119325690768461e-01 7.532579984770920722e-01
2.278333198775769897e-01 4.579086508431219893e-01 4.033409667908363083e-01 1.750779642886659271e-01 2.587837473461253590e-01
3.578902895023740038e-01 5.457227811428563280e-01 4.038679890549786156e-01 2.055918561148188661e-01 3.035078373362437576e-01
9.897130508127189863e-01 1.008129441099541834e+00 9.797370622904795212e-01 1.016731301204313542e+00 9.986776951646630929e-01
8.568284953345224331e-01 8.891610952683131064e-01 9.805021707622714189e-01 9.897639718175144097e-01 9.980192128631776294e-01
1.058354464197075018e+00 1.026579892583217468e+00 9.818334154845290707e-01 1.003192897468414557e+00 1.002438248148892264e+00
7.351197954374778520e-01 5.591820581828839121e-01 6.178873233023205458e-01 8.279243174552541884e-01 7.482187629632105486e-01
7.694193247350465947e-01 5.281672212771761910e-01 6.622206370026096911e-01 8.606369214806928181e-01 7.240823360494267336e-01
1.436259133967094093e-01 9.360499873757398281e-02 -5.785842422626849557e-03 1.614659141856755395e-02 6.707287758939603495e-02
6.298258092821207299e-01 4.600134647032181334e-01 6.158236963354222215e-01 7.833147722165919591e-01 7.064466142694930673e-01
1.117981600099200584e-01 6.746533911570640196e-02 2.871340609460900500e-02 3.599418487766523761e-02 2.378966128913379691e-02
-8.927440754566974904e-03 2.693623392574098774e-02 -1.427784814628025277e-02 -4.234937398027175531e-02 2.881107102673471226e-03
2.496201907363645167e-01 4.574277121826607617e-01 3.808711226484491896e-01 1.845032534335238616e-01 2.572346335529496208e-01
2.294787864608667516e-01 4.765238884051432589e-01 3.717176881215696893e-01 1.676199508401592930e-01 2.608693935385819063e-01
9.787436461171962199e-01 1.014046599354653688e+00 9.777346500831918252e-01 1.022061692741051520e+00 9.932280507052838603e-01
8.740249731488715090e-01 9.094069639016966189e-01 9.776068249536685739e-01 9.724654213450798501e-01 9.454892352892406704e-01
1.058645014641445142e-01 1.147387141670044575e-01 4.919108140194640433e-02 6.020790780466104414e-02 2.624394305828203419e-02
7.790768712464885004e-01 5.146752924552799868e-01 6.105297402826880271e-01 8.088725817784337968e-01 7.443280222694080850e-01
6.803781757663261986e-01 4.299765817461993489e-01 5.619583134601874308e-01 7.457218970596716234e-01 7.027082512864475383e-01
2.381923403482246737e-01 4.298109960662170326e-01 4.023203371895548441e-01 1.789494775521191516e-01 2.525325315618907052e-01
6.450113864637625483e-01 4.279378448703269333e-01 5.938648243278843442e-01 7.962218978727410024e-01 7.074992659865441125e-01
1.250139203931387444e-01 1.199074324922208973e-01 3.999178742949263676e-03 3.765852842366531478e-02 5.238285063844273781e-02
6.535756018395414424e-01 4.261050368511263287e-01 6.221040450270650668e-01 7.952912759414711985e-01 7.056131494264299420e-01
9.081901247102245334e-01 8.895657809930131998e-01 9.799854698271961428e-01 9.291385634565293428e-01 9.849084826202589849e-01
2.383646951197581632e-01 4.556957396787764680e-01 3.620101289628434582e-01 1.757417402514604987e-01 2.826476713260511198e-01
1.002018169673893677e+00 1.029716749994932901e+00 9.920295329392748718e-01 1.017460323248696730e+00 9.626120130485794624e-01
9.963182228332301271e-01 9.965882566743837767e-01 9.932947402779415125e-01 1.035570069970487728e+00 1.027736279932470520e+00
1.026923475615099779e+00 1.016666525762167428e+00 1.044639483281090575e+00 1.007116316751221374e+00 9.939511301622303563e-01
2.274306936586533157e-01 4.466975440205974701e-01 3.774845965405739801e-01 1.944953761523613989e-01 2.673287477739769713e-01
3.366851485674849376e-01 5.403814412704941450e-01 3.972340484416584383e-01 2.069756850073826149e-01 2.931373066343783140e-01
6.288674277357045872e-01 4.325394014635856599e-01 6.198481419237770185e-01 8.114613214561612331e-01 7.162816566192496959e-01
6.465607176318511895e-01 4.614212956455694403e-01 5.984950142405104367e-01 7.886877002101211342e-01 7.692507664398042788e-01
7.929953512107984492e-01 5.302285528103959367e-01 6.152290083104803298e-01 8.483291773471450803e-01 7.511530853902683713e-01
7.407533642257523310e-01 5.329463581268154559e-01 6.336054273334958964e-01 7.878775136877597118e-01 7.279903361880136758e-01
1.020887007164516413e+00 1.014057575117056853e+00 1.007589047756727973e+00 1.020807615585123340e+00 1.013120049590272354e+00
7.646671060044493151e-01 5.619521828811596675e-01 6.240300511699420349e-01 8.111018234876895550e-01 7.467272092291825647e-01
1.500722052101516046e-01 1.097567368829799050e-01 2.750373655151733612e-02 2.967321231342105042e-02 -1.563825311048691602e-03
9.825861526663038914e-01 9.682867001683868047e-01 9.966886986161233031e-01 1.002196291363704805e+00 9.797515610723005475e-01
2.173718941680804762e-01 4.785972576200331341e-01 4.157267727922780987e-01 1.715814558653314670e-01 2.496070974335039550e-01
7.743239496564502389e-01 5.435388925837254526e-01 6.331890164197797599e-01 8.441932659882559475e-01 7.715444648178568787e-01
7.437250860899450311e-01 5.315220226907426682e-01 6.344544557413207553e-01 8.312445097496032886e-01 7.408346084419396016e-01
7.890096330460437679e-01 5.511786176655371072e-01 6.220235078812007545e-01 8.702663860557035003e-01 7.086468787354334165e-01
1.023018843835030944e+00 9.850819404322178618e-01 9.769020323718451415e-01 1.055449286111499907e+00 1.021773790539406424e+00
7.877805678362505004e-01 5.552391027182002059e-01 6.000329292669924763e-01 7.873302493447442707e-01 7.569207880394529520e-01
6.304288835252992440e-01 4.571280539618383654e-01 5.794078737829297943e-01 7.608361031273653818e-01 7.042452418152821414e-01
1.054826992892828191e-01 1.047468019249116478e-01 4.716141552453845948e-02 2.762374635966061490e-02 2.280205906036006369e-02
-2.072822655789164498e-03 -3.623390766918398176e-02 -4.425485271272933314e-04 -2.428170458272796428e-02 -2.671196012764128630e-02
7.607311423411626805e-01 5.119499515632672804e-01 6.120704662823286402e-01 8.422079903228459896e-01 7.260827687451951729e-01
6.632946363437075554e-01 4.433558233425030082e-01 5.883097305505747832e-01 7.613544825573617114e-01 7.161465878343720171e-01
8.607441928627698191e-01 8.827180553461414503e-01 9.413783589110110706e-01 9.410197631672955199e-01 9.784501397009073287e-01
6.373431220404215392e-01 4.283473521935585171e-01 5.986401856952667799e-01 7.701505358604748830e-01 7.064033098947412048e-01
7.710311255407182873e-01 5.062426856642097128e-01 6.562538306964409429e-01 8.769570161325959123e-01 7.781849927801540723e-01
3.529556017508398980e-01 5.780645440180600669e-01 4.121609107417574247e-01 2.473258235107271830e-01 3.024136306598891322e-01
8.795540385490128177e-01 8.561765484712626773e-01 9.809628577662667936e-01 9.727320688772937984e-01 9.684676394532716337e-01
2.507782365514034661e-01 4.685657405518506291e-01 3.717786170480468777e-01 1.846992440223112486e-01 2.746152371562654015e-01
3.551870193583132607e-01 5.276848825050198810e-01 4.139127336149403535e-01 2.327214239128912732e-01 3.064859491983695228e-01
2.317382481766354085e-01 4.470377092135183195e-01 3.383518105508515061e-01 1.632360810651975191e-01 2.424931822408893101e-01
7.800610399550529372e-01 5.558883855200020818e-01 6.056755603521690734e-01 8.226576512805652275e-01 7.191523758717535131e-01
7.607041503623624967e-01 5.433000088795741922e-01 6.490210042959894121e-01 8.279581352998058863e-01 7.216809322266389826e-01
6.627770931699947798e-01 4.338519760099951994e-01 6.024616347634548230e-01 8.042373935838533772e-01 7.339439663848722484e-01
3.678318835163017497e-01 5.837194753227697985e-01 4.213647950475981063e-01 2.407578765277146593e-01 2.612784371411568940e-01
2.053849101313642289e-01 4.630286982448411082e-01 3.570706567813726195e-01 1.572520550706865139e-01 2.538025902094972475e-01
6.539876428273659614e-03 1.229286951767336912e-02 -2.798878780721689163e-02 -2.164238063297525480e-02 2.056564311820997457e-02
6.377408086196527659e-01 4.488413552415465024e-01 6.233771495221734904e-01 8.002972686219674836e-01 7.143915000638654256e-01
3.559701241787292525e-01 5.838135416500130903e-01 3.930490013519352677e-01 2.200280745760541667e-01 2.919637052857157467e-01
8.172817961411191212e-02 9.741870225660342886e-02 -3.618167531433326423e-03 6.007213240593291259e-02 4.524138819839998438e-03
9.748397944226154799e-01 1.039558223461405806e+00 9.838057405822417945e-01 1.008167240167937795e+00 1.011601382116667835e+00
2.307657858524036765e-01 4.565104589058167073e-01 4.025676848031455313e-01 1.606037088815440161e-01 2.433313067955204245e-01
7.714500960090184822e-01 5.826541281590672527e-01 6.044014895222881156e-01 8.122724908508587305e-01 7.185785863692755182e-01
6.643527642526388943e-01 4.339804071719033929e-01 5.884155443742183911e-01 7.858924810989300624e-01 6.923379953468490333e-01
8.001458209818054224e-01 5.643796802069451779e-01 6.452890195426863595e-01 8.335260930221578546e-01 7.260128277378399275e-01
6.669976656036674667e-01 4.379805571563522570e-01 6.033651581298800082e-01 7.520711829402181303e-01 7.475153768482829530e-01
6.845843062779458643e-01 4.237805251242726667e-01 6.173014673876460190e-01 8.188208160579836248e-01 7.158574189371679219e-01
2.174299377136586775e-01 4.373847164232328999e-01 3.823192515282207715e-01 1.610356262568246877e-01 2.727090476583638456e-01
2.118268696066156684e-02 1.084465430258130768e-02 -2.929527583079101407e-03 -4.279359216989961530e-03 2.544165261104585490e-02
2.539396600384489222e-01 4.545514052085734558e-01 4.045943236360046713e-01 1.774812102350899201e-01 2.835408258940689263e-01
7.828065129677901357e-01 5.311082015476803475e-01 6.051879578273284821e-01 8.404518684085953151e-01 7.077086445220055477e-01
8.678936013415742279e-01 9.082935051262299719e-01 1.029055203062293478e+00 9.510875748710451161e-01 9.618010547480955186e-01
-2.035731061286811389e-02 -1.867571338619586742e-03 -9.220321546254911169e-03 4.156534964549842698e-03 1.581052032561361745e-02
3.689580965301783588e-01 5.280233306135603266e-01 4.189368065559473941e-01 1.992386708117237504e-01 2.802321291101176337e-01
7.780304836689593273e-01 5.087015202479945319e-01 6.252288761934976513e-01 8.383196474630977280e-01 7.549292924057084964e-01
3.172604592848206062e-01 5.290438178875872532e-01 4.157717375068865073e-01 1.896258299951399107e-01 3.047076770836793513e-01
3.421899174108032349e-01 5.642042251834046285e-01 4.309440745814136497e-01 2.440776982947767404e-01 3.066183454494722516e-01
6.416971607533319411e-01 4.350604459060868900e-01 6.083528025909245018e-01 8.068737553280453945e-01 7.441157926287074176e-01
2.388207174773286368e-01 4.799981362768948046e-01 3.959634682504195036e-01 1.866851199346385715e-01 2.465055357980500683e-01
3.165549213478731083e-01 5.756798825439484180e-01 3.766897189282675251e-01 2.230281353891351293e-01 2.916506088733055169e-01
7.734570622481959923e-01 5.570775868870126990e-01 6.272855102739280930e-01 8.030925920116412930e-01 7.481470239418444024e-01
2.479757139374921537e-01 4.306411916237393722e-01 3.729415853166475059e-01 1.619206072159931897e-01 2.557174264460185253e-01
9.891617874016028766e-01 1.026648851799176976e+00 1.011812003133007565e+00 9.954306936292300900e-01 9.821826883280101450e-01
6.880713859853687664e-01 4.364450169481506880e-01 5.855178423453153425e-01 8.238346402533152091e-01 7.274565017484899698e-01
1.132180436970817577e-01 1.118616204447797913e-01 3.655605886002630256e-02 9.208090698057727619e-02 3.366663841878932140e-02
6.313685417771410791e-01 4.632089822460954132e-01 6.016724292780198935e-01 7.946958134758403958e-01 6.785862737820650414e-01
1.362481142577207094e-01 1.069104488403612996e-01 2.717164007703763012e-02 3.119443961881760569e-02 3.084406819424262425e-04
1.043728609800796160e-02 -5.567701468261986031e-03 -1.699539662132242696e-02 -1.787798988364262126e-02 -2.966445923802996446e-02
-5.663351709504823445e-04 -1.494221995443795713e-02 -4.817821124080807343e-02 -2.024581244155319523e-02 -1.501163967316358414e-02
9.806947508969289240e-01 9.776189355448181573e-01 1.012202273542837538e+00 9.995893905281206804e-01 1.003489584045663019e+00
2.240470321550164789e-01 4.688533561797716964e-01 3.738051156366276606e-01 1.640569116688918028e-01 2.695647816337338742e-01
1.713310308364210666e-01 7.916565513352598338e-02 4.866372572632886306e-02 6.196544975652906739e-02 1.595716883934383823e-02
2.156285030848495154e-01 4.678361162998473377e-01 3.608695195294689961e-01 1.337263560855413425e-01 2.813237216100425986e-01
9.684870107978760245e-01 1.005611492007566277e+00 9.794204131670732894e-01 1.035105726602011167e+00 9.776951675848911671e-01
9.845566714189868396e-01 9.892334848163666372e-01 9.910563825703007090e-01 9.729762530539296517e-01 9.954660317026053917e-01
2.337629984787802928e-01 4.843933879870109815e-01 3.364107968900945100e-01 1.968164901624837038e-01 2.614813949674332783e-01
2.371688271911549795e-01 4.563778488374630182e-01 3.709803529063562255e-01 1.865840266356663391e-01 2.572712922923106049e-01
2.394768859805092576e-01 4.916982777997825904e-01 3.428003452315105948e-01 1.837718284571979999e-01 2.851753673208249906e-01
8.700074648713885805e-01 9.041876444310179561e-01 9.643750478613039023e-01 9.481434481923272095e-01 9.563976107328155951e-01
6.308350579718821072e-01 4.532565368918174409e-01 5.700219383188098732e-01 7.985562481880938979e-01 7.381806678645225217e-01
6.505455533794841649e-01 3.945448810377503723e-01 5.791047358677549051e-01 7.727483110006054812e-01 7.095386882017641339e-01
1.291638045554998893e-01 1.189997215355274029e-01 3.515430672685054825e-02 2.638253797884987373e-02 -3.130703188678396476e-02
1.392598785109723514e-01 1.093667577617345177e-01 1.673554245739578006e-02 2.409024735413696147e-02 -5.020930535459634803e-03
-1.112972014771907749e-02 -2.258578499384141479e-03 -1.825522856369250421e-02 -1.123595895296733947e-02 -4.935910579651207192e-03
6.449526161148551040e-01 4.341452891929011293e-01 6.194766790324298666e-01 7.821375557218097629e-01 6.790975230409758145e-01
2.757895547275903136e-01 4.699623350029593083e-01 3.718499374787570533e-01 1.855765381137516878e-01 2.836231648849921738e-01
3.746885962763550904e-01 5.528911238748762669e-01 4.047375338127952027e-01 2.096073782842692301e-01 2.706557442881604714e-01
2.343111329083331917e-01 4.446651001774165612e-01 3.922989505712420888e-01 1.548485706803061912e-01 2.428000898509946603e-01
9.982271955964459043e-01 1.012094055812939430e+00 9.780862248025957717e-01 9.992959983954731173e-01 9.719605582391956933e-01
8.610481169276468227e-01 9.282244491834501510e-01 1.022982349670588098e+00 9.906861480836517408e-01 9.764091399273399086e-01
1.161378348293235913e-01 6.347842191417879532e-02 5.025940929341796148e-02 5.149389679971959344e-02 2.297303984566867810e-02
7.589622440263839032e-01 5.612908174052052557e-01 6.318754041090314244e-01 8.546878228637549979e-01 7.625121644065988580e-01
8.909867616203740459e-01 9.076377593493799578e-01 9.394365321709221561e-01 9.440375170954559136e-01 9.801238155612997938e-01
1.999709730120660112e-01 4.204580655112119536e-01 3.982645094507334393e-01 1.591477352391092448e-01 2.685153867707587572e-01
7.863799326604026252e-03 -1.159175890977903051e-02 1.481378855228178588e-02 -3.344955813158197178e-02 2.805739732683309312e-02
8.732673447465355565e-01 9.169938874018593866e-01 9.753420140863369170e-01 9.480746766056310504e-01 9.364349621711621774e-01
2.377261095726281304e-01 4.355484547151041719e-01 3.743562440889931509e-01 1.544137603315902385e-01 2.675122878079895239e-01
6.635562515570294639e-01 4.600238637151801702e-01 5.901714204869301650e-01 7.997627950478370940e-01 7.418926085585630936e-01
2.257122034059391713e-01 5.156662223498945652e-01 3.667577584097456156e-01 1.631376723336707690e-01 2.986800898461651754e-01
7.722245997022896269e-01 5.208808662968448244e-01 6.332216525553071573e-01 7.991507995015305621e-01 7.416520939953314961e-01
3.845793941046883324e-01 5.616141200959124946e-01 4.005802710344176232e-01 2.072018871109120863e-01 3.209222162967672043e-01
9.909300163041157017e-01 1.013038042378580972e+00 1.017918205247249741e+00 1.000625028532897920e+00 1.006038718306830226e+00
2.086628058516950546e-01 5.268645696405493961e-01 3.762528610071804724e-01 1.540589493566280332e-01 2.694335228363095025e-01
8.820321784291519362e-01 8.906871895109451653e-01 1.010546065625569589e+00 9.745826451751885555e-01 9.840163377047128623e-01
2.049153089448591814e-01 4.720962211805546649e-01 3.556587426298669641e-01 1.986591788249079671e-01 2.820863765775025178e-01
8.707585256078334002e-01 9.041205238342417960e-01 9.431110124556755236e-01 9.486609271188619630e-01 1.034062345460529997e+00
1.638379591977345492e-02 2.166093135352039050e-03 2.531481065268983630e-02 -1.120434619529846881e-02 3.876320924759926040e-02
8.780847322535094701e-01 9.074932129233115319e-01 9.879035049056148488e-01 9.726079612769860105e-01 9.672615282658258984e-01
2.211257851417651188e-01 4.424932064617919658e-01 3.610432981565563915e-01 1.708143069654412538e-01 2.508545940094630278e-01
6.805954422355179334e-01 4.443939139220394741e-01 6.039287533726102053e-01 7.795174544520857562e-01 7.250960137520349180e-01
9.907175227485756075e-01 1.034985074506087344e+00 1.030930524249588309e+00 1.016711477686442544e+00 1.029848504900049422e+00
1.446658335456822708e-01 7.388660421468154493e-02 7.604695644380831537e-03 5.366841634956660834e-02 3.301508734450688681e-02
3.560024501612328307e-01 5.766572847463163898e-01 4.027113692494564412e-01 1.960120808778001433e-01 2.635284658299831828e-01
3.339897017477247605e-03 -2.833899044203750436e-03 -1.309021355484810308e-02 -1.042933722337492132e-02 -1.748181373754984988e-02
1.002217861227625795e+00 1.006698068933874035e+00 1.005189227716015266e+00 9.766065582929307487e-01 1.008808895882731704e+00
1.170487034166626805e-01 8.018111287157217437e-02 2.922525182732281859e-02 4.401677555032715988e-02 -2.829613220571157092e-02
1.433966538474941155e-01 9.783470505758136426e-02 5.789793863861002199e-02 3.671802599594379407e-02 7.037783360622389128e-02
1.028915102798676762e-01 1.012984804356411167e-01 -1.234048433350413976e-02 5.689624784805351332e-02 -7.197186188498891357e-03
1.004026894207700860e+00 9.695662576767261065e-01 1.017638290407469892e+00 9.853533602101572919e-01 9.595194351593819837e-01
1.021985724671682583e+00 9.889160235193515947e-01 1.049884096851159132e+00 1.008679328081327764e+00 9.917605270294816977e-01
9.877332525153214027e-01 1.003611661859853399e+00 1.003283655310430067e+00 9.874041054788096350e-01 9.599778465030910368e-01
7.565945497230932570e-01 5.221172993526742578e-01 6.084762289893990150e-01 8.480439232076980582e-01 7.233827795877053601e-01
1.152406679990795879e-01 8.985367221525528136e-02 3.343013874902801136e-02 5.195877246079324413e-02 4.260694217011722074e-02
2.422147175111274697e-01 4.697523782482725396e-01 3.675735186509170860e-01 2.035496246217295413e-01 2.409712381339093323e-01
8.011434177699174874e-01 5.157176869099235894e-01 6.516446676994267495e-01 8.325175887004533370e-01 7.390574076678994020e-01
1.205352564613352412e-01 1.096862486495025768e-01 1.108383884470242470e-02 6.512152548470656610e-02 4.450693190535025268e-02
6.521865410760695481e-01 4.161689056531521769e-01 6.159675870517492546e-01 7.558214931880726795e-01 7.043624516835050864e-01
9.956848824903049427e-03 -2.162125799746521942e-02 1.873000162377651615e-02 2.789842103591768253e-03 -2.372959067900335208e-04
7.556008025204355993e-01 5.297482303966173367e-01 6.407405353176018892e-01 8.098207537605678352e-01 7.424968105536433605e-01
2.259808197244177475e-01 4.564324913588566623e-01 3.543842350904369276e-01 1.942258509005381217e-01 2.775128165112637491e-01
1.028089308347419184e+00 1.022984358423921991e+00 1.007771234054671394e+00 9.614022165611210147e-01 1.027507244745238690e+00
1.218345494125345520e-02 -3.871446541770151573e-02 -2.369867150427102179e-02 -2.214457643066950615e-02 1.437733003227738282e-02
7.652354945571300249e-01 5.937957153816184608e-01 6.307644527863786044e-01 8.151978584036877473e-01 7.440147379377987091e-01
1.461948919198829133e-01 9.593662402692069990e-02 2.013842793198295303e-02 3.708040515300695811e-02 4.331764285702727202e-02
6.880875544683238143e-01 4.374917119856825409e-01 5.515656894647850139e-01 8.017929181635486957e-01 6.909533458664451899e-01
8.981467686038068221e-01 9.261031147682246001e-01 9.733660487635379388e-01 9.853745308916342927e-01 9.768403524898592316e-01
3.491205801744728388e-01 5.782380771683623966e-01 4.058288718316316324e-01 1.962273930086648188e-01 2.988549754574867379e-01
3.454326344394805237e-01 5.694425141137364754e-01 4.424123059971111771e-01 2.368887745724056193e-01 3.006410767520176774e-01
3.614830371268402676e-01 5.499240080166952760e-01 3.576886037199110691e-01 2.368882614045219881e-01 2.912040816911867780e-01
3.654465845572822946e-01 5.585412339050512820e-01 4.116478183582060746e-01 2.300169441572640083e-01 2.951212032731036494e-01
3.331566635317087521e-01 5.447427075413487918e-01 4.289652610427041601e-01 2.005888280177524352e-01 2.784354500192934290e-01
2.247670333965000600e-01 4.479042181719717908e-01 3.650478463277235242e-01 1.825592501654174082e-01 2.853414496951567347e-01
9.073686428961238448e-01 9.223848304385861008e-01 9.873321413036848515e-01 9.032701813660987122e-01 9.790208125737135392e-01
9.951199097551736150e-01 1.001815064504580910e+00 1.016432335042645851e+00 1.006728974124464937e+00 9.971701939659449732e-01
3.286761598675276841e-01 5.619712132733781784e-01 3.494946957688843669e-01 2.050376616167284005e-01 2.971284216048257210e-01
2.226310868995898251e-01 4.534738680916512443e-01 3.638047345474834104e-01 1.611208472713089312e-01 2.807162831902522693e-01
2.019232759762531471e-01 4.444812553552240364e-01 3.710892133788844527e-01 1.554748747556386479e-01 2.910316198800135812e-01
1.020885238819321694e+00 1.002092681516695727e+00 1.010581156347277743e+00 9.992774591286106567e-01 9.845853583384786001e-01
8.997325721350949435e-01 9.314748555322397428e-01 9.647823786841993599e-01 9.451614954435965110e-01 9.750404806735004648e-01
9.951421816527760145e-01 1.033680463437144592e+00 1.018128418764700838e+00 9.891246643662986449e-01 1.022916110025385183e+00
8.813900742851347170e-01 8.893142155747113531e-01 9.614264254840241275e-01 9.302640412149927318e-01 1.000968362450522120e+00
-2.981768424244538723e-02 -2.130883954588025722e-02 2.331938013436203258e-02 1.421615184912662123e-02 -8.462101262820546281e-05
9.501196862151642386e-02 9.573046335978659116e-02 -5.524650331756281174e-03 5.244084115245985223e-02 6.229124791410238504e-02
1.826707388908924840e-02 -2.317768338926808405e-02 2.515572651352502957e-03 1.192050245413312469e-02 2.835548785499206279e-03
7.350597144340274003e-01 5.495183209969293214e-01 6.083974514227786790e-01 8.584869444845644182e-01 7.605110951995092128e-01
2.165244773539617695e-01 4.534238157867397923e-01 3.632901304827383937e-01 1.257447683505593106e-01 2.905954847317682721e-01
3.365771966110115976e-01 5.397087850829198619e-01 4.172114140166020002e-01 1.994431934789556160e-01 2.984626541368280428e-01
1.023238244517526985e+00 9.927561866141565439e-01 9.723871547337443744e-01 1.026627883880379510e+00 1.007828031855527051e+00
8.007719723639396617e-03 1.742758961976415694e-03 -2.735912159692507895e-02 1.359698199023170323e-02 1.133595658912295474e-02
3.299018274825777364e-01 5.658362999272240623e-01 3.707037944402551966e-01 1.798540489014196775e-01 2.872038359145403508e-01
6.561543418162085750e-01 4.461634252947360157e-01 5.762882938053652815e-01 8.357419895301881896e-01 6.906331483177422514e-01
