1.097102235937951198e+00 9.735755786094650865e-01 1.080662239378056277e+00 1.008030486753734412e+00 1.002525442725682669e+00 9.124872610903370651e-01 9.274159171251238343e-01 1.048288320852491129e+00 1.050291714115688224e+00 1.060425302217369747e+00 1.054950190253787001e+00 1.012219538503980498e+00 1.020868976564520691e+00 1.081062777956842913e+00 1.000769587701838104e+00
9.746662229860771909e-01 9.309830115506123605e-01 1.000653192520936319e+00 9.843510532021767512e-01 1.057745556395361941e+00 9.862835363306313718e-01 9.754488883512911768e-01 1.003458913468330937e+00 9.653635371637387941e-01 9.856089012813672445e-01 1.013954015971032074e+00 9.398059591249746658e-01 1.108674967767370179e+00 1.073818354818603549e+00 1.003098369102581655e+00
6.079391605627572082e-01 2.083526965071731962e-01 7.341863343454005930e-01 4.107575235128583802e-01 3.231612267287728435e-01 6.049205878955074001e-01 8.482404466632195161e-01 7.474888770370442526e-01 3.916768568288573338e-01 4.478032201418289948e-01 6.795368810022951456e-01 7.518086797221698037e-01 7.571390850530714811e-01 5.473023436266434283e-01 4.719069385737832967e-01
3.971752088240216860e-01 2.890354399342955904e-01 7.595844871773942408e-01 3.008345367435878437e-01 3.779927980101830953e-01 6.548165877554738001e-01 8.522657777074720276e-01 7.957828950169876236e-01 3.343320210479752697e-01 3.957873681900155316e-01 6.997216093880498367e-01 6.936026361786021832e-01 6.952197528960555317e-01 4.919910715969466608e-01 4.706366249422028747e-01
4.842537763630590519e-01 7.802855681636463592e-01 3.384386076608406069e-01 6.256209252252112885e-01 6.398074544895857585e-01 3.156176259328636879e-01 2.567182865324333374e-01 1.672086552900833856e-01 6.415541433215462552e-01 6.516920666321597277e-01 3.339885905122909060e-01 2.941498077082944640e-01 3.640134927676810794e-01 4.172841791825058211e-01 5.414219308790458873e-01
4.901873926762038147e-01 5.710723667716480767e-01 2.869018622354071457e-01 2.787373299790391612e-01 5.281302649529244775e-01 3.215369427277898762e-01 1.464990018894641866e-01 1.462622320424003253e-01 6.063082741426129019e-01 3.409303810551995162e-01 2.535520334176056267e-01 2.294071426411031511e-01 2.973364143955877226e-01 4.383570950701664026e-01 4.054584827616313780e-01
5.761880587106997520e-02 6.882853921275486342e-02 3.334742945273132947e-02 3.915302404993276086e-01 1.657914990205000549e-01 8.142764204386804261e-02 1.643156215199100822e-01 -8.018822960287748380e-02 7.994285537425555033e-02 2.899680107857343647e-01 1.428237964050097508e-01 1.930253754336734850e-01 4.068251949762003578e-02 2.304659290742484823e-02 2.732283213322944104e-01
5.035983947670956695e-01 3.202643979357928106e-01 7.599114096115079375e-01 3.113561635744540035e-01 3.761103330560638947e-01 7.722345039313359694e-01 7.893785273428985949e-01 8.569300165732405272e-01 4.170561143556761885e-01 3.734617707150686416e-01 6.605495835265298155e-01 6.630474753295301227e-01 6.482998038690430676e-01 5.239825336568109115e-01 4.386045756478456070e-01
9.401592311146054204e-01 9.345353436735668318e-01 9.866460539573583821e-01 1.044234621947727204e+00 9.258324108250761686e-01 9.519610500820973042e-01 9.416624946811836816e-01 1.015130760343872396e+00 1.078248042161318088e+00 9.946932379653896650e-01 9.246749799350787447e-01 9.244336712557545965e-01 1.029863159338805456e+00 1.055591183740258954e+00 1.087179483180607864e+00
9.074738653142834233e-01 8.711335891628610995e-01 9.285967075174389462e-01 5.515933792361311649e-01 8.743487286054600904e-01 9.439083249079522897e-01 9.007578453897465698e-01 1.020006427544297489e+00 9.417261408159300906e-01 6.771203656964248641e-01 9.129716014730807627e-01 8.037816565665497626e-01 1.044027601075597556e+00 9.417465842913517182e-01 8.023015488795506300e-01
4.470895934792323279e-01 6.348740668523045194e-01 1.775356291444974421e-01 3.136615622283318583e-01 5.263553705982036979e-01 3.526162090108376224e-01 1.252126076065647187e-01 1.586086174260197823e-01 5.395449713306830208e-01 3.564731008293803294e-01 2.327620558506330595e-01 1.653360695173790029e-01 2.935915928440331890e-01 4.110375490585381764e-01 3.138800238076709381e-01
4.474208431571769506e-01 3.524400333106541550e-01 7.101078239331325426e-01 4.115208763080422938e-01 3.828418136920315185e-01 6.826488478481549382e-01 8.056543687288019173e-01 7.749000837877051406e-01 3.019843204603433473e-01 3.740881643359515452e-01 6.078495381897629501e-01 6.509312433926850439e-01 6.800788688496183232e-01 5.636519592418254287e-01 4.805904160312612916e-01
4.933127504819194153e-01 3.439225695825870455e-01 7.475920524533821165e-01 8.151094479208371713e-01 4.034907800623351859e-01 6.695965410796697048e-01 8.613898519745004645e-01 7.234272287368116450e-01 5.231244509925272457e-01 6.704825279483018763e-01 7.813563859988599258e-01 7.573887818390676596e-01 6.975702996476044193e-01 5.643195067597028824e-01 6.988295231870046420e-01
1.050090740380513310e+00 1.008489758204019315e+00 1.041703772352721380e+00 1.004189638398031992e+00 9.517610500821271913e-01 9.359831772088235136e-01 9.113703998159159436e-01 1.090622585592421867e+00 9.513671059488064685e-01 1.020056286920326682e+00 1.076364594113004003e+00 1.020315751044992503e+00 9.829925860566365303e-01 1.027301726798659498e+00 9.428186194296024336e-01
9.067133657127708357e-01 8.803507990503858238e-01 9.785071367759352601e-01 5.331691722471771921e-01 9.485983528852873770e-01 9.210624814697139229e-01 9.119663941192224232e-01 9.666902240641954691e-01 9.074809918687913868e-01 8.172565830655806884e-01 8.646207229792853832e-01 9.158886100305744238e-01 9.444111377341517510e-01 9.834816411674035530e-01 7.225764124384765896e-01
1.038070220797473464e+00 1.022014332757469557e+00 1.049010682023966412e+00 9.265983986795400806e-01 1.022157091708793875e+00 9.939389818613343364e-01 1.071722522299276115e+00 1.053118573206494490e+00 9.674575728506036310e-01 9.703626133401280773e-01 9.890327959740216057e-01 9.375908214907412441e-01 9.627420396018294690e-01 1.067925700911894316e+00 1.048171336586870561e+00
3.838357273737987296e-01 7.049796156399789071e-01 1.616752386325823743e-01 6.525619193550671326e-01 6.976518689287920516e-01 2.738577250750630077e-01 1.522612563014981157e-01 1.804796266766812707e-01 7.294171450540239965e-01 6.809846152753320503e-01 3.514309509011331878e-01 3.014083030752923720e-01 3.675764518732140274e-01 4.195640991752908056e-01 6.128446478993807567e-01
8.674651438532007819e-02 7.510093582011900804e-02 3.894320800549740114e-02 4.201821737476789664e-01 1.430250794932795833e-01 2.981665448223621770e-02 5.983862759826084898e-02 9.624313161585500848e-03 8.550703542562293480e-02 2.821656837388999972e-01 6.134704721303658320e-02 7.401376545350268898e-02 8.586943387511349057e-03 2.451705544115538593e-02 3.001664154337548851e-01
5.248000500313948491e-01 2.901728592500070758e-01 6.820943945081343607e-01 4.272207768900164182e-01 2.984650197522140114e-01 7.078734693349488794e-01 8.506502305804075625e-01 7.574642485807171477e-01 3.572290204706547456e-01 4.692665539186834378e-01 6.492398675578572309e-01 6.085167868513587930e-01 6.851162512484326728e-01 5.429584015312830525e-01 4.836429465691179930e-01
4.768281684431593948e-01 7.881238864541411093e-01 3.703312741959304266e-01 7.105386836431275555e-01 7.057320650628436942e-01 4.027487614618738831e-01 3.048248222565125842e-01 2.829401172581222368e-01 6.584485039667040684e-01 6.068698799461047511e-01 3.406170821422105921e-01 3.170047485743219262e-01 2.349565734401504180e-01 3.682034440259553398e-01 4.636380313589644198e-01
4.594932017622969656e-01 1.766522964603124413e-01 5.887011088404486836e-01 3.033040987414728495e-01 3.219590041584262652e-01 6.706562633167185705e-01 7.481839623563231179e-01 8.031611996837939582e-01 2.889847732732492291e-01 4.652108305812928113e-01 6.487175055044605010e-01 5.940085972329889330e-01 7.341895899498018796e-01 6.403644868431739301e-01 4.677071579910059285e-01
3.331567064869519479e-01 6.328507632186810561e-01 3.340059591429914709e-01 1.540768829921624061e-01 6.338732643889695151e-01 4.164715428905942929e-01 9.622919778680380509e-02 1.773091768329275175e-01 5.455325695383193008e-01 3.449450163549941384e-01 2.968291279791475112e-01 1.207843666657772014e-01 3.185988912777371063e-01 4.491139886049395624e-01 4.295102910464797530e-01
5.932001301974484386e-01 4.188469726951085659e-01 8.288461149557203589e-01 7.350273254301005199e-01 4.868033974670282760e-01 7.021985145027064279e-01 8.827747186003426227e-01 7.655744749623458745e-01 4.075142005847867122e-01 6.722382854067019409e-01 7.950270708565783107e-01 8.116367981107226459e-01 6.791184707127092546e-01 5.833864446079937149e-01 5.969772029996952556e-01
6.269312722726105847e-01 5.982015919953078686e-01 2.724239903861904177e-01 6.411517755597742063e-01 6.151702555488026691e-01 3.783404104670674006e-01 1.830575289634586711e-01 1.621137092299100024e-01 6.840515971610519053e-01 6.886749584901191712e-01 3.244297841031049678e-01 2.952266054599015366e-01 3.428154303780384105e-01 4.192337030463993974e-01 5.466808346293953180e-01
9.602357588049164061e-01 1.078681958914591510e+00 1.073402244847410536e+00 1.034077425129941163e+00 1.025375466926097934e+00 9.473018098370342699e-01 1.039749523924471397e+00 9.681182542926244361e-01 9.875321859928272161e-01 9.831773755216751676e-01 1.090090125023076562e+00 1.039686264620667489e+00 9.031964885929754105e-01 9.902043961907588399e-01 9.981801840428085049e-01
4.999623165502909972e-01 1.897380069862657503e-01 7.771575376609743957e-01 3.675755407044686840e-01 4.120448177569394632e-01 6.559389802109206746e-01 8.882429861353133838e-01 8.096750852778239471e-01 2.901454545723356482e-01 4.551585545159929080e-01 6.876822334317468366e-01 7.795472598008919007e-01 6.552458716690567897e-01 4.766640155842793436e-01 3.770901911725212385e-01
4.707375668238051314e-01 2.032981582760723660e-01 7.705658588089218108e-01 4.288490749021788284e-01 2.397812902727067264e-01 6.597599925943768984e-01 8.345360054081746304e-01 6.860804686359166515e-01 3.408933315497541527e-01 4.314508665905766316e-01 7.535653049654627011e-01 6.114176065901059109e-01 6.840447768700502751e-01 5.144463290001350941e-01 4.335950222530977061e-01
-6.115487281648022272e-02 -1.561492009702614625e-03 -5.649214348465547014e-02 7.836585709557029877e-02 -8.343864601332108555e-02 7.238862200304989336e-02 8.115860286588649775e-02 8.158076162625103878e-02 -3.867091389735545504e-02 -6.535773934459811543e-03 4.657223280235764373e-02 4.025336798324311710e-02 3.505472140195858843e-02 -1.470215092376541202e-02 4.723970418878010308e-02
4.045387129932747072e-01 6.919049765003930652e-01 2.097600922884328423e-01 2.481930076153112674e-01 5.762013053737443657e-01 2.974323845196065186e-01 1.269224191066188057e-01 1.718559289463440498e-01 5.084937652041671141e-01 3.052258947834660119e-01 3.249433707763733081e-01 1.523619540633834868e-01 2.604706587821350450e-01 3.730952590784852863e-01 2.825420735029000596e-01
5.112867533346424631e-01 7.274570602725209945e-01 2.192291481709029710e-01 6.311773354552107085e-01 6.711583550351569727e-01 3.701619560818409926e-01 2.468261601365114577e-01 2.258563374790883982e-01 5.953021412969504711e-01 5.682802300871002688e-01 3.790597502325928625e-01 3.408940055539377845e-01 4.055971420364422042e-01 4.092934480457238733e-01 4.670193961725673248e-01
3.972625718125106786e-01 6.359300129607258212e-01 2.701499716866903045e-01 1.660671415439844978e-01 5.334453235339217114e-01 3.044371813878347099e-01 8.099848309981669270e-02 2.411844531948162673e-01 5.637400170069430949e-01 2.851255826953325023e-01 3.522087815760203688e-01 2.392224092706353167e-01 2.680654374838892240e-01 4.461309530525162659e-01 4.174484793300823338e-01
4.021354590127931283e-01 6.407033568068054574e-01 3.089777075141303952e-01 2.027459213260303095e-01 5.423958280272103138e-01 4.075496591996013440e-01 7.828783379275902621e-02 4.063811293571772953e-02 5.012691007800402776e-01 3.269763049244635011e-01 2.210566176819969419e-01 2.732848302836662358e-01 2.927662923444274701e-01 5.152409120867752490e-01 3.584595101729906030e-01
6.994875796195315631e-01 2.772392490459774095e-01 8.675315763671532787e-01 8.009200181924280848e-01 4.274637185720496224e-01 6.997274362951064752e-01 9.102986257617970978e-01 8.392036525780521838e-01 3.520596646977938171e-01 6.272468506138609845e-01 6.685833256089892540e-01 8.074801117058312272e-01 7.527505546983844775e-01 5.425187623589493580e-01 7.330555349487100081e-01
6.802632204168734820e-01 3.027130894937872241e-01 7.143292367990692338e-01 7.585439143913703663e-01 3.256128975163741224e-01 8.837048914311586012e-01 8.977176605248395891e-01 8.090824982324091863e-01 4.239091734961125679e-01 6.394097620623698797e-01 7.774105482906452647e-01 8.403668030847625259e-01 7.457866261109105110e-01 5.457052000538262782e-01 7.449298769012080434e-01
8.021250757138156384e-01 8.778255553330309713e-01 1.022783170765704241e+00 5.475896201741036196e-01 8.383518052836991252e-01 9.770406924885783884e-01 9.084433926826014361e-01 9.981218983198605343e-01 8.987626254420527649e-01 6.709420383141061484e-01 8.138999100305543966e-01 8.401486117784102703e-01 9.889795862250322367e-01 9.734734135128633170e-01 7.665465355463351171e-01
5.268401727517225963e-02 -9.932444744723645247e-02 -6.067364313934685977e-03 -1.998644483435001867e-02 1.401960202086341206e-04 3.803654411434270743e-02 -5.614480780946804611e-02 -4.016857147189692272e-03 -6.522233493840197405e-02 -2.829381032175519797e-02 -9.769124081489233280e-02 1.434657618989789996e-01 -5.727669929365035786e-03 -5.708458418497652093e-02 -6.764658655509424301e-02
9.000699797587015105e-01 9.441597974307290864e-01 1.019749435573154894e+00 8.820588301894530803e-01 9.847592219729280894e-01 1.023498787330045845e+00 9.892079030721340205e-01 1.029707294959252062e+00 9.632339860157491662e-01 1.045887164675558534e+00 1.045365542359464106e+00 9.299709394626951564e-01 9.571144986023828460e-01 1.011326701177943432e+00 1.024516328420221445e+00
4.962202189964474708e-01 8.022180793219698680e-01 3.437536184190729260e-01 6.315053827535946906e-01 6.929095635558556454e-01 3.852884373458132505e-01 1.714544978091121774e-01 1.431768586122939002e-01 6.374746510244820863e-01 6.737143443190233283e-01 3.902989464650557516e-01 3.760640973774944662e-01 3.335569774901690487e-01 3.841473211769707019e-01 4.966385568003946482e-01
1.095626226359112804e-01 -8.641105066493930120e-02 -5.172575659222479472e-02 6.722898277461245541e-03 -7.409955520069615165e-02 5.629695543894021326e-02 5.469564420763508780e-03 -3.738569805498628482e-03 7.991130176174759958e-02 3.352060346983212757e-02 -2.288496559698390345e-02 -5.543288428037697682e-03 -1.465303181242613995e-01 -5.337077013070900405e-02 -1.160653504744833288e-02
6.752960304517261481e-01 3.720439764000301741e-01 8.383865571709437914e-01 7.413232431309616510e-01 5.116589600876322308e-01 7.051992416946522013e-01 8.968337774114952810e-01 7.928177228392363496e-01 4.058857216297895310e-01 6.498477498367726257e-01 7.787449385885489850e-01 7.434755677060429502e-01 7.032959988936379192e-01 5.703265127727864536e-01 6.391798490689308831e-01
4.666043897338595370e-01 6.667610865700045464e-01 3.578657318634421158e-01 5.331923542272860583e-01 6.179304206723748027e-01 4.272039086031391153e-01 1.833822268371084752e-01 3.540916769624514737e-01 6.064777574866486720e-01 5.179514101393862813e-01 3.203391973311422447e-01 3.207133966326803365e-01 3.085106816610276859e-01 4.928516530807869889e-01 5.588938984368636564e-01
8.467387538247272971e-01 1.018483110483749066e+00 1.005014541260947913e+00 6.148659710552751845e-01 8.724472929471636107e-01 1.030973528331418976e+00 8.332900145964685645e-01 9.494297733205645518e-01 8.177415407682318005e-01 7.047883994137359442e-01 8.918729344193079278e-01 9.312917162344344080e-01 9.571373265453200219e-01 9.548480382885198292e-01 7.886671559877286297e-01
1.017577629909401038e+00 9.889473132897715901e-01 1.000622771998654237e+00 1.038791837312595057e+00 1.033575551913065826e+00 9.566358585497237721e-01 9.381157595407662031e-01 9.536015491936149502e-01 1.074401621828598330e+00 9.790079014376575905e-01 9.951268619934064974e-01 9.563349843425501540e-01 9.791749035706024396e-01 9.562206675336356598e-01 9.762244790653439308e-01
1.118196351718283132e+00 9.787810703446105931e-01 9.901230998576892040e-01 1.018016475951117883e+00 1.046545267052875650e+00 1.021740813576585971e+00 9.722609135888186094e-01 9.928572891906386477e-01 1.056342950140967796e+00 9.919940820681566462e-01 1.026255819262005486e+00 9.444386077078003039e-01 9.457361302658794378e-01 1.001132326588695554e+00 9.480104215956682845e-01
8.243208374203936373e-01 9.079366656722552831e-01 9.433458053274487165e-01 5.802577774528705490e-01 8.438294565666025759e-01 9.364179145205929755e-01 9.068819490376069936e-01 1.020556060131527554e+00 9.064251923323568549e-01 7.281698171866964886e-01 9.094553884369929175e-01 9.287353355345988604e-01 9.175485794011726259e-01 1.014650475956210274e+00 8.072364538130081257e-01
1.058613006418390956e+00 9.993789825540420058e-01 1.027977023885716212e+00 1.096379973365716243e+00 9.980287327165149325e-01 9.577534545316691572e-01 9.801492768418998969e-01 9.839917297566561638e-01 1.036520763467934980e+00 1.038268452112010909e+00 1.022053836709200025e+00 9.749825896622288379e-01 1.019150250155288040e+00 9.422505574547064278e-01 9.578030614696485534e-01
4.328569399511038029e-01 7.435660144122008264e-01 3.391144633474875714e-01 6.141040097497889594e-01 7.028977694718769875e-01 3.562511827232416328e-01 1.983368200157636652e-01 1.623545592391917314e-01 6.519363375801684457e-01 6.380755199482742723e-01 4.191505550347932596e-01 4.155635718188349093e-01 3.973072473828469509e-01 4.329263309481140576e-01 5.302335879700853516e-01
5.359940116133053989e-01 2.049695151522678560e-01 6.394876771853089670e-01 4.248896461817170955e-01 3.680642359868660507e-01 6.942304240730686749e-01 7.235642134924352709e-01 8.526522746132623176e-01 3.270433118803712236e-01 4.051776804136387744e-01 6.715324319426873023e-01 5.838973038744030841e-01 6.465683515490350253e-01 5.624512099351630656e-01 4.584021702895265671e-01
6.170829559714512413e-01 3.902552270674418122e-01 8.235203036349095784e-01 8.070651385165252822e-01 4.623979101016810200e-01 7.501880099161635229e-01 9.144284309615677842e-01 8.690373801158155498e-01 4.106769111781800041e-01 6.366420422725120876e-01 7.231675608237940756e-01 7.684025149633316731e-01 6.402016970311543709e-01 5.969343133057704032e-01 6.895593075098204183e-01
5.561086983810357154e-01 3.235308417327928954e-01 7.712365678468071639e-01 3.338885750043627532e-01 3.342629694445982680e-01 6.397376330821308299e-01 7.876589462941889774e-01 7.959874271438165394e-01 3.737343208754414503e-01 4.816758244449731441e-01 6.452008289501145466e-01 6.438398050670151029e-01 6.871312439216374912e-01 5.459172013044127914e-01 4.731171309802882918e-01
5.298915480462771388e-01 6.863249482205134866e-01 3.020824684568100826e-01 6.377212426389498034e-01 7.072311827885671143e-01 3.513855068610200472e-01 1.771517743901984132e-01 2.300634661146799265e-01 6.727094285987169631e-01 5.852194444219185332e-01 3.185627867190510276e-01 3.298576909386820577e-01 3.782769874160378798e-01 4.142974971534442163e-01 4.978795384021225123e-01
6.555045085382116277e-01 3.613537623117741848e-01 7.417482132108134119e-01 8.040606771652232254e-01 4.834717419670056526e-01 6.923008037322894159e-01 8.302519930441699669e-01 7.453346649842707006e-01 4.193607938779813638e-01 6.601090292852379582e-01 7.770150476660334649e-01 7.397217267993718703e-01 6.987064748727842556e-01 5.513977687948197204e-01 6.185492834350468927e-01
5.040761572723809203e-02 1.019554598602725459e-01 -2.862973397620346971e-02 5.483196877233230682e-01 1.325195806816626409e-01 -2.804239910399373287e-02 7.211886891614685546e-02 5.691649234745715241e-02 1.047279625316429735e-01 2.793973860980407675e-01 9.801133713991649898e-02 8.955327883286444413e-02 1.208593354323710817e-01 6.395669180113472407e-02 2.009708162750546423e-01
3.515037303755806364e-01 5.898952699245307851e-01 2.827607687880990261e-01 2.164035778944683741e-01 5.358437243256358729e-01 2.879452353375078211e-01 8.512055328817916267e-02 2.582654215849655155e-01 5.955216897793093045e-01 3.283608658389960966e-01 1.710637642344388643e-01 1.495485703281877465e-01 2.242620571133661367e-01 4.940828430199866173e-01 3.027156855311953776e-01
9.394612319721060700e-01 9.689119852058287741e-01 9.608686378836877040e-01 1.010251504679413825e+00 9.821678892305997222e-01 1.032839437600940657e+00 1.000371183218335736e+00 1.018317915776044691e+00 1.005533920502905465e+00 9.720645226177681009e-01 1.025912242339816816e+00 1.040137326399747320e+00 9.748610376172619496e-01 1.066489039231263813e+00 9.698155144732009125e-01
4.605160358987069880e-01 2.015683922076550172e-01 7.186023435485937583e-01 4.432624496242523748e-01 3.099845511847674207e-01 7.349208926663511887e-01 7.744796853994815322e-01 8.503521548376402617e-01 3.356559667478946629e-01 4.642210938350617710e-01 5.787031933409567674e-01 6.958674358466108156e-01 5.912108684133444703e-01 6.296710824195881351e-01 4.545046285301034827e-01
8.988374979753755989e-01 8.970346578758050526e-01 9.422980575977126794e-01 5.873063274972846193e-01 9.418633437595957947e-01 1.036182937359815703e+00 9.862046635899751612e-01 1.069610741424568134e+00 8.722502598597098311e-01 8.370139708780821586e-01 8.371887345894556409e-01 9.151465904981915811e-01 1.028832670060315646e+00 9.671987500168847118e-01 7.562427679402449199e-01
6.377989268625300356e-01 3.326714889409976839e-01 8.214565197698269206e-01 7.232159859831496229e-01 3.910221299101286907e-01 6.724569778520333996e-01 8.553101848672977070e-01 8.390953758059931378e-01 4.636731844537094194e-01 7.079683590708643059e-01 7.680919073970327027e-01 7.515536881303569450e-01 7.545985242949333482e-01 5.479162458128423729e-01 6.600884854036573879e-01
4.475235801156597359e-01 6.638691663919230601e-01 2.886871294173010138e-01 1.381833663031873660e-01 5.975185845192931833e-01 3.527008568789185006e-01 1.528864707917231280e-01 1.893702061071329545e-01 5.683113370927735941e-01 4.141677459808684181e-01 2.257724284301976803e-01 1.293729640073631448e-01 3.525165666121408692e-01 3.364254971125603122e-01 2.819729367855817181e-01
4.962132933533122681e-01 2.653317082885579548e-01 7.578971788779309549e-01 4.061896180006063783e-01 3.174018600146150115e-01 6.348213897523726779e-01 7.450149046375816875e-01 7.650040408743222775e-01 3.283253401977714314e-01 4.103758351577714847e-01 5.526294174899827327e-01 7.298127962482905406e-01 6.701523301603143912e-01 5.321603925697164783e-01 4.428226636122840620e-01
4.094113878117444094e-01 6.717214598919611923e-01 1.820969323515631844e-01 2.579976553834023023e-01 5.685004041939741848e-01 3.797827334008105349e-01 1.645759270246427430e-01 1.863354523617004321e-01 6.241392520758043405e-01 3.845381438218128389e-01 2.930099426302086307e-01 2.042966978978051906e-01 1.687888197912952859e-01 3.932117647648209480e-01 3.695726735504246685e-01
5.391863589702898807e-01 7.392768916485906727e-01 2.266247225417821753e-01 5.667671446241207001e-01 7.146914216441407897e-01 3.784268632961730328e-01 1.453295790820249289e-01 3.038271282111623672e-01 6.569140207308602486e-01 6.213886296320201286e-01 4.144673828588019693e-01 3.083988788746692689e-01 2.912235840237718532e-01 4.225910824324684012e-01 5.466787532649503012e-01
8.778886810947218455e-01 9.210183986087941976e-01 1.045433202970308173e+00 5.402597944677967057e-01 9.315864783676580663e-01 9.308999528041123073e-01 8.772433986118234328e-01 9.200975952504931721e-01 9.117011999944893974e-01 7.289518526234407547e-01 8.933073388801753278e-01 9.834502015705964828e-01 9.423163563469024728e-01 9.168903329342170672e-01 7.469785130023219866e-01
8.792365487344774300e-01 1.013460464365283142e+00 9.005000352741513447e-01 5.103959507422138886e-01 9.034021100617366518e-01 9.187072920287175926e-01 9.169181625139176672e-01 9.262624599778790380e-01 8.919266858592367342e-01 7.402135109284745385e-01 8.377649756185370222e-01 8.640267736609588134e-01 1.040718564994103090e+00 1.081376649204041751e+00 7.676373597819763361e-01
1.022565315392077956e+00 9.401684689812420670e-01 9.807929330896218989e-01 9.772731975917359204e-01 1.048923010839457604e+00 9.814882367719606204e-01 9.674870396981072318e-01 8.838386871898242791e-01 9.136793969493243184e-01 9.829004435649695282e-01 1.033696516286541245e+00 1.034086082234312309e+00 9.703687164832213163e-01 9.303718504423846847e-01 9.338414857505481503e-01
8.546342973978336977e-01 9.207576031454973720e-01 8.925740362211946888e-01 5.443469054548364383e-01 8.267655561510877105e-01 9.097305420181874824e-01 9.539552984594240614e-01 9.538588974696614597e-01 8.640288474347277425e-01 6.715676523743929760e-01 9.156286455460664886e-01 7.820691523808860346e-01 9.584322406533818395e-01 9.475307900832979913e-01 7.156287696370497997e-01
4.440421472283215265e-01 6.013528988252392349e-01 2.071725339916388187e-01 2.561580906129802271e-01 5.027975190678661832e-01 2.833428759614611270e-01 1.847232149599699613e-01 1.167691569920843581e-01 5.860053969135103902e-01 4.377123963644822258e-01 2.734628639765763758e-01 2.195386898429847744e-01 2.984129388401282057e-01 4.922952092315977524e-01 2.583874136493151674e-01
6.923983694772035957e-02 8.280584393991051451e-02 5.171320448357608068e-02 5.290694680130147987e-01 1.361203760410255315e-01 2.541426240733671640e-02 3.516036881441397116e-02 5.614151678244222454e-02 1.012372192930058729e-01 3.011677526804425464e-01 1.859521206364569135e-01 1.597541563515711138e-01 6.062845666292389357e-02 2.127257913937313782e-02 1.724521177478879064e-01
9.484074073855569553e-02 8.726972366266572134e-02 1.897486473733184448e-04 -2.546577266059692202e-02 -8.346193375590253358e-03 -3.219008346254187414e-03 -2.773726678678603563e-02 5.911298212570525318e-02 -2.776186017957517349e-02 9.388528147835614734e-02 3.985901668020804672e-02 -8.198265516575296147e-03 -7.362528119726186038e-02 4.188484554833898921e-02 -2.424734662088221665e-02
1.863021567573380222e-01 6.432897135756321383e-02 5.337351404555777667e-02 5.088155761365827923e-01 9.239847954275010045e-02 6.243419602047309280e-02 1.167565462979005819e-01 4.273394719533001040e-02 7.791347470825513155e-02 2.672881993235766140e-01 8.966525016005384707e-02 -1.483258042670443366e-02 1.584737770585014499e-02 9.062459349514490059e-02 1.961878315743753598e-01
3.445996913487818780e-01 6.584485777005983920e-01 2.485170952531239319e-01 1.658380796887811981e-01 5.841034112131647804e-01 3.011226934831757185e-01 9.607296469072174050e-02 1.812087586169890130e-01 5.870120667430208661e-01 3.962966677381699054e-01 2.238688242423391983e-01 2.176257959727644076e-01 2.973961933135739200e-01 4.909710593421355851e-01 3.922603413779746084e-01
3.352287479856608798e-01 6.460458899127666799e-01 2.637342295720525032e-01 2.959717976888640023e-01 5.741618175902112320e-01 2.472724214178291802e-01 1.943658238228279933e-01 2.257264750426563049e-01 6.637622734329650109e-01 3.956770388377690573e-01 2.945571683387427919e-01 1.860037217698806422e-01 2.240737689493066398e-01 4.616079142409507674e-01 2.348110636473368096e-01
5.342867830681367058e-01 7.001510370035541886e-01 3.146494150416081492e-01 7.188806000352332415e-01 7.163440140780767962e-01 3.793515321943665697e-01 1.420460955551767213e-01 2.824764829817947298e-01 6.977993035054633753e-01 5.549032731679249819e-01 3.047302346026149467e-01 3.473402722961966282e-01 2.475498511838427063e-01 3.904919302545727389e-01 5.829189548854445402e-01
-2.627537381965556335e-02 -1.678862096759561537e-02 2.512377332552500828e-02 3.522597061816146180e-02 -8.372371951394294576e-02 -7.999504710631420712e-02 6.763972626783669451e-02 -9.125907975462985156e-02 1.100627953965386818e-01 -3.345562466215380379e-03 -5.527998139491755586e-02 6.070402706895431516e-02 2.759241383986675740e-03 -4.219145155892847776e-02 2.108851434348421247e-02
5.839438125948370750e-01 3.195633288843129916e-01 6.847037495217691561e-01 3.213457396735631688e-01 3.524754364666392581e-01 6.880542822711951390e-01 7.376731975875350233e-01 7.480327892394087463e-01 2.999209623951735737e-01 4.072535263012466156e-01 6.362919173911342208e-01 6.343419479100536051e-01 6.357326774994097596e-01 5.718965998022464969e-01 4.510141207616588099e-01
1.023279867246852520e-01 8.898342214833290797e-02 1.141475352935119314e-01 4.924835502941911636e-01 7.768599532553707721e-02 -1.270908732223333115e-02 8.202683074248415251e-02 4.448704437875235229e-02 9.187886271686480921e-02 1.581671947488449692e-01 9.058038106484624097e-02 7.082365048314540057e-02 -1.527810285205585261e-01 5.058676669014610522e-02 2.989867295631000732e-01
3.953507629647242672e-01 7.032253927227267720e-01 2.614654976746858539e-01 2.755441834856108829e-01 5.007464668852263934e-01 2.552905770624971371e-01 1.621939850016936857e-01 1.933206280341485672e-01 5.151639954694351431e-01 3.464946816371748395e-01 2.604313671546309439e-01 2.400189305135468076e-01 2.506801743540736371e-01 4.392966948325802146e-01 3.077922633741237424e-01
5.245383488788653015e-01 7.338771815316875724e-01 2.615570453268495910e-01 6.811816090981765992e-01 7.360414486080613106e-01 3.441495758873496236e-01 1.715058371652173064e-01 2.885462261857819621e-01 6.385938585519357336e-01 6.233695668157697156e-01 3.273962613322137782e-01 3.766411501586631738e-01 2.080904225670708318e-01 5.263584381510012511e-01 6.045709986276440739e-01
9.550580230047452934e-01 9.716618021813673289e-01 1.000666092178533750e+00 1.009890285216698214e+00 1.071072271999555792e+00 1.074286579288147525e+00 1.035886171951695189e+00 9.927154105228119807e-01 9.925899897088343860e-01 1.132640475795405166e+00 9.606857544968426810e-01 1.028547268116761115e+00 9.627238148697478959e-01 8.896997933225274657e-01 9.909738831672542103e-01
8.865145307701228772e-01 9.808762008686857659e-01 9.720432853577081200e-01 5.512772619559790366e-01 9.577136443036445845e-01 9.847504462125764579e-01 9.423526669939732425e-01 9.398754728810981840e-01 9.722234542613349406e-01 7.460983057969543530e-01 9.066225639837853789e-01 8.380160103536634653e-01 9.210061130336373303e-01 1.074366921104005668e+00 8.270570424641094931e-01
3.798062058604459446e-02 -3.616064256866284576e-02 -1.081402129714726865e-02 -3.852462349659142166e-02 9.283514303107427701e-02 -4.331242453914213586e-02 2.804200101983371843e-02 -1.385731544235099533e-01 -2.090055251500646735e-02 -3.413610718362525363e-03 5.048682690552256519e-02 -3.114183972354554741e-02 -1.149519923451089963e-02 1.058344584922519954e-01 -3.434549701346398948e-02
8.067841105077836472e-01 1.069705366911990030e+00 8.916644412494389993e-01 7.002934597105973102e-01 8.627156992243367739e-01 1.018498255260977592e+00 8.287881534327027344e-01 9.963496655801937774e-01 9.809683912593115673e-01 7.248243897226578358e-01 9.654209031157289234e-01 9.315257913252578126e-01 1.012930008843312413e+00 9.582167388726414714e-01 7.335582940812241937e-01
9.289387200638993258e-01 8.496099105318576372e-01 1.008866042693674636e+00 6.184822485279736215e-01 9.114063432640416851e-01 9.879727205040529370e-01 9.605776312882787771e-01 9.973521639674296502e-01 8.531643204883204712e-01 8.485537304849367635e-01 9.429709942611796958e-01 8.447003075795336269e-01 9.141237946313347518e-01 1.010696830575599447e+00 7.406339605420728667e-01
1.239537880433579237e-01 1.047670722145219724e-01 8.610997731258572541e-02 4.838386251178699027e-01 7.822942728113760347e-02 7.845241527085716760e-02 1.354630113071788600e-01 -4.810079767141418883e-02 6.852433395640665503e-02 2.785216626235449411e-01 2.952036740756394662e-02 1.312294073397677063e-01 5.651349993508624631e-02 2.050111589413965152e-02 2.246834318647052686e-01
8.518173644532661681e-01 8.785740020262036154e-01 9.429864999153713123e-01 6.171216952270013323e-01 8.854232733912857922e-01 9.040152267495484839e-01 9.496484166932547266e-01 1.014402450334863648e+00 8.826937824932191701e-01 7.008291652856266651e-01 8.853139981891834376e-01 9.259541958987123067e-01 1.047963144346433895e+00 9.558330670710426524e-01 8.275018474722148909e-01
9.228757813746901739e-01 9.785987638824513724e-01 8.690322653521997953e-01 5.683520277294066281e-01 8.399455483551856450e-01 9.316337040767174171e-01 8.652618306961766814e-01 9.718936601452489166e-01 8.759091064747793753e-01 6.929132836444932275e-01 8.192546983625624835e-01 9.437697449869633104e-01 9.722435608416111208e-01 9.808450584246433124e-01 7.701280359920781304e-01
4.795866241822926979e-01 6.873533555626351044e-01 1.792477280105350124e-01 7.244381829045495325e-01 6.940597124944055674e-01 3.341253210635843351e-01 2.170362838073471579e-01 2.446497228932084378e-01 6.241525375119184593e-01 5.170939608263039888e-01 3.524237503727647436e-01 3.690592899499228752e-01 2.673960252486870526e-01 4.437705174554117948e-01 5.034202763253518009e-01
1.558094128085753538e-01 7.359471552690650953e-02 7.443725141750621999e-02 4.267479909140136640e-01 6.074213544495742773e-02 3.863713979247040270e-02 1.461357895612472868e-01 -2.310164073256426934e-02 8.972848861952123500e-02 2.371899502813189786e-01 4.430268472626860965e-02 1.385537385882399108e-01 3.129294279233456322e-02 -2.003325436520744796e-02 1.624842016948958301e-01
2.307795358620930160e-02 1.985074139279658506e-02 6.093922462469676671e-02 -3.916319121427179473e-02 4.832976620583127880e-02 2.707648635537171500e-03 4.352590711169668225e-02 3.116041335640572230e-02 -2.332634592529932388e-04 -1.008881569262154304e-01 5.776517916927974977e-02 5.191733945635906150e-02 5.419176457587396301e-02 -6.008323961833198640e-02 4.960141193165339135e-03
5.115320717222225921e-01 6.976938656619280366e-01 2.285325812023872305e-01 6.331818958133252906e-01 7.662239372227247491e-01 3.222464245411503225e-01 7.405032245442741412e-02 1.807663915169566426e-01 7.109159622656818778e-01 5.976504062143144225e-01 3.824760659941550678e-01 3.114889777023207018e-01 3.695601560813354114e-01 4.027647208139366608e-01 4.386017658116876938e-01
1.025437828623064984e+00 9.738179590794321383e-01 9.307638380688550983e-01 1.051299811167654363e+00 1.071976815143469208e+00 9.353055395104040715e-01 9.303127407701498042e-01 1.067437165334509830e+00 1.069165075493849093e+00 9.355557483148374542e-01 1.063566094918798388e+00 9.052471167218641979e-01 1.082739976996516917e+00 1.040927861111408337e+00 1.028646100752337089e+00
3.936713993775369791e-01 6.403326843925447598e-01 2.547575900551678485e-01 1.364251938150604637e-01 5.487929158606784652e-01 3.140481070211647574e-01 1.657695442999531921e-01 1.996874704605686723e-01 6.188355798244602468e-01 3.091500277190686874e-01 2.956386839548998946e-01 2.141112797665107315e-01 2.588249100641753508e-01 4.720067854763870252e-01 3.017635285865682970e-01
5.354465581031330190e-01 7.665029630511634995e-01 3.308126863365500880e-01 6.686900196779111960e-01 7.318144565391792034e-01 3.688582745051240397e-01 2.170582149526126270e-01 2.298322423024842520e-01 6.786663820554367232e-01 6.268737043550814958e-01 3.750898902404010693e-01 3.417025895714929651e-01 2.777956207694708968e-01 3.758329411465093361e-01 4.512501958172623340e-01
5.534948392593145305e-01 3.325649099628199545e-01 7.398135507141905265e-01 7.401474699761282361e-01 4.295877939512927068e-01 6.202679806347365377e-01 8.707067826253420684e-01 9.354862545038588051e-01 3.798118902129401508e-01 6.772334387017540092e-01 7.660617124922246557e-01 7.458101933593956900e-01 6.472585552440129897e-01 4.300350371638823610e-01 6.452852481572692867e-01
4.359678900367298660e-01 6.579274133104582312e-01 2.937270751485963616e-01 3.557732940059856741e-01 6.076514885592907422e-01 2.624110490760155900e-01 8.114098832216516677e-02 1.720071645194845844e-01 5.608579635312552769e-01 3.101413437637878245e-01 2.848571980586560581e-01 2.117858600363976274e-01 1.968610380152547301e-01 5.330460693499069480e-01 3.020245963992562177e-01
2.915012502210754253e-01 6.007456604771123088e-01 1.979239735756400109e-01 2.257866506393695349e-01 4.990799174776358593e-01 2.637491421229901101e-01 1.430724767640695338e-01 1.150179723263785453e-01 6.057345869027714880e-01 3.153790862915175630e-01 2.293714617140966694e-01 2.143305922321043777e-01 2.663477893645561090e-01 4.650756873211627784e-01 3.079212988865761558e-01
5.520473475635772065e-01 6.318760627559425469e-01 3.647795486175400281e-01 6.322507395500243099e-01 6.920634878187236216e-01 2.858297216432278409e-01 1.713528911683613876e-01 1.166914290811533889e-01 6.495416163651319685e-01 6.719864262371620933e-01 3.670850669888576778e-01 3.079417628084178959e-01 2.611087087527943496e-01 4.098391771875544709e-01 5.267892382769048254e-01
1.323341533483445853e-01 3.344344896827039504e-02 4.783116625309021680e-02 4.470561278423320073e-01 1.712790385710898367e-01 7.456016001513776637e-02 3.316944616979801419e-02 5.334284250222109947e-02 6.184218583733212815e-02 3.092901605510200991e-01 5.168724058643510422e-02 1.288770262751376960e-01 -2.546523517378426055e-02 8.410543859153649104e-02 2.587894645143998251e-01
4.608820590419104302e-01 7.879533183880750302e-01 3.486675792488093117e-01 6.974000372243042145e-01 6.992483621435853225e-01 3.244653357363130319e-01 2.262451860890102306e-01 2.813296788875669918e-01 6.949000913611086405e-01 5.813919514393144361e-01 3.579466778875764477e-01 4.554510728725086888e-01 2.750391242153311100e-01 4.642540694677356194e-01 5.405261885846426306e-01
1.052730837488320276e-01 6.147883402823506316e-02 2.352834245391302592e-02 4.512205215683623982e-01 6.410607711388446872e-02 3.238097717752436155e-02 1.646027863109860989e-01 1.102833044851483646e-01 6.935462335653350130e-02 2.228201646293745675e-01 1.167792149634819115e-01 8.069001351846946668e-02 -2.408027578335984048e-02 -2.232272677858116589e-02 2.696430893659802486e-01
8.484516997784772308e-01 9.366770443824531389e-01 1.025927704886149261e+00 1.105437987638684394e+00 1.043525450188969916e+00 9.492980398016126475e-01 9.865034972221022880e-01 1.005609730846813710e+00 9.912345412308090076e-01 1.020886147325732018e+00 1.015230492395149842e+00 1.080564137456383467e+00 9.855646221038619759e-01 1.062268538181904143e+00 1.024244567196447298e+00
4.604218007932754930e-01 5.979887165165530538e-01 2.101687348041759162e-01 2.782486575062182443e-01 5.418666371712534957e-01 2.188534886343379005e-01 1.172747454113481219e-01 1.097616171047083866e-01 5.589170008662582845e-01 3.012555351467771647e-01 2.759009095744852091e-01 1.923152572988248155e-01 2.532015806602560537e-01 3.786674247349345324e-01 2.771521312671743620e-01
9.866604465580559591e-01 9.942110118736736668e-01 9.589622974837799241e-01 1.031864965070637075e+00 9.209410581325782053e-01 9.409428704796628518e-01 9.551387133692457176e-01 1.019771397954267078e+00 8.871489508696516202e-01 1.041630471185848839e+00 9.842776522123173333e-01 1.028440897999872483e+00 1.006871995835436406e+00 9.942431744956415907e-01 9.359834027872144802e-01
9.237842087953755943e-01 9.383904995459786402e-01 9.543981380707148299e-01 5.410343234302035231e-01 8.703861456027096599e-01 1.036393193204319996e+00 8.119240728596431866e-01 9.032944291750565347e-01 9.351477663930176654e-01 6.514995644052701262e-01 9.526511447974020941e-01 9.901451728088288551e-01 1.000234570074202356e+00 9.630904512170019860e-01 8.063524757157605194e-01
1.287431134324437676e-01 1.014603412144925165e-01 1.048328603413229004e-01 4.255991882482889066e-01 1.911930280351187283e-01 3.441994378608700250e-02 1.114990899008817538e-01 4.845202698957636056e-02 1.254956544127280305e-01 1.889036670721676858e-01 7.734800968659516496e-02 8.127553718129651439e-02 5.282815158362193231e-02 1.104263467115186234e-03 1.910371884371764306e-01
5.321834416384233490e-01 2.609262396381559213e-01 7.193488493426259955e-01 2.974434327231620934e-01 2.857027120269570730e-01 5.796699252088192145e-01 7.278215799545824094e-01 7.775353575918227955e-01 3.732283779701137671e-01 3.657332702788971268e-01 6.467446860755515781e-01 6.431823033996378891e-01 6.613741435036890604e-01 6.294268497992583367e-01 4.999939035276655952e-01
8.558706727853405971e-02 1.570291786513788590e-01 2.659236103807516988e-02 5.111529335555325959e-01 1.176214149586567587e-01 1.239313683110404921e-02 6.696158699598261932e-02 7.794507604730754879e-02 1.232287997879135538e-01 2.404242718460519734e-01 1.140933227070033557e-01 9.756006318866151938e-02 -4.384070776881764109e-03 1.127035330621218023e-01 2.399210915694399704e-01
-4.577113145712516373e-02 -9.390164426738856207e-02 1.609334622164751080e-02 3.449712093152847853e-02 -3.184156058524482275e-02 1.132179297071122127e-03 -1.297431592699878344e-02 -6.001482258597153063e-02 3.367475562966951858e-02 5.979060985366625725e-02 1.048294707399264301e-02 -1.482473019613858925e-02 1.056078783130421500e-02 -3.752677916078928089e-02 -3.314121095178390076e-03
3.771114320482431004e-01 5.422701710174484546e-01 2.226521233803798738e-01 3.101814485722584336e-01 5.632571830662197465e-01 3.667407381196676752e-01 9.998453617911266800e-02 1.371018595400384510e-01 5.241556259863382472e-01 3.566810787375565561e-01 2.740247562547968863e-01 1.997438773142510282e-01 2.449142653813123349e-01 4.337262358266452678e-01 2.500453122965841657e-01
-7.030781501394842148e-03 -7.406269161518828914e-02 1.763714974641456684e-02 7.037430099825107976e-02 -2.376507957432751408e-02 1.438937696959555895e-02 -3.836373915844090710e-02 6.820942531310233981e-02 -3.356518717743146168e-02 -1.032707469344319312e-01 6.733702077873425507e-02 1.396318936562524274e-03 2.814266215035412036e-02 -2.428304650009459331e-02 4.938008747059685621e-02
9.229054728837378097e-01 9.333822132332667554e-01 9.775677135381969363e-01 5.699506853562605890e-01 9.014890864493894096e-01 9.365443753573813312e-01 9.303688937744745147e-01 1.001931264880742578e+00 8.698489324111766674e-01 7.325636597581896003e-01 8.456413480013863504e-01 8.769392140497656030e-01 8.640402485531435417e-01 1.019665304917670712e+00 7.274556569864067956e-01
9.175170172824040904e-01 8.043256392951623202e-01 1.045608446404073799e+00 5.284552182961250733e-01 8.560771131326222472e-01 9.853421369045050060e-01 9.226835896000751269e-01 1.024430119279883922e+00 9.424175936291729894e-01 7.527587388370541310e-01 8.805776624726733282e-01 9.276783150062569705e-01 1.000788525581376875e+00 1.033577727496494347e+00 7.500240322406898086e-01
9.776305572080661310e-01 9.463314526757580225e-01 1.029637921126701050e+00 1.051994572168077235e+00 1.033464186529502671e+00 9.518563106606235946e-01 1.003196546190628036e+00 9.549411293745746487e-01 1.039191846084752457e+00 9.972122230116118313e-01 1.059547830476971431e+00 9.886495416780084478e-01 9.971242182842886548e-01 9.934913452233514741e-01 1.001432743034544659e+00
9.840643589656050683e-01 9.468868487615047513e-01 9.777883541446784621e-01 9.511900833790924992e-01 1.068569275906244398e+00 9.455964134753728212e-01 9.918221794471864250e-01 1.035671577214274164e+00 9.595351819973535479e-01 1.006788457171506224e+00 1.145504000704791636e+00 1.010804190201588737e+00 9.677652776409896296e-01 1.026286524459765204e+00 1.007707790632291545e+00
-9.026055531767362972e-02 -9.026010134692885600e-02 -9.899312293883852365e-02 3.129985611914057331e-02 5.360120198013130534e-03 3.377608258145886611e-02 -3.987297420068646597e-02 -2.566813137449919235e-02 -3.899201156597430912e-02 8.173643183223877617e-02 4.159235249813549896e-03 -1.559043995709216701e-02 -2.807182755965474674e-02 5.985293849688679002e-02 -8.782487520698897474e-03
7.450664968434901336e-01 3.682121246325582020e-01 7.247916173379738147e-01 7.609459472927774248e-01 3.224594446391378932e-01 7.105599241834325008e-01 8.835355730693861265e-01 9.058419528257101172e-01 4.251043349248164738e-01 5.888337602685214112e-01 7.982159750965130973e-01 8.666263741209200289e-01 6.596114967316875077e-01 4.606573802394631212e-01 6.585910778067366467e-01
3.678031934236881129e-01 6.107020626544086284e-01 3.567030544661670688e-01 1.932511586320254660e-01 5.429398759158016174e-01 3.561839278826320343e-01 9.754455534679799811e-02 1.386698290906784869e-01 6.811427868003208097e-01 2.918347752008308982e-01 2.113097407117004167e-01 1.447928453817288741e-01 3.234768410926027182e-01 3.791102687013016004e-01 2.938130414581026084e-01
9.551166936437108790e-01 8.881488653050082505e-01 8.526171212422422041e-01 9.933718384729899320e-01 9.819737468468059394e-01 9.849179200047362137e-01 9.949033293902550534e-01 1.024986046673238338e+00 9.390537022055007732e-01 1.040974205485015958e+00 1.090065695001228185e+00 9.736409254881772668e-01 9.218813527742846237e-01 1.017662714560265469e+00 9.554305627379441335e-01
3.118556185700381844e-01 5.747274938721192994e-01 2.560469808691225868e-01 2.553083420876871568e-01 5.842879267849014902e-01 2.676362978950568294e-01 1.808466918631360942e-01 1.155295079637837369e-01 6.058602311957519415e-01 3.939073087844957577e-01 2.932216112864424185e-01 2.493727215399151875e-01 1.346923510249220246e-01 3.620034446923642291e-01 3.171976783704185676e-01
4.040731878244706032e-01 2.380281788624366290e-01 6.257068498795513856e-01 2.384558917505349429e-01 3.122342394094530516e-01 6.507214155190678140e-01 8.350271203172576762e-01 7.235780578176640443e-01 3.614659567856005062e-01 3.943681640790589471e-01 6.310442857273305117e-01 7.055181102330353449e-01 7.283800637734511030e-01 6.108019236443958944e-01 5.238182650823750564e-01
9.911020063944699920e-01 8.810517311818006903e-01 1.022802003771940749e+00 1.052410441587729562e+00 1.039483723192496489e+00 1.010150240350329520e+00 1.084022425226042197e+00 9.315657220898614366e-01 1.031142807398785610e+00 1.006206714735979446e+00 9.922334898225140254e-01 9.872073966989654004e-01 1.054431636853179421e+00 1.082885955031988701e+00 9.677333989724474783e-01
8.837015095547539056e-01 9.317224043236216335e-01 9.787571247185562484e-01 4.405702951547502688e-01 9.605089600231431213e-01 9.535279503152116476e-01 9.442446407188970214e-01 8.866903445461618016e-01 8.135177347483011356e-01 8.027955353960055662e-01 9.333473014040657434e-01 8.166997373116985370e-01 9.978027985541572109e-01 9.484549366519477998e-01 7.553042583418488887e-01
3.182961923717742003e-01 6.845860401032781706e-01 1.666722501608234319e-01 1.488112902083209010e-01 5.553426668580460079e-01 2.594922215368186680e-01 1.450638828545502135e-01 1.961125238032635776e-01 5.021373352480364982e-01 2.350856518661747219e-01 2.176894130712010988e-01 1.928680553115373064e-01 2.649407609995747537e-01 4.468474973994108757e-01 3.342496619216269171e-01
1.011153978189095193e-01 1.114711949441121730e-01 4.089601298569739418e-02 4.777761290011107165e-01 1.314791755191336564e-01 5.819501401681258929e-02 1.880173090145893788e-02 1.959488568904498018e-02 8.464082117687740658e-02 2.896625319270616505e-01 6.130545637914230905e-02 3.448935847432171853e-02 -3.107375298693793725e-02 1.904268202652808356e-02 2.095645539502266064e-01
3.194248424921002361e-01 6.965483525590574487e-01 1.368800799286226944e-01 6.466286415629507456e-01 7.012926434147895849e-01 3.079043508861986633e-01 1.973047390618855312e-01 1.941774735854829292e-01 6.469445981168212567e-01 6.567168979960011921e-01 3.153091659727536578e-01 3.374122959341915307e-01 3.415218166636243557e-01 4.067189383008833481e-01 5.723943332150612795e-01
8.842511869906591326e-02 8.145127519830046292e-02 4.749271560052580055e-02 6.135189486526569924e-01 5.628763609416186087e-02 -7.044633623807811107e-02 -3.124874901766841462e-03 4.809942344369093348e-02 1.057926499861196745e-01 3.679380253408107704e-01 7.046381814102549435e-02 6.880296742062219639e-02 -7.216504193230990905e-02 5.026681888499093254e-02 2.208537724386894219e-01
1.018188137794598797e-01 6.046553972743048955e-03 1.560822587666899075e-02 4.018177175321150929e-01 1.676714607328913809e-01 1.793584231401220905e-02 1.063469517095224637e-01 -5.597083871576816194e-02 1.696957360529826597e-01 2.600289588837128574e-01 9.349682940740763892e-02 9.030917439636113042e-02 9.855468946628428983e-02 6.853471088040619108e-02 2.086046677137910754e-01
9.627304352920068586e-01 1.027654482132317248e+00 9.309873784278333009e-01 1.059204010402389207e+00 9.116365507322269357e-01 1.051583144104624612e+00 1.045408560317995228e+00 9.005391360289490832e-01 1.059494445056121670e+00 9.488451833351122522e-01 1.014790925960383561e+00 9.354928797670644114e-01 9.052632366569327571e-01 9.769728606287070294e-01 9.901290269363235419e-01
-4.270484203944166501e-02 3.866231598514316414e-02 3.849230096520935007e-02 5.020383915987611939e-02 -3.179980275498362190e-03 4.797887762939178485e-02 -2.348386658682694722e-02 -2.910069216158586713e-02 5.891313644015799128e-02 -8.009535658307398096e-03 7.325251141748953792e-04 -2.713052285507532024e-02 -2.783547734747771063e-02 -3.966941128432733936e-03 -2.857360330922721625e-02
1.024134970845861803e+00 9.750034966084257793e-01 1.020574948045343433e+00 1.033699294058651130e+00 1.026607051787091995e+00 1.080125326629917781e+00 9.809556813598713232e-01 9.869440719772462067e-01 9.322932322865110644e-01 1.002505080077211952e+00 9.993480313680896954e-01 1.002144066039098558e+00 1.018339605406990422e+00 9.647155375963406554e-01 1.003900488186324713e+00
1.286157666647740061e-02 3.440471815829389268e-02 -3.579223107155005135e-02 4.623514144067634168e-01 1.253652820372058718e-02 7.033195657843124837e-02 1.845787337905587799e-01 5.460486688849977566e-03 1.772265550091479125e-01 2.099968998546415111e-01 9.853076000279978319e-02 1.257853296157810941e-01 -5.817075527933899398e-03 6.540544529804645513e-02 1.770890991112166746e-01
5.771939464722594115e-01 4.601763293832534796e-01 7.501877994188734800e-01 7.598092731441605796e-01 4.173266641835697288e-01 7.931450866621181373e-01 8.142243874089061251e-01 7.628195322635548115e-01 4.145181732948352571e-01 5.970533937055388929e-01 7.778108468690295707e-01 8.023274165296548910e-01 7.120755487815365603e-01 5.535610524463676629e-01 6.634872697149845067e-01
8.881174731759753360e-01 9.238314601844614948e-01 9.104471871757356949e-01 5.501621797179598872e-01 8.401369550155110000e-01 9.788747685459902037e-01 9.226245312789348452e-01 1.031723139658770716e+00 9.271762239819922868e-01 7.382727525745332864e-01 9.110501005335731595e-01 8.698668610271909074e-01 9.894529932860361976e-01 1.032941807451188687e+00 8.341845345546901047e-01
9.182125859856579142e-01 9.591389091563424785e-01 9.297521263131143243e-01 6.577264800145661283e-01 8.921077319659204141e-01 8.986880096139784335e-01 9.006074303506690359e-01 1.024108970350467329e+00 9.457269237257374117e-01 7.121190176046778841e-01 9.166492141674914551e-01 8.744579613748750813e-01 9.349278768294891906e-01 1.039856127905915750e+00 7.649162881120972202e-01
1.006630639651555637e+00 1.052742341554046668e+00 1.055044731055990948e+00 9.959235402904567103e-01 9.918215274478050514e-01 1.027013763687507186e+00 9.516736063476372021e-01 1.012295377970209742e+00 9.008486667673185622e-01 9.891753343521274555e-01 9.753725825839358876e-01 9.929639311780612543e-01 9.914741409364733471e-01 1.054401848062787916e+00 9.976260966269744346e-01
3.896205816117425114e-01 7.121393111119415087e-01 1.468561439986611483e-01 2.500500590518590083e-01 5.865266411131770941e-01 2.638529467896185698e-01 8.040974438136869185e-02 1.245021528354200435e-01 6.083781491370581218e-01 3.771630383470422898e-01 2.668402631477890252e-01 2.319303104380027736e-01 3.137998925726271926e-01 3.769605705021553677e-01 3.868713502659878456e-01
1.005058176283175841e+00 1.058419580190637532e+00 9.521065468735676607e-01 1.010699902825658247e+00 1.105188299183118339e+00 9.717793936126901677e-01 1.028963447676508602e+00 1.072817221015730071e+00 1.113015511915471656e+00 1.042580711202204302e+00 9.688667825387932142e-01 9.685398802171047983e-01 1.006406161207620054e+00 1.046888821793900748e+00 9.986783315331171362e-01
8.784378878869562035e-01 9.248987371559226345e-01 8.587841313840564039e-01 5.461713694219517690e-01 7.977501874537635818e-01 9.354756778547044238e-01 8.994089529681740247e-01 9.444008446565914650e-01 9.032088998004692559e-01 7.957861829961283551e-01 9.201166241135708690e-01 9.137944717693807783e-01 9.422333280530736932e-01 9.646677377661696529e-01 8.150470903332399653e-01
1.969010140918941443e-01 1.047216323916464881e-01 4.961180014476478800e-02 3.799129760689356483e-01 2.010635765253686591e-01 1.856704132053375866e-02 9.533644519136845463e-02 1.008166113559715166e-01 1.065819853073403517e-01 2.301487098326299441e-01 1.193153352939940459e-01 1.482710991502829700e-01 -3.888464712999700063e-02 -5.588374828312219628e-02 2.538866347271855894e-01
9.001267489034410207e-01 9.975431365181286480e-01 9.450997773703642135e-01 6.130057392620278378e-01 9.341011352402176504e-01 9.353719179487349766e-01 8.637370330714103650e-01 1.019382956226793535e+00 8.751949452691272224e-01 7.805971535669411487e-01 9.993727684335225181e-01 9.452550773693818575e-01 9.719998849349746894e-01 9.962861774092865996e-01 7.965244953694210484e-01
2.795762318835781635e-02 1.525980473301095409e-02 -2.629061842137166236e-03 1.672009320086580196e-03 6.308602057801978441e-03 4.634858240122905620e-02 -1.472129978230775071e-01 -3.739642803647683089e-02 4.096192058688843951e-02 -7.442649580320490066e-02 9.363133723442487732e-02 -1.290186598046670456e-02 -4.764504838521046309e-02 5.001975746986866977e-02 6.826783576972049461e-02
1.521896210231502566e-01 9.063084886506769799e-02 1.329552055186019044e-01 3.660485070308514000e-01 7.990049680416019817e-02 4.454761868328764585e-02 1.075023742858499942e-01 -8.537567419464067719e-02 1.268273346466191609e-01 2.248319987615373938e-01 1.662954471563377057e-01 1.570046220441281282e-01 1.297181175694528052e-02 -2.736630600595042762e-03 1.960161278974937860e-01
-7.030061726045087889e-02 -2.187078177051165334e-02 -2.295603112069041774e-03 5.131669855073786590e-02 -6.960292476087058533e-03 -5.187264563218901836e-02 4.354317775093752285e-02 -5.488070451978840913e-02 -1.056230980653474066e-01 5.288995897536580108e-04 -1.044080222184553403e-01 -1.606665609901048938e-02 2.186107660413873915e-02 3.668182395401008850e-02 7.506536655198524366e-02
6.937824998015311717e-01 2.779366203779388145e-01 6.415263137043076824e-01 8.352468483954330614e-01 4.258441057756121584e-01 7.178458213370428886e-01 9.018630524771472645e-01 8.298515273187029306e-01 4.939408150061045388e-01 6.143352890336304384e-01 8.281424063886162479e-01 7.858199265374856690e-01 7.537895586632814560e-01 6.266322144076660328e-01 6.649985024148241664e-01
6.135555463973096924e-01 3.738038850736185026e-01 7.640782640027731221e-01 3.906788254486716072e-01 2.373044613147539672e-01 6.595237879899724653e-01 7.778454515443388173e-01 8.051577577538726604e-01 3.056075700194301747e-01 4.391168245551870797e-01 7.070836285806343380e-01 6.544222283142644425e-01 7.187789160567260582e-01 6.255396140921496428e-01 3.576121777656318668e-01
8.525462147147860881e-02 1.616285994951380256e-03 9.410221083220521310e-02 3.880301280724933743e-01 7.977567011074571113e-02 2.873096833230553981e-02 5.764286347319790699e-02 2.111895040499753989e-02 1.000202757338935489e-01 2.317464211517446249e-01 1.093533661229561804e-01 2.328089110543126450e-01 7.551055893864756785e-02 1.221871474710985728e-01 2.359477201039713867e-01
1.079075750681936924e-01 3.248562572445772706e-02 5.899188580984024433e-03 5.086192061253194119e-01 1.127892356472713492e-01 2.635072632340727111e-02 2.614192526437442154e-02 8.656421962663912728e-02 2.325090307481015306e-01 3.029472378829652923e-01 1.167303986405174576e-01 3.375996587244614600e-02 8.789503143334363722e-02 8.303568925468022416e-03 2.157600454254059164e-01
8.167980810896455224e-02 1.127924272926966731e-01 9.894260849882624553e-02 4.349320944334914563e-01 1.488940050392865977e-01 1.773474260982955616e-02 -3.660959088295821784e-02 1.068978571439766351e-01 7.635717157219594486e-02 2.598304640021744105e-01 2.380172267162085353e-02 1.618282753281318764e-01 -2.787977834881993217e-02 -2.230130552072707301e-03 2.762082614503545974e-01
5.658562907401508690e-01 4.606348667776225536e-01 8.273319711803508447e-01 8.090674051325179583e-01 4.453426143768453582e-01 6.955328027726652707e-01 8.984759834163686953e-01 8.280577760580332125e-01 4.369944417670187931e-01 6.629153102943536879e-01 7.704417286502189821e-01 8.153131360673192551e-01 7.106141170588762268e-01 6.016800596391705946e-01 6.178286414256248804e-01
1.024150700732168462e-01 4.383113102360503693e-02 2.791274870533323738e-02 4.436131775864902149e-01 1.307909941374363338e-01 -2.902320980880743889e-02 6.413857599428667011e-02 5.462235064297106535e-02 6.854563321307749479e-02 2.941327343092025592e-01 3.750667426940786087e-02 8.822092689423305378e-02 -4.488823399091557143e-02 -7.919773197959861788e-03 2.933227551947731326e-01
1.932819847354551313e-02 8.711984272142454799e-02 -2.571895566661169807e-02 4.655630405000064642e-01 9.530998074641743034e-02 8.053311559915488083e-02 8.211092674990359830e-02 3.614321278944860466e-03 2.514718001689206228e-02 2.500198600612243416e-01 8.615325257080777566e-02 1.844383154534963709e-01 6.459329949982170471e-02 -1.468434752626388354e-02 2.312444734327111229e-01
8.604684997800736701e-01 9.545175842011663914e-01 1.015197799125679090e+00 5.966554362219148588e-01 8.668762224058104149e-01 9.824362652072744506e-01 9.545437551630873152e-01 9.226482374758251392e-01 8.400633252798962447e-01 8.099541840118356095e-01 9.064302334525049520e-01 9.138906741299027692e-01 1.014237277736669718e+00 9.982641050252448744e-01 7.457664782050781316e-01
8.458474952717559558e-01 9.214922976489474671e-01 9.601534035367791375e-01 4.690037949744306767e-01 9.687220456148366576e-01 9.494672335305944788e-01 9.272154294074761438e-01 9.563453871216970326e-01 8.987170614376175370e-01 6.996057068598687811e-01 9.188250490013867289e-01 9.395887578599241285e-01 1.067415270571966834e+00 1.144416654810860523e+00 6.706786481637635466e-01
5.939038061508271626e-01 3.614667155602696580e-01 7.761567326726430682e-01 8.597071225321447629e-01 4.783111214087525931e-01 6.690855786062618327e-01 8.140494476348125730e-01 8.301419860270614626e-01 4.137177964029085109e-01 6.172843047381716408e-01 7.164336513570466192e-01 8.261899823354753591e-01 7.678025133981620787e-01 5.431975883601612987e-01 6.466987576550194960e-01
9.764124923783753518e-01 1.020987910078791527e+00 9.700400079598261449e-01 9.556606140360011103e-01 1.069774303314637631e+00 1.067809442772359674e+00 1.014779429457989712e+00 9.251075719847674517e-01 9.884591222176490888e-01 1.009032439613981591e+00 9.979858168251897199e-01 1.064386776733690532e+00 1.019186116942640163e+00 1.043598060470213751e+00 9.461571239141287615e-01
4.657226819525732142e-01 6.564967810381436841e-01 2.041051066387002400e-01 1.795593935037838040e-01 5.941361718070242715e-01 2.394989516896830484e-01 2.115146358817650563e-01 1.691241617142350273e-01 5.775220881282989716e-01 3.315721592134591167e-01 2.574359713478568956e-01 2.273566321551622471e-01 2.951478241134931624e-01 5.185323771641178192e-01 3.244360949586598819e-01
4.924350344283360270e-01 7.926841140159769372e-01 2.711913438242480323e-01 6.605637604365263149e-01 6.658100941214610824e-01 2.983490459248726578e-01 2.250110702903054261e-01 1.471240157693894379e-01 7.176002625245336830e-01 5.368478223604759014e-01 3.424918011083021296e-01 2.964326695585509097e-01 3.305805508032012008e-01 4.243734967085862619e-01 5.900187980791870013e-01
1.024457137452179811e+00 9.802557856037074080e-01 1.032037409286536089e+00 9.759599915429852945e-01 1.006670405491987497e+00 9.886410996247347871e-01 9.817125326981195332e-01 9.547695632580134317e-01 1.078113562882181409e+00 9.970833147299192900e-01 9.862034792983052078e-01 9.638988920672025840e-01 9.420611401306450139e-01 1.051843839788158652e+00 9.853943623637068105e-01
5.101515469189399354e-02 -7.876133723991913735e-03 3.418155276617226845e-02 -4.563365173172759248e-02 2.329994832189508439e-03 3.234438395405332678e-02 -8.290607307103120549e-02 -4.402725358570661052e-02 4.675447972480927666e-02 -2.824766672783323232e-02 -7.616025519478711314e-02 7.618732439713576943e-02 6.990278170416401593e-02 5.586819131665637927e-02 3.852353912511857770e-02
8.252831600699787051e-01 8.982650115389535506e-01 9.269679237505149549e-01 5.679323860147548197e-01 8.307184874500225247e-01 1.018597792176894501e+00 8.365206433909706529e-01 9.182917152282310536e-01 9.912065714314597376e-01 7.130004489191632544e-01 8.357121679294996497e-01 9.117522511938167540e-01 1.035884724343076213e+00 9.259111456309971899e-01 9.061076140060495554e-01
5.394729545474268306e-01 3.115239912324510585e-01 7.512898998121708694e-01 8.658399084346761754e-01 3.962930862395974696e-01 7.447635916807805456e-01 9.230928913313070083e-01 8.560628417408239210e-01 5.273808706893032827e-01 5.924512429114809908e-01 7.180035092656031903e-01 8.244776812429184254e-01 6.590794276908726879e-01 5.244622332923430941e-01 5.886286031718030998e-01
-1.728168579703199814e-01 -4.565162586466300909e-02 2.374939784055412478e-02 -1.105688297593581141e-03 -5.600327737662348648e-02 -1.171585222952039596e-01 9.746286309388615260e-03 9.672017583216896419e-02 1.151590317706755601e-02 4.841843810958019328e-02 -9.101965392834991675e-02 6.212315961666783903e-02 -1.975081660693383048e-02 -1.949593438211025308e-03 -4.346447655818852507e-02
1.037859446359507443e+00 9.712470076612581549e-01 1.017084114734496669e+00 9.630572731622152327e-01 9.955776507659016561e-01 1.027877756765637640e+00 1.034003851178020517e+00 9.170128345597029496e-01 1.011603769918466345e+00 9.785961452081631817e-01 9.983889742231476516e-01 9.788489834224408659e-01 9.480124320834681928e-01 1.002330961301124423e+00 9.879491971326503919e-01
7.832478818830251877e-02 -1.538148149376254714e-02 3.643633049207768010e-02 -1.673477930967421159e-02 1.906280738313879952e-02 3.964566763059954035e-02 7.155285747771897298e-02 -3.185106404146988840e-02 3.054938694377292221e-02 5.787494694654343047e-02 -3.169913437404597856e-02 2.352049694928188064e-02 1.226956909141319703e-03 6.709793295809080016e-02 -8.224774829364678297e-03
-8.287974533559915036e-02 -4.107303050709815162e-02 2.083300731001530570e-02 -7.164983861389191688e-02 2.990410490944353170e-02 2.748589419920514920e-02 -7.671006013720671479e-03 -1.611751606805494549e-02 -6.092463038842552830e-02 -4.048785244391817084e-02 -1.638401375536330251e-02 -6.637475105159809999e-03 1.621276034766882135e-03 1.117319927552597181e-02 5.814942992249645670e-02
8.615766807893775470e-01 8.770375155721856775e-01 9.415708863687831665e-01 6.282354345788403460e-01 8.584552669448702877e-01 8.413454943539083741e-01 9.056665065793603198e-01 9.393823229555342547e-01 9.370479947550249822e-01 7.441859569994407897e-01 9.420149991028383685e-01 9.482161006599868491e-01 9.962864758948641875e-01 1.035478783058259467e+00 8.540351377971054925e-01
2.921006249686691203e-01 5.845987933764728028e-01 3.131900747718046607e-01 1.650366444693322499e-01 5.615250949363000954e-01 3.407701165869630455e-01 1.307082810906714243e-01 2.342910633803662879e-01 5.279544932087039122e-01 3.775943266260662901e-01 2.177943573620413353e-01 2.454640060259432321e-01 2.787191945035291663e-01 4.147119022146286138e-01 3.795349690392963993e-01
4.716654160583941269e-01 2.702490065748248127e-01 7.610187330810890272e-01 2.072787078349329626e-01 3.013122908372178332e-01 6.089511352740215600e-01 8.838829492531627974e-01 8.558125469343493830e-01 3.922785243189982340e-01 3.249589870981122730e-01 6.050782305328129551e-01 5.989955388845679130e-01 7.396823010118619424e-01 5.535229503343477298e-01 4.544675106777490425e-01
7.678185946888740898e-02 5.240771946283039051e-02 3.463670215095925042e-02 5.164220365189882145e-01 7.721206686920598083e-02 1.937487893569668843e-02 5.039993912797260944e-03 3.104586882904916342e-02 9.187535488557219132e-02 1.889925868409487175e-01 1.990704343365515272e-01 2.452132251925218387e-01 3.969646685504951700e-02 9.421384495885520849e-02 2.389581915306100979e-01
1.214947972452055241e-01 3.337715608350012159e-02 2.718859065967008104e-02 4.827313022417630828e-01 8.575512164694543138e-02 -1.347535635894979433e-03 1.404843711593689870e-01 3.029003959871106461e-02 8.051633767738736180e-02 2.383360411185351801e-01 1.219669393999970319e-01 1.455563097385546290e-01 9.135438107283036513e-02 4.849328694015030139e-02 2.009985613450922803e-01
8.606284332313637320e-01 9.255064809158780603e-01 1.034541950939668054e+00 5.653525359625983793e-01 8.089175159370747270e-01 9.589439189061577107e-01 9.579887612063798796e-01 1.043861228472534819e+00 8.528512381400892295e-01 7.873031353855020065e-01 8.603052937206782103e-01 8.396866724513256663e-01 1.102843650160208133e+00 1.070357871908439673e+00 8.029549943180124272e-01
4.617128333460067124e-01 7.691133311636291214e-01 3.380029515368682680e-01 6.548922992364925033e-01 6.098739494048338594e-01 4.088652439684761775e-01 2.363790618797056153e-01 2.190200877009121361e-01 6.864345427949601897e-01 5.785916723952094776e-01 2.966176023437864240e-01 3.180730602341739210e-01 2.773100514837272823e-01 3.989142106555676470e-01 5.588508340490190296e-01
3.588765107068755400e-01 5.949977649390754131e-01 2.146139812416275050e-01 2.049052821172730465e-01 6.039902306915286845e-01 2.329204960363792654e-01 8.018440454791829486e-02 1.103833661381850295e-01 4.723128667802624636e-01 2.999767062634293158e-01 2.987625846919510497e-01 1.671685500514791534e-01 1.935717193763952515e-01 3.319142961677659098e-01 3.400018266125731659e-01
4.437166457304668743e-01 6.692263941457786691e-01 2.925266239405053814e-01 7.319734917218424508e-01 7.202335519352767168e-01 4.200553851727991672e-01 2.548072788937130184e-01 1.913291062396713926e-01 6.431165557846902914e-01 6.086417420379600651e-01 4.157464460245020588e-01 3.743235593456017973e-01 3.177334667611978469e-01 4.238288165595331947e-01 5.199745007742473391e-01
5.893141460268367382e-01 3.040839595359958736e-01 7.814647617224812493e-01 7.740847196109764683e-01 4.822151576018183783e-01 7.039352492272867856e-01 9.881842840800280081e-01 8.882624321254797284e-01 4.763720800004965783e-01 6.402943852774843903e-01 7.287302024491477681e-01 8.751554744851332002e-01 6.783689599323422526e-01 4.917685401970238734e-01 7.022663051046490468e-01
1.415061690198221034e-01 6.388622940534846584e-02 8.376141270621323409e-02 3.911867305777008141e-01 -5.407256761863710182e-03 8.545447948886555900e-02 5.348061373992020473e-02 2.030073382469055332e-02 1.392632108922442491e-01 3.255888795306874917e-01 5.765189177337699117e-02 8.004777438783647336e-02 5.522744915929395787e-02 8.036159888623931047e-02 2.065458693203424956e-01
8.757315452999184791e-01 1.005168089364315787e+00 1.009881923446416696e+00 5.760006787408291640e-01 8.990033886461944457e-01 9.158167987798461196e-01 8.803673827772799942e-01 9.300245632246862959e-01 8.989765427660422192e-01 7.055532214152846482e-01 8.386622984239544554e-01 8.507001008016533694e-01 1.091047125785136185e+00 8.908639103614029997e-01 7.769622054351795759e-01
4.885465793794048772e-01 2.838074300170058129e-01 8.498278345003554834e-01 3.667233458142566405e-01 3.346666101069602495e-01 7.574549668336669761e-01 7.836757874330010365e-01 8.331978912867302745e-01 3.530319492890069966e-01 3.712455942075991722e-01 5.729596408236521388e-01 6.883170490784751294e-01 6.997344135931442555e-01 5.250840165225009182e-01 4.725049343752528164e-01
9.884893285334372948e-02 2.477229277185934164e-02 7.273254646823396063e-02 4.792295326351897478e-01 1.171102457365966049e-01 -2.552585100986572847e-02 9.832278588259044105e-02 -3.099893235043646098e-02 -2.899818757727819218e-02 2.109909505275125996e-01 8.407306388712837419e-02 1.684949303410668842e-01 -6.110780795859825643e-03 3.956122008856501754e-03 1.643958316714891899e-01
5.817828687951915878e-01 3.496610251711523287e-01 7.920849894306269956e-01 7.557108297120966878e-01 4.880389540530987169e-01 6.418204050957219131e-01 8.354448015423883156e-01 9.018257949826162800e-01 3.348454792523803958e-01 6.270639062497981309e-01 6.609311146274778892e-01 7.131857184209559053e-01 6.679113143548878195e-01 6.411003968066902869e-01 6.351233549696398972e-01
4.933244293620314691e-01 7.455100613308859314e-01 2.600447309145553776e-01 6.537130537682533937e-01 6.650833386425490934e-01 3.445413247018246361e-01 2.495071237071557757e-01 2.219239097449997034e-01 6.347672811523563663e-01 5.926267335022276095e-01 3.165955648487430718e-01 4.003629252576991204e-01 3.039210949303857712e-01 4.551610719863300458e-01 5.118316513457766836e-01
1.225206652142406399e-01 1.113654587987519817e-01 6.299434475177019543e-02 4.393797356814144184e-01 1.185440005180343204e-01 9.703273357647996394e-03 1.347482206847067654e-01 4.603817099692442821e-02 7.149610368889264267e-02 1.974810830051749733e-01 1.159280975947486747e-01 1.550560336842546627e-01 6.757465181992836079e-02 4.822904257983946091e-02 2.053339464362727851e-01
8.778501652788692766e-01 9.795053574544188013e-01 9.424406312631286031e-01 5.714849253602732881e-01 9.656704166874093831e-01 9.582481731318354123e-01 9.705786412351011805e-01 9.207614286514314017e-01 9.538278726544087149e-01 6.638180172733882944e-01 9.155529656154707263e-01 8.513761826413813738e-01 9.934410061469741704e-01 9.482403966710751808e-01 7.516906372261218383e-01
6.500901258476396993e-01 2.524934707757297003e-01 8.216406994557203802e-01 7.595654957303097365e-01 4.163989786263952442e-01 6.843921443277283245e-01 8.873809320500463116e-01 7.770994664232520055e-01 4.261895925211049430e-01 6.615227827250717008e-01 7.585100548725423053e-01 7.633985926732855809e-01 6.652997002835874252e-01 5.648711862942367157e-01 7.206465476251597835e-01
-6.394544226953088883e-02 7.961988457835954616e-03 1.048661406538435245e-02 6.993400998920921985e-03 -6.801635492903142233e-02 2.797882687761138118e-02 1.712978413656385604e-02 -5.093301730890503753e-02 1.459562844829610621e-02 -6.514099653107084664e-02 -9.865963020530887917e-02 -1.909647911967472453e-02 8.286274372169902258e-02 -5.225130849214665307e-02 -4.699382758003788768e-02
6.808393721256741915e-02 -2.124791639734640789e-02 4.375192188464461368e-02 1.365860586930045528e-02 2.446382919107617168e-02 6.277840361546452308e-02 2.023973592235890281e-02 3.993333445367365508e-02 2.013226781353182060e-02 1.397262714757098803e-02 2.305224800138701638e-02 9.235763287997999713e-03 5.412508180790198686e-03 7.348224056041684216e-02 3.818485523273496690e-02
1.029645785782655310e+00 1.060106265041197204e+00 1.005780890619088597e+00 1.046709968873686725e+00 9.512709209124317056e-01 9.785569749946935181e-01 1.009562857764946919e+00 9.887895248759247524e-01 1.023694278470768548e+00 8.904135942169923990e-01 9.177342535742954999e-01 1.061744413851477997e+00 1.011572833208809863e+00 9.361531874629082095e-01 9.648834014929810188e-01
4.391038346837667916e-01 5.868715024479645992e-01 2.946075464431128221e-01 1.089104315355273189e-01 5.785549224637452914e-01 3.556569597369575453e-01 1.810342499664610583e-01 2.729073714132359552e-01 5.868150882466487417e-01 4.408526010404802964e-01 2.055888791909438185e-01 1.699182796090563663e-01 2.517216074338556875e-01 4.948136878008537742e-01 3.809859297668207745e-01
1.002026031005341489e+00 9.499660916742485028e-01 1.054841011116402383e+00 1.042204062858060887e+00 9.405004801519917246e-01 9.910215201799388307e-01 9.565214366432392978e-01 9.452874881881797586e-01 1.063300802302426185e+00 1.000173969049960254e+00 9.587827150919445707e-01 1.040483115257270663e+00 1.034980100309610185e+00 9.993881324663115295e-01 9.159861968208855565e-01
6.643777052711092868e-01 4.110354009107576312e-01 8.039097860082774494e-01 7.203773437089441289e-01 4.944457154691446199e-01 7.350611773619017963e-01 8.779162016317781925e-01 7.947482821000074749e-01 3.523899585476824026e-01 8.498000882727302363e-01 7.462100766252534045e-01 8.232796690520878258e-01 8.187129491916117496e-01 5.962074740492204761e-01 7.246536135038248450e-01
3.332970620211970214e-01 7.079044905265741150e-01 2.384771115968991884e-01 2.075520796665623890e-01 5.841171272761980227e-01 2.767897884173873835e-01 1.734765197969986295e-01 1.723213588580242706e-01 5.979456453313105602e-01 3.979800368937189692e-01 1.764942390442421627e-01 2.941276940315588617e-01 2.329983521238362387e-01 3.682856078824618407e-01 3.100702664386226770e-01
9.472779731999583230e-01 9.518768621639158711e-01 9.701678391229787701e-01 1.069835501558178192e+00 1.063608294122676323e+00 1.016147551618860945e+00 1.024525595399850220e+00 9.895385730514112410e-01 1.033533873320582996e+00 9.899357366978829287e-01 1.066744467276954156e+00 9.691115567222506888e-01 1.003204852918857304e+00 1.066626143921455272e+00 9.550579543115683689e-01
5.080444560208281501e-01 3.422827527428177197e-01 7.914912958914503971e-01 7.666414232871066048e-01 3.964136631358886054e-01 6.922851214801261088e-01 8.471065654619429619e-01 8.464560738400123130e-01 4.787919467529986317e-01 6.833474235813096209e-01 7.043312825110156217e-01 7.643131480154674584e-01 6.445277987261411878e-01 6.465894504319803504e-01 6.065739013267325008e-01
1.010813831164189269e-01 8.186310587165200603e-02 1.383581506773167158e-01 4.951166394786443714e-01 7.285331348745022195e-02 1.310733514573919622e-03 1.008932747285246068e-01 2.890234662949311625e-02 1.597026623680622981e-01 2.250019890307783654e-01 1.127800585915336162e-01 7.527566424259812816e-02 9.427936573622278105e-02 2.276633886100251289e-02 2.486670566553532136e-01
1.237140792092919495e-01 9.486997819988793323e-02 1.217216442322554687e-01 4.522533231604958237e-01 6.174886269772229819e-02 1.333733692394792059e-01 1.361800709249665897e-01 -1.384492428929951988e-02 5.874733402172858249e-02 2.724020784491113512e-01 1.736312459175163025e-01 1.547306477529891422e-01 7.069024757560848915e-02 -2.077417210018928789e-02 1.324176862556094847e-01
9.215657138302602025e-01 9.024509909140320252e-01 1.000225416454451066e+00 5.801251082092796496e-01 8.063181108768610050e-01 9.724111238199929508e-01 9.346293336891448034e-01 9.649593733813908170e-01 8.068325779502335537e-01 7.943937460256557115e-01 8.860022496304541528e-01 8.720311911897066226e-01 9.345519089495667453e-01 9.300791046995801059e-01 7.207051042961478693e-01
1.971198823175338011e-01 6.827971622025003073e-03 1.113470680786634026e-01 3.477596873444519510e-01 1.645448434750575728e-01 7.693071028545209189e-02 5.798457603497178536e-02 -1.620530235474023154e-02 1.333177482902325739e-01 2.141738319780454314e-01 6.731205223993272369e-02 1.540700014213977065e-01 9.627558542796502139e-02 -3.348087607361974888e-02 3.042245421301258412e-01
4.912203907500719557e-01 6.858468838832283421e-01 2.177120122155458692e-01 6.670678863173236106e-01 6.885428185698803105e-01 3.089368854166253398e-01 1.927011997527635911e-01 2.594108910132847390e-01 6.381099939137531152e-01 6.505646438091583494e-01 3.681553694577323066e-01 3.791742659366305057e-01 2.811639849356016851e-01 4.682891522950672902e-01 5.290929917863504972e-01
9.694326644873805243e-01 9.185229804722070401e-01 1.078004187074124598e+00 9.950360834361486884e-01 1.028151917396608717e+00 1.047161438003903600e+00 9.590902718292865226e-01 9.779806040235039521e-01 1.042913309286036316e+00 9.475622206495172284e-01 1.033267317317271283e+00 9.910789708230089978e-01 9.734403849174456669e-01 9.890105626564569263e-01 1.067627541117270429e+00
2.644030287859355788e-02 -2.448110346918123958e-02 9.575945638953026195e-02 -4.840850380020362415e-02 -1.160934177558632652e-02 5.711343236536896989e-02 -8.747926749655117115e-03 5.747662087372779061e-02 -9.473820708328645201e-02 -1.219356083027868347e-02 1.307136743277272639e-01 -3.519136857815850783e-02 1.198914391494291520e-01 -3.003535743017347187e-02 1.440304769922578056e-03
