7.121959007301469358e-01 5.225577571903884389e-01 6.286260002023125182e-01 3.726621431261756823e-01 6.992599419124014837e-01 7.193404800665098575e-01 6.562127421300081309e-01 4.911609309374397325e-01 2.566480618021640403e-01 3.805821845815668958e-01 1.193274400263912571e-01 6.269710951076903349e-01 5.494445433734999051e-01 2.897585255680981686e-01 3.995181600176374581e-01 6.374097991688147946e-01 6.909884047335546065e-01 5.998756887982672481e-01 4.629602297102023978e-01 7.657623894447511681e-01
3.050532046288893517e-01 2.388201266163031133e-01 1.884194324763663608e-01 1.552746002510149714e-01 5.364569797354689085e-01 7.104624266029883894e-02 4.136623259887072246e-01 4.597092921310053093e-01 2.369820794652919838e-01 2.983275777761936753e-01 1.285705728800392023e-01 3.453394746761643819e-01 1.314001446356447000e-03 6.178491144281905711e-02 1.385459050899300326e-01 1.788682519281163397e-01 3.593063735785098634e-01 2.473765061241846586e-01 2.322199978538767584e-01 2.913679927413660997e-01
6.395340622985614676e-01 7.361134641229630793e-01 7.887316659753385029e-01 8.556607785644270159e-01 5.148809699349643498e-01 9.140864129795656101e-01 6.219979163827845658e-01 6.161595017161738408e-01 8.404681200718814305e-01 8.816568305327627808e-01 8.573578103958333640e-01 7.097571598747294264e-01 9.073046169460500243e-01 8.225644225653263586e-01 7.381548367471306715e-01 7.499241494653531293e-01 6.346047588251171323e-01 8.110332208919338592e-01 8.469500184431230094e-01 7.355148369796038477e-01
6.495423449884623057e-01 7.019683278848529717e-01 7.830210878553038878e-01 7.863494623263523886e-01 5.255916842917890408e-01 9.144216032169477648e-01 6.160666323642880471e-01 7.100407881959270862e-01 8.747637711905280611e-01 7.373776620335088516e-01 1.000000000000000000e+00 6.791479826338278070e-01 9.115871868943917766e-01 8.628272579801319342e-01 8.416608706751969038e-01 7.140927602961855136e-01 6.183544421400415381e-01 7.971289027686468964e-01 7.724365283295387963e-01 7.942652531924999648e-01
3.740273571902356098e-01 3.141251134922939392e-01 1.905837210392206937e-01 7.438305394074354315e-02 5.155617515589845379e-01 1.349103495480354631e-01 3.405976191121861119e-01 4.271866251628531619e-01 7.889723975146696600e-02 1.307944584498589025e-01 1.556816907506747283e-01 3.942733669870903679e-01 3.755888929755765021e-02 1.539708101345345359e-01 2.031649379742088424e-01 1.673246446517059338e-01 3.977941966570137100e-01 2.468559455463932573e-02 2.488580812680815102e-01 2.260018404484465115e-01
0.000000000000000000e+00 3.377007576028732971e-02 6.567902682353479737e-03 3.075382739649412667e-02 1.460274364278783647e-02 3.427351628931036426e-02 1.680069870974086610e-02 0.000000000000000000e+00 2.793221430099387947e-02 3.472121657953583518e-02 0.000000000000000000e+00 0.000000000000000000e+00 6.722920383953996659e-02 0.000000000000000000e+00 9.553555952443081034e-03 8.994430410232945317e-02 1.675251028793457372e-02 0.000000000000000000e+00 1.813783404399495203e-02 9.027553867315407654e-04
3.890505733481294248e-01 4.415304861940226311e-01 3.746549335445137907e-01 5.671991335889160490e-01 2.783504473262056189e-01 3.813473124736169728e-01 3.569716547394298223e-01 5.091044502734767274e-01 6.085657003774374019e-01 6.776159673543582507e-01 6.857432152755330579e-01 4.884958675347748080e-01 3.569838573474836130e-01 6.889312137716082640e-01 4.999709207422701196e-01 4.503847319813137906e-01 2.948420404422179009e-01 5.041901875310573766e-01 4.752754334292503269e-01 2.354727134377924136e-01
6.553924975781263429e-01 6.825216124226419767e-01 7.356635290596681420e-01 9.103116824358283843e-01 5.215147961959788470e-01 8.493697610050295888e-01 5.136647664022471194e-01 6.118324348479452501e-01 8.636957647289285056e-01 7.671926966422867311e-01 8.340177659577451275e-01 6.297004902277045790e-01 9.553288318418698966e-01 9.075646192104078747e-01 6.960909570340422237e-01 7.436476677519475720e-01 6.020329322373498826e-01 9.351376889953202376e-01 7.577211514972284068e-01 6.861546970728393813e-01
3.759608260585056705e-01 4.633431404493756345e-01 4.202166236700359270e-01 3.492735194043697922e-01 3.247737944333405902e-01 5.441448056385304044e-01 3.269707502049158943e-01 1.524936836237373305e-01 1.947960912810504375e-01 8.686389268400440677e-02 3.407835080815738715e-01 3.225638847655867836e-01 4.352837413671960531e-01 2.301027584914469293e-01 4.020623230365414358e-01 3.231894150563715540e-01 5.438750695631253684e-01 4.527192803588363512e-01 3.407402105225349476e-01 6.452267725007825305e-01
6.636845532069384213e-01 7.193376136972391421e-01 8.470492331344058323e-01 9.449612225339306670e-01 4.318897111772422859e-01 7.666320524114653701e-01 6.539692657221061189e-01 6.418852468063637184e-01 9.667959057773076736e-01 7.915625504741435892e-01 9.201211511896266737e-01 6.096512814496570787e-01 1.000000000000000000e+00 8.504115221240038380e-01 9.060545989071968620e-01 7.578681209686601861e-01 6.926568326784807716e-01 8.885783198917359682e-01 7.529893945828253221e-01 6.970077296387668930e-01
6.594966802430074493e-01 7.692164648654410408e-01 7.725317828619935323e-01 9.135027397490773637e-01 4.041116922698495539e-01 9.137019939298913762e-01 6.081848324147596241e-01 5.956467557045433958e-01 8.456756423506367470e-01 8.391495436304416966e-01 8.512774874441297879e-01 6.908036363131730972e-01 9.400236936284629419e-01 8.104476656232916243e-01 6.954089305969326507e-01 8.250799886753416024e-01 6.768198031647527646e-01 9.008029769207749338e-01 6.867821794727426710e-01 7.510370303122928526e-01
7.466513045254069558e-02 1.864165969608977680e-01 1.818308899914226062e-01 3.233520985360021499e-02 1.226278985398124854e-01 0.000000000000000000e+00 1.022996823614539114e-01 1.165864638873539139e-01 0.000000000000000000e+00 5.685323719958008948e-02 0.000000000000000000e+00 1.834960726187974053e-02 3.233938573761555024e-02 4.422410315851066365e-02 0.000000000000000000e+00 1.026138761249496267e-01 1.892725603974586557e-01 0.000000000000000000e+00 8.103595901692285663e-02 2.646907499606719616e-02
3.071950155017711404e-01 4.674889369947669016e-01 3.876853395795526458e-01 7.306010312729344092e-01 2.327141434368378281e-01 3.216965397365788570e-01 4.040515428084144878e-01 4.983664220274547363e-01 5.686052238124124081e-01 6.525452774732911632e-01 6.772135761700088796e-01 4.604296843490662816e-01 5.833527570321861422e-01 5.828970941119131499e-01 5.355282213985418371e-01 3.295919040365078434e-01 2.587548914437131642e-01 3.849743994240623635e-01 4.033852804367327183e-01 1.956567606328400988e-01
5.975318755904842627e-01 6.944330758907186762e-01 7.637307580459182788e-01 9.178730674629893560e-01 5.137333433652779835e-01 8.237383343621713649e-01 6.279519405594187198e-01 5.413435153408936440e-01 8.687036548585852502e-01 8.237865138190951786e-01 8.801705532567932755e-01 7.978333916373534507e-01 8.897263361042122565e-01 8.690914532051221553e-01 7.987899979555923569e-01 8.162034388087562320e-01 6.478489266500186972e-01 8.356406563284423106e-01 6.963088602172503583e-01 7.016944373228796161e-01
9.257864198514045295e-01 9.265693121131026722e-01 8.957261224905441743e-01 9.362509600807729093e-01 8.684526368985088229e-01 9.422175332191399244e-01 9.833421988463278973e-01 9.482527811996054323e-01 9.549361962597283648e-01 1.000000000000000000e+00 9.678143846607093481e-01 9.690846583052925567e-01 1.000000000000000000e+00 8.394086928854549434e-01 8.973468430268158880e-01 9.401689504339213466e-01 8.979218558724986199e-01 1.000000000000000000e+00 7.885706382672420522e-01 9.405610166488034274e-01
2.883422858111751030e-01 4.915510346300135391e-01 2.610158397257774654e-01 6.957454177120063754e-01 2.496182887711411724e-01 4.284767123498960384e-01 3.531599048854142109e-01 5.881172833951293644e-01 6.053335121762632998e-01 5.735487853447767126e-01 7.020417220681636206e-01 4.304040943675473407e-01 3.860310168331327341e-01 6.859395945605142320e-01 5.192601410540538254e-01 3.629957647920568631e-01 2.005281092675321730e-01 3.946364431681526064e-01 5.834331291482564019e-01 1.395063462288071987e-01
3.104496082487700481e-01 4.030910324692006941e-01 3.177498214999905923e-01 6.088420476047777807e-01 2.856209324690157092e-01 4.183962330701041510e-01 3.897285604688974225e-01 5.366659729069043205e-01 6.343535017739351245e-01 5.209144750150803693e-01 6.407819956152203122e-01 5.210351765954537306e-01 4.381523310291026707e-01 6.405478447246382157e-01 4.930153228833711321e-01 4.041501241221926444e-01 1.817767657540494408e-01 4.614297225847307504e-01 5.754268281385765960e-01 2.128625547662094109e-01
3.416049040704981499e-01 3.101160036655216667e-01 3.052852451616486773e-01 2.009730572304571361e-01 4.843700989556333214e-01 1.127985414333358416e-01 4.261226321293039576e-01 2.664450609076665089e-01 8.699185757905020244e-02 2.751282786757087706e-01 1.031725130528484552e-01 4.511493462561873002e-01 9.186171343113944121e-02 1.861854187558063534e-01 2.848599424830960958e-02 2.764769511931883805e-01 4.643814833494214200e-01 1.409462417295390402e-01 2.729947144308572105e-01 2.522520613367633668e-01
7.078196073781571895e-01 5.168924602458520035e-01 6.308947646385456576e-01 3.943957426283013490e-01 7.765863202419962530e-01 6.603561225512786237e-01 7.026487145565026848e-01 4.758203713368556742e-01 2.576704371726330489e-01 4.999954127634538281e-01 3.205529794121466103e-01 5.337160251543061618e-01 6.459571966886679117e-01 3.987875108639897248e-01 4.368463620237624800e-01 6.479628783083044574e-01 7.902852539756417549e-01 5.311404729363332633e-01 4.920272502572561879e-01 7.268250636983207835e-01
5.833348091366752364e-01 6.999622713265989393e-01 6.638606251274332681e-01 6.928841543952608539e-01 7.278635207014044761e-01 5.340707917069269506e-01 7.809419503866850132e-01 7.759939518504437306e-01 8.176843105025086711e-01 7.691918111105529032e-01 8.202468453541750248e-01 7.856415766611114515e-01 4.587183643239706732e-01 7.560392460471523357e-01 6.505827986282828324e-01 6.079265829553638367e-01 6.131670225688260478e-01 6.306711085299442354e-01 7.268750009684388225e-01 3.771000204765512787e-01
0.000000000000000000e+00 2.409244816068091197e-02 5.327152056194052465e-02 0.000000000000000000e+00 2.334210900600792657e-02 0.000000000000000000e+00 3.213594503997482810e-02 6.174789955516136672e-04 0.000000000000000000e+00 9.331197585606733347e-02 3.366569559185910582e-02 1.116332763349570795e-01 3.277822632219194732e-02 0.000000000000000000e+00 1.880805488954690602e-02 3.527744236688953872e-02 0.000000000000000000e+00 1.673860654335231415e-02 4.352714198441660215e-02 0.000000000000000000e+00
6.660262658981133121e-01 6.659979015572584649e-01 6.573478635081342336e-01 8.591087336031449917e-01 5.816936028539776427e-01 8.108006715493325522e-01 6.580253455714119015e-01 6.993191239588758545e-01 8.882955791952873437e-01 7.852762948438143376e-01 9.296249074213511765e-01 6.390197445081465810e-01 9.068048616750621349e-01 7.875131585523132971e-01 8.657342203218453269e-01 7.280734917815103735e-01 6.465639134957816836e-01 8.148106668854281365e-01 7.157578717610011410e-01 7.380710267348862264e-01
1.014667189721518530e-02 2.606865128078501848e-02 0.000000000000000000e+00 5.836502376886483490e-02 5.975823087654193178e-02 0.000000000000000000e+00 0.000000000000000000e+00 5.159071273846634054e-02 5.661139514221632391e-02 2.921457824059818520e-02 4.057333129391269000e-02 0.000000000000000000e+00 0.000000000000000000e+00 1.246450268480613910e-01 5.211198208006708604e-02 7.843423657018123996e-02 1.298850101953310521e-01 5.166490804938430464e-02 1.111423521907023149e-01 6.379711404906909800e-02
9.573248093873973907e-01 9.874127963442304035e-01 9.576194335843133398e-01 1.000000000000000000e+00 9.072193691362556711e-01 9.163632721573311546e-01 9.784007147662313608e-01 9.901510606493509892e-01 9.730431957232509310e-01 1.000000000000000000e+00 9.745687980815956886e-01 1.000000000000000000e+00 9.307817058026743862e-01 9.638719741892652904e-01 9.496083504224054339e-01 9.947211837756340103e-01 9.696538250721266072e-01 1.000000000000000000e+00 9.069274281265871096e-01 9.754201542447726858e-01
0.000000000000000000e+00 0.000000000000000000e+00 4.988383162492728007e-02 3.717896749842341392e-02 4.443354730106327533e-02 0.000000000000000000e+00 0.000000000000000000e+00 1.755295550261289778e-02 1.725132996796570339e-02 0.000000000000000000e+00 2.168368084040059318e-02 0.000000000000000000e+00 1.595549839095114150e-02 0.000000000000000000e+00 0.000000000000000000e+00 7.150984845428157155e-03 7.704223335392258731e-02 1.609264460049836948e-02 0.000000000000000000e+00 0.000000000000000000e+00
6.719202796511515308e-01 7.307215733376333233e-01 6.916216796466447825e-01 9.695119462432908453e-01 5.214063343006039020e-01 8.754705133264373274e-01 5.883825610534547668e-01 6.793546183660472693e-01 8.436298876197942942e-01 7.500278307371989195e-01 8.740546142073402081e-01 6.603385276337304655e-01 8.719111894058423351e-01 7.713662595856836113e-01 8.351259802716116676e-01 6.701898920826045991e-01 5.308072784404648248e-01 8.181401550680654777e-01 8.054956115930255178e-01 7.521477939435202709e-01
3.344943762957951483e-01 2.652233829406248633e-01 4.812625317348921405e-01 3.781137224255783358e-01 2.633735859724972150e-01 4.942801563702979295e-01 2.334464946511372596e-01 1.570309586207396246e-01 2.792595775867978136e-01 2.365285615348887704e-01 2.923821608223809432e-01 1.986684045323051095e-01 3.781012863739633412e-01 1.371074323526862426e-01 3.389015299925231539e-01 3.448141227390352226e-01 5.709637195693677558e-01 4.737695312630927358e-01 3.069313906762675126e-01 6.221344209321948426e-01
3.688417033154244851e-01 3.774976422492259398e-01 4.058322477563019448e-01 2.496200190033890931e-01 4.180797714260268139e-01 5.830626341663230905e-01 3.268608102902603729e-01 2.546193244311011905e-01 1.884083929281760994e-01 2.118487925803652361e-01 2.025929915844442430e-01 2.106571540742599447e-01 4.422884406508273969e-01 1.929001319151867344e-01 3.769651145570025452e-01 4.237815706694009199e-01 5.228367678792203987e-01 4.405185938511946842e-01 3.485350009778185321e-01 6.467117782269583559e-01
3.250322803180339948e-01 7.312011781625735729e-01 4.002068264465662994e-01 5.734057064670214920e-01 2.460476329063528422e-01 2.779380077166646590e-01 4.495777147432373777e-01 5.649799310953472764e-01 7.075269375013242268e-01 5.977231122853906564e-01 6.665606802274802734e-01 4.376533939769971515e-01 4.607439709954004314e-01 8.318676732673928598e-01 4.930722180130378551e-01 4.026822674509870637e-01 3.744767711263606302e-01 3.890657389497741980e-01 5.095880970345167960e-01 2.937040399789213607e-01
6.821580375555297282e-01 5.907484343483844214e-01 6.922135180134729726e-01 3.929400384835068372e-01 7.773846480338395537e-01 5.504202822558078578e-01 6.090284919974180422e-01 4.650222630761637888e-01 2.310554736164144862e-01 4.336100358228194840e-01 3.160761113240810882e-01 5.377561920251436867e-01 5.746951958777453129e-01 3.711411132069416530e-01 5.246063623745336191e-01 5.836264548988298051e-01 7.367894914770090065e-01 5.260418629326640838e-01 5.356860047518113843e-01 8.306264866180586015e-01
6.646530429753076952e-01 3.796777751086078956e-01 5.543927575561733434e-01 3.615370170975506503e-01 6.336509762856726846e-01 6.159396490893758180e-01 4.776500613516593274e-01 3.762718846118970895e-01 2.586423243133718075e-01 4.063366026972974332e-01 2.463438296382990111e-01 5.707734341863511807e-01 5.282258357586219200e-01 3.190997648016333788e-01 4.960422424284384180e-01 5.572441210535321598e-01 6.197612662611922119e-01 4.852006644294336035e-01 4.306155906172197678e-01 7.553799699696910341e-01
9.936659554296992658e-01 9.621142495298342645e-01 1.000000000000000000e+00 9.686112664496252522e-01 9.463221904299692344e-01 1.000000000000000000e+00 9.779401823268921712e-01 1.000000000000000000e+00 1.000000000000000000e+00 1.000000000000000000e+00 1.000000000000000000e+00 9.082279811882325582e-01 1.000000000000000000e+00 1.000000000000000000e+00 1.000000000000000000e+00 9.350938620245203836e-01 1.000000000000000000e+00 1.000000000000000000e+00 9.964180130116704337e-01 1.000000000000000000e+00
6.788139317483345980e-01 8.464038666732237592e-01 7.741455523618596679e-01 8.888939535955618920e-01 5.692406830169352006e-01 8.515164147758881308e-01 6.485865309314569060e-01 7.144135006298003576e-01 9.050540935167126211e-01 8.720067673747519121e-01 8.809989320136644153e-01 6.045096422058977570e-01 9.196942468139073235e-01 8.838651667625131436e-01 8.730185425984561265e-01 7.369455283756242148e-01 7.499304943127643730e-01 8.545353757098125280e-01 7.545487071625394115e-01 8.146040738237257939e-01
3.745589074718965739e-01 1.518709887350074283e-01 2.083725154003237268e-01 0.000000000000000000e+00 3.684536185276086062e-01 7.806690797478459121e-02 3.423278900975244010e-01 3.037687323757254920e-01 4.212129955703865225e-02 1.731901873790427648e-01 8.095121547298587961e-02 2.942313529508168157e-01 1.164803580965154128e-01 1.448236214250986920e-01 1.688408316078883198e-01 2.860133874812077481e-01 3.282295403332201600e-01 1.140067297194196083e-01 1.157091709968646465e-01 1.976234110991164639e-01
8.390703180688201604e-03 1.644453516678544280e-01 1.215581818060209873e-01 0.000000000000000000e+00 9.998427787176229764e-02 0.000000000000000000e+00 1.372045447124908557e-01 8.618188655415720545e-02 0.000000000000000000e+00 4.583966515799046265e-02 4.341165262006359271e-02 0.000000000000000000e+00 0.000000000000000000e+00 2.633687624030847316e-02 7.975951609291521971e-02 0.000000000000000000e+00 1.192844498401706421e-01 0.000000000000000000e+00 1.513657071141493171e-01 1.097154372100383884e-01
2.606198307281333837e-01 5.559667993081185422e-01 3.432473483210599641e-01 7.487613235921934951e-01 2.939648333589053308e-01 4.353204984706572356e-01 4.235155508469510277e-01 5.340766459007638689e-01 6.925892812633791529e-01 6.326331800165170272e-01 6.946981358796164852e-01 4.671062526773759327e-01 3.371041571459379993e-01 7.146261791001194963e-01 4.408171958546844849e-01 3.160226776847485652e-01 2.076647512543804974e-01 4.660081761413881196e-01 4.713010241314564142e-01 1.307696348341949033e-01
7.333023967708356405e-01 4.010731578551464116e-01 5.758197882878701712e-01 2.751685856853539613e-01 6.889243545811556402e-01 6.615777821851569485e-01 4.967704474517015134e-01 4.404629216183723606e-01 3.743927024079504728e-01 4.212296242793060475e-01 2.093723624871854372e-01 5.687927947957200914e-01 5.059613591589011694e-01 3.007058601676910747e-01 4.483896672575185538e-01 5.266146404543738946e-01 6.287805227776013250e-01 5.621239678159427600e-01 4.536292505202571546e-01 6.422374978604881157e-01
5.803971220334870340e-01 7.227342403493141054e-01 5.872748910013638746e-01 6.954039217818936969e-01 7.731730769284942406e-01 5.817057240037419863e-01 6.850349328796723203e-01 9.179907692447856205e-01 7.562887994748171971e-01 7.965696892927220940e-01 8.822840951952564126e-01 7.827172096492310827e-01 5.084511873431205586e-01 7.449044642084642343e-01 7.634414499558510592e-01 6.654320572394195610e-01 6.559562319490606086e-01 6.124768761236606407e-01 8.144848062226089924e-01 4.565820837187768988e-01
3.998557570449282061e-01 1.193007184875139737e-01 2.341449278333691542e-01 6.938722146656418899e-02 4.858524232237947937e-01 7.590754692970205775e-02 3.405544489773227324e-01 3.002940356829005286e-01 2.381118346227914517e-02 2.407515286711459090e-04 0.000000000000000000e+00 3.927598020106538024e-01 0.000000000000000000e+00 1.951464695295022644e-01 1.628704569035499539e-01 2.162543675485869010e-01 2.064757369528912312e-01 8.024676486488804827e-02 1.054589068517912676e-01 3.194775260104216752e-01
3.581184299012825090e-01 8.698288845014190418e-02 2.093057183075855698e-01 2.472357624569788276e-02 3.755635292023333238e-01 1.155694271363590930e-01 2.790118318081755144e-01 3.961280806644356112e-01 1.423506045474794979e-01 1.308350801970656341e-01 4.342487076919476774e-02 3.467620034396756701e-01 1.415212209105627394e-01 1.185561052020172867e-01 2.447748708549121188e-01 2.063659652106669684e-01 2.081468037557833994e-01 5.726808249247423988e-02 1.645718539584407614e-01 1.833737149701197278e-01
5.742830376568051065e-01 6.800225761570235505e-01 8.278275643490137226e-01 9.155158842960856580e-01 5.035243989932198794e-01 8.853034156117564057e-01 5.446197006064918966e-01 6.296851805334527930e-01 8.978754499839606273e-01 8.635409160871293510e-01 9.062788742686024301e-01 6.349356611090218871e-01 8.888055234151155393e-01 8.694722537721466527e-01 8.440500493744846899e-01 7.656679127918195604e-01 6.442816961248387653e-01 7.795008156439419134e-01 7.174842927967993722e-01 7.604259744213692773e-01
2.185998967332194454e-01 2.092473878000324083e-01 1.909415897298027687e-01 2.429847358669838184e-02 4.226783070552049826e-01 4.250737124815075207e-02 2.119975419828873664e-01 3.388792644820015632e-01 7.673683593799046632e-02 7.577021621888577196e-02 4.893245032046804333e-02 3.770740258733071282e-01 2.202208027716975880e-02 1.486785556314170198e-01 1.839916230299268873e-01 3.685642196282887806e-01 2.565613864939386146e-01 1.443875489536217138e-01 2.972996469826040267e-01 2.778816487670281443e-01
6.083533878080977786e-01 8.997279947005578649e-01 7.609524601322983361e-01 9.028077898407218527e-01 5.941563712258814967e-01 8.345075070040784970e-01 6.540352313200415990e-01 7.176996565225391977e-01 9.670750344789703634e-01 8.873292964308192587e-01 8.669923408602066006e-01 7.366548306488784892e-01 1.000000000000000000e+00 9.160929823308712194e-01 8.683712917924227837e-01 7.204546165481082731e-01 7.077658698708374496e-01 8.608520552753952115e-01 8.149226521838981441e-01 7.518262636227744933e-01
3.585311202941746100e-01 1.942641942906165320e-01 3.356280052575634221e-01 3.820916274742145458e-01 2.090716699301189974e-01 5.146866332274965261e-01 1.255167984928974856e-01 7.189219544029076814e-02 1.468050293897460445e-01 2.072629763707515005e-01 1.608262357562314504e-01 2.137924230974078965e-01 4.541132697502424653e-01 1.008319268314480377e-01 3.893364702587007731e-01 3.486886736395249931e-01 3.363371140855352937e-01 4.368883116373014630e-01 2.965640818705492787e-01 5.613345423416367108e-01
7.310680486832953351e-01 4.088438105127989441e-01 5.838257576854718467e-01 3.843095287528004445e-01 6.421761545012595329e-01 7.233118059706029612e-01 5.491567948535300836e-01 4.286804849813117824e-01 2.643099453254850184e-01 3.357152395029286973e-01 3.080288561798669167e-01 5.870725287819549276e-01 5.773089278127688795e-01 2.262669365089071127e-01 5.144609313772769976e-01 5.362752773324548361e-01 5.929172758645062657e-01 4.585090896934951310e-01 4.323962398346072877e-01 7.783304440018028458e-01
3.029795740418568806e-01 3.808913155087007563e-01 4.067947237338985222e-01 6.163020574911133309e-01 1.989805810666970820e-01 3.922671258416031148e-01 4.309540828877217455e-01 5.202954618913613327e-01 7.188910895425517644e-01 5.978204867488494667e-01 6.811364859726100063e-01 4.521654311700306628e-01 3.837780831092592049e-01 5.936067809307213894e-01 4.821856600029265083e-01 4.236786864223731630e-01 2.606132388080064644e-01 4.660791425432866397e-01 3.692490236616730037e-01 2.092555411824871259e-01
5.924850351108497115e-01 4.710815126797155972e-01 7.342889476410273675e-01 2.992648113755462247e-01 6.603952250298750215e-01 5.720932777606531072e-01 7.597427755593039178e-01 4.832589477474938944e-01 3.232480094759094258e-01 4.329475976299509421e-01 2.673494283260508531e-01 5.185989143091218612e-01 5.875705873162260229e-01 3.051940630303649482e-01 4.679764089554190876e-01 6.066678298350631771e-01 7.351375244454503299e-01 5.267660655053389984e-01 5.431921159566865942e-01 8.740109381479632678e-01
6.463469401040550233e-01 8.398682566914702496e-01 5.137330842362044514e-01 7.126936546861337707e-01 7.608042400397677651e-01 5.680447160756333380e-01 6.960015696542468655e-01 8.616029706709332769e-01 8.257443855899498919e-01 7.555987872867233612e-01 8.450823196370269574e-01 8.468597230719860924e-01 5.000949038671234081e-01 8.657548433800623666e-01 7.677160634531847716e-01 7.492325502777666957e-01 6.111323546120864814e-01 6.689029844048934859e-01 7.497462260920519928e-01 5.378154046553839107e-01
1.000000000000000000e+00 1.000000000000000000e+00 9.144761175818727494e-01 1.000000000000000000e+00 1.000000000000000000e+00 1.000000000000000000e+00 1.000000000000000000e+00 9.504033515440634128e-01 1.000000000000000000e+00 1.000000000000000000e+00 9.152852522919092682e-01 1.000000000000000000e+00 9.567187661794601672e-01 9.846420705624865377e-01 9.454657357728711853e-01 9.357584103959410982e-01 9.425287227325724881e-01 9.746422426518839277e-01 9.701784209827132299e-01 1.000000000000000000e+00
6.458264812416363299e-01 6.418986592797528701e-01 6.979504547375923185e-01 7.645145274988195405e-01 7.189322889135693062e-01 5.682693927866646622e-01 6.653610966703815688e-01 8.476506996856038034e-01 7.230749736054473686e-01 6.300460906557767693e-01 7.083431058944261727e-01 6.803456577736096689e-01 4.947655838073549694e-01 7.120513434782822504e-01 6.799351551772108149e-01 6.233549709540124883e-01 5.151019925816242573e-01 5.631452172780172516e-01 7.767107455493303947e-01 4.287543119962366478e-01
9.735427578511426372e-01 8.634879977119500616e-01 1.000000000000000000e+00 9.549641466000987622e-01 8.812459825759014764e-01 1.000000000000000000e+00 9.295262326695051813e-01 9.435805891637341070e-01 1.000000000000000000e+00 9.552638838604980975e-01 9.933124220747996391e-01 9.906488872471698182e-01 9.570266685485213642e-01 9.615173332380011484e-01 9.647183265021849197e-01 9.377179125858643438e-01 9.512841345135560900e-01 1.000000000000000000e+00 8.880092905127725533e-01 8.755389866440337343e-01
7.016768976604456087e-01 6.727856732763204395e-01 6.517378827929406482e-01 6.618619186672466403e-01 7.970346467261674173e-01 5.273130894819433312e-01 7.882189607618971250e-01 8.498089459604332152e-01 8.414203761615047794e-01 7.931804271080190594e-01 8.558027721368127727e-01 7.871907060458964711e-01 3.785314782533304445e-01 8.602479131243265797e-01 6.950195894930653040e-01 6.787328501814680060e-01 6.745275017777579984e-01 6.259461039223079837e-01 6.821915901405909421e-01 4.435375810570735267e-01
3.317925132941269561e-01 1.805078946095908798e-01 3.591821679759832908e-01 2.324359074478199727e-01 8.632504867643256419e-02 5.292727164198658407e-01 1.782718806835427716e-01 1.391516876668969505e-01 2.008400483462725039e-01 2.073960406879652163e-01 2.723734700618677396e-01 2.955558272966848365e-01 4.880529752538012023e-01 1.435011567065131166e-01 3.295698229624395292e-01 3.972700189223399847e-01 4.239068328635213767e-01 3.962282594244055378e-01 2.369707773113053362e-01 5.608592283941618017e-01
1.000000000000000000e+00 1.000000000000000000e+00 9.782816605900184204e-01 9.963909528784603564e-01 1.000000000000000000e+00 1.000000000000000000e+00 9.863176460123402878e-01 9.084773441212589118e-01 9.279518999184936945e-01 9.487635782335283041e-01 1.000000000000000000e+00 1.000000000000000000e+00 9.520143424864498938e-01 9.622114679803848158e-01 9.302320734825664239e-01 9.430684900239681978e-01 9.357429125928046210e-01 9.848859478114094790e-01 1.000000000000000000e+00 1.000000000000000000e+00
1.000000000000000000e+00 9.861021762388210155e-01 1.000000000000000000e+00 9.447034954864408363e-01 9.283390704239677937e-01 9.509145179048266172e-01 1.000000000000000000e+00 9.946393241979281097e-01 9.462902721955080976e-01 1.000000000000000000e+00 9.876448117840569418e-01 1.000000000000000000e+00 1.000000000000000000e+00 1.000000000000000000e+00 9.782442432032876223e-01 1.000000000000000000e+00 9.638218753647542769e-01 8.720068690572105874e-01 9.671049155821573873e-01 9.736590181715606418e-01
6.679424462822789454e-01 6.796561294808822762e-01 5.484294310506623304e-01 6.902752157821133716e-01 6.417326227978835673e-01 5.008937610494427206e-01 6.999807453067425911e-01 8.400781878301726291e-01 7.760302601714741400e-01 7.691852188048464711e-01 8.145994537504812616e-01 7.072319347684681290e-01 5.027713568547488299e-01 7.510854209799012748e-01 6.227836158283271972e-01 6.859663996379508077e-01 5.130149983890693877e-01 6.034372719921282657e-01 6.399930333049762554e-01 3.279707822579247534e-01
3.262494507521581100e-01 9.427754997839721263e-02 2.379511444835613887e-01 7.742121608327219573e-03 4.380220551760763970e-01 1.191523870743524394e-01 2.851381576020481923e-01 2.678243483683451220e-01 8.013999910207625366e-02 1.527773038201024614e-01 5.367238247754281544e-02 3.743425702469347360e-01 8.041414251980116834e-02 9.531578495054152111e-02 1.901121395910227441e-01 2.382572179032638460e-01 3.161698762327039836e-01 1.456344749863758836e-01 8.685293647767121372e-02 1.590806273664370496e-01
5.954803695199809566e-01 4.984506348346370297e-01 6.358722005220167617e-01 3.249259926466300241e-01 6.743234063170702175e-01 6.955855064789481235e-01 6.138006727566641674e-01 4.655935188345151077e-01 2.350790529034906262e-01 3.808356128529712392e-01 4.029383863353490636e-01 5.577791758928015708e-01 4.969801249276785127e-01 2.940689773903618631e-01 5.364479384100996340e-01 5.834813663663119820e-01 7.473162587947392854e-01 5.642497109385296028e-01 4.848067009409032235e-01 7.764876219461834816e-01
6.354816679949898406e-01 6.120400830366848899e-01 5.892301540614522937e-01 7.133045708157719211e-01 5.792964182100923676e-01 4.339038684650491362e-01 7.159804591701309784e-01 8.443706885470335655e-01 7.910279773089464728e-01 7.890348478782983621e-01 7.523513003883460781e-01 7.283444473152154153e-01 6.476132864419711366e-01 7.703394599917611218e-01 6.848613079917429403e-01 6.293283978751688101e-01 5.694482336396722300e-01 6.213192396910937054e-01 6.935794197452939125e-01 3.481043407124179145e-01
0.000000000000000000e+00 0.000000000000000000e+00 0.000000000000000000e+00 5.157291128971633332e-02 0.000000000000000000e+00 0.000000000000000000e+00 0.000000000000000000e+00 0.000000000000000000e+00 0.000000000000000000e+00 0.000000000000000000e+00 1.108714255063547871e-01 6.880919876722173256e-02 0.000000000000000000e+00 0.000000000000000000e+00 0.000000000000000000e+00 2.221206424187681730e-02 2.900199038947622390e-02 3.807430785028079190e-02 0.000000000000000000e+00 3.472943688018968050e-02
9.768881049836336539e-01 8.544063379590243201e-01 1.000000000000000000e+00 9.599042657973269055e-01 9.692491608289328653e-01 1.000000000000000000e+00 9.308870787680290082e-01 8.783053025927352042e-01 9.621595549782152590e-01 8.669110289380603795e-01 1.000000000000000000e+00 9.186571965758941749e-01 9.823006744164926030e-01 9.111554313494714119e-01 9.961486224508295795e-01 9.632390720409894636e-01 8.267178263302054075e-01 1.000000000000000000e+00 9.001431392990234537e-01 9.122322766773457436e-01
5.797228061070573979e-01 6.571331905876300894e-01 5.036496825078842221e-01 6.902189654635900729e-01 6.747519798152773474e-01 4.729189835177618484e-01 7.099305991454984976e-01 7.956921195403786617e-01 7.473394711494104614e-01 7.781071903786982435e-01 7.023204242563587663e-01 8.006189602509263814e-01 4.721983352864541628e-01 9.202264351905962148e-01 6.828402553448993384e-01 6.453942439878609383e-01 4.935653701495373857e-01 5.749350500739259795e-01 6.846404881873475734e-01 3.470378657043504123e-01
8.852971384162003354e-02 1.072716182201359850e-02 0.000000000000000000e+00 5.805921426613452896e-02 0.000000000000000000e+00 1.228148686395497471e-02 1.132415693928422000e-02 1.374921143571235793e-01 5.280732808240987813e-02 7.313969426726273093e-02 0.000000000000000000e+00 9.850258135280892668e-02 8.378291410720495325e-02 0.000000000000000000e+00 3.754379474886259619e-03 2.804890149302313729e-02 6.566414844758348968e-02 0.000000000000000000e+00 0.000000000000000000e+00 0.000000000000000000e+00
1.000000000000000000e+00 9.700781239273492673e-01 1.000000000000000000e+00 9.800811823939810097e-01 1.000000000000000000e+00 9.996723567821326206e-01 9.660464968084349069e-01 1.000000000000000000e+00 9.734368985543130348e-01 9.750022731342564697e-01 9.569255616516231244e-01 9.956911163330237624e-01 9.779763896776987320e-01 1.000000000000000000e+00 9.776044547841235000e-01 9.922320163981724894e-01 9.900448650267769102e-01 8.990917748430533596e-01 1.000000000000000000e+00 1.000000000000000000e+00
6.613128519412291295e-01 4.447556346576308495e-01 5.833982039071660131e-01 3.526024558114600471e-01 7.060643037774385622e-01 7.716911663428661639e-01 6.325056572698057877e-01 4.852693564480221600e-01 2.762578226033756135e-01 3.645416711579440583e-01 2.911860222524591535e-01 5.681158061218317679e-01 4.836109957628580425e-01 3.140376088794583631e-01 5.034172013741878837e-01 6.283711931430447928e-01 6.728668875583035947e-01 4.668811287156893752e-01 4.253761645284799831e-01 7.254393740597044893e-01
2.920973591157446370e-01 5.093830223216962994e-01 3.673896965845712126e-01 7.151878438980449060e-01 2.380070737874238063e-01 2.710720693954982163e-01 3.613688184594471275e-01 5.865657949908733571e-01 7.213396300524835825e-01 6.594390884268006570e-01 6.615351388450413372e-01 3.943896181239556209e-01 3.493863252584729073e-01 7.263202582533402341e-01 4.228518429510862431e-01 3.619953114389693472e-01 2.481949065088086825e-01 4.578670265586480825e-01 5.001125311330383294e-01 2.152121588337967406e-01
6.472632418026724732e-01 8.857144520803711396e-01 8.757829210815192278e-01 9.687051321265280901e-01 5.458201666058716262e-01 9.097176495233527671e-01 7.071893264134189172e-01 7.919914545057205046e-01 9.580760778773140807e-01 8.807796643900123179e-01 1.000000000000000000e+00 6.683647843076566675e-01 8.612129575574473117e-01 8.726961713227755491e-01 7.746872149861724344e-01 7.833770037737848302e-01 6.901108942082210262e-01 8.621590521237374460e-01 8.370976318387544080e-01 8.405941072943005077e-01
6.526999715454041562e-01 7.547724346511576199e-01 7.117285869504916818e-01 6.722113330271562992e-01 8.368304752123510992e-01 4.990689714990337866e-01 8.451716885449962469e-01 9.280504785988951122e-01 8.790199704624392929e-01 7.625389338129878736e-01 7.824148340959342640e-01 7.968895438007540521e-01 4.789855039144089721e-01 8.731846641309353174e-01 7.712986652491273798e-01 6.469499167978953746e-01 5.620234754045189129e-01 6.336313989266694202e-01 7.599255150874373310e-01 4.400969124906391472e-01
3.046156905715772245e-01 3.142673255407661959e-01 2.689871258167786938e-01 5.570791228172312926e-02 5.032647821493434481e-01 3.614982559605618706e-02 4.262947210950414623e-01 3.828385565630106346e-01 1.396615842634816862e-01 2.236839396033650784e-01 8.687588235185189633e-02 2.712298099730269807e-01 1.427443616827762107e-01 1.912727297299894602e-01 2.030801424751853268e-01 2.738378754105638690e-01 3.576228446454458032e-01 7.213879285592196544e-02 2.974686022123255724e-01 2.427578551588402689e-01
6.345041782139888564e-01 6.766902467298112622e-01 7.782324836188742045e-01 9.165602578013566371e-01 5.016029344577520588e-01 8.901500032335936119e-01 6.055148214894076064e-01 6.484477487783943950e-01 9.295261838473733995e-01 7.921491313886191987e-01 8.785454752050677607e-01 6.221640373970828142e-01 8.956065177425467372e-01 7.504621616104867332e-01 7.756894164361167743e-01 7.585066297561087190e-01 6.806998755072273255e-01 9.450699244525596621e-01 8.043597154856731990e-01 6.998059275369998833e-01
3.020594461894724470e-01 5.393793466924210467e-01 4.059508464928233140e-01 5.565016105393363333e-01 3.571514999431985027e-01 2.703700400815814975e-01 3.738074926242705986e-01 5.506138748444269204e-01 6.928947817292859801e-01 6.372543977765874335e-01 7.078029061948106770e-01 3.499139414001652404e-01 5.207332348802071742e-01 7.209728232266260362e-01 5.208952202009988763e-01 4.300646322264676247e-01 2.996591963733816200e-01 4.550475218281551104e-01 5.273628190340126087e-01 2.445208569274534283e-01
6.086880452993544965e-01 7.566211598420192752e-01 7.939030674242459895e-01 9.121558216629470639e-01 5.526962696742301340e-01 8.705704311560504838e-01 5.632226484151198198e-01 6.041913554069672232e-01 8.856910477389274838e-01 8.775496595038203562e-01 8.926960806677955995e-01 6.494983420929724138e-01 9.034723271714842907e-01 7.640032225602663152e-01 7.696671852700952554e-01 7.457987729703283719e-01 4.923875579579135575e-01 7.988460769331913180e-01 8.051069229569844943e-01 7.366824146781373317e-01
3.698684282607230256e-01 3.657718303378153513e-01 4.279938191591690644e-01 2.973108233776646792e-01 2.003603747175785876e-01 5.068611559505247222e-01 2.533445274894577937e-01 1.657216057459657832e-01 2.516068645802115311e-01 3.455783600642079456e-01 3.128919398317586142e-01 2.343781206118661087e-01 4.874667156700129289e-01 2.076484936329155984e-01 3.518756012612817008e-01 3.570506045757618208e-01 4.545166352174912494e-01 3.466167778893518570e-01 3.728610935032017903e-01 5.681777450700896681e-01
2.939949633237707305e-01 2.189684407740877803e-01 4.418740344600474712e-01 2.978378249008500900e-01 1.753312775475179830e-01 4.737697684819065502e-01 2.054715034504911164e-01 1.176540376197314497e-01 2.600750146851015798e-01 1.806992265807324249e-01 2.404126270262099130e-01 2.787719830373198704e-01 4.486959446590762512e-01 9.549107462046999006e-02 3.676342335982537568e-01 3.586190492590366485e-01 2.944143459790266593e-01 2.909757572067902531e-01 2.640623793689819143e-01 5.143269365907233714e-01
6.890859641991684548e-01 6.471557714570865816e-01 7.303083231294743571e-01 8.564727515574818151e-01 3.717943281434343272e-01 8.954962082678489255e-01 5.404538664938725034e-01 6.368453412188225249e-01 9.011483086252050079e-01 8.046210870714545216e-01 9.091703725876680853e-01 6.819260345472198948e-01 9.862498993505529610e-01 8.333776308743999772e-01 7.716149214375048748e-01 7.819895725815565468e-01 6.318458561589167521e-01 8.663805474318151401e-01 7.902200597590494091e-01 6.963167382205450728e-01
1.863525441396892413e-01 7.008529558086848410e-02 2.104179499777902862e-01 1.825650922816699773e-01 4.106994872960847420e-01 1.315974183891323868e-01 3.270260362097916484e-01 2.782620052199384908e-01 6.114389673277788317e-02 1.434244472083023025e-01 3.510001032636211882e-02 2.217630308831178287e-01 8.350193460344564056e-02 6.887667927525309430e-02 1.768232292479251788e-01 1.932416969840689003e-01 3.227447648337825603e-01 4.714035853727788217e-02 1.295734921704086995e-01 2.723264307382921023e-01
3.696296247980385696e-01 3.337855810404636303e-01 4.512712694728794327e-01 2.111986910132430673e-01 1.389093352322036123e-01 5.452202052733241544e-01 2.167070225360376301e-01 8.672462504506868453e-02 2.423864581630923998e-01 2.882206236389470710e-01 1.847242863419424619e-01 1.900914961549544646e-01 5.580185529343548723e-01 1.927966216595767279e-01 3.893789911856521124e-01 3.458865381775071968e-01 3.644887373872879865e-01 3.978442601069334672e-01 2.025169820424753409e-01 4.400245724672279812e-01
6.357597648539564661e-01 6.470517799234637435e-01 6.277255119508559078e-01 7.252395608410449057e-01 7.276464133660502931e-01 4.535277434091805060e-01 7.100553085715410884e-01 8.256574955840725316e-01 7.321541115631065022e-01 7.786245517024920071e-01 7.507896820226660495e-01 8.212092929984858847e-01 5.781038229578654430e-01 7.021155465293763553e-01 6.685079661308778176e-01 6.662161178002771189e-01 5.849693226302902227e-01 5.072939766701884956e-01 6.471575423572090147e-01 4.857535726985966473e-01
5.819267035253564702e-01 5.765151038253141236e-01 5.965395843248508800e-01 6.242093440543842187e-01 6.067933118765067579e-01 4.481799399967347219e-01 8.036092547776710893e-01 8.564602793083744281e-01 8.657502122170891434e-01 7.892998384950011825e-01 7.502059528094656704e-01 7.590418361055805141e-01 5.421293895694816456e-01 8.046669801409583878e-01 6.627584498934215862e-01 6.509259546394770002e-01 4.544228169878773982e-01 5.996100154900479984e-01 6.425565175011579422e-01 3.462751195001133597e-01
3.693977687337065552e-01 5.964843391724914401e-01 3.464813893567191272e-01 6.448904662709764590e-01 4.078631554711919516e-01 4.306765359608826782e-01 4.469582463198445987e-01 6.195716071467781694e-01 7.177263826656963275e-01 6.824249178759215217e-01 7.691073745292293928e-01 4.236850303031675646e-01 4.668676664671861931e-01 7.326990057732675199e-01 5.475509135638867431e-01 4.650375116459254388e-01 2.752439091110131519e-01 4.075091735813325400e-01 6.144629314187985969e-01 3.088294009299665799e-01
6.759681941901614088e-01 7.815600235555735242e-01 6.821034759970565631e-01 8.492053324577061302e-01 4.769637388381972598e-01 9.041720564768900292e-01 5.626398233277238869e-01 6.489044005105334412e-01 8.883619025238210787e-01 8.052948017321440721e-01 9.555859232186080243e-01 5.686614922254682458e-01 1.000000000000000000e+00 7.872637311189552012e-01 8.660417633891240863e-01 7.024187660954029910e-01 6.573563496525518524e-01 8.589012515777029177e-01 7.028290305363804613e-01 7.275700778845569650e-01
7.244887999890331498e-01 4.546964802242632886e-01 5.685605403445778139e-01 3.506052932641955944e-01 7.496445434878011849e-01 6.156837651372250031e-01 5.713514891511907168e-01 4.712897235268806440e-01 3.092327312708935683e-01 3.978705400111211543e-01 1.800750902428261413e-01 6.539608220130366245e-01 6.177617849754940549e-01 3.100767297284027779e-01 4.814078190806239665e-01 6.059986459562087813e-01 7.730621328338848075e-01 6.098900311323581791e-01 4.455639513300639898e-01 7.420224053806260267e-01
6.376081449178556682e-01 7.315814584527142728e-01 7.962359579303689427e-01 8.956048948079780025e-01 5.174021843032552415e-01 8.418092499170650722e-01 6.668746697958471970e-01 6.166914403300328695e-01 8.218966644266216814e-01 7.486168947763779391e-01 8.531308748416666088e-01 6.645859703926173534e-01 9.146460604212778289e-01 8.318876855490919819e-01 7.754558694127581253e-01 7.483668556077763823e-01 5.127164174702955046e-01 8.217351068318563545e-01 6.953661660037933068e-01 7.744785790787435120e-01
6.107076223035944329e-01 7.253310625272947343e-01 5.321696527078657590e-01 6.369169514260393239e-01 6.870115186280861819e-01 4.289235104521125774e-01 6.927856032368546746e-01 8.708410577397857066e-01 7.030113048312048862e-01 7.360733719060701397e-01 7.522720423341383578e-01 6.152638314352052440e-01 5.578139292226768076e-01 7.136068373030568512e-01 6.504837519278108271e-01 6.235362908234733936e-01 5.521963520666465230e-01 5.888522206245114798e-01 5.190820258782210539e-01 3.171227766810686410e-01
1.000000000000000000e+00 9.656756565537604198e-01 1.000000000000000000e+00 1.000000000000000000e+00 1.000000000000000000e+00 9.921368437748945279e-01 9.745600694554458210e-01 9.364325298044368084e-01 9.614394183001568894e-01 1.000000000000000000e+00 1.000000000000000000e+00 9.250904562249880891e-01 9.296362879586202999e-01 9.712220990388878983e-01 9.386215738690626420e-01 9.959860652519886282e-01 1.000000000000000000e+00 1.000000000000000000e+00 9.183416655758367408e-01 9.938968612309415640e-01
3.390672582054473083e-01 4.704624398152951192e-01 4.184790719693802230e-01 6.843056830861976580e-01 2.276772794485094620e-01 3.288369996508568316e-01 3.637568748695790832e-01 6.637069316173207500e-01 6.417510301809451478e-01 6.986431995760137292e-01 6.907314684717339448e-01 4.512519854215410464e-01 4.752422727318406093e-01 6.885365083332750658e-01 4.557423989423536881e-01 4.544406083734700008e-01 2.035804575789294246e-01 4.992916784359445748e-01 4.881135894333042402e-01 1.762188687684201061e-01
6.654561180401205034e-01 6.414609360250808079e-01 5.747124146681327206e-01 6.997595427280511871e-01 7.175455962914496499e-01 4.368633678563057510e-01 7.313726819705195226e-01 8.878726497533709905e-01 8.381933483651129446e-01 7.148982429266653726e-01 6.692320522393941928e-01 7.928677503521182057e-01 4.402332879471910210e-01 8.388184247814622907e-01 7.440262511517025112e-01 5.621011023279758323e-01 4.426506790300982486e-01 5.684065048704248779e-01 6.367495055512630842e-01 3.515549968242152046e-01
8.995828102434326734e-01 8.434352380090149870e-01 1.000000000000000000e+00 9.438330361186977324e-01 8.708096618814754608e-01 1.000000000000000000e+00 9.243753865877269993e-01 1.000000000000000000e+00 1.000000000000000000e+00 9.382582580621539048e-01 8.898987345198547949e-01 9.826062008435655359e-01 9.774740468228817480e-01 9.406223189607718638e-01 9.814410173297385409e-01 1.000000000000000000e+00 8.721639264568380456e-01 9.993558242617078813e-01 8.969262789061798191e-01 8.564643299903021978e-01
7.845334793958301800e-01 4.776855766700049966e-01 6.135332103404032011e-01 3.684113602562049672e-01 7.321706014504822946e-01 7.550575657581426459e-01 6.394120913141991824e-01 4.532340173948594675e-01 2.918155186608260010e-01 4.323270928628190068e-01 2.742782134443213504e-01 5.519717884547851172e-01 6.628401248802695545e-01 3.673930160530443079e-01 5.391215421674536712e-01 6.394942755253186784e-01 6.894154007517342420e-01 5.427634527665943232e-01 5.196957645388546876e-01 7.972715100876945904e-01
8.822887022842343940e-01 8.211433821069875627e-01 9.906322009497462444e-01 9.226349344728671520e-01 9.865873527336113114e-01 1.000000000000000000e+00 9.398080410884247504e-01 9.399359432090975686e-01 1.000000000000000000e+00 9.185323828788868328e-01 8.479676481532238963e-01 1.000000000000000000e+00 1.000000000000000000e+00 9.718124288658821497e-01 9.918775712250434973e-01 9.399331694612067523e-01 8.934113958051770332e-01 1.000000000000000000e+00 8.413173172065514516e-01 9.573588201125049491e-01
2.895058568356578821e-01 2.523169246015770639e-01 1.794361400991297817e-01 6.318439146339137336e-02 3.650688219796215384e-01 1.245273553694273422e-01 3.389857795225409420e-01 3.249531088489639452e-01 6.581591602791786455e-02 2.102943942257807231e-01 0.000000000000000000e+00 3.230366130999347551e-01 7.280153006539717697e-02 1.244606386259050346e-01 2.371752385124717699e-01 1.651898206870190955e-01 2.843540685333539875e-01 1.099540863772992122e-01 1.132523296032757476e-01 1.766299772039433280e-01
0.000000000000000000e+00 9.420201400727623575e-02 8.905528574596047187e-02 7.878442464755133767e-02 0.000000000000000000e+00 0.000000000000000000e+00 1.304049323493688961e-01 4.512858073730198483e-02 0.000000000000000000e+00 7.430014775482121636e-02 1.212086940391635947e-01 7.551852236590844702e-02 1.026605072614052566e-01 0.000000000000000000e+00 0.000000000000000000e+00 3.607537163043325612e-02 1.739869730200608311e-01 8.577941482087580310e-03 1.149566892380803895e-01 1.303456369026674555e-01
6.715584213481168296e-01 8.705596687997474437e-01 8.595620621367618952e-01 1.000000000000000000e+00 5.185429520161726202e-01 8.472049552110062498e-01 7.490355391510840066e-01 7.544337687558625438e-01 1.000000000000000000e+00 8.594314473226349893e-01 9.921721685137763203e-01 6.476612934426524415e-01 9.947416157914416024e-01 9.483479166115412751e-01 8.409000089298628300e-01 6.758193145687119152e-01 7.048948085129296270e-01 8.606792311340454305e-01 7.929421895497748007e-01 8.937172473409464857e-01
6.347257368134879840e-01 3.829389192455989188e-01 6.107326098196516062e-01 2.970314948891932261e-01 7.492494731031560384e-01 6.532610718882145839e-01 5.415204383582362668e-01 3.671140993454111712e-01 2.377822921086563679e-01 3.620806003984048393e-01 3.026027916299995346e-01 5.790680595895880689e-01 4.618236710569346704e-01 3.113479340014580488e-01 5.279439804429971739e-01 6.143963935452684266e-01 5.424730836551729940e-01 5.903033685978592571e-01 4.281380039197382192e-01 7.633679294267448068e-01
6.546367332452716070e-01 4.146298840893614668e-01 6.386733908858810427e-01 2.934631483912249483e-01 6.450513403238156140e-01 6.732776957883696012e-01 5.986696585655463254e-01 3.381680030252035007e-01 2.844121728838990282e-01 3.028295175596842914e-01 2.428123066543880215e-01 5.665093838736350307e-01 5.574973791087252106e-01 2.313207335440269352e-01 5.167125694028750216e-01 5.656794610953423952e-01 5.718512637055352954e-01 5.084354109337063665e-01 3.902532169439147935e-01 7.065747380227281882e-01
2.448327938795097913e-01 8.734809646355293222e-02 2.285479807439627087e-01 6.588507799984086311e-02 4.455326434557737580e-01 1.460747751809566286e-01 3.985085037954808618e-01 3.479212840483569824e-01 1.225416217279971104e-01 9.953593009631021837e-02 1.488701747953996568e-01 2.297791896796911315e-01 7.433974352871758340e-02 2.445664208345991741e-01 2.406015680741304397e-01 1.895801099993204564e-01 2.970748841248501693e-01 1.930117194395044034e-01 1.521569241533993477e-01 6.183941173701491822e-02
7.324390296078882034e-01 5.112203047281695945e-01 6.300777827353672977e-01 3.192111868910914030e-01 7.485013080012812292e-01 6.056977261459424167e-01 6.295650327962645232e-01 4.716050445415676529e-01 4.059692538397114969e-01 4.175771468186563751e-01 2.815238144319778257e-01 5.491225348192390054e-01 5.837068131242038049e-01 3.879603453188277817e-01 4.202047879102692174e-01 5.961071446782637562e-01 8.347416494638983941e-01 5.364276282671691654e-01 4.725863738455889917e-01 7.915296118286340166e-01
7.164884492062633531e-03 0.000000000000000000e+00 1.199508153866437193e-01 3.681954013319121977e-02 0.000000000000000000e+00 0.000000000000000000e+00 3.468492003244526972e-02 0.000000000000000000e+00 2.086404720699797793e-02 1.128538915522046548e-01 0.000000000000000000e+00 2.201811555660093678e-02 4.219740217834670043e-02 1.323832727122205982e-02 1.604885016354631530e-02 0.000000000000000000e+00 2.956117887394180133e-02 5.756860105830477470e-02 0.000000000000000000e+00 2.098168205263271566e-02
0.000000000000000000e+00 1.841745323033188164e-01 0.000000000000000000e+00 0.000000000000000000e+00 1.265383732997314992e-01 0.000000000000000000e+00 6.487350565829901050e-02 5.437390559504135662e-02 5.698950769980438980e-02 7.111257542041662938e-02 4.770205268310206970e-02 6.262306679462960324e-03 5.023858215856504689e-02 0.000000000000000000e+00 0.000000000000000000e+00 7.565844921897879605e-02 8.064704105716342941e-02 8.563541934775559944e-03 6.138647193091378851e-02 1.575911616190910358e-01
3.303573677644227602e-01 3.987559851992403259e-01 4.301178420673218428e-01 6.450483944972250638e-01 3.096297868830282796e-01 3.560549216440085929e-01 3.675469465632150712e-01 5.839346204853650413e-01 7.408106616117146048e-01 6.331968069922913056e-01 6.448700431354755791e-01 3.940973697855641444e-01 5.024778811379622123e-01 7.909783908176220013e-01 4.671928383322386802e-01 4.339275388313997284e-01 1.848414956845428891e-01 5.521247142238249195e-01 4.141965753822132168e-01 1.517126446295216646e-01
