9.747294523803681221e-01 1.034080637364299893e+00 9.670875097305060564e-01 9.811814081799274945e-01 9.964841994194573171e-01 1.037777613662762777e+00 9.780364965456741499e-01 9.319497792948782111e-01 9.767535650964207505e-01 9.831706323330292596e-01 9.829557058829723193e-01 9.843560266908437661e-01 1.006411340091762252e+00 1.021819854960910545e+00 1.018601229670369035e+00
-3.347200179788373947e-02 1.155429439884636533e-01 8.521053219281185531e-02 3.129196862442264471e-01 -6.514319139015281243e-03 9.772330797347580922e-02 1.270167707983335670e-01 1.163010360800154214e-01 4.287194717794325094e-02 -4.988139121757424396e-03 5.976636881806935558e-02 5.353742706143293020e-03 -1.957946718587376400e-02 4.114273030887886651e-01 1.742712412876944172e-01
6.105106161156402811e-01 6.825209999467082289e-01 4.319628994004807154e-01 4.688819973046490786e-01 3.877118664547420934e-01 5.398872079628994625e-01 6.514392598051413907e-01 7.032934058427801061e-01 6.588249566605525187e-01 5.187652438850440806e-01 7.570613668584071920e-01 5.146419731185380986e-01 8.231924518060493856e-01 4.692050826967159582e-01 5.006195208131291041e-01
9.898112666568592566e-01 8.896228515212563082e-01 9.185015598458241559e-01 6.869151623356047898e-01 9.845766250026065647e-01 9.249233190549456252e-01 8.923555738426421913e-01 8.708137264280595424e-01 9.283043823786880644e-01 9.647422200652511215e-01 9.494651849019840606e-01 9.751432563929355313e-01 1.012146629032562473e+00 6.063548727475501776e-01 8.328098988384261547e-01
1.228748439567441467e-02 1.365971858257911398e-01 5.236497323211543320e-02 2.662157630445458611e-01 -2.768235785691881140e-02 1.269548642051035736e-01 1.085021421567571587e-01 1.249211604113733415e-01 7.268181518612383540e-02 -5.348751497826013598e-03 5.724094780751354944e-02 -3.357692254979047219e-04 8.407322801266600004e-04 3.779987042885077919e-01 1.740685894179302418e-01
1.981171303221590518e-02 1.349333461569130199e-01 1.020827739170800941e-01 2.848516807266167072e-01 -1.644906033388010558e-02 7.616843444545431940e-02 1.072515560184561234e-01 1.128143497926639288e-01 6.606416537077321183e-02 6.438546671819848737e-03 1.115912182606313280e-01 5.890663942308752704e-03 3.079774340376404112e-03 3.953424073171551978e-01 2.028048102958644738e-01
4.015355603129941442e-01 2.509873426897172299e-01 4.622577349063842211e-01 2.436872795431471450e-01 6.443620332551034391e-01 4.079626744183121323e-01 2.661096580334132433e-01 1.894513705423992722e-01 2.877731671822357784e-01 4.696231176928043483e-01 2.271508567658520328e-01 4.802114227450308137e-01 1.394021291339158641e-01 2.050574238694076734e-01 3.190525991854499810e-01
5.877878480929091820e-01 7.868653308603013041e-01 4.936710714884186002e-01 7.582198699647965112e-01 3.930176922908847903e-01 6.206175692613234984e-01 7.991892001789825395e-01 8.194625556779291387e-01 7.414464952740171810e-01 5.674953558808623066e-01 7.986799827975251675e-01 5.371268848314270095e-01 8.264584550663831575e-01 8.427349950675384616e-01 6.858023103387955732e-01
4.099273602742499190e-01 3.607240629125788023e-01 5.539970970965089059e-01 5.958273023130913337e-01 6.469851828984775066e-01 4.898051082143793367e-01 3.378868581768300072e-01 3.060694714447451670e-01 3.945939878431622416e-01 4.813722733839826962e-01 2.351391703710845049e-01 4.881261230229208548e-01 1.230981959215538823e-01 5.908360034301483044e-01 4.823913967258412483e-01
3.972703650221598992e-01 2.371967850708541770e-01 4.710165713173921631e-01 2.607164695620546868e-01 6.051440815968371911e-01 3.897924336836181558e-01 2.553844937270594029e-01 1.536000208943548162e-01 2.821396777140153245e-01 4.357839362422069041e-01 2.437372009311755960e-01 4.694637801666862176e-01 1.231799054755491479e-01 1.818771405590526302e-01 3.466330320744244187e-01
5.889699171048554671e-01 7.755934054858232285e-01 5.307606325097675715e-01 7.437015335509985503e-01 3.673767956680428215e-01 5.973801009137835738e-01 7.479132413814557623e-01 8.285160253399390662e-01 7.100039462284810643e-01 5.313260160120321096e-01 7.958372603713367299e-01 5.458329487768996957e-01 8.650158753189540750e-01 8.062661266881208100e-01 7.153617576538539025e-01
6.423580163642496170e-03 4.642668713726572603e-03 -2.397191849483784956e-02 -1.954712236213920762e-02 7.216276131545080151e-03 3.703754897507929161e-02 5.427597586007366914e-02 -2.972709384209130576e-04 3.519607316869681653e-03 -2.678844243712151518e-02 5.694665693759553074e-03 -2.610859541221422983e-02 -6.794770506495982632e-03 -1.761483631128119703e-02 1.169624094518399542e-02
9.585489233652134677e-01 8.919933854936381579e-01 9.808870948049883687e-01 6.890259876197515343e-01 9.683912827875135187e-01 8.880099800738665561e-01 9.039819561070179255e-01 8.939539506197384799e-01 9.447827698461616075e-01 9.741276435129078148e-01 9.157782064923015719e-01 9.976590354037964126e-01 9.904810412812141696e-01 6.157499673602825352e-01 8.081043714381650478e-01
5.981597775613110013e-01 7.708991316809458150e-01 5.153750421925337166e-01 7.296978869329828754e-01 3.546324027207030660e-01 5.983737424882155098e-01 7.453042924135736547e-01 8.485797744549006261e-01 7.111425840340106497e-01 5.372513650333582413e-01 8.059660348618865600e-01 5.327119854246639141e-01 8.364710891297242323e-01 8.538789852940490421e-01 7.057815284708847114e-01
6.185780981711832549e-01 6.435704739292587018e-01 4.213284621925081908e-01 4.461690045708789354e-01 3.504047270657349444e-01 5.163808530089624149e-01 6.162594464747147560e-01 6.857142609407672618e-01 6.178925005447606367e-01 5.460344851268712496e-01 7.356011181721593406e-01 4.787741165379142405e-01 9.049072251829397562e-01 4.660969600426780879e-01 4.965434865121126085e-01
-6.458025557976181802e-03 -3.769367804902272467e-02 -2.706681260891807828e-02 1.362501157538057416e-02 1.996046935138606759e-02 -1.966735292606995242e-02 7.287426740771088193e-03 -1.518489896515363285e-02 -1.116385300098481428e-02 -1.349678737819497501e-02 7.224086993588020242e-03 1.353721784620361135e-02 -3.156038441226194260e-04 8.532225824965357364e-03 3.334325900510810847e-02
9.891288062651263369e-01 8.641928327536139154e-01 9.400526250045927457e-01 7.149923375524925850e-01 9.909484605489232711e-01 9.090107264658530140e-01 9.284546118149787919e-01 8.955677586986312555e-01 9.342448145324699915e-01 9.862011863285155000e-01 9.319542037942495361e-01 1.015751369078328636e+00 9.595982606704533957e-01 6.013492676265741466e-01 7.872616897218909227e-01
9.620481044419094685e-01 8.851990011087373933e-01 9.412252222009557245e-01 6.903907879574979756e-01 9.965830351874772619e-01 9.067297762055106514e-01 8.831446425593265648e-01 8.292788522683256502e-01 9.163068487700860576e-01 9.920868604561100534e-01 9.387280651250566876e-01 1.024788841730944311e+00 9.672652963549981386e-01 6.055906459661444252e-01 8.144880232815924215e-01
9.872441520402294168e-01 8.463377074866247352e-01 9.347883086063059066e-01 6.925186460777825737e-01 9.833720195227536598e-01 9.152584662074855215e-01 8.826338722479372123e-01 8.812680728355714033e-01 9.437498652509294095e-01 1.004961834079086014e+00 9.382515757451709293e-01 9.852718734277662316e-01 1.010107031980874703e+00 6.367221435353518366e-01 8.094839055481451995e-01
5.637523902936755205e-01 7.626293926634545306e-01 5.305776659252707805e-01 7.586980420076254727e-01 3.999225590228651650e-01 6.020703607206664421e-01 7.864040320791040317e-01 8.439534052483885773e-01 7.186679020726627343e-01 5.114091889468893593e-01 8.052563906645325842e-01 4.779454411406536818e-01 8.676003710127055957e-01 8.147327359585210260e-01 6.773816371659421298e-01
9.917209665139123942e-01 9.936462979879999713e-01 1.011896443273715196e+00 1.026421932187855823e+00 1.014612978246524300e+00 1.015423149950727799e+00 9.972446253772232483e-01 9.886505037290573839e-01 1.045720656556414552e+00 1.017430030453737810e+00 1.018156259236255856e+00 1.057857769576940665e+00 1.008339690656072207e+00 1.013036182629589721e+00 1.002088292892697741e+00
4.449738096203447180e-01 3.447197103152359055e-01 5.457441065925067170e-01 5.500049389079751938e-01 6.399048835938236923e-01 5.005365330092566012e-01 3.731519264450142703e-01 3.225695923443469559e-01 3.911803830929329040e-01 5.223153004977878489e-01 2.954993781940611353e-01 4.616679504609552120e-01 9.700395743260070702e-02 6.006696902170750585e-01 4.976485205714059612e-01
5.959995074714359298e-01 7.691240087847308615e-01 5.022602579367212439e-01 7.413866629070912095e-01 3.836247194507869662e-01 6.521647063352418172e-01 7.617025712953600092e-01 8.290399492958329120e-01 7.198024245064790216e-01 5.005519637660902355e-01 8.059313253506114050e-01 5.412315522360890974e-01 8.881749760732842169e-01 8.447348881832313916e-01 6.851686176654532279e-01
6.421512124249724174e-01 7.666357373908558870e-01 5.043714468525181127e-01 7.320444755971119433e-01 3.378348535689342236e-01 6.199467349854467235e-01 7.346646701245711508e-01 8.622395621095725327e-01 7.179380166788926765e-01 5.268808154550829181e-01 8.137313351620302226e-01 4.843774022965205428e-01 8.412053061514327412e-01 8.034326560551787733e-01 6.898304782038603422e-01
1.017307503312688821e+00 1.023658361192550048e+00 1.019895792669561096e+00 9.958264255623313632e-01 1.010096524282003250e+00 1.017445177494268105e+00 1.027108689339642167e+00 9.741695032899768680e-01 1.000804693278223301e+00 9.967774577410538628e-01 9.930425005374592384e-01 9.909979867991762781e-01 9.972351301825308489e-01 1.027467188546439036e+00 1.013240202400128798e+00
3.916726877881570035e-01 1.892759230178518159e-01 4.702770651851336803e-01 2.258984928168379647e-01 6.282377102264101731e-01 3.849228702984016093e-01 2.259624497223372275e-01 1.544972961615029283e-01 2.632697479824284703e-01 4.770370565595307144e-01 1.902862524341779604e-01 4.929378472135902967e-01 9.430237543226382968e-02 1.812987562810227660e-01 3.300528287326898735e-01
9.709462141238516253e-01 8.768497331153808361e-01 9.439916973444976156e-01 6.791594121386015370e-01 9.902772618802563320e-01 8.596903458578625257e-01 8.883713707056380970e-01 8.698862815495879142e-01 9.082655992917701981e-01 9.970481163741774511e-01 9.461396512297374217e-01 9.850781586748933449e-01 9.763022756297113913e-01 5.598006683637650749e-01 8.086326478803731455e-01
6.073416626325400802e-01 6.666601231932736127e-01 4.204752587910032258e-01 4.537540605397716864e-01 3.933917859527701899e-01 5.241400624634068306e-01 6.383838284096130522e-01 7.021399044237227605e-01 6.465447052054580368e-01 5.057290343643373598e-01 7.180945682467598790e-01 5.025025745746787287e-01 8.539981093109572097e-01 4.321800194885199176e-01 5.005057273657786965e-01
3.926599345167138821e-01 3.067871220994818349e-01 5.459951065954776750e-01 5.650799314714165522e-01 6.251610573427318629e-01 4.972722000851827473e-01 3.667013884454308204e-01 2.844622627255904423e-01 3.524062583886084510e-01 5.097158352201383025e-01 2.049202085423146580e-01 4.780355043180611885e-01 1.310239393619158366e-01 5.522803949286070324e-01 5.025490579237720246e-01
6.268096604304617125e-01 7.981157871487395417e-01 5.241295329205197806e-01 7.646072796075780165e-01 4.294647011366951594e-01 5.948326950107167832e-01 7.773349391684143406e-01 8.403156421980203516e-01 7.085742686664459056e-01 5.186476458072590834e-01 8.229578540758948346e-01 5.480545115659634092e-01 8.613573251196717795e-01 8.283328472901390072e-01 6.601174947393120274e-01
6.038255703490252868e-01 6.378184668231109411e-01 4.545489421327956747e-01 4.533817083928918246e-01 4.007312483973057282e-01 5.234484052211707539e-01 6.184715696258403783e-01 7.292765517601021985e-01 6.301407868223324327e-01 5.063959514644955640e-01 7.615515067034255292e-01 4.992762961778746678e-01 8.914479671999023802e-01 4.350904659651776418e-01 4.785965440443417651e-01
4.063351150133739376e-01 1.855158992545406504e-01 4.635044174576907205e-01 2.878219955889833037e-01 6.321322867062272310e-01 4.160010445639621968e-01 2.579957475812081902e-01 1.451118349277003561e-01 2.754069301530501779e-01 4.640521281267526721e-01 1.913272040805117646e-01 4.668799557599869199e-01 1.542780805486836659e-01 1.997872228360153823e-01 3.408092965671327690e-01
9.709906961907903700e-01 9.950225757766850698e-01 1.008521099524277043e+00 1.008750553587751675e+00 1.009310573869319994e+00 9.797667115032747676e-01 1.008709887705412145e+00 9.765235091563626568e-01 9.822011722154221358e-01 1.000639694357048359e+00 1.032700206156127232e+00 9.750357598154666405e-01 1.018048538329620278e+00 1.012469805973890802e+00 9.773552659160358314e-01
6.095271500430640144e-01 7.698264921897355340e-01 4.977577452974460970e-01 7.959262805302671495e-01 3.646260139691860913e-01 6.052716659276754507e-01 8.000144764166549072e-01 8.499384993539956801e-01 7.064242674520821996e-01 5.275812604452380095e-01 7.986078633399482651e-01 5.372893807371559305e-01 8.776130339283007009e-01 8.562721231283619838e-01 7.052523992899223382e-01
2.967458232059972528e-02 1.489155216831197504e-01 7.448684077928964531e-02 3.058930507270430366e-01 6.293358596212310363e-02 1.014674603645383255e-01 1.123812652400872775e-01 1.252982470044823882e-01 2.415836883047754735e-02 9.504665536425385697e-05 5.739136496734109638e-02 2.075897280198758799e-02 1.452066978542631073e-02 4.092822761216106109e-01 2.069275676997199553e-01
3.884433789627628197e-01 3.297004982113691529e-01 5.527439034193936118e-01 5.331341662955220162e-01 6.146939080475403161e-01 5.027992764207538379e-01 3.199791768644218992e-01 2.692174660328426894e-01 3.398075506577842297e-01 5.039112861349648309e-01 2.495923742815327195e-01 4.694836111856774408e-01 1.427871882121899971e-01 5.794453291398987682e-01 5.576864955030598203e-01
9.973033603312112527e-01 9.976938819453092799e-01 1.000212100423927719e+00 9.469733890331117898e-01 1.009820410078814401e+00 1.043127106087364142e+00 9.949014036502530356e-01 9.827617250772641144e-01 9.966784614371699824e-01 1.023654759044082541e+00 1.027772419196328446e+00 9.828184004842354105e-01 9.677237892000689623e-01 1.026209473846408038e+00 1.000169445278328073e+00
5.526737821205093271e-01 7.038164221557448030e-01 4.563505920486471967e-01 4.524515688175665407e-01 3.882772562675245176e-01 5.327589798120837550e-01 6.281598826187837492e-01 7.171366022092383608e-01 6.085267479352732822e-01 5.014803957993090311e-01 7.598146266754167710e-01 5.348096748081000440e-01 8.912396603549707086e-01 4.240983042799404412e-01 4.549635753695555618e-01
5.757729807567301128e-01 6.278248588407665531e-01 4.222668264046440800e-01 4.392018035629020600e-01 3.515826016465668502e-01 5.204459264613895408e-01 6.197606024752129183e-01 7.074676173052231176e-01 6.602164914550584518e-01 4.957621113766427223e-01 7.237081150015575171e-01 4.960378151009868786e-01 8.539683217041823537e-01 4.381464017859252325e-01 4.679174482151055026e-01
3.844581850983019300e-01 2.956072562166583984e-01 5.098917509602618470e-01 5.929036928195693390e-01 6.238958403061388713e-01 4.586304473418121308e-01 3.637580838374772085e-01 3.242424467523433163e-01 3.220542667189352781e-01 4.923714519272274215e-01 2.248841278725353388e-01 4.937272759092908858e-01 1.115357641301917557e-01 5.483785673468206667e-01 5.037717928455249794e-01
3.093953102189258078e-02 1.235736576561825978e-01 8.482665726596033684e-02 3.041768939209190670e-01 1.225986548081400493e-02 8.147409878006654782e-02 9.705999205864325463e-02 1.478201637055242823e-01 3.849398449194494504e-02 6.969363415847689737e-03 7.440292052509078768e-02 -1.636167657842339807e-02 3.017016163162999573e-03 3.712501472270448577e-01 2.043838376407307589e-01
6.074987953063649693e-01 6.800990779853330892e-01 4.408254944751974769e-01 4.250858255085337989e-01 3.491114854110780041e-01 5.041677673728188758e-01 6.471901316013095595e-01 7.270955793413989010e-01 6.244322865821179125e-01 5.381677297415846661e-01 7.742834921820548333e-01 5.628208442611214446e-01 8.877336659195346202e-01 4.244481848834819049e-01 4.610788073584954350e-01
3.986846748270982399e-01 2.248205847728955153e-01 4.668086897331773510e-01 2.863426921540032644e-01 6.642380795441781283e-01 3.796470951219802492e-01 2.757656656146958984e-01 1.667407571095992080e-01 2.736802096038614129e-01 4.329428490176002176e-01 1.978384155095832819e-01 4.896163613274969739e-01 1.652177190624422309e-01 1.749486053653753204e-01 3.490974724924051364e-01
4.269667693512142481e-01 3.588381560762631262e-01 5.679839661119157057e-01 5.626480257844088673e-01 6.595932422327565048e-01 4.714372404788906845e-01 3.536252860379466290e-01 3.167828214786847507e-01 3.489498357505610437e-01 4.716444926239766744e-01 2.479664056958161000e-01 5.006565909155533678e-01 1.350579594789681204e-01 5.973349014389625067e-01 5.580002217386454966e-01
9.907777446186839532e-01 8.994240490804058519e-01 9.282568467846302740e-01 7.252872713168494467e-01 9.838147504108598618e-01 8.981537937795213145e-01 9.022019652626276365e-01 8.605432023905873473e-01 9.119527558127515920e-01 9.490540072179607378e-01 9.815475490001326353e-01 9.878126446826061002e-01 9.890523813115498220e-01 6.029452719448173958e-01 8.347543546936603276e-01
4.031192539510037864e-01 2.039774753028034127e-01 4.995176412499046092e-01 2.672988252394438713e-01 6.754127518815616904e-01 4.077261637747684464e-01 2.150659608443475368e-01 1.293707150276010021e-01 2.833931285853364401e-01 4.603120721562845019e-01 2.072027287441927934e-01 5.018569020635511579e-01 1.425401048889951838e-01 1.807652082447908648e-01 3.401395990367271360e-01
3.228590502128638948e-03 -2.891984261310553972e-02 -1.089464814255934090e-02 -7.597349297738358910e-03 -9.036410821949258584e-03 1.754019308749419845e-02 2.171523659373191320e-02 3.830516544476965206e-03 9.460622116842818535e-03 2.521901913832108599e-02 -2.008680936826719513e-02 3.512023345991690387e-02 -3.048976812954081773e-03 -4.381449584409105244e-03 -2.882244957091320212e-02
5.924069317988112093e-01 8.090368633467910353e-01 4.642295080073841618e-01 7.399976214422701037e-01 3.612965206596315260e-01 6.269370015505399962e-01 7.264355556380305279e-01 8.451932036736082843e-01 7.399799392564291312e-01 5.156340121480572636e-01 8.059199172850709525e-01 5.148201688369384854e-01 8.638373762281866819e-01 8.294775941706126199e-01 6.391176763486027257e-01
9.701708325525142396e-01 8.320593855353315416e-01 9.095741980130996884e-01 6.783811595014765938e-01 9.857928799461312952e-01 9.215533199191706659e-01 8.865974039463488943e-01 8.809837088366136992e-01 9.677978890877592111e-01 1.025535180282844960e+00 9.589801415408100160e-01 1.001878673968831679e+00 9.991864193547468354e-01 6.106527328104632835e-01 8.093219736580142820e-01
5.808603051812173401e-01 8.004918671332230673e-01 5.351428601883999603e-01 7.446343978157272669e-01 3.649941051373307710e-01 6.256537967037392178e-01 7.693572906139756196e-01 8.101455759647696597e-01 7.222270459178212754e-01 5.620079198612559779e-01 8.165692689796480996e-01 5.088398111885780173e-01 8.763013470832101692e-01 8.399441717758988624e-01 7.206933790396050643e-01
4.073388349553963561e-01 1.993469703575871110e-01 4.748683484675552124e-01 2.671450482894723866e-01 6.165942946481695053e-01 4.064602708366639727e-01 2.336539359290512874e-01 1.701241733254169608e-01 2.769695746640152278e-01 4.934334325845405878e-01 2.268918739128702733e-01 4.778528670113535437e-01 1.168933735036073313e-01 1.673228217146692232e-01 3.265400817372519637e-01
1.711803388857048233e-02 1.048205901302911719e-01 7.385809942130067141e-02 3.170261260396923797e-01 4.572463810233426407e-02 8.373500915484477503e-02 1.156217692453966189e-01 1.079797804905063274e-01 1.169421513845665672e-01 1.546066595172600894e-02 5.432656161100959252e-02 3.092296988550501807e-02 2.773826937641585277e-02 3.860179997833653731e-01 1.791374097250105768e-01
9.739182437890816502e-01 9.790551134185005999e-01 1.004565275554238690e+00 9.915477585931660176e-01 9.888047214991924072e-01 9.786485587869777625e-01 9.851761736020032689e-01 1.006095512812383852e+00 1.009776133611750115e+00 9.856383513239643790e-01 1.010122370557276827e+00 9.783197814548375559e-01 9.939351386892286699e-01 1.021861975497583064e+00 1.025425026356547864e+00
-2.625215361662236804e-02 -1.585643140941804530e-02 -2.843084790092720478e-03 1.176273153353699606e-02 6.480269250279634130e-04 2.859302349507155186e-03 4.499894369247538738e-03 1.490612450413819840e-03 -3.438293020908125136e-02 -1.397516838645903627e-02 -3.971157997849461378e-03 3.584189494212730587e-02 -1.887475045185747421e-02 2.125259408112262910e-02 7.929020027201000298e-03
9.909277998791435893e-01 1.005494659967077320e+00 1.006584958658071072e+00 9.805371483587341785e-01 9.541457345655139921e-01 9.952899144061805314e-01 1.006379108933930011e+00 1.039538073146789143e+00 1.011712176052816270e+00 9.585786246413910971e-01 9.920819294161291602e-01 9.825263637538395045e-01 9.964358544826042996e-01 1.002839804124518563e+00 1.015519549011662415e+00
-2.045648052706058179e-02 1.812034331367758655e-01 5.531357975482631417e-02 3.607565162853004770e-01 2.768640176631925048e-02 8.679094741505014032e-02 1.165503722283391941e-01 1.231267913040720724e-01 7.885985534815687092e-02 3.534823064320750940e-02 9.698328577898154834e-02 3.919634966993789521e-02 1.292811272595763630e-02 4.154539965606902086e-01 1.758087267929311914e-01
1.078957547548730321e-02 1.732677925814305950e-02 -1.592024027916432664e-03 3.338314918263399905e-02 7.041396955116558873e-03 -2.145843045682129316e-02 -1.584176271871061414e-02 -1.809987189944440786e-02 1.539938913928097508e-02 1.310935236746696951e-03 -9.816137421891156511e-03 -3.002111125877271122e-02 -1.864906141346058931e-03 -4.493611756318403871e-02 1.368571405350266050e-02
3.932341259196780459e-01 3.538431235604757585e-01 5.872492647895116713e-01 5.752305972017477398e-01 6.633184617629228619e-01 4.630872951337885457e-01 3.190874957105239718e-01 3.190872282698311024e-01 3.216982945649650150e-01 4.939713777569427755e-01 2.669549745245339278e-01 5.335743750270321994e-01 1.167855540091437411e-01 5.810439048302361575e-01 5.282600325612907266e-01
2.820899071132161335e-03 7.435385469464583612e-03 1.687357070111193116e-03 9.886720399298876832e-03 -3.791224735013571431e-03 -1.505961361074068319e-02 6.252945311120210528e-03 1.366385288423880608e-02 -1.265172207828338564e-02 -3.122798030971570341e-02 2.293656876843723751e-03 1.137476643606747002e-03 1.642849300533906140e-02 2.212038675409989941e-02 -1.934161297619814771e-02
5.905691796876397781e-01 7.997820556931910518e-01 5.379437192341778307e-01 7.641727123794732623e-01 3.499431028418165113e-01 6.132029717950403525e-01 7.885689731813211312e-01 7.974652347406147035e-01 7.006888358569223207e-01 4.929726821118050606e-01 8.021701483884332573e-01 5.222745453235636548e-01 8.902544198918406204e-01 8.090399503512448742e-01 6.842898853140699789e-01
1.011712358680580515e+00 1.002191763476969477e+00 1.009638027404577532e+00 9.859358120488229682e-01 9.791439236198744567e-01 1.007061558854589922e+00 9.939413692140909307e-01 1.000639512320809388e+00 1.013622353078933003e+00 1.011255003729681468e+00 9.838511540022678581e-01 9.602037595507477707e-01 1.012499479476743680e+00 1.014627530136786637e+00 1.022125275237888209e+00
5.801481577970892811e-01 6.521333602952853470e-01 4.387222379617703449e-01 4.565859520643679170e-01 3.765880627778263601e-01 4.822937658345905487e-01 6.596537187469069252e-01 7.124901608211510196e-01 6.527948622160623104e-01 5.474958701137124795e-01 7.630232714437450436e-01 5.070480008108956271e-01 8.512698864681134125e-01 3.937038998218969077e-01 4.988465119279157367e-01
3.950206580673059631e-01 2.376412146618787080e-01 4.580478353001782299e-01 2.435511239320576893e-01 6.151876113133688539e-01 3.786397477020194691e-01 2.284195471274257927e-01 1.352862361142997683e-01 3.126198761682321137e-01 4.622139619833388058e-01 2.068705920882137339e-01 4.194230228643011649e-01 1.072468884331755079e-01 1.602976169908029991e-01 3.137062418465485503e-01
-2.004475435043751030e-02 1.156863278318705571e-02 -2.233250247140289996e-02 2.532394777190534896e-03 6.618235289733325095e-03 -9.916838373723673404e-04 6.346561577222313046e-03 2.350683890500922680e-03 -2.055970726793540301e-02 1.535533471884399778e-03 6.574268889941787229e-03 -1.322662925482543696e-02 -1.861211346486792498e-02 1.683289404811308398e-02 4.639388303359246943e-03
3.862849391890236794e-01 2.102221261453659229e-01 4.543604942393031920e-01 2.653943521326508903e-01 5.970573115529681507e-01 3.862729837705999314e-01 2.315876621018324866e-01 2.039553789179240906e-01 2.840423934271073536e-01 4.560597304555194520e-01 1.982076352681904907e-01 5.130213929985399934e-01 8.711635662288869097e-02 1.416026486561492714e-01 3.362797578093711937e-01
3.932668974206075529e-01 3.365619081141145719e-01 5.750767311206266275e-01 5.877700664182666790e-01 6.278698583076480766e-01 4.938068650788567937e-01 3.485477406487644259e-01 2.921254899289028595e-01 3.458453664915315806e-01 4.657045055593638794e-01 2.994462689717225512e-01 4.924494454723929437e-01 1.534398365632518024e-01 5.554276352502044434e-01 4.810493396771125529e-01
3.672073570752021343e-01 2.211555405981990574e-01 4.677579562041379035e-01 2.451788775474995630e-01 6.084958536649159866e-01 3.964728101684715234e-01 2.600116161299232398e-01 1.650340771931998463e-01 2.645419015122628115e-01 4.748670548589650764e-01 1.917718829931201185e-01 4.923747715598195129e-01 1.305175905474212916e-01 1.791764771326616601e-01 3.308513107051080926e-01
6.296320800740818902e-01 7.819771878775376717e-01 5.098426438052583443e-01 7.301874010404125759e-01 3.893928424769207419e-01 6.341413009763624542e-01 7.793443701476879815e-01 8.535887447113545967e-01 6.930076788380760133e-01 5.180388014717014489e-01 7.796882066623584961e-01 5.388492296117793900e-01 8.786241641654073398e-01 8.300764736269542476e-01 6.907036328990372454e-01
5.878650900438455729e-01 7.911284944367978911e-01 5.132027730018944300e-01 7.189857997667062905e-01 3.781441260153995398e-01 5.740367515330911941e-01 7.560466212514952433e-01 8.127961620142937216e-01 6.962514927943477261e-01 5.265400328747928960e-01 8.182982276076853356e-01 5.353559272269279301e-01 8.784758480336150033e-01 8.332935107862895485e-01 7.259462599563281104e-01
2.641438814659468823e-02 3.851323361253826405e-02 2.379801237457345852e-03 5.457915410254836862e-03 -1.230110084689850676e-02 -1.150335245282951488e-02 -1.144832114926454952e-02 -4.417980963772993874e-03 2.084690281071642243e-03 5.138150731903525816e-03 7.079044837646905446e-03 1.506379321542644688e-03 -5.191924224929794947e-03 -1.268240104585765908e-02 -1.564005777340371148e-02
5.944808411833744088e-01 7.690825740661466625e-01 4.901897627143459446e-01 7.506500290587970747e-01 3.895918350308451017e-01 5.760472824638743772e-01 7.437602500876059342e-01 8.239354672680160308e-01 7.310997461549162413e-01 5.794412392273158297e-01 7.653857107384162139e-01 5.518696675898289161e-01 8.958983136123974678e-01 8.180286890915705600e-01 6.621735056647342077e-01
5.639807017445603865e-01 6.609287963429772983e-01 4.284827457452533572e-01 4.663906242770364807e-01 3.620302870555980324e-01 4.873885657939282523e-01 6.505545000539505462e-01 6.956823165870469339e-01 6.394977516755854241e-01 4.951142032724344388e-01 7.722519365884588094e-01 5.261356942120293256e-01 9.223751717507155945e-01 3.880730439880272220e-01 4.764111381015802005e-01
6.239940150966961641e-01 7.573839718954854527e-01 4.934392177384087641e-01 7.283628390205864056e-01 3.798446149240523595e-01 6.375451162724199428e-01 7.592284930689472411e-01 8.006694824825828505e-01 7.164744461472450920e-01 5.238140374746230732e-01 8.032983554053361175e-01 5.622487732601790800e-01 8.781956882871245762e-01 8.312969095000831699e-01 6.820930946691491359e-01
4.128390505862392090e-01 3.456897138674172587e-01 5.303602596843375316e-01 5.484266591169788541e-01 6.058793797428478900e-01 5.112949527837531427e-01 3.617249167896858797e-01 3.267721107173080508e-01 3.390585357043773840e-01 4.574424646118931959e-01 2.568659822324541597e-01 5.071165839202602665e-01 1.294758420596262283e-01 5.589088974471411175e-01 5.085362306363993001e-01
4.182092815660368723e-01 3.253599266928182132e-01 5.998173285257784038e-01 5.694721152236189576e-01 6.517977051924008780e-01 4.939870630136487528e-01 3.633024908900625571e-01 2.969180402402362695e-01 3.846791280065943175e-01 4.934035362698018790e-01 2.616309376443096690e-01 5.103049935054763120e-01 1.475320708279315163e-01 5.819065731908188432e-01 5.416132590296462990e-01
-3.104318003575414278e-03 7.030112313614170910e-03 -4.571439006212545293e-03 -4.331913041205658066e-02 -6.166199285220807288e-05 -1.646876066470537867e-03 3.087294596779697337e-02 7.256549363226992046e-03 -1.990042220225037017e-02 -3.835336582002114164e-02 3.794384611383718429e-03 5.254729188150179114e-02 1.547430389801001012e-02 1.029237064540176362e-02 3.443059031630298084e-02
1.005643748701746221e+00 1.026722185952902766e+00 1.003694688471971963e+00 9.378521676183815270e-01 1.000900648044963370e+00 1.002796270549262792e+00 1.014104419870005769e+00 9.887720021475917553e-01 9.740262526879052141e-01 9.931946247855147902e-01 1.019004064953842326e+00 9.886887629242817610e-01 9.960143586408271021e-01 1.009870190900066245e+00 1.017899010455575626e+00
3.294660742168767364e-02 1.215983442558285915e-01 8.517230968221414789e-02 2.741876203911871035e-01 1.256175141577070380e-02 8.454798638225950735e-02 1.056952701607931644e-01 1.086578704637920362e-01 9.096007808928975591e-02 3.856535978627582961e-02 5.772744744888499285e-02 3.031218031590464379e-02 -1.648757505540417515e-02 3.869402576237027658e-01 1.818100872426632320e-01
1.657735031749046906e-02 1.089240210727837194e-01 6.631187309266779739e-02 3.150019656385174560e-01 -1.306027847142733969e-03 7.639924367101304237e-02 9.315940694413031575e-02 1.318374032200747836e-01 7.313385945137142186e-02 9.020759285055308940e-03 5.606153994378666738e-02 1.657446432027374905e-02 3.937302839112821751e-02 3.823031648587114639e-01 2.260424150964876200e-01
-1.417492025571476938e-02 1.599670818202763856e-01 2.182323817115044279e-02 3.259973454216016364e-01 7.181673412814489586e-03 9.119780612624417415e-02 9.089522021672769014e-02 1.213361417010535986e-01 9.406276000680900695e-02 2.126526555348026704e-02 6.545411650405230652e-02 1.272333006288460348e-02 3.735377580929593461e-02 3.790862660221772096e-01 2.424036023276737173e-01
-1.365625946338852072e-02 6.932435538318228348e-03 -9.979757726879867619e-03 1.945072074597918588e-02 2.066559726158588225e-02 7.828540708236762791e-03 -4.626155332084909422e-02 -1.183774843387913438e-02 -1.197065857656361490e-02 1.121391108361086825e-02 1.151889532679194542e-02 4.187480698378562814e-03 -1.177211974940381087e-02 -2.072047959194419850e-02 -1.427723951299544533e-02
4.079445216021694853e-01 3.212720915121791143e-01 5.825926734620823222e-01 6.049563937589688134e-01 6.129183609906684316e-01 4.580476512412347545e-01 2.893341150571848708e-01 3.312500219820811442e-01 3.464351950914544842e-01 4.785136897992759430e-01 2.143395704148599035e-01 4.527100784339051498e-01 1.557472822848585126e-01 5.562281793900453186e-01 4.851014712299840381e-01
5.813671897952410461e-01 6.552847418550182823e-01 4.726040943220144452e-01 4.700273968386156076e-01 3.418240666316877396e-01 5.423372016562728604e-01 6.312078343111892087e-01 7.249251096811181183e-01 6.707329933879948580e-01 5.038480132823190960e-01 7.399759894528613602e-01 4.675369660175281439e-01 9.156166628869620849e-01 4.072954798543946264e-01 5.100946343372357861e-01
4.090727308757318714e-01 3.013699430039324390e-01 5.643644376921319594e-01 5.570707250158561941e-01 6.474887801902258211e-01 4.958034223875429913e-01 3.504823639753428810e-01 2.995871218413665993e-01 3.330667339368015289e-01 4.840752927170625108e-01 2.662145612909654901e-01 5.141478987959622327e-01 1.386014531536133021e-01 5.522420275025066161e-01 4.774739405608934839e-01
4.432988461528442059e-01 3.443645012178422893e-01 5.193529325612966652e-01 5.966513073173312920e-01 6.315812754538104867e-01 4.787908060378549546e-01 3.766425738140246060e-01 2.834436738008778156e-01 3.634680986827661386e-01 4.981105885069124772e-01 2.418804628846191185e-01 4.898370351736184847e-01 1.753513324654625005e-01 5.742049164220808244e-01 5.099023104904442105e-01
6.072859207481309252e-01 6.671902830726639255e-01 4.444335554058382876e-01 4.332891004427120163e-01 3.694929498472162011e-01 5.398101736621742086e-01 6.581647295832059319e-01 7.172443455206841678e-01 6.647212605319300360e-01 5.163397944607094336e-01 7.663885525597440296e-01 5.316057276512127228e-01 8.404407192692955331e-01 4.081877116420570273e-01 5.039472922549325107e-01
6.108032099056790454e-01 8.055198458593435529e-01 5.235030779986158400e-01 7.395939065881829144e-01 3.770836013809101828e-01 6.089461282666086550e-01 7.841015314268826586e-01 8.413407524367747525e-01 7.570131274958463719e-01 5.545693219108265293e-01 8.216745824371206597e-01 5.223588684002690163e-01 8.844753181920372853e-01 8.017789262542722728e-01 7.158075866127217024e-01
2.056289453715747992e-02 1.158657756886099233e-01 6.344466546155119735e-02 2.950640512017017048e-01 1.958179056576206042e-02 1.348927790967072438e-01 1.142252676117665178e-01 1.205702377618674132e-01 7.705289040073191875e-02 -2.699639248945363834e-02 2.264287531106950677e-02 -1.444590481700156782e-02 -2.459192085206833578e-02 3.825743348534032529e-01 2.464026108870992493e-01
9.226413787571770969e-03 -2.035233211920915372e-02 -2.219755803439070474e-02 -3.333474516466752510e-03 -1.138216388271013485e-02 2.606205145348876664e-02 -1.735906285756212263e-03 -2.176208135275496669e-02 -9.247471218040263525e-04 1.937490378441125011e-02 -1.436287904186525112e-02 -9.832192517941817922e-03 2.425544062051960062e-02 3.055491165538676626e-02 -5.886311498659880723e-03
3.606303206059885968e-01 2.659047488821334460e-01 4.812695633870119338e-01 2.557478488192096444e-01 5.950212121505664697e-01 3.636176789987418667e-01 1.509570627464431603e-01 1.772172605986111760e-01 2.826553148410557714e-01 4.713510988432551563e-01 2.290841124085374325e-01 4.479782223377924977e-01 9.820440845265573926e-02 2.385445094442961156e-01 3.316920433362882670e-01
9.714302866245021484e-01 8.707842989167525749e-01 9.067945128031373869e-01 7.143956443632998310e-01 9.503297346998892392e-01 8.915302614985531893e-01 9.116112431636951285e-01 8.957906618227162721e-01 9.333857067764256277e-01 9.633002300260282702e-01 9.604444106909623136e-01 9.502038347765862092e-01 1.001658699798158025e+00 6.025687380441548946e-01 7.943342677501498139e-01
9.562869911232780851e-01 9.742372044703925260e-01 9.806494042515034870e-01 9.726646789584337816e-01 9.944428872658891416e-01 1.040078496275767872e+00 9.960112590861222026e-01 1.019048743571794757e+00 1.008578323140577826e+00 1.028251892762517938e+00 1.005793137447206442e+00 9.929398512601486093e-01 9.887195044881931238e-01 9.874759773437052912e-01 9.873047930519462945e-01
6.400596923070293043e-01 8.134399392502525972e-01 5.787228685548837515e-01 7.475920468605244951e-01 3.553507508493525813e-01 6.059433708721442269e-01 7.668393261997700217e-01 8.072959748561320259e-01 7.546259762825909823e-01 5.104032569023333465e-01 7.383425174843849526e-01 5.180710834188440028e-01 8.970021520960115291e-01 8.196754910334622668e-01 7.108252701995836365e-01
1.020256774202491279e+00 1.005585908285099084e+00 9.967995016137926045e-01 9.896370088725311431e-01 1.043930482229233236e+00 1.004984408834656673e+00 9.899007268761740308e-01 1.032626493560992120e+00 1.011899540462526392e+00 1.002164932148550625e+00 9.397356429043881576e-01 9.991168492524747924e-01 9.968826199986040582e-01 9.934899287132987755e-01 9.897655617252194560e-01
4.074601643866967993e-01 2.086149649876248291e-01 4.570828127128764851e-01 2.735586544374953855e-01 6.548733711465958285e-01 4.107709940973739982e-01 2.603244758937608982e-01 1.546459214328255172e-01 2.819948423953995142e-01 4.717073597295959320e-01 2.150572748698219572e-01 4.682512626398159239e-01 1.598158408281734888e-01 1.722240069798743611e-01 3.334658598778881267e-01
5.694458295421863658e-01 7.031011780003099121e-01 4.196308676266723436e-01 4.523574096017687340e-01 3.665064972121386266e-01 5.123786103202631059e-01 6.344045336796695356e-01 7.077140043345613307e-01 6.391837622358885751e-01 5.066028931732371454e-01 7.247641777686385511e-01 5.595998285540231265e-01 8.575698279767601795e-01 4.370379290844602083e-01 4.705144973446762635e-01
5.989574662242603820e-01 6.507267570938650714e-01 4.734335870735499330e-01 4.433338625186097892e-01 3.487041607543112653e-01 5.393254735514642073e-01 6.494152896811079545e-01 7.113671476718519404e-01 6.482227661778630079e-01 5.178310451535995673e-01 7.332180357749245037e-01 4.879338759736763786e-01 8.350125615429058179e-01 4.221233380657500867e-01 4.884694442029086647e-01
1.015759288369350727e-03 1.238082240540696322e-01 7.112831915264532234e-02 3.223287719453957201e-01 -2.107957987341464723e-02 6.701311083134209312e-02 6.772700245688807741e-02 8.210947718365946280e-02 6.891564870345548433e-02 1.656266481228906018e-02 7.571958045011170646e-02 7.881349071011251733e-03 7.749786833837124175e-04 4.082603042829944240e-01 2.065441533885430947e-01
2.089282163282120755e-02 1.325167941232445190e-01 7.145883709206000967e-02 2.704137583037017345e-01 3.598246228636522298e-02 1.291875608607006010e-01 7.728081598815048081e-02 9.351665176730236673e-02 7.673359029622371652e-02 1.310575461981392312e-02 5.545277770702754933e-02 1.134001541857809769e-02 3.268360725478389878e-02 4.066189792515568224e-01 2.160769229163927441e-01
9.754270164705222124e-01 9.640620607443531886e-01 1.011718675962862690e+00 1.016617795355464704e+00 1.019437050325289418e+00 1.012461367258640665e+00 9.896381453343832124e-01 1.008503681505513283e+00 1.009280423542683991e+00 9.794411719756086487e-01 1.016292476499667474e+00 9.777572968765537720e-01 1.009216974679582046e+00 1.013922494159575249e+00 9.664900929662623152e-01
6.116040424103043049e-01 8.003067849615517204e-01 5.198808672320045510e-01 7.391000707116454072e-01 4.353404190899528015e-01 6.466912712021232190e-01 7.811071455892892867e-01 8.374636498982163113e-01 7.246845382919027134e-01 4.725930933427296976e-01 8.319023803631626635e-01 5.056300423421421497e-01 9.233280544466004880e-01 8.128141356421325625e-01 6.979158164275941489e-01
1.024315694090664586e+00 8.670755235656271154e-01 9.318841354354737705e-01 6.847501628601825319e-01 9.480574765027888207e-01 8.700984698557510111e-01 9.338474134617200662e-01 8.914397760673077320e-01 9.018546770334411322e-01 9.780640371165396640e-01 9.446221324223940119e-01 9.628420021272043883e-01 9.958275112659527029e-01 6.259837347187734435e-01 7.918780114210167698e-01
5.819218093198428310e-01 6.797736805185908837e-01 4.575333631422914826e-01 4.314900131874722100e-01 3.763353128022723926e-01 5.302453436796126240e-01 6.567736427561224888e-01 7.130512797918234780e-01 6.373472092974212799e-01 5.081531780959708255e-01 7.736339332540638214e-01 5.119206375117993923e-01 8.946195352376372645e-01 4.187636197772992563e-01 5.004331784799129768e-01
5.993662544951567916e-01 7.952153946240885229e-01 5.125200812114968363e-01 7.651614119597756059e-01 4.005078679112813456e-01 6.050213847982545134e-01 7.571633340378097765e-01 8.201421082175713861e-01 7.443705939792518711e-01 5.281419080776181829e-01 7.673359704926285829e-01 4.874305153846360539e-01 8.953443881649321145e-01 8.252166948616912467e-01 6.799122496415466177e-01
2.378284710903826732e-02 1.696637493136360642e-01 8.372044741542858382e-02 2.600381806440149601e-01 4.790921214859937202e-03 5.212075437926703275e-02 1.129865392476678138e-01 1.183015377964181242e-01 8.280032791249913871e-02 5.054664623090350528e-03 5.578206149344572262e-02 2.596872501496987756e-02 -2.907686273441864241e-02 3.739289673789353841e-01 2.112424851802958692e-01
9.614543153154149202e-01 8.749904979508591474e-01 9.515095745595119059e-01 7.232202066791565409e-01 1.017686954968271440e+00 9.237904402202650189e-01 9.085873252828692292e-01 9.016714818612678872e-01 9.162011008517287891e-01 1.004352735717988443e+00 9.565099541583270693e-01 1.015514661888431203e+00 1.000260331529142510e+00 5.892220564854167009e-01 8.124449199646816000e-01
5.614923912037159681e-01 6.442098904630207956e-01 4.150907228368779234e-01 4.671825413290524032e-01 3.465436778276875796e-01 5.150509529594625713e-01 6.510406019199097560e-01 7.399424348643275362e-01 6.439079006808466898e-01 5.208657725028301710e-01 7.298154630108298901e-01 4.735024445931628190e-01 8.775398098582278816e-01 4.273651694159437686e-01 5.065827553257041815e-01
3.993625752671560170e-01 1.878320494556403875e-01 4.573907764887586436e-01 2.523310720264248519e-01 6.157582857972144774e-01 4.038145186805216502e-01 2.585185601864230520e-01 1.488293097517447428e-01 2.858852684158017521e-01 4.518949723415439657e-01 1.729773712656891560e-01 5.143610098280171350e-01 1.186601555440560951e-01 1.892534268490899674e-01 3.040151405682124941e-01
5.611621551344361247e-01 6.723623546935431072e-01 4.602992328527125698e-01 4.259079772232941541e-01 3.558663776761393227e-01 4.646461925397838977e-01 6.919463308979538763e-01 7.204407213033449109e-01 6.429002671322898710e-01 4.860091724227557641e-01 7.434365212978089055e-01 5.289523185771034530e-01 8.542763574626975887e-01 4.596657655891057681e-01 4.838708799478909084e-01
6.010152357035649651e-01 6.555351727512190863e-01 4.574580384269682498e-01 4.216655675365443834e-01 3.610450771233713052e-01 5.447210820660531860e-01 6.976500546506726463e-01 6.747979407453180700e-01 6.517310068740497231e-01 4.918922515344748003e-01 7.218944711886733367e-01 5.169554155841314946e-01 8.553321226166535896e-01 4.257860866465541516e-01 4.720629723722418181e-01
9.122216805337902967e-03 9.993637686735643011e-02 5.597039887342164510e-02 2.859599743896097390e-01 -7.441146831895730299e-03 1.036373302806051361e-01 9.940166255380876448e-02 1.184645999227360719e-01 5.927353805228802869e-02 2.930289203469293308e-02 8.327637225029341228e-02 -1.970968230532072624e-03 6.075701760123106143e-05 3.666931831450110368e-01 2.021251152815299046e-01
1.234392167340584920e-02 1.139516805149835138e-01 7.230497373876536293e-02 2.650894967982438954e-01 4.816958270347130450e-02 9.290898581858786365e-02 1.038960548868512468e-01 1.420116510418251154e-01 7.767946588969419641e-02 -1.100009349007006337e-03 4.486804264015049892e-02 2.772245210022827692e-03 2.394942023406502335e-02 3.981421643405760324e-01 1.821590626609743135e-01
3.849679427594481784e-01 3.376538712690788646e-01 5.798909167986429081e-01 5.400060996195600316e-01 6.454428455492030592e-01 5.103081216768261541e-01 3.412322001060071330e-01 3.042428726725770471e-01 3.422626152322495452e-01 4.870374009860196085e-01 2.209007122753365304e-01 5.219105415126814584e-01 9.662265074408313281e-02 5.641660309308024202e-01 5.109075663313932258e-01
1.013703141375612127e+00 1.017618833775014942e+00 1.004076511904107738e+00 9.763800689128836474e-01 1.012707019295441491e+00 1.015658409614986990e+00 9.827054960778788262e-01 9.746587211101622739e-01 9.898784059728161777e-01 1.009503347396412121e+00 1.011614757241848794e+00 9.984839007632642094e-01 9.815274574738889202e-01 9.861744385433324211e-01 1.005339490702699790e+00
3.933200204906910080e-02 1.331708875399188197e-01 5.045097306596006692e-02 3.232038598501374427e-01 -6.662346292983642101e-03 8.379918658109822283e-02 1.211922010880748246e-01 1.180745413473255623e-01 9.714470743474795666e-02 5.148819480583857223e-03 8.687565796050239486e-02 2.492807502191213276e-02 -3.977930864583594135e-03 3.827550161795005290e-01 2.219842467782268125e-01
6.274705463652112680e-01 7.503412103266784428e-01 5.140410874770984240e-01 7.355475871830049472e-01 4.043319020351325288e-01 5.880807322209434806e-01 7.203768937367862613e-01 8.078411933734321870e-01 7.301855553407282651e-01 5.362211443393430921e-01 8.007541566562551560e-01 5.103287513650119900e-01 8.712269802460486101e-01 8.204837642752249582e-01 6.954660638080870649e-01
5.880349967622952034e-01 7.970926526352605235e-01 5.204963570386467175e-01 7.343010673088349316e-01 3.330964047771615699e-01 6.043733441165600739e-01 7.496274415890418208e-01 8.611449694196955384e-01 6.733784334413890349e-01 5.232807911362467035e-01 8.061607798502687938e-01 5.559594640613417793e-01 8.896112376817747469e-01 7.971893329959663932e-01 6.849161271431820630e-01
1.106093393679635425e-02 1.465674316998596405e-01 4.623232945922708947e-02 2.810795015354440873e-01 8.869595733540409921e-04 7.904376103112850660e-02 8.937486361707099036e-02 1.434246743478931330e-01 7.593207534659608682e-02 2.418280393135225498e-02 6.027858508951786792e-02 -1.139196325919256299e-02 3.452994629632098050e-02 4.122185371373331408e-01 2.010861810853734888e-01
-1.243746362449714253e-02 -2.485579804334601267e-02 -7.581729134229270653e-03 -2.884078466416210157e-02 1.146403808875998652e-02 -1.493373982489795996e-03 -3.540309352051540515e-02 -1.353555083990964133e-03 3.817125676455238275e-04 1.079235886468291397e-02 5.875948928859269643e-03 -4.298549330356832635e-03 1.804661706824582657e-02 5.540096860949380447e-02 3.016448048578173734e-03
3.757538314546864933e-01 2.063161208865704754e-01 4.713392559197472909e-01 2.639233940529833178e-01 5.817910004284018166e-01 4.006715344894467012e-01 2.516867258672323970e-01 2.079226470519393022e-01 2.672064702906655764e-01 4.661587387866453214e-01 2.502199456374669673e-01 4.501996343158940483e-01 1.230985059177346630e-01 1.755009864062163638e-01 3.451361777010455434e-01
5.097492047722069347e-02 1.251774148721509772e-01 6.927661422382941359e-02 2.917582491841139714e-01 1.399926823978252764e-02 8.062311290951792997e-02 1.142930658304099900e-01 1.108383762240913450e-01 7.253291094281306972e-02 -2.016479893799594941e-02 8.544387633519801017e-02 4.499291459298416368e-02 -1.653890170694438319e-02 4.093454602369300810e-01 1.976733573714046788e-01
6.092974322993727210e-01 7.607037480929116358e-01 5.095136407400302492e-01 6.858382961179818604e-01 3.483674130420464365e-01 6.153524971295560864e-01 7.808920382764785728e-01 8.352536074052792081e-01 7.584580071927922162e-01 5.435338829708452613e-01 7.739587378403535167e-01 5.166454841895806727e-01 8.906034196739855968e-01 8.328592041633660070e-01 6.765353707655830107e-01
4.115781725682436942e-01 2.021293994770805569e-01 4.767529126290296904e-01 2.635168451785185884e-01 6.269030098314083421e-01 3.796697078607567111e-01 1.971011402467446327e-01 1.757640822249539880e-01 2.999458284909585770e-01 4.955943668119053291e-01 2.159577799515771945e-01 4.603856027756568214e-01 1.406966482478205771e-01 1.829631206426502454e-01 3.134885310018697413e-01
2.295885879272777444e-02 1.596097680497748084e-01 1.078057215122806001e-01 2.838423995191512450e-01 1.696219949397517746e-02 9.218564192530338819e-02 1.071555708838904247e-01 1.111300503083245267e-01 5.353054028410432486e-02 1.881178489335034315e-02 4.618620356886566497e-02 -1.203806641087720557e-02 -3.821735644622371690e-03 4.226615137189280169e-01 2.059480321231334787e-01
4.792013683999536700e-02 1.211759193488173431e-01 4.128802208011744107e-02 3.571092600037253928e-01 2.402655597182279390e-02 1.023198261532271558e-01 9.342638169894834643e-02 1.563953981462279652e-01 3.596768463117195475e-02 2.735373586524007111e-02 4.508906452230996426e-02 -1.449799347131903830e-02 -2.631682988041722862e-02 3.705434421301095904e-01 1.897117024833109011e-01
5.909012836343127129e-01 8.050839880613523958e-01 5.332605542791442055e-01 7.342979176435014965e-01 3.841529015970936434e-01 6.218919943588204768e-01 7.712366078082797394e-01 8.585407503479813851e-01 7.024271187656961901e-01 5.599901469336437954e-01 8.216070183718068298e-01 5.514080628618023283e-01 8.960412646415621962e-01 8.092374861484969983e-01 6.633109756972841442e-01
9.931616977873615193e-01 8.546267357640221496e-01 8.997680946596178231e-01 6.893614912684626894e-01 9.895521930277939582e-01 8.834747724186865492e-01 9.051470481986219063e-01 8.720029928805664854e-01 9.258923900525054540e-01 9.972700561368679217e-01 9.484104596161823109e-01 9.919186534176716030e-01 1.009047124683389196e+00 6.061817416479778897e-01 8.449501936513383882e-01
9.737968763827353769e-01 8.442322015160093063e-01 9.013130390096678601e-01 7.229850733918212757e-01 9.873258605214502159e-01 9.119670890371696093e-01 8.801411018434238676e-01 8.866746641973950460e-01 9.345803238234237087e-01 9.844315673902270802e-01 9.298204013112116861e-01 9.824310495760869566e-01 1.006164579501465095e+00 5.890309505967701309e-01 8.336286578754337206e-01
6.150386327366781369e-01 7.907776329759514944e-01 5.027265387222618065e-01 7.376380630264477434e-01 3.947949831786349284e-01 6.183055736350812071e-01 7.203258938663990030e-01 8.366011358448918189e-01 7.217197771555686758e-01 5.362066864667597299e-01 8.163576852779825810e-01 5.303204262062430896e-01 9.026320338135288557e-01 8.230456097229735812e-01 6.651226918720274384e-01
4.034418508306195639e-01 3.505039793800630576e-01 5.641598802909202348e-01 5.715608704926523620e-01 6.370241405996065476e-01 5.146192746732359824e-01 3.225678305553305592e-01 3.363026658889026743e-01 3.742795989472004203e-01 4.765243372016347845e-01 2.849274000647507576e-01 4.726600638104158092e-01 1.133153642926763294e-01 5.856721791127235122e-01 4.719806683292061544e-01
6.518326472964486307e-01 8.190681268116742908e-01 5.564649937273407065e-01 7.327119398835503228e-01 3.649324858496084123e-01 6.040675213716999448e-01 7.558846910745661285e-01 8.581240580093820736e-01 7.146354304061012241e-01 5.331166072943289702e-01 7.644821097081634376e-01 5.121216167161607435e-01 8.716658231866775131e-01 8.291591724890214898e-01 6.695363669803832130e-01
9.919197629568085040e-01 8.665979272999263516e-01 9.397759563598726551e-01 7.098001302033006832e-01 9.679670211353201825e-01 9.203682175610335969e-01 8.971380749574304758e-01 9.298457611219881347e-01 9.539677379860884709e-01 1.005865193941694047e+00 9.929358145824337400e-01 9.600872824619687274e-01 9.877056120608207479e-01 6.156479707199147278e-01 8.369779139874528040e-01
9.991453936544502090e-01 9.656551813580351862e-01 9.794833609698857524e-01 9.671933222234000427e-01 1.001369703623921303e+00 1.002941113930266193e+00 9.613492432477787064e-01 1.035423667051127872e+00 1.003572231157607630e+00 9.814930216097779159e-01 9.968007473793644158e-01 9.941068575144654806e-01 1.031272206942450920e+00 9.993494537252982646e-01 1.037470522032331033e+00
6.275740053823306575e-01 6.613737435547879517e-01 4.626652249030280828e-01 4.335238780812151749e-01 3.391613328983812958e-01 5.195861967882052790e-01 6.442650128100886331e-01 6.830230601176743299e-01 6.626963773076395281e-01 5.241072132247615034e-01 7.581582335455265831e-01 4.858835578011350687e-01 8.908001423329497959e-01 4.325843949289491785e-01 4.941261137672273707e-01
3.707318272759300148e-01 2.221072499925010879e-01 4.864901539758162419e-01 2.812839170993159943e-01 6.297722800337824944e-01 3.893249356877457878e-01 2.501215217782919442e-01 1.384350378258218384e-01 2.729003127657239625e-01 4.995380945721467625e-01 2.035955640889145213e-01 4.822448054047996924e-01 1.300950327195641576e-01 1.648617169817933881e-01 3.214236088403902847e-01
3.853968899083582422e-01 2.153133153591254567e-01 4.875869244722376150e-01 2.612554026662616269e-01 6.353509851631736760e-01 4.182579700108404186e-01 2.633019370431786133e-01 1.706497728520344759e-01 3.102923837010156949e-01 4.565552625111943819e-01 1.768608105382703244e-01 4.677538041952148395e-01 1.187672870696576399e-01 1.555904848613095803e-01 3.471133679119297044e-01
4.114596232450847824e-01 2.299263056361096624e-01 4.726674811885885896e-01 2.826512247002849754e-01 6.442028511770288013e-01 3.993461313026263615e-01 2.310569596792310665e-01 1.825406312827205502e-01 2.687577718017774564e-01 4.803001867334288355e-01 2.027066760090218689e-01 4.832753038593159411e-01 1.032430823078201443e-01 1.934958623430584057e-01 3.445979963567992743e-01
6.102224769581597874e-01 7.889727137310756921e-01 5.403767341936048796e-01 7.559065221415841584e-01 3.357853149672902493e-01 6.222699996208257422e-01 7.825334932848752034e-01 8.561829784440810887e-01 7.072535044159095063e-01 6.025695810867388591e-01 8.226109878535969866e-01 4.804499789881483962e-01 8.558842070012981917e-01 8.406277489733368080e-01 6.718582192716575641e-01
1.216453177202408281e-03 1.401275932836390514e-01 4.335757402309749209e-02 3.122666953726362382e-01 2.290357478135829697e-02 9.221000790824387949e-02 9.938996970004940201e-02 1.384445693774513930e-01 8.694701336882401654e-02 2.203384981794431069e-02 9.956101635668962446e-02 -2.875691717496963590e-02 3.114110188072427912e-02 3.954676188976477547e-01 1.969262440708672568e-01
1.014362305859120017e+00 1.007003324882508988e+00 9.588755468178553620e-01 9.806825948419739536e-01 1.047949939811983811e+00 9.907688988851813816e-01 1.022648679025562446e+00 1.031365526474234295e+00 9.737561345972179927e-01 9.950686724869519661e-01 1.008369974103606959e+00 1.073770259575113739e+00 9.379923265290447398e-01 1.017440194773855833e+00 9.996125477056867492e-01
4.372136885735719569e-01 2.124381250412657740e-01 4.599780264467612234e-01 2.402743640960093296e-01 6.353870838989771341e-01 3.845276901382256307e-01 2.340507046714895012e-01 1.779511068446479050e-01 2.732254617037410127e-01 4.989090561030024018e-01 1.938511673554553227e-01 4.664155136437093119e-01 1.190941623704593333e-01 1.398323354026684284e-01 3.041114004692566097e-01
5.978875679113452302e-01 7.767182980862152863e-01 5.157418037936204458e-01 7.051501579274126463e-01 4.021175214607701776e-01 6.240581102467241958e-01 7.714874593534837288e-01 8.143713248229688118e-01 7.244662652904965139e-01 5.212016312397207418e-01 7.893514571083848352e-01 5.618978921154470507e-01 8.568475866525830931e-01 7.994603286363892725e-01 6.665199936321147822e-01
1.954136847993588263e-02 -4.175273958789190581e-03 2.055026709124688211e-02 2.071690451570084787e-02 5.445919980257694047e-03 -9.451811675731476917e-03 6.668459784092852990e-03 -1.000875384839359193e-02 -8.171540436024670936e-03 3.059180549844052119e-03 1.673497873608464914e-02 -4.190406651130501592e-02 -4.850137489261218370e-03 -1.773323629824457084e-02 -3.532747384732184623e-03
5.650262208067833303e-01 8.044143344386969208e-01 4.897328565581213766e-01 7.492539999711831378e-01 3.842868645772014591e-01 6.114590541809397095e-01 7.253917617925080830e-01 8.677096485976348861e-01 6.860994934806431411e-01 5.425392209234134455e-01 7.715059252570843906e-01 5.211462350561271162e-01 8.851935979346193806e-01 8.371804142904912815e-01 6.544079378454542573e-01
9.939433589559116822e-01 8.729923290393434288e-01 9.466035561873077375e-01 6.790375432413942036e-01 9.914375545013119906e-01 9.455880574280858264e-01 8.762369014800521771e-01 8.892949995551465703e-01 9.271801160353486670e-01 1.002767873814478072e+00 9.382467367627563837e-01 9.831634944727269954e-01 1.021749263482893078e+00 5.990363837723531315e-01 7.816194775634695002e-01
9.907153678774760497e-01 9.898896273858833750e-01 1.013596887941788927e+00 1.009321358374128508e+00 1.017786698089471420e+00 9.970885242074587484e-01 1.019644967225033616e+00 9.927883079041905923e-01 9.941243039712572838e-01 9.803863975229615280e-01 1.016062153010026003e+00 9.931823066189060523e-01 9.926380045958030918e-01 1.011540274240637416e+00 9.639853443007693201e-01
6.004194603127431806e-01 6.611431119310988702e-01 4.736083231420789019e-01 4.281382463991980081e-01 3.530193673614788752e-01 5.176502240597460336e-01 6.912114847450555599e-01 7.062527335920376625e-01 6.465955655471101737e-01 4.997381277132083577e-01 7.203380412983727554e-01 5.118914401110706835e-01 8.604943094907372414e-01 4.098940502428983224e-01 4.853407068268132396e-01
5.981767005051578101e-01 7.755237559769956324e-01 5.197173791478963967e-01 7.148145533664723716e-01 4.086932446003291863e-01 6.079541851198809743e-01 7.443118886135886569e-01 8.180884007527272628e-01 7.196161580446935879e-01 5.352364307176071812e-01 7.935760503931664767e-01 5.014498178821913399e-01 8.492168739896779339e-01 8.094332881732830831e-01 6.852112458823234054e-01
6.354505744395853029e-01 6.558825874866238692e-01 4.672462337965948564e-01 4.343476566451734966e-01 3.955851423289312718e-01 4.808906324830731771e-01 6.375584175727836422e-01 7.200234124439784944e-01 6.450684385691052292e-01 4.923052616978168539e-01 7.371113926785508585e-01 5.336221552466919871e-01 8.890332451930632596e-01 4.027257195082136754e-01 4.655859065662796281e-01
-3.669529529246569333e-02 1.112435229175717105e-02 1.271875401686045279e-02 7.284330721508244962e-04 2.023102457842529227e-03 7.531835458440216090e-03 2.882877607807512489e-03 2.430063571532736777e-02 1.185334738740530074e-02 -1.480167087926712553e-02 2.631722950071596970e-02 1.228832051508917979e-02 -3.769278795980313818e-02 -1.435626077084671071e-03 -3.271047493779840470e-02
6.215559366335986491e-01 7.524471418828854175e-01 5.626266047749695076e-01 7.608693358941737150e-01 4.084199254081480879e-01 6.165189687674276220e-01 7.426339824919522270e-01 8.385176061612823473e-01 6.915720926147939096e-01 5.038041456875206325e-01 8.255171300256000100e-01 4.769088183544057946e-01 8.891360393204676971e-01 8.569352535465339926e-01 7.134478713816505557e-01
6.343655431600672134e-01 8.117360543368506987e-01 5.108776812452020533e-01 7.583756965138335193e-01 3.705417705963156561e-01 6.237151355991432666e-01 7.677505120815304451e-01 8.397331577664068902e-01 7.117281219672643156e-01 5.151213980611644150e-01 8.107677033165281433e-01 5.046099876893952452e-01 8.649377736276631090e-01 8.150462651783603185e-01 6.766784672721458671e-01
-1.349918584110352746e-02 -1.805855689074055415e-02 1.656537224236706921e-02 -5.288037482533654299e-03 -8.733066496126628761e-03 -4.958840609636461921e-03 2.315419998840751239e-02 -3.683044023533869199e-03 3.734180545619824633e-04 -6.169351514783074676e-03 2.082001324110525908e-02 -1.514251876281444073e-02 -2.507359893658641162e-02 -1.469894155805643969e-02 1.970855590852261738e-02
4.273266738438799006e-01 3.431545655439492970e-01 5.478725135264653767e-01 5.841772605764227189e-01 6.241725681392227276e-01 4.984562797689531810e-01 3.384672639463441324e-01 3.102905542811414397e-01 3.524109173046159893e-01 4.525045192568978303e-01 2.615459443033033571e-01 4.787742796449375171e-01 1.202999553559250812e-01 5.589301978951578542e-01 5.579996662647151995e-01
4.218685528900037451e-01 3.502412486414468451e-01 5.606289593052903308e-01 5.426512179672597913e-01 6.369426074312829478e-01 4.821140252267746562e-01 3.892388643726647501e-01 3.146538347620833065e-01 3.628900441999146076e-01 4.586255806178491379e-01 2.653997055216387735e-01 4.841004632558782439e-01 1.650650101899144573e-01 5.906989733930964048e-01 5.016999340264423068e-01
4.078179402265674769e-02 1.412491677849739835e-01 5.970808200640419228e-02 2.931591110619372609e-01 1.692031909463948686e-02 9.290777982843748117e-02 8.218648510673727536e-02 1.205042217409981187e-01 7.089056507393766415e-02 3.566637043784648409e-02 7.186538790044634528e-02 2.303746993762856646e-02 2.330813914016068022e-02 4.100974658472344436e-01 1.542893465040985068e-01
1.030936862817492861e+00 9.792235574673789911e-01 9.683657262583686975e-01 9.876829086928577972e-01 1.000700064261181854e+00 9.979883501363884246e-01 9.908622928729328150e-01 1.015555083170803119e+00 1.021462243959925908e+00 1.064451591599789193e+00 9.886381380849162959e-01 1.004432828926862920e+00 9.720964017292872406e-01 9.786110400434655521e-01 1.002859186220167453e+00
1.013319787707593012e+00 9.978974905665194406e-01 9.774986189619070398e-01 9.908665921499144602e-01 1.020765151162998041e+00 9.852641675801191434e-01 9.982443863902752401e-01 1.011713090595312226e+00 9.888392009947745143e-01 9.887330836369087050e-01 9.909475035772123963e-01 1.024722547776832027e+00 1.002748512494365141e+00 9.680086629207460547e-01 1.023251638808837072e+00
9.753253873692269149e-01 8.584129472225424662e-01 8.838068825380791527e-01 6.866770701993401005e-01 9.729735118215767642e-01 8.865825170219924223e-01 8.694234130585628550e-01 8.859162449609633283e-01 9.127382511582633473e-01 9.988339375738982673e-01 9.557149402226882140e-01 9.931759913377965487e-01 1.013595822341375463e+00 5.662385053416021385e-01 8.392658527572643967e-01
6.310551136531125094e-01 6.721276928449518850e-01 4.597955131072107848e-01 4.332365764246364215e-01 3.711962998012051651e-01 5.119611005236817114e-01 6.672275188194655149e-01 7.029727183233330789e-01 6.547527935033446989e-01 5.358441456936244851e-01 7.299677212294539697e-01 5.250578498125993976e-01 8.993746069928356679e-01 4.522116922337106049e-01 4.722951059291397025e-01
2.189458214990742252e-02 1.150761073112058740e-02 1.316119406143368038e-02 9.462629754463101547e-03 -4.025381941211556361e-03 -3.122659627992428397e-02 4.612368269395845932e-02 -3.314632212907563102e-02 -8.772191780354158391e-03 -6.669417939972626178e-03 -3.673449848587602602e-03 -2.956106002433862151e-02 -2.074364690471702105e-02 1.006701233354222701e-02 8.095338684426503419e-04
3.120742365005475111e-02 1.308414287428726897e-01 9.212868110467974103e-02 3.259386883146783709e-01 5.918186880446350134e-02 1.065813122553390391e-01 1.017478001684921224e-01 1.179732653249985219e-01 6.118839431839567106e-02 1.365817553454501745e-02 7.972362786072673124e-02 3.403282273342065484e-02 -5.967423582485433496e-03 4.184464568142692853e-01 2.108743219812129477e-01
5.993328235442030305e-01 6.734294729872499774e-01 4.314312597908692704e-01 4.226665953365082995e-01 3.614310357525373774e-01 4.830975202777348376e-01 6.618880864993597068e-01 7.111936261784276292e-01 6.551339980920157791e-01 5.112487214600521801e-01 7.766588755989604076e-01 5.253690062019449325e-01 8.972156132113261462e-01 4.421579949476858729e-01 4.932301161261672950e-01
3.817637300160568736e-02 1.171905035215113910e-01 8.654548175633418328e-02 2.965928837711669930e-01 -2.956476647430940005e-03 7.494326241937283861e-02 1.276579486897992943e-01 1.504539879781705281e-01 1.133628430171238766e-01 -2.780980343168060892e-02 3.475797236890204589e-02 2.095885310667313858e-02 -1.095281798202759130e-03 3.872844654924252339e-01 1.898107400380600329e-01
2.404404581115874087e-02 1.498304385250817106e-01 3.967710926324227727e-02 2.789930607692809872e-01 -1.752360177313104853e-03 8.392612151666951903e-02 8.526708121310797028e-02 1.075332883744166135e-01 8.778749946320479891e-02 9.675650145740691266e-03 6.384553511741027088e-02 1.002644977368418594e-02 -1.466790979248509819e-02 3.796489665707606931e-01 2.014965326033852921e-01
4.083490290756732755e-01 2.323020739807301338e-01 4.646453947701883469e-01 3.074106194717260432e-01 6.399163655381460147e-01 4.047647007564054711e-01 2.232581229326112693e-01 1.544907981519806073e-01 2.909722180260312374e-01 4.761807532171877799e-01 2.157020042767355816e-01 4.574796534005973192e-01 1.210649137245211199e-01 1.809751437916177486e-01 2.949939673256643524e-01
-2.817745132560507335e-02 2.537218755376320981e-02 -4.377743930421735229e-03 3.828556843889098244e-03 -1.094930532687841962e-02 -9.678167563458494813e-03 2.074634612325269162e-02 -1.476945935981246669e-02 6.534740498876518908e-03 -1.800254544993861935e-03 -1.951072481640151596e-02 -3.920556334299545032e-02 -1.511134329235230486e-02 1.835784708444507599e-02 -3.523874451725706510e-03
9.761851511061269138e-01 1.013580115214193444e+00 1.011847277997610428e+00 1.012255019516583587e+00 9.869107568570301137e-01 1.027226300512711576e+00 1.001296845628006693e+00 1.004830334376628054e+00 1.031705403869144444e+00 9.934998370972831783e-01 9.939947786331313484e-01 9.916064369493584607e-01 1.032885216532262174e+00 1.006672135433797743e+00 1.033627913135085397e+00
-1.087252170902510556e-02 -3.372554384112472128e-03 -4.660576667241254911e-03 1.027878393603814076e-02 1.567962577883135616e-02 2.604527543897250299e-03 1.090447497437041502e-02 -3.991366737053808275e-03 1.788076801348261954e-02 1.729057796088201773e-02 -3.842665375724044208e-04 2.530223660228204594e-02 -1.954875639834979459e-02 6.134661243792020012e-03 4.382032731171893111e-03
5.926145826746098688e-01 8.044143239969236969e-01 5.418495289716487306e-01 7.456187933150518754e-01 4.130111674454567394e-01 5.962077535351956170e-01 7.572601816450583723e-01 8.273043697240289873e-01 6.911938128887287203e-01 5.320632990705818077e-01 7.873199540209623315e-01 5.111082892331615390e-01 8.779131717518784406e-01 8.162761088613177396e-01 6.500910086532016852e-01
1.001257531719855765e+00 8.400465869725997070e-01 8.952713833059813275e-01 6.827898720707797908e-01 9.842357856801798865e-01 9.075646881139495248e-01 9.189262669099843572e-01 8.787105022457508685e-01 9.453228250294882784e-01 9.932932192192839294e-01 9.734228461876026639e-01 9.672035828438645400e-01 9.936719259336680432e-01 6.085112129640071199e-01 8.048708545087849275e-01
5.842606829029725057e-01 6.754267172187611301e-01 4.490801575203003937e-01 4.354649980399709630e-01 3.835386466058397503e-01 5.207070630692122171e-01 6.301408867552272808e-01 7.242369167024513832e-01 6.483321625483388084e-01 5.204636218774154610e-01 7.160325410741424923e-01 5.231596564399964011e-01 8.721956203331114876e-01 4.351205547122751760e-01 4.639064027396382350e-01
-2.115933152255554048e-03 -1.405239516314822634e-02 -1.524481556484831926e-02 -1.053204290895839480e-02 3.156438325363849356e-02 -2.408217562020740100e-03 1.075208302733602315e-03 1.148780624003789379e-02 5.573690272852593018e-03 -8.452121418594703978e-03 2.135825989006778433e-02 8.938375202755530820e-04 4.911205345055900170e-04 2.150970961684514279e-02 -9.045069943905695775e-04
4.254623677157722272e-01 3.579486950400717626e-01 5.550723004656585857e-01 5.429421150024843490e-01 6.464482345456554757e-01 4.841080037597421670e-01 3.472887687282532609e-01 2.646347567967387016e-01 3.310600956985468302e-01 4.976246888147140002e-01 2.595227824185365462e-01 5.144912211972385574e-01 1.462757672034876166e-01 6.086315168470900483e-01 5.019667922204199551e-01
4.831287495063297729e-03 9.436116684713460878e-02 7.160189615470166635e-02 3.285575750060295008e-01 3.122833763398202150e-02 1.093700994377260483e-01 9.671306212048916273e-02 1.350116375996890383e-01 1.221948608253728558e-01 2.059010293813431924e-03 6.277538859056037979e-02 1.724773682997907814e-02 1.060789113413051696e-02 4.007018880268995442e-01 1.700546378933235347e-01
9.470235216668032585e-01 8.814266264831508435e-01 9.393286316831386262e-01 6.957039909252591414e-01 9.961506544959876086e-01 9.142896411429293213e-01 8.657116824429751389e-01 8.482479929431381294e-01 9.079100664045361979e-01 1.000716966447787959e+00 9.803196130317567425e-01 9.739359243448161285e-01 9.775323132857839381e-01 6.157037238674524238e-01 7.948833547416653822e-01
3.791284696839239410e-01 2.324480666914735261e-01 4.894759118552585719e-01 2.677062940545050229e-01 5.690718117055901804e-01 3.641545023592432373e-01 2.103539810776323127e-01 1.699948395545146096e-01 2.748883076726893471e-01 4.983659870775313250e-01 1.864587350485434059e-01 4.697126203633912866e-01 1.608053783935091130e-01 1.957038726114853633e-01 3.322221774628002500e-01
9.511791169065416662e-01 9.095300973821851542e-01 9.200374088910207027e-01 6.804702930019099760e-01 9.601198108128383701e-01 8.927111992145138064e-01 8.728075197752304115e-01 8.877438986685803890e-01 9.340208965803324936e-01 1.000425329522398599e+00 9.498037551451142813e-01 9.618985582020631586e-01 1.004755936466879440e+00 5.791164889629483170e-01 8.230151567590963113e-01
-2.694077229966864578e-03 1.249107083366665094e-01 8.790703349180016557e-02 2.978418772002989212e-01 -5.185183303301093768e-03 5.635395525812249978e-02 9.353541069387522056e-02 1.422778171844072959e-01 3.537743951930894665e-02 5.129674136924148968e-03 4.964080575795015715e-02 1.479568050100298071e-02 -6.960891145521774619e-03 3.991449203913927102e-01 1.723378379769940349e-01
6.203128849582582038e-01 7.883448618671261565e-01 5.014407194843232274e-01 7.148278998623910363e-01 3.689402479718146832e-01 5.953731968051516610e-01 7.672707122057411677e-01 8.242052658555959477e-01 7.680433335857790311e-01 5.192323992296958846e-01 7.342397043190297401e-01 4.892625560926390227e-01 8.966334335398655764e-01 8.301613435755892390e-01 7.050244165778111194e-01
1.039244817083381962e-02 -8.090417448008717718e-03 1.417284910554873940e-02 2.808334751825193251e-02 -1.345330241297307619e-02 9.391851413925149036e-03 2.955571961447167606e-02 3.537598490066509033e-02 1.119145090298692864e-02 2.374825219359188999e-02 -2.167623292470367488e-02 1.943867933922562019e-02 -3.285496316309722935e-03 -8.553226897875186238e-03 -5.771525025430556538e-03
1.780440078765832199e-02 -1.443806232232185648e-02 2.437614514568623228e-02 9.285420494804155073e-03 1.541604923913292031e-03 1.110063384824014517e-02 -1.992791891087404565e-02 -2.033264638851546655e-03 7.546507917782203576e-03 -9.456882108502368336e-03 -7.825193090501057422e-03 9.509181401260349831e-03 2.056742839104008444e-02 7.126248585328786266e-03 9.115489039432884966e-03
2.033317259013960043e-02 1.224453347304815115e-02 5.727708121147401764e-03 -1.244443621825749857e-02 1.871931344923467681e-03 7.753985239665839822e-03 1.941381340959632412e-02 1.796180071223213437e-02 -8.604443270041757866e-03 3.079353277285410556e-02 -2.442358446760916832e-02 -2.264527902912758135e-03 1.881177783310227641e-02 1.387552304967285335e-02 6.536500712791172216e-03
5.012521151539732489e-02 1.143628933349487842e-01 9.841479066267880271e-02 3.055284627948585685e-01 4.501633144278779225e-02 8.335618821721416105e-02 1.009370264921550242e-01 1.121210230575597905e-01 9.674315116913376200e-02 1.743937047043711899e-02 5.908596929491567729e-02 4.020686286276992094e-02 1.360890168868490561e-02 3.735765323765405932e-01 2.176333659149321254e-01
-5.396068023851972872e-03 1.182608647079563813e-01 7.514137158294784125e-02 2.647804699180697496e-01 6.165572060319719945e-03 7.269576779604118577e-02 1.076192285914545771e-01 1.175269535273380378e-01 6.199266796677437019e-02 -1.857322676459252989e-03 5.894664585953763442e-02 -2.019433081088324589e-03 -2.011748884051979894e-02 4.087926630231136782e-01 2.031055698822775146e-01
3.603836496951396406e-01 1.998583401830837381e-01 5.119276117455358044e-01 2.531559153999646816e-01 6.203825787290294658e-01 4.058137639024653742e-01 2.657294590224317243e-01 1.501354905777889104e-01 2.991481528802170109e-01 4.937279955423722333e-01 1.677281541360067241e-01 4.980833289239893213e-01 1.512048135079577249e-01 1.819707853766648342e-01 2.982892486465732462e-01
4.249012787634365296e-01 1.983886564468888836e-01 4.658625958283360569e-01 2.569281000131094506e-01 6.403444555256513349e-01 3.596320260975128802e-01 2.169597922432038861e-01 1.661345432002116485e-01 2.758192200405505390e-01 4.864905494208917047e-01 2.311759471825532708e-01 4.929424199092833914e-01 1.505160777477332901e-01 2.020741206573803406e-01 3.067649556657372489e-01
3.866960180901977961e-02 9.557658446169146893e-03 -3.295590776687611512e-03 -2.714039395257098874e-03 -1.646798370690729860e-02 8.227192835977190609e-04 -1.326708583988062129e-02 -4.071873957876754094e-04 2.937584961671855718e-02 -3.501493222487281343e-02 -1.178174357784364870e-02 2.594982986806938438e-02 -6.032254138950257465e-03 -3.020693742970213119e-02 -1.633387069503585906e-02
5.950547408379046610e-01 7.481282855758805139e-01 5.267692460542693356e-01 7.441740864702676150e-01 3.754293394182974253e-01 6.534146460749690188e-01 7.664516729859591759e-01 8.600943370588209902e-01 6.851284314934427133e-01 5.436000902261729495e-01 7.738769339637029399e-01 5.060089781351255755e-01 8.578946260087946252e-01 8.192295769476670708e-01 6.647535151196770631e-01
3.890935699685103000e-01 3.089692034211903304e-01 5.659013936945045398e-01 5.302959569557442743e-01 6.114696982446864437e-01 4.913976998351464176e-01 3.539457813993774904e-01 2.918488631241954456e-01 3.570350760316873262e-01 4.589629150188377915e-01 2.360261988938682221e-01 4.833677553109859693e-01 1.294621067791413560e-01 5.991457094484444745e-01 5.190511457729077849e-01
9.930774505547390607e-01 1.060689186880810153e+00 9.910804005848622422e-01 9.808313580083420913e-01 1.004749797399203448e+00 9.987960811968193964e-01 9.968146171589693516e-01 1.024451597132746361e+00 9.822171024280869078e-01 9.871321389350463660e-01 9.596858362869615799e-01 9.903569228346887909e-01 1.020836160127343240e+00 1.010154247022107210e+00 9.776541563255776168e-01
4.242086915854177964e-01 3.241825564166548879e-01 5.164942659763129829e-01 5.497735053244338088e-01 6.199852542567356739e-01 4.968339134211303132e-01 3.517619882442747370e-01 2.837414233196835500e-01 3.300658583274213020e-01 4.929596670096074162e-01 2.878818998366446391e-01 5.217129812437721892e-01 1.451624854016068944e-01 5.769266373119110725e-01 5.287379694286284959e-01
5.733210860622197647e-01 6.723447286405841439e-01 4.592535235461379095e-01 4.407048456587699392e-01 3.704521503418463646e-01 5.182897073459549198e-01 6.561623227725090768e-01 6.737754591819739014e-01 6.350726194242938272e-01 5.072184865579341118e-01 7.383499232234105314e-01 5.294422698517210479e-01 8.917210455294488636e-01 4.042048885129386204e-01 5.024654485745329024e-01
2.379903037696843790e-02 1.271074552688244985e-01 4.289619938938828148e-02 3.463732390405511730e-01 -1.642630796038491159e-04 9.315416888679740881e-02 1.281870448351146441e-01 1.279798360210849251e-01 5.748660372642350885e-02 2.694096433847719546e-02 4.399384823864789518e-02 -1.750937759572885472e-02 3.276437436717952872e-02 3.746152434431814782e-01 1.657626850054672862e-01
9.801824583782865474e-01 7.993838769516885545e-01 9.371678851036868707e-01 6.846685318132231801e-01 9.638676635476539634e-01 8.993072970387271381e-01 8.726962853830465550e-01 8.608561121925186743e-01 9.514481712879975239e-01 9.843875687161233179e-01 9.633742807746273895e-01 9.842760806247803362e-01 9.957248886502414464e-01 6.161465336157044836e-01 8.166450025981667471e-01
6.209660216211905226e-01 7.886688625822593224e-01 4.900683342533733167e-01 7.314425364138164021e-01 4.004159667513912391e-01 6.090560603614539881e-01 7.716272909765012900e-01 8.392016066662048024e-01 7.264142491180729522e-01 5.091929756631080606e-01 7.902432757433747179e-01 5.057463391485518267e-01 8.988255330363155160e-01 8.279782189775726220e-01 6.807060909764351964e-01
5.960389729843242890e-01 8.105249546753078294e-01 5.020048604894252753e-01 7.339582868235094981e-01 3.768747740525163481e-01 5.671395534148701012e-01 7.543231386333748567e-01 8.068601032730440270e-01 7.636899282327690441e-01 5.118983034020893053e-01 7.785708200056128403e-01 5.122094539390839030e-01 8.824295661939544066e-01 8.668722751695320250e-01 6.914786502342736840e-01
3.230515547246103764e-02 1.537810216889729797e-01 6.851368785130015904e-02 2.552157118255815593e-01 1.767330053357272363e-02 1.149018306760198060e-01 1.366063371843200536e-01 1.135451757025936759e-01 5.604540400758467600e-02 -5.423557470335137881e-03 2.826980750870202591e-02 2.742061702003575907e-02 -1.321937922480354716e-02 3.975474541478802859e-01 2.117848832208493737e-01
9.831568704385312829e-01 1.020965080041519535e+00 9.785979267494976375e-01 1.006587662739145239e+00 1.006813549723740708e+00 1.040859629084603943e+00 1.015334987984797932e+00 9.898243361407172980e-01 9.892146200756646301e-01 1.000993760626168072e+00 1.009953933635111101e+00 9.880774858694607587e-01 9.998725846735869727e-01 9.930234992837941865e-01 1.035199528512401601e+00
9.433067544794769832e-01 9.811677702481863550e-01 1.018588454061360338e+00 9.893952063985850254e-01 9.832490436654687249e-01 9.848559391666933394e-01 9.905093736251222580e-01 1.012496384596215382e+00 1.000656553617292888e+00 1.005099782720773716e+00 9.965204328708501258e-01 1.015433268195922611e+00 1.011674456277976475e+00 1.035201681364843029e+00 1.002104199330099421e+00
