5.970927154268570458e-01 5.143604032332879106e-01 6.083862277487124270e-01 6.796155617327365173e-01 5.119629857135071793e-01
1.017956137079742751e+00 9.979072317619713806e-01 9.969197453662234087e-01 1.039080605310080729e+00 1.011610823160976169e+00
9.004382272426693090e-01 8.147915986139238065e-01 1.005740406801733933e+00 7.987568168830290194e-01 7.955274725400459657e-01
5.742749530302908578e-01 5.030708849872516097e-01 6.132657595375899939e-01 6.427559975556959015e-01 5.599742317018804316e-01
2.280331870572066821e-01 1.406798187936272315e-01 1.652433364137261274e-01 9.835497582968021069e-02 1.452153666590445258e-01
3.134655495914179801e-01 2.550626977027352638e-01 4.233765875976014392e-01 3.585636939565732262e-01 2.239248208628696335e-01
9.126289398920399698e-01 8.441606051510642805e-01 9.786361276017155886e-01 8.084061287898103298e-01 7.556423325479537656e-01
6.770908617702602328e-01 7.691690933969485000e-01 5.866175466108481951e-01 6.384308044065463150e-01 8.195661223832346742e-01
3.373401408832438775e-01 2.973339537169094604e-01 2.179126210682262310e-01 3.135982468322041083e-01 3.502273304978918977e-01
8.030415440051467124e-01 8.695934338083720627e-01 8.190472311577522424e-01 8.780113781001903650e-01 8.639847823419156692e-01
4.956336400631751737e-01 3.749249610935151966e-01 5.821879016567947929e-01 4.753811413777624395e-01 3.035280993485306444e-01
3.034636110771698481e-01 2.315938014575470716e-01 2.023894699410286047e-01 2.428045160325424390e-01 3.696885436755145693e-01
5.905866349526418535e-01 4.837107440030161687e-01 6.085863048545077092e-01 7.014455321384814868e-01 5.128166918243479699e-01
5.011569995749136641e-01 6.313661196932116582e-01 3.987893563036994937e-01 5.804963084192770184e-01 6.365474162611725051e-01
9.578482086902928572e-01 1.008803331755041777e+00 9.898611112109058086e-01 9.696148278448233349e-01 1.025919852439444391e+00
6.567180996965518158e-01 7.713350355404243741e-01 5.627487980476373330e-01 6.009527690735158023e-01 8.046467626829421071e-01
3.429191677928433712e-01 4.117556691823799353e-01 4.346605520796278377e-01 5.994350979620803876e-01 3.980275645444459887e-01
4.375131456151464260e-01 5.403390919274334570e-01 3.712176731762066861e-01 3.402607731616139608e-01 4.701382421002466838e-01
7.659495730741754382e-01 9.130846492480163556e-01 8.009538194917973364e-01 8.997389129477997294e-01 8.817747682320807856e-01
7.025832661574510363e-01 7.341721014955500113e-01 8.145434577328075632e-01 7.066642175518973445e-01 6.478156630545323091e-01
5.983986075998229959e-01 6.121225667843229745e-01 5.492237430467642456e-01 4.520453395472727731e-01 6.102036617955611808e-01
5.230191368863406076e-01 3.214888454413288854e-01 5.777794311734907318e-01 4.844266737992867777e-01 3.169429947180167906e-01
8.721600276499349991e-02 1.408736843685642892e-01 6.734725104933189307e-03 2.138298751074377002e-01 2.328407586324686418e-01
6.150175011973793016e-01 4.844273556650148249e-01 5.845770957662262957e-01 6.991086290489815225e-01 5.267534793282844241e-01
7.693230088802077704e-01 8.863482940358868856e-01 8.256676220117760145e-01 9.120435206277431872e-01 9.003313135928632249e-01
6.119146654899729754e-01 6.182067591388645811e-01 5.907458675222099220e-01 4.191069976651786155e-01 5.753657508793793562e-01
5.253690170516032154e-01 3.575617297121070348e-01 6.122741738352570628e-01 4.665725514657327322e-01 2.642992206444876313e-01
8.257400342121690162e-02 1.725910307342153616e-01 -5.274808175751141692e-03 2.101997487917086349e-01 2.114177315303236993e-01
5.072039586326949623e-01 6.568384544495000643e-01 4.104178438773544713e-01 5.079820175868754450e-01 6.640429771819316151e-01
3.631803418606349698e-01 3.880283257944256992e-01 4.462311487938500632e-01 5.955678131363840722e-01 4.145294072660749563e-01
7.079630897644219045e-01 7.732857635489147619e-01 5.702506486284693032e-01 6.009627318483745650e-01 7.890702637271895803e-01
1.014417517252755196e+00 1.018242079500313757e+00 1.025895649120482700e+00 1.006163386421626837e+00 9.768470918527271118e-01
6.345538016415808169e-01 6.079289365454492167e-01 5.442216226486633612e-01 4.582794133415141191e-01 5.690328320489461689e-01
1.022682533338844957e+00 9.976619329885398901e-01 1.015883535596900922e+00 1.005398388698185208e+00 1.013961062284948200e+00
4.852174467025656135e-01 6.314434441507326135e-01 4.002728419942125360e-01 5.361180240129397312e-01 6.706433372177789121e-01
5.895468484350843141e-01 5.267980790450885742e-01 6.039944734725303244e-01 6.617961208840149601e-01 5.466063608740884261e-01
5.796172055711578119e-01 4.957992154737821955e-01 6.320183830866006325e-01 6.825759038546395097e-01 5.666389599258981891e-01
5.994033583585824942e-01 6.073026173917669412e-01 5.240397234867356646e-01 4.289417106454310735e-01 6.057955212324253047e-01
6.915338509545353451e-01 7.243539659349955695e-01 5.911175239206106768e-01 6.259864160386720000e-01 7.859645334681604201e-01
3.588194805714942093e-02 2.538767654792263920e-02 5.380142943652199868e-04 -2.007341922365029827e-02 -1.624642887794748233e-02
6.135094494756745398e-01 5.267229168201815748e-01 6.203115678295709756e-01 6.546259985949990368e-01 5.625112745086847665e-01
5.129258293524556755e-01 3.699775986756210222e-01 6.023588340181050826e-01 4.520509811217442997e-01 3.177964425515877323e-01
2.957678083486965370e-01 2.535962266353861683e-01 1.996031364909879868e-01 3.086463150526250199e-01 3.264124413287103343e-01
7.220373795070685885e-01 7.649865510173131655e-01 5.421301995589479228e-01 6.352430373673781938e-01 7.921605250593783953e-01
7.300890922321202625e-01 6.931285045497170838e-01 8.253960543888391177e-01 7.159558859215535698e-01 6.631958455585929002e-01
3.823191843526121403e-01 3.574794481387854050e-01 4.480852931135306250e-01 5.606628910948688871e-01 4.149172576034831916e-01
2.341714158550117220e-01 1.018050079766802951e-01 1.663816713303159778e-01 8.217724547082584652e-02 1.102912262676241650e-01
-3.418440620327314883e-02 -3.766849759861725516e-02 2.554034927791580534e-02 9.794907984108872784e-03 -3.885734230496526442e-02
1.017779085040418474e+00 9.889234060865488285e-01 1.007445290472309907e+00 9.956134442272575047e-01 1.021089865138976815e+00
1.160082451116214719e-01 1.697539894081780965e-01 2.206993038396891024e-02 2.278331297478216055e-01 1.957042292405413164e-01
9.659440606605635971e-01 8.396201533972659226e-01 1.013976785265666258e+00 7.803699698267271279e-01 7.895715875350598489e-01
1.022532326242961531e+00 1.004281305256575552e+00 1.000612949800195661e+00 1.031909881334633239e+00 9.857539106072994439e-01
5.219111684732740120e-01 3.521269575680745501e-01 6.491029843685289791e-01 4.348213911058097514e-01 3.206136303242033136e-01
7.089590189191784519e-01 7.355094671108801663e-01 7.789169465219201172e-01 7.158812458254100175e-01 6.790645897028396716e-01
7.640839778886139300e-01 8.794998977221775149e-01 8.164149213534085403e-01 9.432772863664010687e-01 8.863771984788720859e-01
4.035922796992816863e-01 4.659119985385850593e-01 3.822205297430552040e-01 3.233340396322245125e-01 4.633067817610425632e-01
6.479972536623430646e-01 5.953156011672512404e-01 5.657824979708331314e-01 4.618469590819374027e-01 5.732694039713789325e-01
5.342195718362579004e-01 3.432705080276348686e-01 5.739971604880864664e-01 4.501227474818547125e-01 3.218445040120577194e-01
4.027234987549696554e-01 5.230090912543835513e-01 3.576595071915469326e-01 3.277132933457295727e-01 4.913044295037296560e-01
1.000833329305562236e+00 1.012471413304708578e+00 1.001038185421681881e+00 9.720433580610139401e-01 9.540953319086534767e-01
5.375130127418626946e-01 6.461819134291800770e-01 4.257010263494273028e-01 5.309094695443148382e-01 6.489936297819346445e-01
7.711204367567042750e-01 8.494497797930589122e-01 8.313356566120867486e-01 9.019799956356250314e-01 8.915348892346192100e-01
2.235465406961487655e-01 1.202801729951974985e-01 1.957569610993674936e-01 4.376973628387652304e-02 8.208111630623723953e-02
9.530496449693721672e-01 8.561340518086227869e-01 9.709973315205857602e-01 7.652050394405003342e-01 7.867338175473324036e-01
6.479495377031192493e-01 6.223813396954135380e-01 5.269982356600309004e-01 4.354863548229317982e-01 5.676782322096158850e-01
9.864319256950180304e-01 1.005379426638078222e+00 9.844683073564810538e-01 1.013059502768164366e+00 1.002588998124502639e+00
5.265269216324812707e-01 3.712946598960714661e-01 5.987593914420848984e-01 4.737969892099874181e-01 3.442821013241482153e-01
9.062640754583799474e-01 8.299451549037728526e-01 9.285082743405783656e-01 8.227753041362438902e-01 7.952235055785737972e-01
3.808480814854450225e-01 5.042827383515913198e-01 3.676250037546499594e-01 3.398825589356456178e-01 4.719485406201132660e-01
8.766924246038805268e-01 8.252620187029644505e-01 9.929603710779902892e-01 7.761851301677886728e-01 7.654630701380826796e-01
-1.026768012912005618e-03 -1.620480645654691007e-02 1.208919770866068340e-02 -3.822468970169554808e-02 3.605623942473388382e-02
3.014967779395674174e-01 2.575068099699758251e-01 4.373681769142564457e-01 3.992731786693817231e-01 2.289431488314728758e-01
7.427371373042630509e-01 7.083398292187826906e-01 7.828768742048866081e-01 7.113927365093423161e-01 6.930673313699564630e-01
6.153831288469883143e-01 5.239633304630922916e-01 6.146851883889308255e-01 6.699758804046346272e-01 5.076716006201463793e-01
6.229881571650254246e-01 6.052780117575907726e-01 5.959045816702148723e-01 3.964930777279573326e-01 5.950268022446741911e-01
5.190833455191031787e-01 6.667174899790793141e-01 4.208541701754643372e-01 5.572955824245484635e-01 6.489431828519728329e-01
7.860986810471289055e-02 1.434091000719839581e-01 2.270390599551017075e-05 2.212133496750604278e-01 1.779860066424013842e-01
7.112499502934647166e-01 7.795602073139422661e-01 5.447920117451973132e-01 6.146326877141343736e-01 7.968091916733133218e-01
5.915039387861577014e-01 5.309302016699209981e-01 6.310354261443351653e-01 6.594097617032261827e-01 5.476103153654450217e-01
1.028426280414137750e+00 9.974524602334673418e-01 1.039702957559210272e+00 9.718068002381048398e-01 9.971244440513414853e-01
6.685523606047804046e-01 7.744562431461025076e-01 5.915286237866326235e-01 6.469966675007645662e-01 7.806410696611256750e-01
5.668513011991798134e-01 5.018890770709401039e-01 6.391735286724005149e-01 6.570385872852033682e-01 5.744751123395547276e-01
2.792586287284141155e-01 2.764974589070412492e-01 2.158670543689803767e-01 3.187896996098047442e-01 3.447265290952438166e-01
6.953981896074842295e-01 7.304095487166626377e-01 5.806097089387335375e-01 6.409027545986519803e-01 7.991020839156002253e-01
3.008853862375514554e-01 2.457557149155222276e-01 4.421878237345374107e-01 3.830352534547036836e-01 2.162160180487921468e-01
2.692568543634537015e-01 2.607673750479146402e-01 1.859514409809782942e-01 2.770613326920825514e-01 3.494605033051001453e-01
2.567004408809001308e-03 -1.678638688796547582e-02 5.704335321255725455e-02 -1.559999807562449485e-02 -1.565539079987661800e-02
4.083697757151628221e-02 1.409568702802744926e-02 -6.465275158829870625e-03 -1.783682945092313413e-02 9.285110660671594754e-03
1.000892998361205599e+00 1.011728070008317104e+00 1.008334814798657275e+00 9.894217583423519091e-01 1.031439925141755642e+00
4.982459010195065818e-02 2.806352914765830164e-03 -3.453025701520925916e-02 -1.078631655688904595e-02 -1.557540850655378048e-02
2.978164996697164058e-01 2.764156211573698951e-01 1.898514092878192949e-01 2.890128938397760194e-01 3.637855658146765814e-01
3.942547891853724340e-01 3.818004297356601406e-01 4.799195828121611274e-01 5.601790993234322391e-01 4.556062340949948997e-01
3.084526718966418279e-01 2.818772998857665968e-01 2.139048304468844641e-01 3.095387321790156188e-01 3.856958340567924748e-01
4.789355714853598123e-01 6.069953676776347340e-01 4.142318078091076217e-01 5.187144390178474174e-01 6.788193983930209674e-01
5.008409165983317424e-01 3.229383854019627353e-01 6.008877412829498610e-01 4.514313547394989135e-01 3.100959019518496618e-01
4.055711112559385323e-01 4.783330205551600267e-01 3.464859552571629142e-01 3.316103647439252455e-01 4.355838941142563536e-01
6.050519409102028678e-01 4.965224608120970551e-01 6.521155165808683041e-01 6.565759584374298852e-01 4.911518601358937364e-01
-2.493016832453333331e-02 -1.228208734494097912e-02 -3.707018874514229900e-02 3.078813288384821614e-02 -2.085270619841889800e-02
1.613392824288194249e-02 8.964033337781987867e-03 -6.051822904158696802e-03 2.540255697150679490e-02 1.949660966725986350e-02
7.202102357195769855e-01 7.168676421618401795e-01 5.832417378691698850e-01 5.672710643713743117e-01 7.898110310429024006e-01
