9.360480614553575579e-03 -2.773708306925732128e-02 -3.263184900547548561e-02 -1.545385120142383703e-02 -1.027505484327571016e-02
8.086478937246464049e-01 6.218016506901949958e-01 8.416433214378253869e-01 8.757457335188020275e-01 8.523235457428499640e-01
2.766864809302663208e-02 8.935944485047365993e-02 3.247092079317461660e-02 1.922378456407812797e-01 1.246090175781265352e-01
1.030459349496336996e+00 9.864049512205848025e-01 1.022481775869830356e+00 9.992776100351895563e-01 1.001036520975804089e+00
8.069541537574681511e-01 6.137963672245546620e-01 8.437255181626401868e-01 8.487327362127757846e-01 9.029101660709246691e-01
1.991086362800840170e-01 3.791358566840577482e-01 1.624311112256738299e-01 7.178161681603954791e-02 1.288597876197584147e-01
1.999268603916538045e-01 3.909815242373345656e-01 1.342832926105084479e-01 1.259128727217768973e-01 1.135874293500683252e-01
2.001957261831740498e-01 4.062535448298519314e-01 1.080158741770997494e-01 1.313520384231093574e-01 1.092701973795953407e-01
2.378894475110292783e-01 4.158687946074686725e-01 1.346722308240979049e-01 1.391787791938238483e-01 1.309507084699639834e-01
7.885841779364390902e-01 6.115945209773184787e-01 8.688395461274885934e-01 8.744059060966602459e-01 8.898558458615025701e-01
1.005998750323792823e+00 1.014110456773750890e+00 9.914100243479012642e-01 1.040057072717443187e+00 1.012632541618843973e+00
7.989724854621760297e-01 5.852091144588849048e-01 8.798854758697667311e-01 8.495277376153052007e-01 8.771213228462247935e-01
1.016843755775291847e+00 9.705220103643581453e-01 9.534721741804594863e-01 9.948749990759859774e-01 9.908005197165508093e-01
1.145440802947441175e-02 -2.214224293688273060e-02 1.229539400344449758e-02 -3.962545787711481589e-03 3.350744983283098291e-03
2.349739276688912470e-01 3.939795939808260483e-01 1.303445775520124805e-01 1.209888355198442539e-01 9.920086258074548025e-02
3.151790067714426713e-01 4.622361327634978978e-01 1.589477764526854020e-01 2.460326938234823069e-01 2.967693584058796463e-01
1.971728309479951202e-01 4.177529809918484327e-01 1.572378330363102261e-01 1.179101225218008447e-01 1.401585214802651969e-01
2.065789039782695291e-01 3.911934767852653927e-01 1.313650434932186473e-01 1.126743518549899042e-01 1.167707988533088492e-01
1.996696698640015588e-01 3.748913960159274694e-01 1.313269134899145152e-01 9.886783434242130131e-02 1.240429564368177029e-01
2.080592054064270280e-01 4.449106386414422021e-01 1.432992863602572109e-01 9.945479176818274036e-02 1.493357613493458413e-01
7.209771015654212745e-01 4.959097082066333262e-01 8.172099058952053685e-01 7.191003082879580122e-01 6.971296688492630844e-01
2.650085057568246638e-01 4.948926323287793916e-01 1.742127484477708488e-01 2.893900572475611721e-01 3.285954197940474386e-01
8.212719432663951880e-01 6.096634787549092271e-01 8.517376969417330690e-01 8.858453693254694228e-01 8.637830889095071685e-01
3.370830572246219514e-01 4.721676058997172909e-01 1.804584010924679127e-01 2.801417340188500082e-01 3.328494580216736498e-01
6.452655363219662876e-02 5.589348477367816342e-02 3.330500678028178868e-03 1.357928043779529359e-01 2.074534924348986342e-01
1.967079176435756471e-01 3.822451956657672567e-01 1.557404928886649553e-01 1.200814621227846296e-01 1.258851339345299636e-01
2.339250335192981645e-01 4.094194380224469021e-01 1.240766103345775778e-01 9.597884539573763030e-02 1.207004004140952852e-01
7.129919003792125620e-01 4.626116302943838465e-01 8.588963890564289549e-01 7.728046957455041444e-01 7.001896311195863198e-01
7.594693717704197322e-01 5.224886132145200035e-01 8.148654668871919693e-01 7.071044627399192262e-01 6.660002901391152141e-01
9.799019818238847712e-01 9.094789512610057525e-01 9.943628902574469519e-01 8.307333149093498736e-01 8.123074087470188998e-01
7.902645110417322316e-01 6.060105020497508210e-01 8.503120926933621648e-01 8.904028301305368931e-01 9.002248028167673111e-01
6.459514380839474768e-02 1.159710229681722160e-01 2.830553772852189426e-02 1.555152627658948072e-01 2.140850416522937227e-01
9.285477612951750226e-01 8.672219022399031418e-01 9.384506359750827142e-01 8.277168174512210541e-01 8.313160819347101826e-01
9.529517358655676951e-01 9.186909217531182836e-01 9.725257223998835521e-01 8.309853984410768835e-01 8.210194769495166023e-01
7.205312675471146067e-01 5.348338917935751002e-01 8.118294004817800946e-01 7.182252465149232545e-01 6.954917582443469470e-01
9.873410457456648359e-01 9.734998887137735757e-01 1.015798747863188467e+00 9.908422923848106967e-01 1.043475409590496783e+00
-1.272853675983841824e-02 2.043748685683586391e-02 -2.774836110164235516e-03 1.442538303247541467e-02 -5.014481233658109891e-04
9.667193954312393034e-01 8.993157287170980840e-01 9.933050605447069081e-01 8.223339234671372955e-01 8.246681540066427285e-01
2.689908246442029860e-01 5.315654839636821949e-01 1.512930498334424112e-01 3.125461393293714751e-01 3.137941314788613156e-01
9.362004199199586152e-01 8.872378795317500400e-01 1.044377464897913610e+00 8.250634051220792076e-01 8.541841727643588733e-01
6.434766743783326692e-02 1.043272235888584171e-01 2.889272892670708553e-02 1.809077391914048483e-01 2.267361039939262413e-01
6.325031534424850610e-02 1.023862220080608565e-01 2.853315239195814562e-02 1.328672821823026484e-01 1.744582470061642188e-01
7.388645327677447749e-01 4.968224355869348963e-01 8.285005813498173000e-01 7.078448687432794539e-01 6.835675904546431036e-01
-1.936121326580920662e-02 -1.434034889648937681e-02 1.300094596167165537e-02 -5.341130884791708139e-03 3.262546509859241828e-02
7.151247941199085911e-01 5.083807442170374946e-01 8.191170848770974455e-01 6.954958613629201869e-01 6.584061506369306427e-01
9.826429709764236131e-01 9.959606367100179991e-01 9.828742046886533856e-01 9.959146794680415749e-01 9.815962529583674989e-01
2.102773899504726540e-01 4.298545252975248254e-01 1.531581602674342846e-01 1.172183936770929552e-01 1.022653227238358303e-01
2.870404383764492140e-01 5.066390282056301153e-01 1.491475448446759056e-01 2.667753042233195759e-01 3.263042472085245782e-01
7.271907342104324545e-01 4.901067637986467052e-01 8.259350813677101000e-01 7.416291285250810050e-01 6.895967659937751737e-01
2.284211700308191872e-01 4.014128046579545361e-01 1.492835524903493027e-01 1.242683463899812157e-01 1.007343137679858197e-01
2.364828399629657074e-01 4.894833507772931025e-01 1.838978086022805547e-01 2.803347541609578220e-01 3.149792594393667766e-01
9.767197805674575350e-02 9.606439629663064694e-02 3.023315700574414483e-02 1.440102741530214225e-01 1.718920430719343695e-01
9.758158719010443516e-01 8.766976756918948288e-01 9.563990276602026830e-01 8.627675503564675719e-01 8.267375542254704612e-01
7.049221037332972228e-01 4.735777128963984395e-01 8.115843717009675329e-01 7.188212119843131465e-01 6.833394530411315282e-01
1.706906475835014980e-01 3.708503805519187679e-01 1.388964565613046986e-01 1.293555359028200902e-01 1.318324424469501377e-01
4.868348580095744477e-02 8.506930597583670095e-02 1.104285508028629570e-02 1.652865203457288823e-01 1.419316921210839744e-01
8.011480209432007005e-01 6.081436476216233178e-01 8.634785632951043066e-01 8.845183398458765778e-01 8.919817256164165320e-01
8.018983886433188601e-01 5.721585640190232080e-01 8.354831333836311158e-01 8.634052320577898509e-01 9.022439646386226642e-01
2.892450440345958329e-01 5.289530066119115803e-01 1.696540449726219590e-01 2.619334109598659421e-01 3.206658996691638674e-01
9.742179867741855848e-01 1.021660529519088145e+00 9.836461716662238119e-01 1.006045802236239073e+00 9.991080290050841084e-01
6.636978893188524853e-02 8.935804483891042482e-02 1.812195503562429727e-02 1.523934837631907291e-01 2.047419410908312143e-01
7.698325537177509448e-01 6.190841679958783983e-01 8.643836917907501416e-01 9.043048575640598719e-01 8.934605820848298130e-01
9.183600499380186744e-01 9.156994995222791367e-01 1.011416007826880570e+00 8.558618392464162339e-01 8.174084087422983647e-01
2.892087921931382755e-01 4.871765428709146639e-01 1.906010359783500696e-01 2.549141647818692347e-01 3.090560566509134022e-01
4.290707881002862878e-02 7.049004442151803052e-02 -5.545838273493704229e-04 1.744692357153225237e-01 1.747812259833371185e-01
5.242792879481148610e-02 9.379388826420655134e-02 2.582579078852791435e-02 2.089025892717139843e-01 1.952319080524592132e-01
1.602534113966150309e-02 3.089586010969144064e-02 5.706457587184770273e-03 -1.919557470054951767e-02 -1.798846450829966886e-02
9.489933024264013417e-01 8.951156449103190305e-01 9.623065205133936040e-01 8.318968890275814099e-01 8.383334015722846422e-01
8.251556818321892361e-01 6.072345777284521295e-01 8.717161891469409341e-01 8.883098182986596258e-01 8.814324445357870630e-01
1.001744390003776568e-02 2.261168519244291519e-02 -1.225871598471001828e-02 5.163622089493169476e-03 -4.355226207854122344e-02
2.640958473809040807e-01 4.878916556385003989e-01 1.388496082880329441e-01 2.767412083619926189e-01 3.106469532353467455e-01
7.653527092861788228e-01 6.090825167622042624e-01 8.873910024459334966e-01 9.211845337483861584e-01 8.532952855632394140e-01
7.385524171019151041e-01 4.700517415466827775e-01 8.535421508056094675e-01 7.496686869487244609e-01 7.094870701444295769e-01
1.892169265634824349e-01 3.866378559105111967e-01 1.499130027745191884e-01 1.120566045429088747e-01 1.535960356416267159e-01
6.835032039675301152e-02 6.935778696830821599e-02 2.592554788232010604e-02 1.942488165322867055e-01 1.953006977498031038e-01
-1.518603579208478715e-02 -1.076501426971932483e-02 5.565051353779779456e-03 -1.001658367954356976e-02 3.271222846242813342e-02
8.203558906893104741e-01 5.657987814709013463e-01 8.620352421437227353e-01 8.831899613079478017e-01 8.900788874257320460e-01
2.682123005267582072e-01 4.854170502202281301e-01 1.564936110736906416e-01 2.673069159001669193e-01 3.204288042890406363e-01
1.012090553582985164e+00 1.006848938825608775e+00 9.884197606612555864e-01 1.006625030072629601e+00 9.918243626861873441e-01
1.033566906576274480e+00 1.012994833092551783e+00 1.024080195203865173e+00 9.881575967232505420e-01 9.649715999367683983e-01
6.439765387213819414e-02 1.202425980180515247e-01 9.222140104700495000e-04 1.541846484024854136e-01 2.052385113110188342e-01
9.979045765235818877e-01 9.985356207977739151e-01 1.011842944150867174e+00 9.742361262345594630e-01 9.613903736112240361e-01
2.475682771951825401e-01 5.126403661568601500e-01 1.578376748952723951e-01 3.003555389740293347e-01 3.018288910267931113e-01
2.425692891945664953e-01 4.828504941346085655e-01 1.946580829451753369e-01 3.015777517148702236e-01 3.133865276995959626e-01
-3.343071884954292028e-02 5.754383247313246338e-03 -8.649109108797578896e-03 4.000139249608499446e-03 -1.443368071550444470e-02
7.120120697279863631e-01 4.920726898799835380e-01 8.570916980191531920e-01 7.304062893500313791e-01 6.761740731811701766e-01
2.156452665140313196e-01 4.381600161458794607e-01 1.383877737813498099e-01 1.257651087364760889e-01 1.373387866405615942e-01
2.103467068739592327e-01 3.767487989582469776e-01 1.374469011665729878e-01 1.332487797246702521e-01 1.277429062474391419e-01
2.172349998853464748e-01 4.101911282952641069e-01 1.355904003339082897e-01 1.354588403348443160e-01 1.230537422379554685e-01
2.568037282752665407e-01 4.750593687315279867e-01 1.915854701251471226e-01 2.719008900928888695e-01 3.105353205611445788e-01
8.413758586084425783e-02 1.160447313944667769e-01 4.297444258239978276e-02 1.651093810679240548e-01 1.771884407471794320e-01
7.396404587151766963e-02 1.159286255668176280e-01 1.641663998693153673e-02 1.863624229997345449e-01 2.026763454799083986e-01
8.404416140040389394e-01 5.983934439048347320e-01 8.721311323050704445e-01 8.804944622790553677e-01 8.531557210715868811e-01
2.590619397516378819e-01 5.064138599890914971e-01 1.421957295444924996e-01 2.941614206245976582e-01 3.183946871060875372e-01
1.030118827646411939e+00 1.007401339481810876e+00 1.002425467300213535e+00 9.945171882183846401e-01 9.686933224873928161e-01
7.049104367664679183e-01 4.984318733905616639e-01 8.561321976907249054e-01 6.953529686528053810e-01 6.851382391169187347e-01
8.140030942973647266e-01 5.941507060437900556e-01 8.644582168563140767e-01 8.968148020948999433e-01 8.538997115000470650e-01
8.224758974670987044e-01 5.694733603688828527e-01 8.463581677412240767e-01 9.122757569901315255e-01 8.653439379983856039e-01
-9.299298805474937729e-03 2.009718352880504599e-02 -1.376333328223868641e-02 1.020832455318865760e-02 -1.399423406763735701e-02
7.325003314277476196e-01 5.040367768603415399e-01 8.642949435969439209e-01 7.412266997470844387e-01 6.794302184711036308e-01
