8.267057958208237078e-01 6.563293809666245204e-01 7.417617069443596112e-01 7.160970359669380780e-01 7.931541164647418762e-01 6.693724815550211593e-01 8.726073931644008352e-01 7.306000716481512169e-01 5.316616535157017154e-01 5.057184548211713926e-01
1.000000000000000000e+00 1.000000000000000000e+00 9.822424134833084297e-01 1.000000000000000000e+00 1.000000000000000000e+00 1.000000000000000000e+00 9.718362451383205647e-01 9.448001580907791075e-01 8.810664402733734413e-01 1.000000000000000000e+00
4.282947551057668667e-01 4.259068441271599559e-01 4.155823525088596648e-01 4.719323732157261753e-01 5.570754299014001321e-01 3.479199710160295611e-01 2.678573730724302382e-01 4.215270919629269253e-01 7.351289822107884842e-01 6.394669112227082675e-01
3.442644962477787174e-01 1.658184329950151137e-01 4.614134900821900698e-02 1.624213733653832037e-01 3.227686421539989192e-01 1.814333527714052929e-01 1.212111013538139936e-01 1.759489914666294841e-01 1.892479578474662028e-01 9.758150966322902409e-02
8.438107518849935484e-02 0.000000000000000000e+00 0.000000000000000000e+00 0.000000000000000000e+00 0.000000000000000000e+00 0.000000000000000000e+00 0.000000000000000000e+00 0.000000000000000000e+00 0.000000000000000000e+00 0.000000000000000000e+00
1.251161486812777668e-01 3.448911829076660163e-01 3.567735182065661648e-01 3.438492911634603577e-01 1.900791458985666149e-01 2.456125632909572087e-01 1.100574359619423681e-01 1.580310978272341793e-01 4.873047100358342543e-01 6.058727095339411228e-01
1.884940468740130270e-02 0.000000000000000000e+00 0.000000000000000000e+00 0.000000000000000000e+00 0.000000000000000000e+00 3.383174297621164422e-02 0.000000000000000000e+00 3.266196907682700993e-03 4.668325627254844845e-02 4.627234168567606609e-02
1.697572052815434218e-01 3.267167898112388613e-01 3.912420227847370757e-01 3.142644792300525181e-01 2.171016846829098845e-01 3.195857554204760143e-01 1.199445692581691675e-01 1.688090361895100422e-01 4.220434958059429142e-01 5.555642568507346279e-01
5.613607573422730868e-01 4.567629239363161231e-01 5.100914192147905091e-01 5.072233484298519501e-01 4.247336742947677157e-01 6.088803083117895198e-01 6.634262341605591251e-01 6.588972840459954572e-01 3.209045337605506698e-01 3.589725892107447081e-01
8.944962380603458385e-01 6.495225373680260095e-01 5.792987159536713282e-01 6.537987668097366978e-01 7.384266321798577115e-01 5.971325546037886678e-01 9.159895498718437779e-01 8.872666469246963672e-01 5.063070147626403950e-01 5.079029315075873630e-01
2.942208650342947873e-01 2.074708208126268272e-01 1.166595183765003207e-01 3.980830084467898433e-02 2.827852334577011240e-01 1.258174625782478295e-01 1.088621892419379122e-01 2.190170450152682524e-01 1.686160349749221410e-01 2.081722099820866589e-01
2.582865892422487875e-01 1.012513671130866599e-01 1.624319309674551182e-01 2.755739641264053075e-02 4.478092012488331108e-01 1.128689660244991677e-01 1.534487397559245736e-01 1.462553197600303390e-01 1.914600641292584504e-01 1.814273508625384723e-01
4.968331261919904374e-01 5.419369575022641161e-01 5.615477788321909802e-01 5.812857028144008398e-01 4.225889478011770617e-01 5.667506905348723700e-01 7.374769013525018790e-01 6.443749455693337236e-01 4.303051424202493092e-01 2.490187256057154463e-01
3.700825142452177086e-01 1.639175004626728938e-01 1.942876323462593702e-01 1.257728512704441581e-01 2.720216602704498277e-01 0.000000000000000000e+00 1.979970481754888822e-01 9.098765963018795588e-02 2.002115955818073167e-01 1.784610203063083933e-01
9.589999329113323423e-01 1.000000000000000000e+00 9.301333022360509517e-01 9.557737743680765341e-01 9.756899556404459162e-01 9.822448689598139993e-01 1.000000000000000000e+00 9.159257277133593389e-01 9.241501676467188675e-01 1.000000000000000000e+00
4.118981590140415316e-01 4.130015420090019651e-01 3.776657769898689732e-01 4.391275308437265767e-01 5.860007641706836967e-01 3.837729307880021201e-01 3.577984755958025231e-01 4.373474399006219149e-01 6.491850411915648378e-01 6.740208659075064279e-01
4.692632492389510745e-01 5.166836427215337757e-01 4.664118400088576033e-01 5.509106452762614348e-01 6.209101414245332684e-01 3.374310594604891245e-01 2.260555843540186238e-01 4.399234734880525521e-01 7.184159180971450009e-01 6.716733204142341096e-01
6.136646773859960602e-01 5.772864706947206104e-01 6.086355987997554839e-01 4.778599369905833227e-01 4.469697311247848304e-01 6.062444620064008083e-01 7.422416223062686669e-01 6.190192134295862125e-01 3.085218182097874129e-01 3.537244021172881170e-01
2.775099946889573732e-01 1.237740474626224801e-01 1.023383564953319613e-01 1.008746808184133037e-01 3.395772238735929593e-01 1.101268299739507905e-01 9.819443387417003954e-02 2.215426260493796873e-01 2.052475462255463345e-01 1.167945312504614364e-01
1.781455503065761392e-01 4.071142015983403306e-01 3.614010387505806055e-01 4.371281608995488677e-01 2.076934788691536526e-01 3.845447857701026484e-01 1.515768804452830021e-01 2.270845701239181669e-01 4.193458094996606600e-01 5.458599516666855500e-01
3.479615162791040439e-01 9.178702177069823775e-02 5.118368155542843412e-02 1.112107175964301697e-01 4.332625372704032030e-01 3.016860061812289689e-02 8.869162564393404113e-02 1.023006865522948228e-01 2.906826596802972174e-01 2.236690391323006011e-01
1.439265531382906693e-01 4.104010751997153039e-01 2.739821907953584046e-01 4.194782169254548387e-01 2.519156220074356134e-01 4.299781057236565784e-01 1.724576150757356208e-01 1.457104186258630918e-01 4.723916102147218132e-01 4.723707657713143160e-01
1.000000000000000000e+00 9.350470561335855191e-01 1.000000000000000000e+00 9.971361541254735172e-01 9.656060420880766548e-01 9.276930679241996991e-01 9.966946667004333849e-01 9.738984758451688650e-01 9.781095613700541147e-01 9.989113517918203344e-01
4.410902680662835418e-01 4.610243420678358239e-01 4.621602006181660394e-01 4.341771510781980981e-01 5.302340361214895603e-01 4.369575431489230444e-01 3.186547435251804172e-01 4.180034667574017426e-01 5.997969531582912905e-01 8.270103682445726356e-01
2.796525816155334132e-01 2.467388341410607644e-01 1.551577255834059865e-01 9.643822402300725183e-02 3.470022057166040619e-01 3.550512097290256519e-02 1.201611311073923910e-01 2.080513138759208513e-01 2.299934931078299327e-01 1.026500345766139105e-01
3.645358957173309711e-01 1.110924447436532486e-01 1.492128192479731663e-01 2.199940587858737473e-01 3.214835982181257212e-01 8.042582880366838660e-02 2.030934506071958023e-01 1.857402465344856757e-01 1.914270785760572580e-01 1.240091103730643629e-01
7.257436961638082940e-01 9.166230837679274490e-01 7.972510686475897668e-01 7.959243905786316242e-01 6.872597400213529273e-01 8.301283825673599903e-01 8.355177539702742795e-01 8.434475673358905468e-01 6.600720744074919377e-01 8.413885993118861428e-01
3.483557572950494730e-01 5.173351029684719604e-02 2.464637420188171835e-01 1.881818179802872137e-01 3.242564599341765663e-01 0.000000000000000000e+00 2.021758522295335481e-01 2.012145297375101671e-01 3.102637388392176510e-01 1.819829516953366255e-01
8.869175441769294732e-02 8.860543991267356631e-03 4.003404347255887924e-02 0.000000000000000000e+00 0.000000000000000000e+00 0.000000000000000000e+00 0.000000000000000000e+00 0.000000000000000000e+00 0.000000000000000000e+00 8.603169564837710379e-03
4.135024418932569112e-01 4.740041434547933585e-01 3.586784009903769554e-01 4.515895687516441326e-01 4.587657332925164089e-01 3.271887878415115081e-01 2.374929187279391507e-01 3.256637470573048865e-01 5.934127544138296795e-01 6.185165986751526290e-01
3.644951224779954813e-01 4.280084554327983071e-01 4.867669331681560019e-01 5.601355612292912012e-01 5.292743835167132982e-01 3.757089284543860819e-01 3.037318927170098437e-01 4.137541934176399150e-01 7.125851239519667146e-01 6.783934616154978503e-01
1.143563286222620823e-01 2.978173767351620649e-01 2.744902179511430340e-01 3.719496028200773852e-01 2.446424603505992224e-01 4.613166476008608852e-01 8.927852652451059856e-02 1.394779443183497558e-01 3.544509548112293462e-01 4.213046036874166234e-01
4.825094843213394435e-01 3.855892401839293715e-01 3.494611539578285075e-01 4.033800959147517129e-01 5.707256816903272245e-01 4.356748628130984735e-01 2.537335999071687609e-01 3.981548658920299189e-01 6.179971534148985812e-01 7.343526623794586206e-01
9.775734712583719066e-01 1.000000000000000000e+00 9.997066281734168225e-01 1.000000000000000000e+00 9.857660375976149414e-01 1.000000000000000000e+00 1.000000000000000000e+00 1.000000000000000000e+00 9.299280738412899483e-01 1.000000000000000000e+00
8.366164048791329133e-01 5.831778528962178187e-01 6.411704980218260186e-01 6.674925229149517580e-01 7.910561046077333458e-01 5.886892012169356869e-01 8.005246314372163052e-01 7.626995681083017509e-01 5.207231819344734225e-01 4.911600547527735783e-01
1.000000000000000000e+00 1.000000000000000000e+00 9.023701369279275575e-01 9.501833519860767296e-01 1.000000000000000000e+00 1.000000000000000000e+00 1.000000000000000000e+00 9.140474376297207382e-01 9.667118442537329104e-01 1.000000000000000000e+00
2.231537112515311616e-01 1.159675156222956527e-01 1.928174546452245119e-01 1.577058258651264366e-01 3.443396896519759776e-01 2.319396572619544794e-02 1.153068394542251796e-01 1.925258700456944083e-01 1.870068137173532818e-01 2.212298083456704645e-01
1.000000000000000000e+00 1.000000000000000000e+00 1.000000000000000000e+00 9.315492318082132517e-01 9.770551256489149461e-01 8.986796083540087299e-01 9.891036948841729348e-01 9.485680891914690660e-01 1.000000000000000000e+00 9.728114771253032478e-01
8.686487140203371649e-01 6.490848739383435761e-01 7.633457279174099552e-01 6.846833302194870186e-01 8.315707051794095639e-01 6.392264057136686217e-01 8.701002665610756415e-01 8.342294664594410714e-01 4.487620362149855047e-01 5.077373431418740202e-01
8.528787445537315826e-01 6.502537994728081472e-01 6.558503120917424933e-01 6.258771512151654060e-01 7.503126080262659814e-01 5.822168169558693540e-01 9.867443726731356390e-01 6.776364643846616298e-01 5.352767487853944406e-01 5.019735625992804984e-01
4.504552141317847425e-01 4.746028643729147678e-01 4.200869594922969630e-01 4.272596076155520950e-01 5.680199919524924201e-01 3.636895671054172219e-01 2.972556227993430333e-01 4.446812146419218958e-01 6.972382363037344932e-01 7.561666849252312028e-01
5.910710173710475024e-01 5.741018773770721895e-01 4.878622366639956964e-01 5.249899886793552017e-01 4.580058034198030703e-01 5.629208409024416548e-01 7.381119400193331126e-01 5.650207041184974743e-01 2.708994508947961677e-01 3.705949781654174768e-01
7.866956723506712823e-01 6.121425078813128584e-01 6.828576994321435834e-01 6.465186381123896320e-01 8.515829864024053730e-01 5.726920164614837105e-01 8.209968459781461503e-01 6.311830195362126972e-01 5.527021279394720432e-01 5.748000399454802345e-01
1.751861434158023811e-01 3.783257137226621047e-01 3.184561547215147836e-01 4.383609230473239360e-01 2.256456474922810540e-01 3.093347120047653109e-01 9.034734648931942724e-02 1.858518067046457944e-01 4.012261787603464969e-01 5.111091667244314074e-01
2.622417817309418697e-01 7.318458922615644902e-02 1.674445883298762983e-01 4.590904885697472126e-02 3.693102530353502555e-01 3.806076329886480536e-02 2.074792208006863425e-01 2.250266276201692839e-01 3.429059934418928202e-01 2.356247632661405966e-01
5.706612556671228909e-01 5.896930026079983955e-01 5.663363973146419150e-01 5.767992619077327854e-01 3.187062545285546666e-01 5.557917778217031923e-01 7.366700897762634703e-01 6.161299229462356974e-01 3.159442103465123775e-01 2.532509853237834840e-01
6.460230497184062948e-01 6.258112895922134378e-01 4.797250023470213121e-01 4.647914520036218744e-01 4.679992889572026638e-01 5.976758838696608622e-01 7.539566472424615862e-01 6.378826777708166418e-01 3.327787094879412488e-01 4.358937782884220180e-01
3.391975979041415568e-01 1.060716017494311991e-01 2.039811505241330980e-01 0.000000000000000000e+00 3.526446862174216768e-01 7.331651731787247606e-02 2.043220818167634789e-01 2.164441250197558786e-01 1.795218451507317181e-01 1.264904643639193915e-01
9.485519470638670292e-01 1.000000000000000000e+00 1.000000000000000000e+00 9.476523330232714537e-01 9.707770865539188110e-01 9.679159125160385901e-01 9.414630802478446414e-01 9.977752909773970336e-01 1.000000000000000000e+00 1.000000000000000000e+00
5.328038143448716735e-01 6.177208727674121658e-01 5.340121679091992535e-01 5.096284996342925755e-01 4.073498318926618844e-01 5.809484368745350125e-01 7.710939267555279031e-01 5.816083663910391888e-01 2.858314732112680057e-01 3.598594656922926571e-01
1.836945271249607048e-01 5.221123369582671980e-01 2.934643315508694283e-01 3.245150442211206521e-01 1.492782155229971930e-01 3.932125307705836015e-01 1.312558369639271194e-01 2.198330743179357505e-01 4.545721983348569584e-01 5.340409248522101082e-01
1.253240097433437894e-01 3.801569319249040735e-01 4.263913520295000703e-01 3.635035569992896010e-01 3.203766048601158767e-01 4.294013359067426761e-01 1.468796893946841542e-01 2.737935271864713749e-01 5.102388829434292283e-01 5.240474961409125054e-01
7.995025902724470779e-01 6.573890573608961452e-01 7.354554758422086058e-01 6.733097130857272905e-01 8.441978646971106670e-01 6.533258545012776697e-01 9.015126149624205221e-01 7.609267231059682057e-01 5.197601755791092515e-01 4.798527717655095004e-01
1.180625315506010076e-01 3.330395176082701081e-01 2.869123130590269244e-01 4.363988687598115979e-01 2.093407821374139166e-01 3.119063855880889746e-01 1.590391223516513797e-01 1.795569009255441051e-01 5.094106679695123985e-01 4.714851396551141272e-01
9.433794921540008538e-01 1.000000000000000000e+00 9.189733960074605301e-01 9.917666839445794524e-01 9.367494284936321858e-01 1.000000000000000000e+00 9.992098816308995213e-01 1.000000000000000000e+00 1.000000000000000000e+00 9.711276422840056100e-01
1.059895169387281288e-01 3.557405341661479259e-01 3.437550681090946747e-01 4.875485791482583320e-01 1.938878464433972104e-01 2.964896004115036288e-01 6.996046172944585251e-02 3.181751350936459222e-01 3.227938082488089333e-01 4.455280281485949900e-01
2.913236492771886232e-01 9.816129523540567670e-02 1.861097339304580434e-01 9.167321945308423703e-02 3.719115791383462710e-01 6.681223468003985588e-02 1.579176892220533202e-01 1.846348430406278274e-01 1.930212841986507499e-01 1.762102453226783993e-01
8.274130038132582188e-01 6.104277044745024527e-01 6.070284840550282945e-01 5.404007881239877298e-01 8.121734836160191540e-01 6.225475820753815226e-01 8.925738728368063368e-01 8.322906394449255396e-01 5.675584778267759312e-01 4.926823263225003080e-01
5.524828608285954346e-01 5.904140366937161710e-01 5.762020134699251672e-01 4.956432507722535741e-01 3.674372463792389687e-01 5.544249981540679828e-01 6.891705288916231131e-01 6.649213249534349224e-01 3.071166801264778035e-01 3.103368250029169273e-01
5.711128027512223371e-01 8.411748795847308058e-01 8.883856560282328285e-01 8.487633974561097361e-01 6.182945516616991100e-01 8.734832246191248650e-01 7.927222954810806410e-01 8.704481888112738375e-01 8.100531416001537366e-01 7.756089347491526009e-01
9.918174985829949497e-01 9.408748664890954627e-01 9.735374687535629512e-01 9.104977927348861799e-01 9.807637412876697436e-01 9.947766978058820708e-01 9.893545422434441017e-01 9.587741905349560501e-01 9.706440490366921026e-01 9.870662853754184063e-01
7.456714675102832368e-01 8.547488966016196787e-01 8.324054613650723189e-01 8.649672154301296656e-01 7.457931796598511465e-01 1.000000000000000000e+00 8.975173074975717480e-01 8.542124684721830175e-01 8.229101585303832955e-01 8.840420621344298180e-01
2.507845339546643793e-01 6.414209623890798628e-02 1.460306311435651538e-01 5.963266264288069607e-02 3.853684679503944222e-01 4.138544183335388094e-02 2.211451406248504392e-01 1.648608292625927674e-01 2.268494507474252964e-01 1.890054192430106472e-01
1.755723655472217135e-02 4.123062748402557542e-02 6.985481553241051911e-02 0.000000000000000000e+00 0.000000000000000000e+00 0.000000000000000000e+00 8.248331310856425735e-02 0.000000000000000000e+00 2.304290620228388944e-02 0.000000000000000000e+00
5.576197242763033524e-01 5.258602602995593456e-01 4.613133874686976554e-01 4.441236517954538776e-01 4.312869103792403846e-01 5.803161675544949993e-01 8.205017394170813771e-01 5.814450571348224184e-01 3.422995617134642621e-01 3.170538447748249555e-01
5.740109332317457902e-01 5.888638417425366978e-01 4.712032501205359880e-01 4.723163760064460481e-01 4.308921852954319953e-01 5.724010069807655698e-01 7.120033531775009639e-01 6.771660753808232958e-01 3.030139709656130553e-01 3.210271342839019493e-01
2.376426586197664670e-01 3.535802849968339712e-01 3.756873881477849619e-01 3.609541926767694808e-01 1.390070821509359622e-01 4.146271670607448168e-01 1.094436119274833918e-01 1.693467825430259865e-01 4.749571377523009730e-01 5.388207732320066112e-01
5.563423150952544471e-01 5.110934316413141554e-01 5.294780150390807627e-01 4.886266783630575650e-01 5.132871740510080993e-01 6.442198461965668033e-01 7.492500897750609123e-01 5.794203106335575892e-01 3.865169733197776347e-01 2.319952841451166092e-01
5.106965426350880133e-01 5.717252936574174216e-01 4.705827311345207598e-01 5.158932048444826446e-01 4.095099306918792981e-01 6.442555165172467735e-01 7.487306267931804760e-01 5.653295334268801930e-01 3.283975237455584173e-01 2.397508385501457284e-01
8.273659097312768829e-01 8.641195007620394719e-01 8.194281949910175999e-01 8.434201997417671848e-01 7.184090621789688269e-01 9.142004959721441448e-01 8.748346161211861816e-01 8.157671859757736899e-01 7.955519994475072076e-01 8.819865452303055076e-01
0.000000000000000000e+00 2.154545394363176908e-02 8.019211123620122172e-02 0.000000000000000000e+00 0.000000000000000000e+00 0.000000000000000000e+00 0.000000000000000000e+00 7.508597486354436079e-02 9.976519865896489592e-02 8.110330959742923819e-04
8.573077480617128376e-01 6.289855463484337328e-01 6.115953043212609685e-01 6.317194168641463436e-01 8.107807153736584782e-01 7.167788115645001845e-01 9.068949140311995949e-01 8.168419163563316321e-01 6.079632964638506110e-01 4.484121301356160938e-01
6.865024453637917912e-01 8.606242849336788181e-01 9.112271837491190407e-01 9.410839421997980736e-01 6.318823891223438460e-01 7.917267004708588019e-01 8.680876628792449923e-01 7.760914003762590108e-01 8.038825441369297220e-01 9.302660376243172546e-01
5.917412460115410999e-01 5.551311854813695268e-01 6.164419324943298806e-01 4.824699837502744448e-01 4.693445700451989167e-01 6.300543433446162966e-01 6.092656218670075008e-01 6.752100995787239102e-01 3.521559139153320195e-01 3.097962128564420436e-01
5.720476769471349865e-01 5.524169690345136496e-01 5.757957878677738561e-01 6.159428694551868366e-01 4.299094499105589051e-01 6.556964812391256059e-01 7.618002713379040669e-01 6.109185073373274433e-01 2.661396065983276937e-01 2.744351376980486701e-01
9.563711806029699947e-01 9.804850376395797262e-01 9.943538455132205911e-01 9.173958662869624581e-01 9.812418565946988691e-01 8.986613516893414699e-01 1.000000000000000000e+00 1.000000000000000000e+00 9.208437164353509008e-01 1.000000000000000000e+00
1.000000000000000000e+00 1.000000000000000000e+00 9.277091656324170099e-01 1.000000000000000000e+00 1.000000000000000000e+00 1.000000000000000000e+00 1.000000000000000000e+00 1.000000000000000000e+00 9.937330390543567260e-01 1.000000000000000000e+00
9.687141427796441828e-02 3.132477249613515036e-01 4.036014517749531572e-01 3.677163605718792305e-01 1.642825056711732234e-01 3.423238391198850095e-01 1.679055664546300619e-01 2.101804882119999718e-01 4.518202268198463489e-01 5.678642098789655757e-01
3.505035670500367684e-01 1.908999236592769100e-01 7.080742297982506317e-02 9.068378362668841342e-02 3.670585452272080995e-01 0.000000000000000000e+00 6.244910925412314184e-02 2.014108942743826902e-01 2.340046290265736240e-01 1.326167204215416007e-01
1.470057617953958728e-01 3.661446838329471265e-01 2.808887401771226200e-01 4.082188812878146944e-01 1.879240117073929794e-01 3.021211193279429996e-01 1.331059108529100976e-01 1.516744490251768218e-01 5.334472461826164080e-01 5.153720021648533489e-01
6.527003476505969237e-01 5.429877206041997528e-01 5.686143066527660217e-01 5.749500765311515993e-01 3.679665385672451494e-01 6.124116605684037928e-01 8.464892035068464216e-01 5.262528737536961154e-01 3.041766043349322102e-01 2.916807282219855968e-01
6.012290735587603185e-01 5.463851766797280796e-01 5.979622458482285463e-01 5.377119374438921184e-01 4.748970801198842406e-01 6.090638536715491380e-01 6.644650870184796165e-01 6.261295222498715063e-01 3.578890253940691935e-01 2.596499969016752840e-01
3.143113647663139387e-01 1.001471805845621094e-01 1.454685338244015025e-01 1.619380299841477744e-01 3.970443378564076364e-01 5.410999288663870255e-02 9.171887819681111276e-02 1.402643739955702906e-01 1.758374683238494995e-01 2.710945799410764412e-01
8.667746064330721367e-01 6.187808142850524940e-01 7.583528925149646271e-01 6.428971905442841805e-01 8.558731423468576294e-01 6.433315214012018668e-01 8.378376324707804690e-01 8.496042274636977920e-01 4.995290293279504024e-01 5.699903621406441356e-01
6.370170831839234715e-01 5.565026928897215397e-01 6.287669096134538282e-01 5.304187268250384335e-01 4.206760121510954575e-01 5.690948810323824825e-01 6.860203286804535949e-01 6.179993873315425823e-01 3.646741137988583903e-01 3.245486023600291370e-01
7.037603923424144703e-02 3.916871979853644437e-01 3.087526023996175484e-01 4.463558792832003075e-01 1.425658642054090097e-01 3.150460657688197719e-01 1.046447066294223377e-01 1.613718448166448771e-01 4.869213199896310074e-01 4.377478878259024597e-01
8.268093522584929467e-01 7.252697075907069690e-01 6.842087843205771902e-01 6.207354416734853775e-01 7.455409187448326369e-01 6.507207575513191955e-01 9.198087986673399996e-01 7.930147312198772003e-01 5.188713159905029570e-01 4.424160006720226912e-01
8.004359695607563552e-01 6.300002631099095307e-01 6.944451898208480189e-01 6.442100070539726886e-01 8.604542893940444470e-01 7.162061382051310154e-01 8.980195621404392092e-01 8.478543212087398251e-01 4.417964884566372707e-01 5.847940510011491178e-01
2.262928106513769078e-01 3.070389905489253612e-01 3.165142330249739455e-01 3.247094815173035554e-01 2.043421502691910308e-01 3.138561341325832310e-01 4.828310728214524339e-02 2.203341262836137904e-01 4.812708937082911809e-01 4.514525327850802960e-01
1.801170492752509622e-01 3.976783928913383281e-01 2.340124106878001542e-01 3.227935332023517123e-01 2.146222866996593259e-01 3.488475007313212584e-01 5.920837343955515086e-02 1.859797669779729434e-01 4.375778101061098546e-01 5.787431556035299574e-01
4.416812865977057939e-02 2.429322886829345107e-02 0.000000000000000000e+00 3.361480843890196635e-02 2.011526308509982777e-02 0.000000000000000000e+00 1.627928221034439030e-02 8.807425291675599274e-03 8.231286204513317550e-02 0.000000000000000000e+00
4.510871842407374044e-01 4.861021426151679869e-01 4.600710151435019046e-01 5.604919067228705254e-01 4.925175546507442048e-01 5.643256206962162791e-01 7.782131883843018683e-01 5.571590290989361094e-01 2.964171130470701354e-01 3.742692302868055321e-01
1.737010703341151652e-01 3.574269180978982274e-01 3.234682737765303684e-01 4.034729818132266055e-01 2.158189953759918067e-01 3.456714516386231728e-01 1.072747766648909085e-01 2.173993484003804433e-01 3.686411196808704882e-01 5.303827676941873515e-01
9.195159688073166748e-01 5.628236640999946250e-01 6.573563141380062147e-01 6.465062408634105751e-01 7.745530752885124715e-01 7.297797577677226366e-01 1.000000000000000000e+00 8.861496256902119395e-01 4.898657963031186613e-01 4.567489484102490449e-01
8.788710526115969812e-02 2.916553075346274559e-02 3.317571539619394022e-02 2.508694666697849907e-02 3.556447070665387511e-02 0.000000000000000000e+00 0.000000000000000000e+00 3.513777512373727346e-02 0.000000000000000000e+00 0.000000000000000000e+00
1.915976947831279573e-02 0.000000000000000000e+00 3.757460870952383791e-03 0.000000000000000000e+00 6.388507407387560011e-02 9.652441175670658678e-04 4.105724727000475971e-02 2.997500928307449131e-02 0.000000000000000000e+00 0.000000000000000000e+00
1.547583881311273557e-01 3.658244829093375561e-01 3.657765190626828256e-01 3.008180913621302244e-01 2.103123479097175896e-01 3.772589956167927139e-01 1.255959306628820771e-01 2.227907663171704855e-01 4.766186391209646933e-01 4.497717833009360344e-01
1.477783190494603438e-01 4.285674247313793761e-01 3.935106677983501999e-01 3.125959073998184068e-01 1.842338277778597933e-01 3.345653437517450701e-01 0.000000000000000000e+00 2.489414670305292177e-01 5.002366682808089271e-01 5.030571760818223215e-01
5.733771331795869952e-02 2.393263562711703957e-02 8.358327841137042080e-02 0.000000000000000000e+00 0.000000000000000000e+00 4.349649871197815154e-02 3.795277690873205545e-02 0.000000000000000000e+00 0.000000000000000000e+00 4.641882860757173823e-02
6.095167122524595277e-02 1.890455947217493937e-02 0.000000000000000000e+00 6.415597390835829639e-02 5.633522063585053204e-03 6.221235803744087911e-02 0.000000000000000000e+00 2.847104186161358852e-02 0.000000000000000000e+00 0.000000000000000000e+00
1.000000000000000000e+00 9.782759579539495043e-01 1.000000000000000000e+00 1.000000000000000000e+00 1.000000000000000000e+00 9.914743211087484465e-01 9.689731158633382302e-01 9.917358547208758868e-01 1.000000000000000000e+00 9.371357205617059094e-01
1.035296636640533618e-01 4.338908098799110213e-01 3.478869930026866064e-01 4.070955804085356067e-01 1.378492504494611137e-01 3.218645216918702978e-01 6.099608372981761562e-02 2.099338951338505233e-01 5.395555721403678673e-01 4.847357634183637742e-01
4.400272806845426099e-01 4.393544796725459833e-01 5.210292633549862273e-01 4.380016630036294156e-01 5.565551204191592216e-01 4.080590182372842989e-01 2.784414687370546093e-01 4.112944430532305407e-01 6.699454073426335254e-01 7.473109511751933054e-01
3.240728759347312193e-01 7.632798573289961697e-02 1.746703585727590047e-01 1.287057287907630854e-01 3.628544369035905381e-01 5.859582343825205097e-02 1.678919664989721172e-01 1.326330809966304869e-01 1.788245551628849517e-01 2.005091904749100873e-01
1.000000000000000000e+00 1.000000000000000000e+00 9.837244424468819526e-01 1.000000000000000000e+00 9.820916333940281628e-01 1.000000000000000000e+00 9.737423150769107805e-01 9.647712113827037195e-01 9.374284839802329294e-01 9.795130551639621430e-01
6.194890343301371338e-01 6.346336397458683942e-01 4.854806020718601678e-01 5.490853032109103138e-01 4.074312082098042742e-01 6.240178865445450418e-01 7.503572239697678947e-01 5.575444187323781442e-01 3.589855646433947056e-01 3.074476920611420860e-01
1.923785474439631063e-02 1.558132481812148779e-02 0.000000000000000000e+00 0.000000000000000000e+00 5.265946958750546136e-02 0.000000000000000000e+00 1.219645460229201728e-02 7.970168300817492835e-02 0.000000000000000000e+00 5.580671830554601379e-03
0.000000000000000000e+00 0.000000000000000000e+00 0.000000000000000000e+00 3.977381556921791295e-02 1.447768412804968999e-02 0.000000000000000000e+00 0.000000000000000000e+00 1.464256185688759442e-03 2.927126992428918939e-02 0.000000000000000000e+00
7.466420032547709251e-01 5.913610041177863597e-01 6.689515916017976238e-01 5.768008966437652152e-01 8.332154505325380933e-01 6.633994540192513778e-01 9.137634964416269101e-01 8.344064135681849015e-01 4.350624186856410502e-01 4.729617863607909478e-01
2.409187911959509432e-01 3.594054298764087219e-01 2.536639043890012712e-01 3.629663028533127167e-01 2.529496644369390590e-01 3.278570970822881625e-01 1.168348291204377304e-01 1.857779015169847003e-01 4.823718437061751962e-01 4.508613591191236170e-01
9.091893726423611044e-01 6.235387182119579430e-01 6.355011056657836610e-01 6.339810825653809934e-01 8.295483324768377908e-01 6.908735987295209213e-01 8.554805370035871714e-01 8.110305166266297272e-01 4.840438864255264262e-01 4.657489738644385313e-01
5.763746993114490236e-01 5.233468264978267115e-01 5.589964887627513201e-01 5.196029192521846030e-01 4.736453655423501496e-01 5.041317242483493999e-01 6.880181412620738346e-01 6.228359949301122134e-01 2.928640021672677674e-01 3.214580075941842474e-01
9.916965285752896708e-01 9.868104615734765162e-01 1.000000000000000000e+00 1.000000000000000000e+00 1.000000000000000000e+00 8.878765950534155404e-01 9.149142359285609150e-01 9.514400482286664573e-01 1.000000000000000000e+00 1.000000000000000000e+00
4.376237427297037241e-01 5.001702208901244173e-01 4.453336840853976963e-01 4.131155454672002514e-01 5.493389471878451502e-01 5.050321299950297771e-01 2.979888530287684856e-01 3.984440946133468442e-01 6.429196444046361147e-01 6.904818117950797252e-01
5.760853894695684430e-01 5.187160133638638593e-01 5.813262484073699055e-01 6.053369472447769351e-01 3.933149899556540041e-01 5.740103818059527629e-01 7.331915458067252978e-01 5.601280626292771680e-01 2.759409720303430125e-01 3.698851853533989820e-01
1.000000000000000000e+00 1.000000000000000000e+00 1.000000000000000000e+00 1.000000000000000000e+00 1.000000000000000000e+00 9.331225964021226948e-01 1.000000000000000000e+00 9.830576976455959182e-01 9.808816529707864440e-01 8.867753631796106983e-01
4.962341086516876554e-01 4.884510940814135727e-01 4.939755902294255541e-01 5.390389812156480831e-01 6.115663135597539934e-01 3.916620472826662369e-01 2.424528334839841093e-01 3.839887470051985274e-01 6.047375870435200973e-01 7.067199849562453284e-01
8.319654837830732230e-01 6.662635605571524122e-01 6.461619688081411406e-01 5.301941917106772761e-01 7.481122716703574316e-01 6.792580027472256976e-01 9.120917888952415620e-01 7.389282205546769955e-01 5.430764959801220870e-01 4.920342494489276519e-01
3.701418446779343729e-01 7.735775657554863627e-02 1.516219283494572856e-01 2.813901210738399550e-02 3.750555262063050010e-01 7.403636535595517487e-02 1.856678996059045461e-01 1.582762164925033965e-01 1.711875549854971756e-01 1.542061622429140855e-01
2.316374125014444840e-01 1.418184193870398735e-01 7.007179948319028351e-02 1.289364614188815428e-01 3.386969035866031486e-01 9.557903911002504915e-02 2.132259531587260837e-01 1.073095304869549349e-01 1.906115463017246381e-01 1.218172511456362406e-01
0.000000000000000000e+00 0.000000000000000000e+00 8.135574464674540096e-02 8.216176259546192906e-02 3.133571133480408250e-02 4.404672210409128069e-02 7.529349259622064583e-02 0.000000000000000000e+00 0.000000000000000000e+00 0.000000000000000000e+00
9.926832478480857036e-02 4.172754999149969612e-01 3.421416159753629671e-01 3.464158276001385039e-01 2.206792956347840007e-01 4.411371895956541778e-01 1.391639880181213540e-01 2.249611247848735951e-01 4.835460535171344776e-01 4.981450386369890015e-01
3.284201977676394768e-01 5.939832793147009626e-01 4.071216253481727554e-01 5.071912561784797102e-01 5.227413090536111584e-01 4.158585449968400516e-01 2.295387897552561840e-01 3.358309734880244313e-01 6.708610774650061170e-01 7.198155621907160739e-01
0.000000000000000000e+00 2.350338627824564985e-02 0.000000000000000000e+00 0.000000000000000000e+00 0.000000000000000000e+00 2.896632550152008004e-02 0.000000000000000000e+00 0.000000000000000000e+00 0.000000000000000000e+00 0.000000000000000000e+00
1.683265330705154550e-01 3.271639587053111753e-01 2.358990120430044524e-01 2.662048524922031589e-01 1.736264830101794665e-01 3.866151904458065003e-01 1.353665459796443704e-01 1.589170539604783383e-01 4.762446193335208577e-01 5.766226379050518602e-01
3.810899456267804464e-01 4.336632827957515590e-01 4.654634016527779417e-01 5.021863874111820447e-01 5.453051511996982459e-01 4.622508939149403417e-01 2.504977358436283330e-01 4.128732254205260688e-01 7.961784864041604459e-01 7.196642594237120383e-01
3.453949713288150258e-01 1.849977954870067887e-01 6.612239298869976301e-02 3.487801634725441746e-02 3.181651991058211393e-01 1.274729195407150739e-01 1.783338924945496451e-01 1.858104360025413515e-01 1.563402601177628359e-01 1.480853581554816001e-01
5.971723571601994518e-01 5.846721478476388789e-01 5.019429408870275111e-01 5.679578827609830238e-01 4.723495025712198259e-01 5.647975047392457260e-01 7.025598979820623091e-01 5.100383564747485998e-01 3.009401256137745340e-01 2.619993736257843486e-01
8.647407095208493599e-01 7.132040858148135376e-01 6.840641164170250255e-01 6.811830892398862414e-01 8.118527962787555063e-01 6.866171400576324135e-01 8.605759565772642672e-01 7.119295510604841670e-01 5.464368608624473600e-01 4.532152204783598815e-01
0.000000000000000000e+00 4.365261772435128501e-02 3.513442425086001769e-02 7.604745381433793139e-02 6.862806408179748796e-02 0.000000000000000000e+00 0.000000000000000000e+00 3.621046229019424939e-02 0.000000000000000000e+00 0.000000000000000000e+00
1.871887643894758202e-02 0.000000000000000000e+00 0.000000000000000000e+00 3.618066273815025158e-02 2.951552161035025934e-02 0.000000000000000000e+00 0.000000000000000000e+00 0.000000000000000000e+00 3.651602307754421226e-03 7.289505179148643432e-02
0.000000000000000000e+00 2.055399543770616844e-02 0.000000000000000000e+00 0.000000000000000000e+00 0.000000000000000000e+00 6.942418500658710523e-02 3.469774464237860429e-02 1.348966091904650090e-02 0.000000000000000000e+00 0.000000000000000000e+00
3.432182079945712005e-01 4.716915105693434418e-01 5.056490276012206575e-01 3.904880923121779590e-01 5.516912366065072071e-01 3.989445648109737896e-01 2.625275323420289131e-01 3.608177974747823757e-01 7.344460144470249530e-01 6.899548640921434606e-01
8.304899450645674142e-01 6.686215674923640107e-01 6.515949097679353264e-01 6.206556190031914388e-01 7.523796702236175138e-01 6.469532219184814803e-01 9.436336695180297385e-01 8.029878017608998997e-01 4.475825112685998253e-01 5.281442206892534852e-01
9.231661631158811776e-01 6.525918279068010364e-01 6.396422359442008876e-01 6.214103341034774575e-01 8.038827098126072324e-01 6.468595652844625343e-01 8.336070620868867298e-01 8.422546849877763364e-01 5.358906356773657231e-01 5.158556449093800733e-01
3.862896620740841058e-02 6.639716350904709130e-02 0.000000000000000000e+00 1.791969221156069006e-02 4.132794987662064684e-02 0.000000000000000000e+00 0.000000000000000000e+00 0.000000000000000000e+00 7.961344674294676405e-02 1.873632436277404209e-02
8.019932858453826530e-01 6.167255651750607193e-01 6.759406536586792802e-01 6.413263119908174659e-01 7.745403305026887786e-01 6.434727406019103979e-01 8.780031368031121497e-01 7.715948499684441853e-01 5.635773297794570702e-01 4.385645778394252625e-01
4.748797536884923898e-01 5.155143413647349515e-01 6.337351608002841363e-01 5.677978660553129053e-01 4.888707046552795976e-01 5.833509231489431013e-01 7.160749579317275959e-01 5.535577766789261389e-01 3.050116649257361701e-01 3.047408702807904990e-01
5.577562770060691122e-01 4.766040723089395303e-01 4.911026999349156208e-01 5.749232264242420953e-01 5.371829820829073787e-01 6.220367120110777970e-01 6.655531147937612246e-01 6.819666516501576847e-01 4.155018304606818980e-01 2.963302224670978924e-01
2.011967012027986446e-01 7.574544245514294727e-02 5.025173027838948647e-02 1.978239013971828941e-01 3.906986341933082474e-01 1.339349001873452877e-02 1.556483357450591520e-01 2.468586689233363829e-01 1.746950412793875085e-01 1.541081678804795130e-01
2.015563462310543119e-01 2.733522585590728582e-01 3.722785904024406567e-01 3.740247469604917052e-01 2.580443846823629039e-01 2.291894432831442785e-01 1.394100935641789663e-01 2.421812466154370791e-01 3.830002954087340372e-01 6.033001381738131164e-01
0.000000000000000000e+00 1.706659164323004116e-02 1.750266483501067630e-02 0.000000000000000000e+00 0.000000000000000000e+00 8.033061697338403362e-02 0.000000000000000000e+00 2.211185244952529327e-02 0.000000000000000000e+00 0.000000000000000000e+00
5.252000174938754595e-01 5.491110696559220461e-01 5.599277332097296611e-01 5.422544342768740311e-01 4.455715030776240537e-01 6.184752476074379945e-01 7.112016603063106013e-01 5.944022290109666207e-01 3.296553380950301149e-01 2.097077741846630761e-01
0.000000000000000000e+00 0.000000000000000000e+00 0.000000000000000000e+00 0.000000000000000000e+00 0.000000000000000000e+00 0.000000000000000000e+00 2.845066396563019837e-02 0.000000000000000000e+00 5.151589864750654585e-02 4.143842529023993027e-02
8.420459003740430326e-01 6.266753706689166536e-01 6.867549126464606024e-01 6.216388765554290430e-01 8.279921811418983202e-01 7.053646782402084314e-01 9.537132367768009766e-01 7.609540812569822732e-01 5.702029120926899175e-01 4.518575769630684968e-01
3.085960004482261043e-01 9.132067765990731223e-02 4.851978305724356788e-02 1.813534255323318023e-01 3.920106957646597445e-01 1.065471471284274857e-01 1.672994858688923447e-01 2.504666694284571893e-01 2.297831571827392005e-01 2.087594159730556398e-01
7.108348743613325249e-01 9.509074395391751144e-01 9.459068280698047504e-01 9.154007903307747052e-01 6.498092530636352393e-01 1.000000000000000000e+00 8.533464553079161963e-01 7.782774220684105515e-01 8.376997662758421948e-01 7.919511776277722293e-01
3.732508139923970125e-01 4.127054433724481886e-01 5.085822308745638898e-01 5.103558905980239979e-01 6.124341763116171178e-01 4.185442350353725804e-01 2.527626976074036080e-01 3.963437804183974067e-01 6.540215405551029759e-01 7.861574454772107812e-01
1.417186278480169204e-01 3.557087974317542645e-01 3.849354161621226789e-01 4.201630167215714695e-01 2.250576193433076466e-01 3.026531709606808951e-01 1.153739836964770282e-01 1.946673195028423009e-01 5.350352504217998906e-01 5.334458868258992181e-01
9.929306925536142137e-01 1.000000000000000000e+00 9.717034856046165014e-01 1.000000000000000000e+00 1.000000000000000000e+00 9.017512122828978960e-01 9.896446756182425419e-01 9.553886719194559785e-01 9.743670612328642067e-01 9.898264200775498400e-01
3.318954384424171455e-01 5.125567892611711251e-02 1.169633334808864999e-01 1.093212082742590074e-01 3.876265737405715228e-01 7.819751538272076696e-02 2.139680698994338437e-01 1.645011289120549280e-01 2.069114086194231428e-01 2.369365936465125944e-01
1.618855660875233582e-01 3.224218509186163595e-01 3.602513738037440016e-01 4.437522185602011948e-01 2.214920826159740563e-01 4.074421642651718800e-01 3.787646694509401446e-02 2.092792568209964621e-01 4.854333310065040985e-01 4.953915484289749260e-01
4.512679497875859425e-01 3.663003927036648788e-01 5.189495579637111167e-01 4.454419934673503056e-01 5.801100030894481563e-01 4.241691739440037190e-01 1.733310128435412711e-01 2.934191259922790396e-01 5.781096894616244430e-01 7.003227018354332145e-01
1.161410981954041910e-02 0.000000000000000000e+00 0.000000000000000000e+00 5.099698178673735260e-02 1.701105158922868246e-02 0.000000000000000000e+00 1.991725675119832006e-02 0.000000000000000000e+00 0.000000000000000000e+00 8.847452489576645290e-03
1.243283063446525977e-01 2.792903292790687719e-01 2.669801561913561772e-01 4.381437249548597590e-01 1.386595671204704505e-01 3.187220240756685197e-01 1.398792505184497104e-01 2.391800921644935685e-01 4.487018013755586510e-01 4.880144588591276977e-01
7.390769379928815441e-01 9.236647395634328683e-01 8.715764667878685978e-01 8.392814626921927257e-01 7.057871469395526898e-01 9.311012116612866762e-01 7.765369129470696130e-01 7.638318323274736477e-01 7.704027195548076579e-01 7.924692030576044877e-01
1.529888628246586502e-01 4.335007892447753086e-01 4.302046905728131865e-01 3.048274137645228254e-01 2.511777643041623320e-01 3.743085529076788931e-01 1.311740464109649174e-01 1.843976149323109937e-01 4.785715088191437316e-01 4.679188035802775425e-01
8.229122952744348796e-01 6.505459118092840054e-01 6.192068498817046018e-01 6.589827922789768255e-01 7.671021534557506127e-01 6.245804912065265890e-01 8.480863701362127971e-01 8.634016525034299283e-01 5.913502354121085158e-01 4.191447582433892038e-01
3.579395423207105686e-01 1.217027238622839097e-01 1.165890121868268930e-01 1.967208686659232819e-01 3.302984055914348072e-01 1.122611839163801667e-01 1.715451515934438009e-01 2.140882705119917795e-01 1.922680806856485458e-01 2.179716590967818446e-01
2.380408262032897293e-01 9.622242232845028276e-02 1.376209192714537011e-01 7.455408664489776571e-02 3.332856152156478124e-01 3.452794881262549742e-02 9.524997131333703959e-02 2.161314406323135984e-01 1.791462376390508815e-01 1.809457561432206707e-01
0.000000000000000000e+00 1.069227907498638414e-01 0.000000000000000000e+00 1.476316472441903177e-03 0.000000000000000000e+00 0.000000000000000000e+00 2.408185594111817915e-02 1.872459135795297505e-02 2.807502146696752316e-03 7.231063419162808226e-04
8.481507141210863354e-01 6.664596605623425152e-01 6.482369766306018688e-01 5.820982080209112786e-01 8.449748018806438887e-01 6.211521216227791076e-01 9.354342617507147573e-01 8.094272597505877131e-01 5.114515281187556051e-01 4.205271901990492167e-01
6.904437620142789278e-01 9.181740543471327287e-01 7.368624171685465019e-01 8.422956278638271677e-01 6.764254654986028292e-01 1.000000000000000000e+00 8.562358792811955999e-01 7.911079803008416178e-01 8.586641736314555295e-01 7.494913799159684809e-01
6.781113893569724882e-02 0.000000000000000000e+00 0.000000000000000000e+00 0.000000000000000000e+00 7.010357659823335773e-03 0.000000000000000000e+00 8.977905322030793611e-02 1.042674930031591007e-01 0.000000000000000000e+00 0.000000000000000000e+00
8.066607600432339487e-01 8.824185949740857016e-01 8.505981113078275868e-01 9.290476506946068191e-01 6.507420250911609694e-01 8.472613851339094726e-01 8.569944652553961317e-01 7.828162942767495913e-01 7.655679246032285334e-01 8.557679382445343430e-01
1.817342841369375406e-01 3.909812649418610286e-01 3.665527589478880799e-01 3.538257742407749928e-01 1.972608897631607516e-01 3.047384320407531821e-01 1.307584327466851104e-01 1.559265289277886046e-01 4.720692643660811538e-01 5.588641792427416766e-01
8.212071173794512902e-01 7.122510894425990724e-01 5.971718062879067812e-01 7.164791395641979532e-01 7.770835851136415062e-01 7.259519270007906977e-01 9.473626125201813908e-01 8.518267239844720118e-01 5.699436841240443918e-01 5.146753901740084292e-01
0.000000000000000000e+00 2.325848281362720166e-03 1.249313891639365279e-02 3.605974035696846852e-02 5.700575768981815117e-02 7.920053326831049886e-03 3.177722438916402714e-02 0.000000000000000000e+00 2.632647804087737131e-02 8.356445400399739945e-03
2.276308021105728219e-01 1.285307052878499889e-01 1.232149452075428642e-01 1.163046447611852663e-01 4.205790228776847273e-01 8.547733284829009404e-02 1.805871557759262114e-01 1.631869542920433847e-01 3.195269207359613395e-01 1.323722521131506791e-01
3.137062625239673275e-01 1.853764569481754498e-01 2.876718740880742642e-01 1.548539499587049395e-01 4.384726287239820164e-01 4.690517235364539961e-02 1.523299812076499560e-01 2.259291159461492560e-01 3.272368610908967801e-01 1.575803253099817558e-01
7.958435396021774633e-01 6.952136181588866037e-01 5.969899949865521416e-01 6.698496331638861268e-01 8.673266285509080298e-01 7.512336661441015861e-01 9.429344322800202738e-01 7.541691651435307175e-01 6.090389659576184167e-01 4.665705668434426134e-01
9.377152442384970588e-01 9.213395938532908946e-01 1.000000000000000000e+00 9.632198808257856903e-01 1.000000000000000000e+00 1.000000000000000000e+00 1.000000000000000000e+00 1.000000000000000000e+00 1.000000000000000000e+00 1.000000000000000000e+00
6.155772096770956159e-01 4.454142348027545495e-01 5.944317136803115575e-01 5.137150402668569926e-01 4.403538159184053336e-01 5.126598202323273679e-01 6.328974252479537821e-01 5.914034006408328548e-01 3.259935630776225057e-01 3.401439327718935868e-01
1.000000000000000000e+00 9.589980996682347936e-01 9.732859079303312067e-01 1.000000000000000000e+00 9.957120238167821435e-01 1.000000000000000000e+00 1.000000000000000000e+00 1.000000000000000000e+00 1.000000000000000000e+00 1.000000000000000000e+00
8.593322391130542304e-01 8.357047611393197961e-01 8.287633760153793050e-01 8.378789952315476297e-01 6.419005405388549246e-01 1.000000000000000000e+00 8.812009085241803152e-01 8.621549151253176113e-01 7.783907367784570486e-01 8.662807187302021816e-01
5.476774889724096429e-01 5.388285935079166755e-01 4.116084424732082692e-01 6.045003829406935258e-01 4.411768988467957842e-01 4.959393912561797513e-01 6.373136528837556325e-01 6.510110780560409705e-01 3.819411071930682300e-01 2.468969310087383573e-01
4.757036772320857865e-02 1.472474913205452929e-02 3.959412238107376525e-02 9.750992144111077231e-03 0.000000000000000000e+00 0.000000000000000000e+00 4.904618249524973946e-03 2.116535528432341925e-02 1.001033209221453309e-04 0.000000000000000000e+00
0.000000000000000000e+00 0.000000000000000000e+00 5.039349898838999670e-02 5.812464333233868796e-02 0.000000000000000000e+00 0.000000000000000000e+00 0.000000000000000000e+00 2.629140526819047710e-02 8.143253857608356849e-02 3.942784343285794801e-02
4.537058269138990463e-01 4.189894715028515959e-01 4.181238131278625092e-01 4.485638474804007902e-01 4.785214217134803327e-01 4.036812382437734992e-01 2.404072269991080757e-01 4.072716712208575007e-01 7.246638881071113536e-01 6.395615015221318700e-01
8.200433615940592169e-01 6.107942434377389151e-01 7.836447511506086094e-01 7.041300510051656802e-01 8.408184541883020335e-01 6.554781001455642908e-01 8.869574957208065102e-01 7.742225126154129722e-01 4.333918714866984989e-01 4.672983279117242095e-01
9.716432379411908959e-01 1.000000000000000000e+00 1.000000000000000000e+00 1.000000000000000000e+00 9.805531031637922945e-01 1.000000000000000000e+00 9.836124538923753935e-01 1.000000000000000000e+00 9.926993493970206472e-01 1.000000000000000000e+00
4.469848899245722484e-01 4.551018651767273493e-01 4.557450447520453030e-01 4.674316610877566891e-01 5.290389789304675849e-01 4.088425102206788564e-01 2.683343267797425602e-01 4.792483255050853930e-01 6.553696214525279728e-01 7.541326133236210261e-01
2.769897892827985486e-01 1.351120016642177180e-01 4.079386161678558165e-02 1.666805836790532791e-01 2.676689939139060836e-01 5.781331832445643637e-02 1.035349599878009619e-01 1.942232202475621672e-01 1.527698724117864670e-01 1.229863986504257795e-01
5.652491345668806400e-01 4.719434784958779772e-01 4.950021241366868163e-01 4.862068063197159118e-01 3.834224298899225891e-01 5.828894325294212697e-01 7.001143301821843856e-01 5.699669859567059182e-01 3.905277000059774739e-01 3.540833645974303390e-01
7.231748973105854850e-01 9.496180816992297880e-01 8.548874505759594955e-01 8.694198283619565260e-01 7.189315260364447235e-01 9.330843865735120035e-01 7.905077099026609488e-01 8.481673251131056634e-01 8.437180387173963680e-01 8.192961066710513496e-01
3.223348919585322658e-01 1.674884860964499511e-01 1.447475403558290130e-01 1.672066797096342095e-01 3.927052611983557484e-01 9.255707864729365020e-02 1.636557567245970346e-01 1.671137370323570459e-01 1.989911906027524158e-01 1.995786667760927058e-01
3.833595316081372939e-01 5.152772128326982282e-01 5.235174803242452768e-01 4.983649387767906114e-01 5.860704127495574012e-01 3.315181909669092652e-01 2.621738144515928237e-01 3.830173205369734046e-01 7.240545953252701672e-01 6.277551907215875859e-01
2.309487573406603378e-01 9.653212501744118379e-02 1.730108620026205579e-01 1.345033451236960220e-01 2.976610520982220232e-01 6.323433357782767827e-02 1.240256593001534957e-01 1.350208954057723620e-01 1.836899918869167592e-01 2.039560383015371903e-01
7.425030114737564135e-01 8.283819053016765466e-01 8.865155345098257866e-01 8.430238698943464115e-01 5.561941811012165449e-01 9.454384454116442349e-01 8.015312409079369260e-01 7.922108033162480467e-01 7.345369851257940175e-01 7.666414676261821270e-01
5.700839760199268857e-01 5.499976544234733700e-01 4.726115058397944990e-01 5.354563432769320341e-01 4.118861426716741159e-01 5.469247362150757574e-01 7.143630035108844423e-01 5.841407569644095910e-01 3.482450120208577804e-01 3.470853760095114482e-01
3.299443108728435797e-02 6.901430615464114460e-02 0.000000000000000000e+00 1.157264316352318301e-01 3.801668232869719749e-02 0.000000000000000000e+00 0.000000000000000000e+00 1.493811560952197984e-02 1.567005277382690562e-02 0.000000000000000000e+00
6.255211568535485878e-01 6.288668999217840172e-01 5.694450923483242999e-01 5.774015582727313189e-01 4.215795151602964586e-01 6.370871668779838348e-01 6.748786949995447815e-01 6.188681753880574954e-01 3.481361687782894010e-01 3.343843091464939188e-01
1.841715269603061075e-02 0.000000000000000000e+00 5.735417264451350694e-02 3.492643872874453409e-02 2.617510715425671111e-02 1.407509885389941588e-02 0.000000000000000000e+00 0.000000000000000000e+00 0.000000000000000000e+00 4.624294477975912469e-03
9.817818680317583202e-02 3.568925570544281278e-01 3.358633463542182729e-01 2.956299945119842953e-01 2.747139813784341134e-01 2.657279040470322817e-01 1.560065221457029305e-01 1.932508860926444028e-01 4.887974210356467730e-01 5.902261964474988520e-01
4.301387145759930641e-01 4.763056686719958077e-01 5.651946703704419095e-01 5.371033754812517547e-01 5.788397948587564734e-01 4.250742732528981493e-01 2.949098042262301989e-01 3.630836618516426473e-01 6.483732911972417412e-01 6.030786921891510000e-01
3.241970876082780895e-01 1.858725426641331391e-01 1.993804778431261249e-01 1.862071047926994738e-01 3.784956330295922711e-01 9.211759832032782869e-02 1.842170087030581549e-01 1.677945061088744194e-01 2.365524258323259688e-01 1.475462260984607699e-01
1.118379309565463164e-01 3.562983792722336784e-01 2.967257149728553256e-01 3.545578959365518479e-01 2.286022212799593278e-01 3.805984718243608511e-01 1.700635131168171943e-01 1.269524587178877673e-01 4.480200379116540121e-01 5.200386376429525503e-01
5.976386444825295685e-01 5.238222285484356311e-01 4.906584982239704518e-01 5.011866598402973105e-01 4.072125190644255155e-01 5.998461526588017012e-01 6.595180568254144227e-01 5.985068359399666749e-01 2.992158719562783564e-01 3.062556293359923743e-01
2.489206844791559126e-01 1.802658245446718821e-01 9.397236296998276450e-02 1.233329284949390842e-01 4.102761644814332809e-01 9.475976115139139733e-02 1.817642801479718295e-01 2.061907392611461998e-01 2.585930710518547504e-01 1.805216196258732919e-01
8.444942386348811558e-01 6.265280152485085408e-01 6.736147342296012752e-01 5.709525458956574706e-01 8.685278893990349136e-01 5.787469844439662170e-01 8.161907365582387053e-01 8.349612262944819951e-01 4.663080251182809000e-01 4.808377754854402109e-01
