5.843576027110741755e-01 7.796007565791229776e-01 4.665481120943936744e-01 7.190995302625726726e-01 8.031000265595531484e-01 7.017715488145126468e-01 6.185872612338868537e-01 8.630585962072352402e-01 3.634336268132757342e-01 5.173511946485789270e-01 5.032905937924160300e-01 3.400263989247800378e-01 4.751293107678499217e-01 7.089973276402100621e-01 6.361151912970158806e-01
4.164938588725109470e-01 4.796877215932429661e-01 2.597375947297076437e-01 2.621626211107351279e-01 8.173836604333015732e-01 3.663838676531450678e-01 4.059870218312804924e-01 7.031908428128382793e-01 4.092075676792902295e-01 4.437540836668656952e-01 2.004039013271866065e-01 2.317064660010603183e-01 5.243506193037082985e-01 5.614333912465081511e-01 5.621200409016418043e-01
3.992884518689109319e-01 4.602725085022085771e-02 4.133112222939457348e-01 1.930085872147363768e-01 1.672525917193918299e-01 3.034489269181773752e-01 4.086951078635045476e-01 1.857719686181980856e-01 3.201458729819913751e-01 2.244254005384809514e-01 4.640554688904021119e-01 5.749415397936733507e-01 1.859746606335249131e-01 3.271557445324643210e-01 1.818559755999131222e-01
6.594405877092560653e-01 9.080709869482569419e-01 7.030468893294894439e-01 6.773340344382466904e-01 6.959563653332248023e-01 7.885063040117803457e-01 7.375173623346127361e-01 9.348280927217686997e-01 5.050971019245380500e-01 5.946086731023341176e-01 7.301497891821524533e-01 5.570790924967343738e-01 5.433565610243995536e-01 7.268041314893970428e-01 6.987132278250041129e-01
8.855052024646521691e-02 3.223308593700831004e-01 3.299910985361685367e-01 6.528489526116882935e-01 1.877528369970617450e-01 6.633414705939904010e-01 2.504873138705009938e-01 2.370357721377949201e-01 4.185096896902227304e-01 4.651061479791721576e-01 3.927612233101321904e-01 1.355688409412734996e-01 5.538079108930279437e-01 3.463774708632544330e-01 7.583068882049799342e-01
1.694757060233654800e-01 3.961137579842571310e-01 5.060165902708866348e-01 8.222823256114699664e-01 2.493809456073394215e-01 7.088166066603102111e-01 4.318240158184767363e-01 1.996764239465959601e-01 4.681075064747811654e-01 6.915461402785681999e-01 5.959725957432250310e-01 2.675496740042151989e-01 5.834778093885059080e-01 4.154443442275487786e-01 7.169474649701617075e-01
4.733458617023721393e-01 1.964491950848763768e-01 5.902085291444900683e-01 3.069168822597410085e-01 2.637035854592498230e-01 3.250038954973039629e-01 4.918119408782196111e-01 1.427905405444161169e-01 6.253885509227785633e-01 4.923047729727998978e-01 5.123814494558953658e-01 5.513542240368500824e-01 5.711044163723273392e-01 3.408004872633321192e-01 3.348298778452650781e-01
4.263910013787452491e-01 2.364983051609348408e-01 3.889345242442761030e-01 2.072785538046562903e-01 2.257984131691749274e-01 2.212819524386132608e-01 4.439684191420150139e-01 1.321036300849085798e-01 3.508120952347346111e-01 3.392209017740303034e-01 3.831219025037296833e-01 5.866094335791429693e-01 1.186286835209283685e-01 1.595890733717601206e-01 7.562307601742650209e-02
5.252740045791998158e-01 8.167753123198253640e-01 3.899071588824023493e-01 7.939437505044729670e-01 6.610973581938700550e-01 7.514468586978376718e-01 6.092736040546349319e-01 8.994585996398849481e-01 3.359055529430916565e-01 5.317856024187153086e-01 4.810496810844729909e-01 3.524972468000792669e-01 5.366872909144115855e-01 6.859215581242829041e-01 7.048466256129599650e-01
1.892143858244540733e-01 4.543615402583547902e-02 3.136725685417590670e-01 1.816680137340954126e-01 5.494707436593830596e-02 2.770131500662944557e-01 2.702644865196319746e-01 1.700516715323052361e-02 2.609556435457726642e-01 3.663824696079386878e-01 3.092205470304857373e-01 1.997298661097891559e-01 2.883362950963053173e-01 1.880357497619571938e-01 1.452958580999081928e-01
4.271531867499070989e-01 2.090219434322995173e-01 5.093000094802556665e-01 2.806592471353388518e-01 3.429096098515825308e-01 3.062234731388592812e-01 4.599407277182409604e-01 1.058517988470899229e-01 6.707495792783298993e-01 4.997031470285697163e-01 5.879018883115604277e-01 6.851925518073946897e-01 5.494755358851586280e-01 3.645686620164209635e-01 2.703173987814477264e-01
4.172490773432652178e-01 1.881359258653888533e-01 5.156498666220966642e-01 2.865928733502244308e-01 3.533398527532096156e-01 2.601973823973986466e-01 5.003438789181509083e-01 2.694017357393103662e-01 5.748487594050702976e-01 5.030059574561333013e-01 4.747632507737820085e-01 6.483982547602082924e-01 4.775150264076426510e-01 3.903402527956672530e-01 3.355535655779507964e-01
1.325157714758952165e-01 2.858195261298794310e-01 2.116428126105546759e-01 5.408203520797515429e-01 1.577934394714177180e-01 4.970628957450524688e-01 1.071499762140519507e-01 2.037370674744733712e-01 2.196570304979207355e-01 2.762829966433908435e-01 4.460703755824528272e-01 8.813788787507323419e-02 3.232448223947734789e-01 2.553143722250633685e-01 5.309820503095732391e-01
9.760564766514163992e-02 1.272812949419748485e-01 2.194410473524035510e-01 8.718395135492783277e-02 8.416410321125349092e-02 1.055599873796958243e-01 2.866336056672910693e-01 3.993260677229226036e-02 2.363575951656439467e-02 8.418782958214690582e-02 2.516684740173400492e-01 1.929842024438965520e-01 3.071582199990967321e-02 4.446023061137610588e-02 5.476323035325154215e-02
-1.307875849362088172e-01 -4.088469800867940152e-02 5.279024649980008921e-02 -1.046253227153160978e-02 2.550040492476624010e-02 -1.462096808888800614e-02 -2.005152470921644364e-02 9.203932828943495181e-02 -8.104837835878690722e-02 1.052611431251383386e-02 -1.131992268614180203e-01 1.564989038319026526e-01 4.927714799319166117e-02 -6.770179272706758518e-03 4.311755712665538143e-02
4.340180032638935037e-01 5.560805566588375992e-01 4.515855449322428994e-01 1.435144051806361842e-01 5.777748017499461097e-01 3.509182103608314840e-01 5.845017902326847814e-01 6.036069796158520795e-01 2.405555747668720323e-01 3.761356705532728495e-01 4.231562254161181369e-01 4.499204811541432369e-01 2.681327615821644805e-01 5.231350456244682201e-01 1.798805193411608383e-01
6.370800810875247855e-01 7.540038579795896867e-01 4.547517299622914622e-01 6.781011826927318964e-01 7.426199963807125215e-01 6.458474422917380720e-01 5.746613969788733067e-01 8.990017703249951753e-01 3.373513105567197967e-01 5.545422380170742516e-01 4.017839523105077859e-01 3.607783321592134551e-01 5.244662823427016507e-01 7.266985798826174348e-01 7.240309952484869083e-01
4.619824391352155835e-01 4.386380401886888492e-01 3.389715601702241732e-01 6.001561825349354118e-01 2.456308092822342970e-01 6.298794562048735113e-01 3.487833176812360492e-01 3.231183148182804610e-01 5.053172738964551991e-01 3.499858055237003995e-01 5.715662816872814078e-01 4.431078916925727529e-01 4.178865136725055107e-01 3.850172672488401671e-01 5.290487497213042234e-01
7.018367777135513519e-01 5.846861474093292266e-01 5.857252165917519182e-01 3.291727168893833211e-01 7.783132640656080792e-01 3.084973950204062398e-01 5.718888247275198955e-01 8.645719687808286480e-01 7.597862520560263455e-01 6.203017835189950091e-01 4.596619760100041363e-01 7.146882677480703716e-01 7.224672614006083515e-01 7.488682155385306682e-01 6.320855330751399270e-01
2.023206611735450244e-01 6.995394800609303076e-03 2.370844767859957569e-01 1.408948477500294311e-02 1.707452506062463390e-02 9.361444843732558141e-02 2.732401235911194881e-01 8.201928331456065369e-02 1.250575929254053031e-01 1.653489387494516127e-01 2.206457174001044963e-01 1.832801081650640429e-01 3.790037874552498742e-02 1.941419788657888779e-02 3.708321078200378564e-03
3.653445497401070496e-01 2.078537354949080429e-01 2.944653010105500734e-01 2.916840492776482940e-01 2.726581203833569611e-01 2.501092392025313083e-01 2.359736241302407000e-01 1.345181747313946019e-01 6.046186653763264696e-01 4.115363739579066538e-01 2.475750889915780129e-01 4.492961005603980928e-01 5.011961377979762267e-01 3.699224289843019986e-01 2.624294355474769969e-01
2.987081058681841927e-01 1.591602557551412001e-01 3.165154965122518038e-01 2.844029091966842060e-01 1.916410206210238110e-01 6.900036539982129513e-02 2.670359243452876674e-01 1.755358845341321306e-01 6.335005957564263657e-01 3.075561549176570875e-01 2.611660039145763945e-01 4.593796920354300539e-01 5.177839907420326293e-01 3.816019234031629015e-01 2.811843265746880038e-01
5.099857598967465488e-01 5.795711671485233030e-01 4.716420860336264509e-01 1.716815834961843423e-01 5.767774131639611390e-01 3.110459989887184307e-01 6.404007660198999252e-01 6.696309806731913783e-01 2.482919432325114695e-01 2.805124185876290976e-01 4.448621514760260909e-01 4.677772241820877253e-01 3.737498065117751400e-01 4.313981103951630147e-01 2.723214385037676655e-01
3.092033134358069812e-01 3.479141112378343892e-01 1.594254571024779077e-01 7.596080011759323569e-02 5.907726151239599544e-01 1.603703921675308508e-01 3.909508477572191665e-01 7.093266254558172612e-01 2.214769282595135669e-01 2.559988037015009654e-01 8.927938309165114883e-02 2.506553840534113675e-01 1.597166238236340519e-01 5.989542734002306634e-01 2.949342403067700680e-01
2.810517718370915685e-01 1.597211838342871282e-01 2.324661364588677392e-01 2.025735938992475338e-01 1.291315695743920355e-01 1.344130217024506468e-01 9.690765900699635504e-02 1.032676528229635737e-01 3.557656685388974060e-01 1.025754775653516804e-01 2.537890648500473190e-01 3.284386300533911895e-01 2.296584941978099814e-01 1.265245949646283397e-01 1.335482620295649070e-01
4.736695671676974251e-02 1.209966787344309708e-01 -4.010124271245195382e-02 1.777303335498579134e-02 -6.151033178465194207e-03 3.043405438431668036e-03 3.211082131703214132e-02 -1.536328670507672647e-02 -2.370861213068660781e-02 -1.654922430270879818e-01 2.825431981886666888e-02 -5.905968393733254489e-03 -2.097316786847238518e-02 4.682646828348220255e-03 -3.530783451099130284e-03
4.086646316770287668e-01 3.052345862462296777e-01 5.558456030348257748e-01 2.801159192961495958e-01 2.929999983664359764e-01 2.407942553680997855e-01 5.549185774757421363e-01 2.047066478994654382e-01 6.912782610932840521e-01 5.009591023245114627e-01 5.366518327871027116e-01 6.594090886064147838e-01 4.900427946947550906e-01 3.890754408414565657e-01 2.469468892482297451e-01
8.911438406626832620e-01 9.404630465312944221e-01 7.644065385374095856e-01 9.844232309041597295e-01 9.381864495208169785e-01 8.898326222457225709e-01 7.800054699520539980e-01 9.423870561987244265e-01 9.098072665464628228e-01 8.728505776422692541e-01 8.032608621219884393e-01 7.820507158204897946e-01 1.004639589070225325e+00 9.643508628094249469e-01 9.319440101799975062e-01
4.762410694073769268e-01 2.032098852307504810e-01 3.886174034337179228e-01 4.269307288303011982e-02 2.109022874120771995e-01 1.332493257319704305e-01 3.942321672482812511e-01 1.519895545229477951e-01 3.513938260292053251e-01 2.734787573113487968e-01 4.378312612333348230e-01 5.910711758228552881e-01 2.189311158945823066e-01 1.739863383357580229e-01 1.840318671114827553e-01
8.748912391607650552e-01 8.687689518314292147e-01 7.675895639467703591e-01 1.020874019935207544e+00 9.825664075928925989e-01 9.006927056925946307e-01 8.460719443315263266e-01 9.507472509269568883e-01 1.058317433287329079e+00 8.437228247148726989e-01 7.529588031283382943e-01 8.447450072960152045e-01 8.812761036193595965e-01 9.894764299836876775e-01 9.292362408006791252e-01
3.271696267998951968e-01 1.554816196397826311e-01 1.625034833354612740e-01 1.789088640292646193e-01 1.482018029928889868e-01 1.508323224496415371e-01 2.095275674469166405e-01 8.806145876417598162e-02 3.379814064045966182e-01 9.002536369293807905e-02 2.748102312687878968e-01 3.710107550098291074e-01 1.956873212688895192e-01 1.407534288394374500e-01 7.342948631200245380e-02
1.414266923014951827e-01 1.387098736279467892e-01 2.729074364436296918e-01 1.753584524907356723e-01 2.524291323933496312e-01 2.643279545334615843e-01 2.401940161618978942e-01 8.076781793729566339e-04 2.543183968304419396e-01 3.177331944730477087e-01 2.717142771372180188e-01 2.574423588080490544e-01 3.461258147890799441e-01 1.261810484654126707e-01 2.291021256544719664e-01
6.051731642924140786e-01 5.305942430401350274e-01 7.338469985645041938e-01 7.175026765007930241e-01 5.222855934462570238e-01 8.035436549082377589e-01 6.109393597437962065e-01 3.234106016041357612e-01 7.894746679529418554e-01 8.018317261059828560e-01 8.991742187753957172e-01 6.669179571201198087e-01 8.162185043829993658e-01 5.070931116841244091e-01 8.041917998989076555e-01
3.580868260183106555e-01 2.196924090906089422e-01 3.519780057336432399e-01 2.398680448262073273e-01 3.185566998546410233e-01 1.666182562898412267e-01 2.231530356654188585e-01 7.741043453489077075e-02 4.773011646586593493e-01 4.266231319564873781e-01 2.533242285915705549e-01 4.237850164267402686e-01 4.648866628294350822e-01 2.584240849968881815e-01 3.662761929982214504e-01
2.357322510788196768e-01 1.729358107098594166e-01 1.773424955977688511e-01 6.335014023816881723e-02 1.594691128405325842e-01 1.993221036551706127e-01 2.069842490736535090e-01 6.419066660432018456e-02 3.275247157821744026e-01 1.626227198528730766e-01 2.294802580094655597e-01 4.059767420599336152e-01 1.499696937739125602e-01 1.797761570304505230e-01 8.623017147747316646e-02
1.058967274666714753e-01 4.101658764248425348e-02 3.037240026555119710e-01 2.863983811112720546e-02 8.752695388522366282e-02 2.259597568870115591e-01 2.605995430379072220e-01 5.349559239950243961e-02 3.281213540973400011e-01 2.568505072857050209e-01 3.107290033458898759e-01 2.079858512949792626e-01 3.735063706881756596e-01 1.764370589425069136e-01 1.758427160335640782e-01
4.350929336256007529e-01 5.124988293160870345e-01 6.388909779921674303e-01 9.548450962731731551e-01 4.092903699746390789e-01 6.733720271553083059e-01 4.051111292972522371e-01 2.063780797048635485e-01 7.359235060980037213e-01 6.493369011663152612e-01 6.081327647759208199e-01 5.990624132971266169e-01 7.611759408304865637e-01 4.841238689801116157e-01 6.524382896128388953e-01
5.255746777435857942e-01 6.761721410635304075e-01 3.281789706285419550e-01 7.285691919376062753e-01 6.513429534960397671e-01 7.641159730352765633e-01 5.418163496368263443e-01 8.520750500192267873e-01 3.511566221176809499e-01 5.056214296841365918e-01 5.142645011566711055e-01 4.091127757123750874e-01 5.923698481376845626e-01 6.035982071371772673e-01 6.318130239851976748e-01
6.074492396660362559e-01 5.921745930298871752e-01 6.380046255508630137e-01 7.497624132193037028e-01 4.203894735445681263e-01 7.617208242461432910e-01 5.739662033463046598e-01 3.508633239105171109e-01 6.424900402809589073e-01 6.084945040918421366e-01 7.778232785202940924e-01 6.679197958293998649e-01 4.389380170264928216e-01 4.635453868335358552e-01 4.713409832149775824e-01
9.043298647397148837e-01 9.617313750900833291e-01 1.108285208480715545e+00 1.040563175007444885e+00 9.729299704265117477e-01 9.618257931336190447e-01 8.994620463494109597e-01 1.037312700248151698e+00 9.897483836207479069e-01 1.075055622534402122e+00 9.669792773017324983e-01 1.033738153516770231e+00 9.870205006274348492e-01 1.005938479098979821e+00 1.023497829705646067e+00
5.125710109454716390e-01 6.180427223947881910e-01 5.561481856486196751e-01 8.409400363448409355e-01 3.854128338498302719e-01 7.541966437850124994e-01 4.323742352624674878e-01 3.185865610799861747e-01 8.630328613159247153e-01 6.434521980156028276e-01 5.450295350832045083e-01 5.886720262161684314e-01 8.043248258224369174e-01 5.414868075169536610e-01 7.345168489703651771e-01
3.259640503128967692e-01 1.660792821923570417e-01 3.169757646750314128e-01 2.406057604543901940e-01 2.708771297980774317e-01 1.465881513289752081e-01 3.033448983885168593e-01 6.131421708907956736e-02 4.887064779367908396e-01 4.513603860832379189e-01 2.160264273693942583e-01 4.582253302837976938e-01 4.939077485629196351e-01 3.244111177305059046e-01 2.347836083617173830e-01
2.551807745093914725e-01 5.235662759620417495e-01 5.364899917919343508e-01 6.838815361071369781e-01 2.309947266334216320e-01 6.791392204530383170e-01 3.486922147888151802e-01 1.714601781853778151e-01 4.863754562155725991e-01 7.018019584128549759e-01 6.165277356858154256e-01 2.700053119490528064e-01 4.998052343297155753e-01 3.766280544635184913e-01 7.178967170716630264e-01
4.220882201468103556e-01 4.070397912605424051e-01 4.209008785070057490e-01 8.328874566257934431e-01 2.970841340384359208e-01 6.503570544074535054e-01 3.108186025303323885e-01 2.448264610140730158e-01 5.272385154394207962e-01 3.948018107355019124e-01 5.825186484111241070e-01 5.506231543650620397e-01 4.394642486598145381e-01 2.837347864073170856e-01 4.879969287280611079e-01
7.708388088846671593e-01 8.582345946162949213e-01 7.878054583712228442e-01 8.265125437608288328e-01 8.938145984524504817e-01 9.543722122475698511e-01 9.097797223055669180e-01 9.205019092534042491e-01 6.724194990603793443e-01 8.592929087890823769e-01 7.818894430877151303e-01 6.288000526719141892e-01 7.894894832225531900e-01 9.199525409639075502e-01 8.876245305539833819e-01
7.514215966329648166e-01 5.431331256759469595e-01 4.710906241580126719e-01 2.467080709214506673e-01 6.652645221141009202e-01 3.576050295320847838e-01 5.269177607274196928e-01 8.216544354238964898e-01 5.094877465944197548e-01 3.524831019791723197e-01 4.291427269656648003e-01 6.725266656981513380e-01 4.241695789089694468e-01 6.398776520501683329e-01 2.695161087861941418e-01
8.891595753113828993e-01 9.722367447927130479e-01 8.335327878893807885e-01 1.048904736767998447e+00 9.927849062736586738e-01 8.920439060958696986e-01 7.118184816340337173e-01 1.012336716416291083e+00 1.001701656327148804e+00 9.010057615682437460e-01 7.304427625499473331e-01 8.062595031119125233e-01 9.840983552302988713e-01 1.015196082351373263e+00 1.061209598435340462e+00
5.176963288967970644e-01 5.618529701843111290e-01 6.020800538513724209e-01 2.824273260196791813e-01 7.657047111258710181e-01 3.528915525689487742e-01 6.428808401631590508e-01 7.188641057174555149e-01 4.747130129228619988e-01 5.699272113582282140e-01 4.739085793133417934e-01 4.879092727244773720e-01 5.333452352801445473e-01 6.970164681449612099e-01 4.272825732584234482e-01
-1.495666054573514987e-02 5.886902808921632563e-02 3.434506851722354814e-02 1.567465988821416523e-01 7.936294745092428715e-02 2.091760590268720854e-02 1.071429057687947051e-01 3.830489858603230297e-02 3.356941077982029675e-01 2.605086209440530820e-01 8.769927451586391476e-02 -1.311102283308489269e-02 2.950149500318486884e-01 1.278655612869412928e-01 2.629477238695422381e-01
7.652677339861935213e-01 5.346473195961549685e-01 4.374165043217881910e-01 2.528776636199952521e-01 7.614147992395478015e-01 2.569062770085536185e-01 5.692394710310164641e-01 8.431165654202925630e-01 4.745002836628754439e-01 3.169788062766288328e-01 3.449958854549112774e-01 6.122860871209520051e-01 5.383652703689129071e-01 6.025928560712222604e-01 3.277510168309369365e-01
3.785134590858206804e-01 1.490236507623382556e-01 3.621858302918507522e-01 3.499283169317752851e-01 2.397524748711757359e-01 2.004984833564714963e-01 2.733790539049646418e-01 1.144753166824952206e-01 6.651719077852874529e-01 4.697767032425799183e-01 2.841585583089661360e-01 5.084419680113805295e-01 3.974378553256801005e-01 3.064395718461502827e-01 2.489101300174762776e-01
4.342409588210067173e-01 3.883966899377395143e-01 5.016679684302941533e-01 7.397345106010517757e-01 3.486268722842607026e-01 7.185014973360864809e-01 5.328633951169015059e-01 3.946932665828996045e-01 7.478908939136419409e-01 6.779140033338050264e-01 5.698465794306024623e-01 5.315973391528477920e-01 6.075074063807731628e-01 5.229638482133331934e-01 7.608460230751993292e-01
7.384182711824404111e-01 5.629590113222329162e-01 4.695434784714771492e-01 2.764078460890603828e-01 6.012514899544615377e-01 2.603394465845056405e-01 5.462899213916737606e-01 7.175806815827885377e-01 5.175400263171053838e-01 3.518588620678097523e-01 3.285319039421396026e-01 5.424980866505373367e-01 4.267309297084326825e-01 6.107808345423170193e-01 3.384339161002193341e-01
1.185351759149993051e-01 3.675823097110778037e-01 2.177098299470238141e-01 6.004184885204146838e-01 1.321202767319034355e-01 5.006154091107647419e-01 1.736177244793180585e-01 2.253192756233522442e-01 1.976598026021376131e-01 2.393690721214523920e-01 3.508652499446855977e-01 6.338586606117668776e-02 2.024988656468033332e-01 2.446978828184251942e-01 4.487322737614246049e-01
3.653008292298483561e-01 4.159813831848164778e-01 4.204433315061954501e-01 6.321112528738693781e-01 1.936477222306169921e-01 5.111821832978354907e-01 3.962873135427562588e-01 1.310831309430828540e-01 2.893053733566484653e-01 3.689785718442016860e-01 5.968033443866301857e-01 3.316640995898142985e-01 2.428958483643242905e-01 2.444235532752977724e-01 4.361314971586161549e-01
5.387344790027374097e-01 5.872106899253871637e-01 5.968443217227826780e-01 1.599130542149517220e-01 6.010338274157689398e-01 4.025782376169122490e-01 6.050361030536485218e-01 7.991747769635914045e-01 4.878790646814878951e-01 6.172301438351893710e-01 3.577883118239283955e-01 5.890473345664073435e-01 6.387311024766952894e-01 5.946108901945995617e-01 4.845435752363702608e-01
2.871423006767321318e-01 2.159372096302479282e-01 2.193238518456007702e-01 3.433464779979657489e-01 2.843250094454635724e-01 2.628319555245370309e-01 1.640500111048931453e-01 1.521220915641599836e-01 6.393598285483224064e-01 3.738251111188295450e-01 3.694797223498089145e-01 5.339096107360267185e-01 4.759291877175773622e-01 3.530019151361161178e-01 2.527691538694587514e-01
4.215868806914018219e-01 3.595398262767249831e-01 3.966559811486116693e-01 7.237328054908575004e-01 2.504407502000260966e-01 6.361483178483444689e-01 3.040811396095750574e-01 2.245062820280709082e-01 5.112656622993183575e-01 3.826076076918716318e-01 6.000441497987967221e-01 4.625993235069910670e-01 4.148005414264844815e-01 2.807601930408252788e-01 4.913720474620784096e-01
6.434985973255082925e-01 8.642412795136811265e-01 7.166879717345836509e-01 8.454518907353992807e-01 8.743851162661424592e-01 8.995552719237946970e-01 8.193505737899451358e-01 9.939356819630292827e-01 6.971434689915804173e-01 7.676586939266496490e-01 7.356420117527109337e-01 6.032744240627726517e-01 8.855326892364003832e-01 8.293516597330305995e-01 9.124055239594850431e-01
4.131275120474022788e-01 2.709028821561123013e-01 4.508034935744185123e-01 9.637756594796927090e-02 1.781786362796376755e-01 3.080196966043373674e-01 4.069633630665838719e-01 1.257609701498800525e-01 3.400636219517398362e-01 1.974148520152023689e-01 5.120049999827652742e-01 5.202680791283381678e-01 2.974811771097729540e-01 1.566308310359051659e-01 7.385608765220547101e-02
5.056713267436924175e-01 8.403897202298910019e-01 5.750202378186768382e-01 8.329978272886079393e-01 9.212061839298641974e-01 8.536367128953507022e-01 6.658284627699079250e-01 9.454979335432407428e-01 6.602181267282720700e-01 7.730674389473636277e-01 5.198832504165320501e-01 3.737990749626828313e-01 7.670487290968875937e-01 8.142996122538399550e-01 8.711404297449839573e-01
-1.433780135304013430e-02 5.375697499568918292e-02 1.363074131417594814e-01 1.985501268358236260e-01 8.787931155162052865e-02 8.151682971196469452e-02 8.446695630279393852e-02 2.501062389088863636e-02 2.308981545868986907e-01 2.099990870965252054e-01 6.003857902658606138e-02 3.560994119216524811e-02 2.828832424343519780e-01 2.336091067393934462e-01 2.341918428599673030e-01
6.333160213294590779e-01 5.272280915199217821e-01 5.753145997237605336e-01 3.142273310280963017e-01 7.640547522929558300e-01 3.725291365591040793e-01 7.081695066880371314e-01 6.754834521541959180e-01 4.952140282804235460e-01 5.109081593533849608e-01 4.734863182671130155e-01 5.012148572500867427e-01 5.498908749717664746e-01 6.510615273921697144e-01 5.176607716039471896e-01
4.641747309523158727e-01 4.042057286396514848e-01 2.634240708930094543e-01 1.703469834424371221e-01 5.290737697464013012e-01 1.412008479084871926e-01 3.950872043595944905e-01 6.420757743861558176e-01 1.293755549941743299e-01 2.446688669542639860e-01 1.738054507908391166e-01 2.845364081688648294e-01 3.062499394890003668e-01 3.954010235945184526e-01 3.301596700843567045e-01
8.971612717071169030e-01 8.205451168126304262e-01 9.012531368223074546e-01 4.817515518110037087e-01 7.863166950251394560e-01 4.602801308520101942e-01 8.768226027727079597e-01 7.600622936402466889e-01 7.512157794373828246e-01 6.542472739778494306e-01 5.978006866371592398e-01 8.894013944853876863e-01 6.466867068790879136e-01 8.002867591906122069e-01 5.550744066950625832e-01
2.650897276660584279e-01 4.053410378931858182e-01 4.181725854964337130e-01 5.757488503372993893e-01 2.119193251909172460e-01 5.393207703843272416e-01 3.046991873959021824e-01 2.016453268070427240e-01 3.360017655678446680e-01 3.895847367205222955e-01 5.898185941268077048e-01 2.988925065772314316e-01 2.589351464954741111e-01 2.746551702866796840e-01 4.479955431696585055e-01
5.078648738341615676e-01 7.233954013922372361e-01 7.357054301829174525e-01 7.912475851233060631e-01 7.243881145955339829e-01 8.600568162873578615e-01 7.346347445238804452e-01 8.543632684143552813e-01 4.962293336965440949e-01 5.721719295956478879e-01 7.918456632853243526e-01 5.168651256332458255e-01 5.812096800806577646e-01 7.739765249478555154e-01 6.828900805585318423e-01
1.053590813380199220e+00 9.791177857763311287e-01 8.570085762188922596e-01 8.457246661064133919e-01 8.635846900515191660e-01 8.056966715714716232e-01 9.194790045667234901e-01 9.138831771809208249e-01 7.663916503949487202e-01 7.827074607339854495e-01 1.043625208159361772e+00 9.290786421005646778e-01 6.157153860904928111e-01 8.218516718670357823e-01 7.173061371668794095e-01
3.200400025847809915e-01 1.602121620822642145e-01 1.140905644112449324e-01 2.518787749141585541e-01 1.568341571579465465e-01 6.297893005540278200e-02 2.047688784632524517e-01 1.522026493347268805e-01 2.793865255309690987e-01 7.459861964168117143e-02 2.803912986035609900e-01 4.377581658695666733e-01 2.813474524593202464e-01 1.894850342346159622e-01 7.604712584998503389e-02
3.817849878685637965e-01 2.649142250728759862e-01 4.320106906383953671e-01 8.780975400476700998e-02 1.886335108538866601e-01 2.218353462696736333e-01 4.733448289321571245e-01 1.470503126651062642e-01 4.187245221395027306e-01 2.652014793833883388e-01 4.895715737485637487e-01 5.967347063683301478e-01 1.615740879874221492e-01 1.206715299458468310e-01 5.799048334470342791e-02
6.522629082140705137e-01 5.122621121514016052e-01 5.999002604754479773e-01 2.035035841694208814e-01 6.323680889379028613e-01 3.373539043613802413e-01 6.289282919039757003e-01 7.012578000138987022e-01 3.118112406714365070e-01 2.797985605635616713e-01 4.024094375052254535e-01 4.348751529126141380e-01 2.186030885816147851e-01 4.719130356901942158e-01 3.319562419158370581e-01
-6.576285259879857681e-02 -7.702597483438195121e-03 -3.734028159470543021e-03 -4.996562838137587337e-02 2.986863789996609120e-04 1.989627927042587549e-02 -9.142666701170309995e-02 2.126059346881564380e-02 -7.432772014100402780e-02 6.667780996679975591e-02 1.294867869719909482e-03 -8.866220728270846063e-02 5.851600879736094073e-03 1.788715767985839256e-02 6.191208935319295753e-02
2.743620232109504897e-01 4.148972138216051042e-01 4.758890343418509805e-01 7.156450642160716580e-01 2.243879758502086430e-01 7.481256030114532551e-01 3.719681203871811892e-01 1.670652229488767126e-01 4.895012802765864590e-01 6.711306691410524605e-01 6.173387248038783026e-01 3.042318414568145335e-01 5.155780852824343174e-01 3.353672733955970209e-01 6.658435395712809513e-01
6.793297315483244614e-02 1.414066247406559340e-01 3.388959733195536783e-01 2.444422845753028983e-01 1.727042734081115083e-01 1.794714601051115577e-01 2.859475803063892818e-01 -2.486022083358194884e-02 3.206453707443953083e-01 3.643734833666623096e-01 3.031718908742600527e-01 2.384957580318168568e-01 2.916251767119634741e-01 2.637631547754994976e-01 1.720028762398465583e-01
7.403602921743612786e-02 6.422626539158017567e-02 1.739232474803851791e-01 2.061091169756033153e-02 6.177701209521838099e-02 5.727037492929040741e-02 2.703991305557044700e-01 7.964976328802297889e-02 2.269512687106335636e-02 1.008700339355216163e-01 2.872317637621299991e-01 1.518141712212876804e-01 6.556974904617449140e-02 -6.947249362939103556e-02 9.149506447464676728e-02
6.574860720329860353e-01 5.733236514931704386e-01 4.407983579264822538e-01 2.319629080047291569e-01 7.977157172778422956e-01 3.003622853149162664e-01 5.424395892462008373e-01 7.917857484963398695e-01 5.088457035411725338e-01 3.772913313231435195e-01 3.260315334050634117e-01 6.299951761543851614e-01 4.006637879236940591e-01 6.255899091254525368e-01 3.052993089080707212e-01
5.548062353566851623e-01 5.875611393194434262e-01 7.821170518141025152e-01 7.853167430632257417e-01 3.768471342882141473e-01 7.970733889197811894e-01 6.253312852673600375e-01 3.342094980957778239e-01 8.262121971688497490e-01 7.424813459229709922e-01 7.645084279999154742e-01 7.495644310153356527e-01 7.200427892509415617e-01 6.030081328880857461e-01 7.710876481928577997e-01
8.528284916603289245e-01 8.188155788455718787e-01 6.293045635089901113e-01 8.790801188704053803e-01 8.546584986634464531e-01 8.221566312878535454e-01 7.585573752717794660e-01 9.456678135948641817e-01 6.853250283030806189e-01 7.173241843894079262e-01 7.007695941304340481e-01 8.634311862313170938e-01 6.902728505057604824e-01 8.554271056853098854e-01 7.247320049648880991e-01
1.528313798562332473e-02 -7.117122546671160628e-03 6.645302439280202991e-03 1.753446476282071939e-02 1.095024851774808669e-02 2.817719943614827027e-02 -1.404652979669281793e-02 -4.953503025864283010e-02 5.121700529353828864e-03 7.429677815074785426e-03 2.411043397299711052e-02 4.504036588978607702e-02 -6.611079111667428343e-02 -6.165632429277501103e-02 3.894707472955805799e-02
9.747975562618976797e-01 8.837518664800343426e-01 1.072377148652879697e+00 1.007570206140158575e+00 9.374909576614907092e-01 1.062119227804115384e+00 1.027217809447990238e+00 9.845761204633343144e-01 1.012602257977166076e+00 1.041539728002813803e+00 9.935047265072594058e-01 9.850161980409464224e-01 1.013605605983722402e+00 9.598066900346151620e-01 9.977714271372496446e-01
6.357344529208373007e-01 5.542128021241321534e-01 7.395540804616290709e-01 8.683714595438136730e-01 4.220751662532946646e-01 7.940314361315247149e-01 6.611674698491776248e-01 2.931918360269633039e-01 7.888256645708220383e-01 7.854501015742632042e-01 9.004800180020019473e-01 7.646707305386888365e-01 7.176525745579513949e-01 5.484146330254133783e-01 7.255628434833557572e-01
9.130761715517055066e-01 9.498429003082158317e-01 5.975668004776780728e-01 9.595782424025874890e-01 8.144481382661478142e-01 7.826099875362545477e-01 6.763692925731823458e-01 8.998421640953107037e-01 7.066388151216100866e-01 6.942785369321591293e-01 7.162958802118560842e-01 7.990470440878038039e-01 7.265613846040817059e-01 8.083656024908297821e-01 7.936377388223800899e-01
2.823654699750908770e-01 7.248021244943550490e-02 3.510269730130780030e-01 3.251393311469035763e-01 3.050692705378356129e-01 2.293261080598849588e-01 2.550185581310610017e-01 8.990761283180837005e-02 5.522662692533835127e-01 2.934496044087053779e-01 3.011741067946411832e-01 4.066088580786745288e-01 3.939392264838627034e-01 1.676955096246879884e-01 2.577810264864068834e-01
4.438115399518942072e-01 5.442010254401205005e-01 3.763241947155026579e-01 2.962344063309203523e-01 6.179838840835703007e-01 3.864331913190433010e-01 4.204964142260836923e-01 7.267620881335776772e-01 4.635285106291450741e-01 4.636053027395565795e-01 1.888164789101934304e-01 2.934981540991491444e-01 5.620284567118969399e-01 6.190536447629324535e-01 4.576815208546094471e-01
6.643196010894136805e-01 8.611715555656785925e-01 7.268449228860686118e-01 6.739374671127216221e-01 6.662001747481117730e-01 7.815801962955585269e-01 7.145747969793139198e-01 8.806137461393260812e-01 4.832518132746532746e-01 6.311991862640112805e-01 8.137427301000083046e-01 5.817139795118929646e-01 6.243580311024599094e-01 8.068060798247389531e-01 6.901585994415387892e-01
7.744603443642902318e-01 6.478440606416213665e-01 5.065725916918127902e-01 4.249955456533573428e-01 8.874205775977749289e-01 4.015535297798643599e-01 6.811635502723785152e-01 8.207076839918782118e-01 7.105038889901534871e-01 6.346366696133053376e-01 3.453074128482338523e-01 6.580527023355603466e-01 7.375376211778779112e-01 6.482274311577304049e-01 6.465850482617097050e-01
4.790575391470900946e-01 2.114937824110745823e-01 6.368650170362841756e-01 4.380648039416871753e-01 3.205242755954752498e-01 2.627925061523284089e-01 4.641182499787926963e-01 1.049730359406881586e-01 6.894522375743274978e-01 5.177593183998663307e-01 5.044344753608326348e-01 5.370488960269430567e-01 5.150224220680672538e-01 3.923090410174975284e-01 2.070916404497919194e-01
6.861409612500383171e-01 7.826253151036297595e-01 6.733478712867632110e-01 6.761627177687986601e-01 6.961127556461277344e-01 7.961590743971865836e-01 7.551052825119721756e-01 8.379421978720795749e-01 4.230972138018734841e-01 6.453119134065371520e-01 6.908880069373118937e-01 5.542697881481654099e-01 4.898202044890820894e-01 7.601048912192562845e-01 7.214962043953353499e-01
7.697376403389667443e-01 6.341737565378118280e-01 6.289151575575296915e-01 5.273259606678162292e-01 8.569918211881735193e-01 4.729512858852996660e-01 6.012825386401604577e-01 8.406049233769498086e-01 7.405238239393909794e-01 6.121835507364905560e-01 3.604621801845478979e-01 7.281776610502991298e-01 8.049223232298468034e-01 6.921999659838209418e-01 5.687869644878755793e-01
4.281563018546296617e-01 5.127307669199648865e-01 3.946635748465822657e-01 6.713350250731920932e-01 3.180751043403794998e-01 6.804198328822145259e-01 4.013476274305576297e-01 2.735795368587703447e-01 4.673841328810684481e-01 5.181379555560226002e-01 5.389948850163348570e-01 5.055215682993247084e-01 3.236560579149260208e-01 3.536646738569666493e-01 6.091036114934414991e-01
4.621640526211134303e-01 4.748767128795224335e-01 3.564090581558748139e-01 2.806894822173964799e-01 6.734775881725965085e-01 1.524495441982421651e-01 4.842560899158850907e-01 7.325088656703638845e-01 4.845381190057934662e-01 4.167091869717396424e-01 1.020526775192738406e-01 2.617561304042539394e-01 5.621790668696761140e-01 6.687166657973908634e-01 5.115543272544621489e-01
3.540686708091937418e-01 4.261668573194251075e-01 1.678292545407030212e-01 1.112555916095952224e-01 6.098202967202419611e-01 1.377544081574872681e-01 3.538226936833612779e-01 6.909610605407742190e-01 2.187643851437479359e-01 1.492798540145657271e-01 1.101442084808736260e-01 2.458389766946458554e-01 2.690595643837320194e-01 5.048658703225105127e-01 2.947477101725700654e-01
4.920546380537749731e-01 4.520048630443863069e-01 3.337912666239479798e-01 7.952346872400215538e-01 2.831996745475404142e-01 5.848783872470991740e-01 3.679206460217270824e-01 2.900256564324794617e-01 5.274112127722442311e-01 4.009796717798034260e-01 6.227735726143061035e-01 5.958642409547710850e-01 5.016648861041967944e-01 4.103953158599266127e-01 5.673762482997007917e-01
6.264874888832848709e-01 7.653937370299824794e-01 6.151513698489450288e-01 8.160584517480307110e-01 7.201207508623663767e-01 7.982422616631521528e-01 5.279399570015741450e-01 8.195648087812553717e-01 6.080383041113406328e-01 7.032714454905283352e-01 4.567120872560208600e-01 4.056825214531614709e-01 7.096983294194930680e-01 8.006943983945514764e-01 9.103714364412652804e-01
3.625022435515986019e-01 4.919843992479721040e-01 2.034055908550587155e-01 2.567987098206200303e-01 5.646060607741013593e-01 1.393676332652403760e-01 3.254370893300231327e-01 6.453527061803984166e-01 1.785740180820464262e-01 2.284881795032999985e-01 5.713235046713996401e-02 2.427845492833216601e-01 2.011414840047957564e-01 4.485922165498744119e-01 2.243080602286522396e-01
6.642792697467583274e-01 7.920532545917539080e-01 5.930336134212456090e-01 7.998763783194267063e-01 7.660304273641636019e-01 8.485952713048833251e-01 6.123620581662932993e-01 9.142192789875493997e-01 6.270396687449862894e-01 7.069084254599505845e-01 3.996816795990170146e-01 3.771642606533177622e-01 7.939217084263993085e-01 8.331971288849217006e-01 8.759971218991904340e-01
4.615387496538273515e-01 3.837146109108277581e-01 4.810540533099800786e-01 7.537761892261003460e-01 5.046731863145710317e-01 6.740935627098113558e-01 4.309278211390895064e-01 3.346380377339700507e-01 8.042616088450542655e-01 6.702948487266280342e-01 5.561140505289694502e-01 5.633834676480412584e-01 6.787460319800461273e-01 5.478734256399524494e-01 7.552637197869120911e-01
4.278529001643371354e-01 4.865319796319934609e-01 3.821429941063826941e-01 7.775882133412942432e-01 2.110226830120223995e-01 5.651695481401479704e-01 4.078760627658931659e-01 2.764619155910834070e-01 5.495988623438838871e-01 4.397322527304606266e-01 5.116328635336570008e-01 4.818424639960167122e-01 4.827286553825390070e-01 3.732850369726671280e-01 5.856368826567197594e-01
3.537214840231340252e-01 2.922147965439984563e-01 6.579568173636874961e-01 2.825490388243384610e-01 3.168801563680594402e-01 3.126665565399097679e-01 4.254388087365813531e-01 1.771041206628700682e-01 6.376701386901861834e-01 4.334067863806900234e-01 6.076696512372671277e-01 6.240401247477251889e-01 4.509966192132735530e-01 3.097287357628820126e-01 3.349701589180488770e-01
9.971884046286849657e-01 6.753281540344110434e-01 8.561197780592808559e-01 5.018401851745840636e-01 8.685414656531410538e-01 4.631830583845538696e-01 7.636053790297699928e-01 9.142591819830350186e-01 7.853768413287862682e-01 7.605620720716667060e-01 7.422744512696295427e-01 9.503488388243532814e-01 7.152716174877806754e-01 8.386456816002306747e-01 5.231299746721892463e-01
2.869004330989612939e-01 4.103562566601560158e-01 5.156840910081792462e-01 6.280215288278466756e-01 1.793969848150931690e-01 7.056140805340918032e-01 3.874989614335939137e-01 1.504277593305827776e-01 2.587630583764439773e-01 3.572742161970146602e-01 6.256819331245512261e-01 2.734869059893013654e-01 2.343449748556009349e-01 2.097034574406864416e-01 4.607357437124537380e-01
5.420589832976704381e-01 4.686323658819478988e-01 7.626313098136514590e-01 8.624872274471307998e-01 5.084315296381777260e-01 7.678743005958753587e-01 6.116667416173248162e-01 3.540966825983637434e-01 8.519738536284546804e-01 9.261822376826785996e-01 8.268714092929698722e-01 6.873840015501533340e-01 6.413709706559180823e-01 4.613801242937086711e-01 7.173360753231240450e-01
1.336448883202739635e-01 6.083624568018365653e-02 2.574898483272285987e-01 -1.595218722759305513e-02 4.289460732605819560e-02 1.003622759664771630e-01 1.793002474746407393e-01 -1.952047442222658996e-02 9.263805554558336708e-02 1.016601719243090812e-01 3.246017393682967822e-01 1.797217492412973572e-01 -1.966241421797644551e-02 -8.953576029446126683e-02 -5.302929988130693911e-02
7.669758357827481943e-01 6.569300958184086658e-01 5.019989085336558077e-01 4.603870067824904488e-01 8.274905253127479154e-01 3.750132944933264878e-01 6.147688268779240017e-01 8.011340650914560158e-01 7.544520248785264727e-01 6.718313926088476107e-01 3.570540253864862290e-01 7.180094236789237305e-01 7.493528121677571763e-01 8.582324716229990935e-01 5.144296005897069923e-01
3.514464999362968411e-01 4.415703311408679110e-01 3.816386681914319956e-01 7.231933236366838713e-01 2.834779399377815312e-01 5.590339404834462345e-01 3.512948824550717886e-01 3.044737213077895466e-01 5.474944258744669501e-01 4.345317184686535716e-01 5.220556743355666551e-01 4.849905616201044545e-01 4.975988249563952359e-01 3.699881656946433783e-01 5.031819374864108241e-01
7.458269339985265090e-01 6.582632430791979239e-01 5.964518565230700897e-01 4.241377663561241573e-01 7.837957788680169902e-01 4.247398467343062589e-01 6.614417018081631960e-01 7.883147738955051942e-01 7.689893232264934930e-01 6.007130543351314467e-01 3.905062801401604222e-01 7.264466388588352030e-01 7.125175019160554513e-01 7.826321379302072501e-01 6.032157058586111731e-01
8.833075032437837093e-01 9.267819060113039464e-01 7.277992337071195195e-01 8.368399264930547199e-01 9.426753980611692896e-01 8.078887141085980828e-01 8.548505200458479392e-01 1.045974501780699839e+00 8.754879069426199090e-01 8.624938449941278451e-01 7.457623262762499428e-01 8.255894748047351017e-01 1.004161609841617953e+00 1.053160852800412384e+00 1.006456757650608491e+00
5.570663484132531984e-01 4.811736417045937020e-01 4.536797049816059801e-01 7.648276330805166001e-01 3.961936768184483038e-01 7.165722258774901432e-01 4.256132399668584032e-01 3.048084114108277065e-01 7.096920806220208267e-01 5.045825099015268655e-01 6.077706579137391874e-01 5.638944874843173638e-01 7.863266115727827188e-01 4.706125966491888635e-01 8.170623889999710787e-01
1.128568194769019595e-01 4.615132403759213131e-02 2.974174483578947425e-01 8.514034105260910590e-02 7.087004302307975401e-02 7.874977148609856037e-02 3.004311624228331867e-01 -2.700842315407575578e-02 1.040945209743888711e-01 1.349985141491960861e-01 2.555789768514777349e-01 2.256112767989754686e-01 -7.961439004319087465e-02 -8.410261708774113831e-02 6.685170162378739622e-03
9.036330358818515096e-01 9.735821959450450258e-01 6.489598375254966856e-01 8.066067016308023918e-01 8.001854183794139264e-01 9.086574938831830650e-01 8.049365988256826920e-01 9.448279632893569202e-01 7.569477684641618964e-01 6.737700941010883460e-01 6.919731729963992661e-01 7.077455236283067830e-01 6.916431073036588550e-01 8.060849704451331643e-01 7.715860246798788014e-01
5.103060427854286818e-01 7.952091448770948201e-01 4.656703487126644392e-01 7.155626538952806204e-01 6.847656700489633819e-01 6.186135391562457286e-01 5.793089186125385259e-01 8.199708596143292505e-01 3.170541825877621345e-01 4.920376283530014105e-01 5.900829521588734083e-01 3.722443140649390747e-01 4.693507031498821980e-01 6.252120087442799568e-01 6.690820258473964000e-01
2.467850897451411563e-01 4.253785193288753264e-01 5.402726081555014881e-01 6.547971227402314964e-01 2.844682057215009996e-01 6.972475654720852178e-01 4.999224990889500897e-01 2.463900038881259302e-01 5.967973175262869523e-01 6.225843593459755576e-01 5.886368295805618489e-01 2.522379088041992734e-01 5.723691405748789762e-01 3.320100474730917073e-01 7.145190363630312680e-01
2.759292098160330275e-01 4.463052566031959212e-01 4.936115039198643029e-01 6.602829955758147129e-01 2.869454501538966640e-01 7.645435627086605290e-01 3.572414011275314438e-01 2.498538248892579472e-01 5.147478352355330244e-01 6.874961969177555421e-01 5.510331997601194409e-01 3.210031191421275354e-01 6.059354652534214569e-01 4.705248883892408363e-01 6.096548999500175370e-01
5.991300030160766621e-01 7.321531010827388997e-01 5.541197741270486032e-01 8.746971423201300722e-01 7.882375826188251500e-01 7.251903813887515815e-01 6.207306575385272973e-01 8.685148226074467237e-01 6.126517529322679234e-01 8.009925767412965358e-01 5.834447092878898289e-01 4.632488611964436509e-01 8.382608700079867692e-01 9.356760209865662148e-01 9.264394921933520877e-01
6.454436643222918879e-02 2.614969632583110520e-02 1.074666247279000286e-01 1.571433118073545243e-01 9.508080004620914072e-02 8.571542168454654442e-03 2.302416105150600217e-02 4.405215853356263256e-02 2.445041630492044149e-01 2.553622848546349688e-01 2.303883985028158665e-02 -3.806721211632792257e-02 2.543324919384383209e-01 1.641497429275863562e-01 1.341086151896857537e-01
1.195833504923979468e-01 -3.040896410956631102e-03 4.194154785783603401e-02 1.862863275459054335e-01 1.154830185625395356e-01 1.660431098715664244e-01 5.653489765106488318e-02 -3.392885533766894224e-02 1.554916872657980953e-01 2.712821842668035055e-01 6.996221674380295741e-02 -1.516848761664500722e-02 2.467371736994595499e-01 1.429385183059858067e-01 1.528289887049960605e-01
5.072636354045595430e-01 5.643030908786906830e-01 7.123217905581418208e-01 7.566127165718017356e-01 2.953887097716068055e-01 6.056997864131357101e-01 6.058580394382522272e-01 3.337254597150232649e-01 6.250100506764401098e-01 5.808178220825254146e-01 9.342988633733313453e-01 7.440509082234382232e-01 5.043047524017891803e-01 3.845931272034667781e-01 5.090126614169324659e-01
5.752194726742243525e-01 5.536716177050776677e-01 8.181382542179173045e-01 8.495048208327397044e-01 4.212772370294552426e-01 6.887926551526660779e-01 5.869991404351808661e-01 2.686541916538338626e-01 8.961582583776825928e-01 7.607819917658777964e-01 9.339647368806034411e-01 8.179060393987404032e-01 6.917936706231887500e-01 5.843941404287753549e-01 7.235912495757697016e-01
-9.366344789916818125e-02 3.842018037307354250e-02 1.480576846748113684e-01 1.846635409451638510e-01 8.632008307917532486e-02 9.302667571306115490e-02 1.335999710888967906e-01 -1.190510815071862960e-03 2.228214986983020063e-01 2.734769168621194457e-01 9.971610036757815043e-02 6.289727863737880342e-02 2.788520943326497359e-01 2.207002207197056309e-01 2.210376023842365034e-01
8.841628565566256315e-01 6.623634684436719988e-01 5.766297167833551729e-01 2.784954934137047755e-01 8.047651453602677751e-01 4.006076149931870889e-01 8.622371386321534548e-01 8.611982884161959451e-01 6.098674495681993823e-01 5.275827376169577310e-01 7.584238020455805751e-01 7.719920758367345703e-01 5.308251284112301960e-01 6.316725357693923071e-01 3.529743035498670300e-01
4.988494625644244174e-01 5.836409237769197844e-01 5.055200256649581281e-01 9.986962395571086226e-02 6.711003912373643132e-01 3.317092857694444730e-01 5.515986552857562453e-01 7.292778720331164477e-01 1.753837942140419326e-01 3.176210672276462699e-01 4.642223840607031526e-01 4.627400504869156328e-01 2.959018797902721598e-01 5.150648046689515480e-01 2.881564979331082688e-01
6.857859871043036071e-01 8.605816529771427303e-01 7.157673120243932541e-01 7.263699315938945134e-01 6.781400053212819357e-01 8.710504878321142508e-01 6.652855804679344010e-01 8.957102304408246507e-01 5.072579806242936140e-01 6.482949494484258057e-01 6.467250094322570808e-01 5.924037120750783592e-01 6.231638127262635329e-01 7.005923364319212032e-01 6.710430848005284332e-01
1.919985391615933734e-01 3.080662344743256842e-01 5.055939293193264517e-01 6.789305493804085323e-01 3.342705876727994907e-01 6.710063987848222666e-01 4.439337757070667134e-01 3.253187149420445623e-01 4.620975920285487759e-01 5.759576481768251544e-01 6.799944955348532494e-01 3.297233671555521717e-01 5.907136880792802636e-01 4.104123170350398309e-01 6.377202340528148605e-01
7.920982968838390370e-01 8.980294917258379028e-01 8.107025096089199856e-01 8.097454058900424023e-01 8.248996132538644055e-01 9.227599828299953844e-01 8.127423656655706763e-01 8.927198734808957648e-01 7.490976097780389642e-01 8.511621948920108371e-01 6.644762961482875152e-01 5.511619352745174005e-01 7.768402158981926320e-01 8.814361725658367286e-01 9.012391795908167857e-01
8.596405006109250069e-01 6.801693791205835060e-01 6.113703995523627199e-01 2.796175502347962860e-01 6.927492771645978875e-01 4.265340825982250061e-01 8.712026933294698683e-01 7.167116454361255329e-01 5.236174780728691802e-01 4.493349666955869792e-01 6.442831520080463115e-01 8.549831497746802622e-01 4.617008164716204788e-01 6.589084160906683030e-01 3.457308504858118692e-01
8.177922562675057350e-01 5.894450315371952964e-01 6.412950814693988422e-01 2.846368981496161243e-01 8.023620889224055697e-01 4.637496239984579827e-01 7.446893983396394301e-01 8.142566104421724571e-01 5.113179461705429363e-01 5.319895364881548350e-01 6.007751643303359534e-01 8.023604663239787271e-01 4.007302529310657890e-01 6.918635838526119297e-01 2.219459712258662343e-01
4.427066258707099133e-01 4.798040350686093025e-01 4.024728330264122356e-01 3.196542907303466241e-01 5.986592604748964819e-01 3.286737035289233888e-01 4.952314430502682274e-01 6.793236112705963725e-01 4.138737379184490028e-01 4.463262930299030096e-01 1.727006969349831889e-01 3.648006013650587631e-01 4.751967190370265937e-01 6.337232203168917666e-01 4.995975454566390361e-01
8.704325924392165570e-01 6.779174911401688597e-01 7.988689498337693262e-01 4.965164050098105353e-01 8.985753436892514046e-01 5.332716342266146103e-01 8.831429977023199651e-01 7.313753143947477886e-01 8.535434127850543007e-01 7.757030454864964897e-01 6.221245961414104686e-01 8.819999954005962595e-01 7.167292668403369982e-01 7.546265096607379652e-01 5.185775976362403394e-01
2.769277075564690604e-01 9.396375285125146970e-02 1.053720432198003154e-01 1.512837496670068338e-01 1.631945454560826403e-01 1.240559021511378202e-01 2.442385041055123995e-01 1.102448254491131679e-01 3.128570132121668568e-01 1.471127387091876737e-01 2.332172147982281007e-01 3.644410843777716735e-01 2.486306357311663384e-01 1.906960675571945096e-01 8.778737038618242283e-02
3.960440608202439594e-01 1.519661092444126171e-01 3.494607254229203930e-01 2.256991846463315132e-01 3.981626052823641349e-01 6.005468965220664423e-02 2.332537351487636856e-01 2.244347490408260537e-01 6.030025436578181353e-01 3.309616872420289013e-01 3.528681512731458580e-01 4.345848845478381683e-01 4.104097316732665535e-01 2.571224036436025040e-01 3.649960775906084809e-01
7.523715287002166185e-01 8.630662931527128823e-01 7.744975775786957506e-01 7.978740313064373035e-01 7.950396938316496298e-01 9.363658240160077639e-01 8.163997218883871643e-01 9.001251746112451935e-01 6.355225250517964053e-01 8.819490445052420302e-01 6.983681130461407705e-01 5.926073433810336022e-01 8.441399433937395447e-01 8.415406704315643305e-01 9.451253420112359915e-01
6.474746314855459595e-01 8.030831554507503744e-01 6.729969222367160331e-01 6.812320838601437778e-01 6.978074128241692486e-01 9.294896685396886182e-01 7.314887478587102088e-01 8.792796633827032471e-01 3.901226400202075784e-01 6.857381755393041622e-01 7.605435736788973555e-01 5.176118042335311475e-01 5.820218105049366208e-01 6.984711789395724457e-01 8.122714093377880751e-01
8.866168232734697452e-02 1.321226080130263325e-01 3.595833036811874606e-01 1.537630138639616006e-01 1.844155848848113288e-01 2.570287223371013896e-01 2.703710610915631141e-01 3.720099388234116011e-03 2.906489336937860823e-01 3.977815334044947360e-01 2.171263513556674352e-01 2.807768100748759266e-01 2.930850614573025648e-01 1.437400584570442674e-01 7.362466456849847685e-02
7.240841262050373706e-01 8.611475855913278687e-01 8.064050601070358315e-01 8.900810855890385342e-01 7.805824193341753814e-01 9.883709131260740577e-01 8.821474234826027772e-01 8.353450633588527241e-01 7.546329032822585159e-01 7.707485708584491668e-01 7.572592344392529151e-01 5.548681549384139045e-01 7.115669063092434632e-01 8.914501119261472040e-01 8.637505202554112138e-01
1.198224231977454285e-01 6.047291918855949439e-02 3.179060525819793481e-01 -1.179064406183695235e-01 -4.938426077403280934e-03 1.185425836383907083e-01 1.532675663516671893e-01 3.869686804432070221e-02 6.350900717414040275e-02 9.768178328996617032e-02 2.505527574432718785e-01 1.380568336654329764e-01 4.813223550132498391e-02 -3.248382478073126578e-02 2.056571933421701137e-04
4.406743686967338203e-01 4.730808318687298453e-01 1.996167563219256036e-01 1.681353145670936855e-01 5.273619626625428713e-01 2.373231487171883203e-01 3.073279359596478022e-01 6.921411378575008655e-01 1.265005084925275303e-01 2.714201122833375113e-01 1.774699377850267323e-01 3.152891555377491661e-01 2.277336041094594477e-01 4.763413971095989963e-01 2.881795966772593420e-01
5.032045682277791476e-01 8.132781007287346320e-01 4.914059878325840458e-01 8.937934299931906690e-01 8.920746942699102622e-01 6.829401984232217337e-01 6.334709811271396207e-01 8.860804853503285727e-01 5.861981973114224198e-01 6.618958621186187274e-01 6.072552768477391671e-01 4.034615503559594307e-01 8.048993964472608287e-01 8.877541250948497442e-01 8.984781497847676990e-01
5.908181260246033739e-01 5.738490614266695822e-01 6.557405800202984469e-01 6.820870124845148652e-01 3.950366392827638906e-01 6.937271159059759107e-01 5.287207144590412300e-01 3.410643238699734292e-01 6.533170095267127886e-01 6.021310215800113053e-01 8.455245737401982931e-01 7.406600431172218890e-01 4.252576330534539872e-01 3.687413695739739650e-01 6.022243479451103720e-01
5.624256481107986483e-01 7.025231123032318337e-01 6.294863289754553115e-01 8.516821850219991052e-01 8.837600275342600842e-01 8.739581445894279987e-01 5.334774431500168834e-01 8.545439993577438331e-01 5.451908394509500377e-01 6.821042208859346978e-01 5.102034842168511330e-01 4.161720486458397317e-01 7.305558366889313149e-01 8.022782175128413407e-01 8.504432847775884596e-01
4.005032563665777978e-01 2.453865962972477943e-01 5.867899858935909929e-01 3.610946052898976744e-01 3.060211220696543721e-01 3.348141602612762502e-01 4.836566491569744275e-01 2.166186831432491966e-01 6.452204908463495814e-01 5.741788485132562903e-01 5.402107626014681641e-01 6.537755670153132526e-01 5.073960089154603281e-01 3.864517860912115021e-01 2.526750719165514747e-01
2.227427475954504299e-01 7.551674058655399868e-02 3.185670305183523343e-01 1.017341510068599381e-01 2.136551116468144440e-01 1.077212536793983738e-01 2.392535273624395720e-01 -2.077044333533169945e-02 3.403320550496057306e-01 3.421244892772786761e-01 2.800555604838825818e-01 2.086117908113117592e-01 2.550664338184954749e-01 2.469307364432348773e-01 2.269369250953767181e-01
3.871213305161728124e-01 4.486210429820760015e-01 3.598806241750059920e-01 2.421216829226195411e-01 6.574830250478267413e-01 3.323137448284511630e-01 4.134928256794200840e-01 6.969519154987580123e-01 4.365558385149364562e-01 4.476523452138249093e-01 1.839751397365009256e-01 3.465949689944041734e-01 4.336766556422461116e-01 6.258457508556564131e-01 4.786974707638677051e-01
5.859762346785796217e-01 8.079141865124125355e-01 5.710150770764975681e-01 8.642266290026269226e-01 7.845530749189574271e-01 8.238733352655333020e-01 5.320381947366361608e-01 8.278998073685224224e-01 6.000200018110821709e-01 6.845889972961013425e-01 4.160616013034713623e-01 3.525817752596742127e-01 7.329311845732299213e-01 7.890219756440955967e-01 8.809179090395473644e-01
4.818161269879339126e-01 3.130263248507474949e-01 5.344168996759284251e-01 2.683415329921607917e-01 3.604676891152790441e-01 3.728128853097395501e-01 5.576274146732511650e-01 1.393512316334914736e-01 6.883835414484109627e-01 5.116337756463756881e-01 4.273200843255268722e-01 7.001705707367402720e-01 4.478154409202823594e-01 3.133242054134168231e-01 2.621921185397984022e-01
7.451103238555094599e-01 8.044773033192571532e-01 6.362265782142993986e-01 7.957325310487232128e-01 6.527409249124689339e-01 8.537691086204093338e-01 7.140021231542561519e-01 8.789243550132644911e-01 4.864006869147246004e-01 6.892271096592864632e-01 7.303254906686215131e-01 5.047997749716298665e-01 5.691903183060187388e-01 6.738169960405209213e-01 7.462275905709718771e-01
5.126051790997776525e-01 7.860261776808060707e-01 5.918115223311782858e-01 8.638806313506314227e-01 8.394668331699394193e-01 7.828533316120076524e-01 6.301560080973684919e-01 9.118987042503002849e-01 6.041658502003618425e-01 7.936376390305083239e-01 6.547028109004044971e-01 4.213971511985141749e-01 7.702995812161923528e-01 8.350424786578352077e-01 8.878783152447972116e-01
9.647448171651630267e-01 1.023348105997166968e+00 9.674150787261398543e-01 9.638659223165280121e-01 9.438093727303966674e-01 9.568189976154699572e-01 1.088612767670351200e+00 1.057389391072210305e+00 9.270222129073584227e-01 9.647712602164079110e-01 9.803987476465227946e-01 9.598416614420230975e-01 9.223505723589224825e-01 1.030813228667128545e+00 9.259498293331576146e-01
2.330346399245579181e-01 4.009061701421907653e-01 5.071441956839168874e-01 7.401902827120613315e-01 3.421485222536460591e-01 7.289973881369113951e-01 4.667109764469133948e-01 2.185463633739684053e-01 4.452422097715110216e-01 6.564431024299276496e-01 6.417967605045621360e-01 3.619518102354459810e-01 5.252094430650992019e-01 3.900462261826722621e-01 7.038697458110191318e-01
9.241871536102324036e-01 9.140120354378442613e-01 7.945253793813783494e-01 1.019538448694905286e+00 9.469971629780910005e-01 9.231282822101563035e-01 8.411387150337059637e-01 1.019399889062312159e+00 8.875711602266190825e-01 8.652365374714758861e-01 8.023955493579836284e-01 8.633662187025350487e-01 9.601495594012933177e-01 9.724928352791624153e-01 1.020767050719100233e+00
1.080143895886422484e-01 3.375774249664226789e-01 1.896456394076696528e-01 5.854833294680904521e-01 1.171390652871919930e-01 4.135029209039504661e-01 1.381722575607941539e-01 1.300675485313977919e-01 2.030830106946757974e-01 3.328455325331075576e-01 3.918188654501187362e-01 6.939514929294426926e-02 2.809512179920100605e-01 2.447335149204076798e-01 4.310771619725262127e-01
6.035441558935433770e-01 8.719386984840985511e-01 9.011586708518514177e-01 8.366770367206967096e-01 8.203734907461673886e-01 8.992732288541405161e-01 6.934978784808619734e-01 7.927526688581104652e-01 6.675353905977740032e-01 8.430640637606082732e-01 7.154076165599421167e-01 5.765032922404932370e-01 7.634513113462381151e-01 8.006807376371954943e-01 8.693705731201579745e-01
5.731364883370161367e-01 4.797491224364530682e-01 5.007043970170848013e-01 2.255441253640034782e-01 5.556966285860227561e-01 3.224431195852862087e-01 5.997994845390595131e-01 6.908062593996187051e-01 2.376261335232724148e-01 3.148108660914445966e-01 3.943679379895823622e-01 5.203754008040454293e-01 2.349262812202853046e-01 4.376150175765127215e-01 2.099350283334728007e-01
7.102670701469813164e-01 6.925117764479788995e-01 6.244924564370588627e-01 3.807471563835790884e-01 8.381847273282090338e-01 3.858131599382386145e-01 5.063888764411168530e-01 9.802623875689252531e-01 8.042299830215589029e-01 6.396577783874408674e-01 3.968618774171370212e-01 6.428709513141090959e-01 6.713631017331038731e-01 7.430025022046209404e-01 5.971016794061914101e-01
4.167744617595373069e-01 4.393396229146308563e-01 4.706485658167058883e-01 8.005896312192869457e-01 3.642301181468802773e-01 6.619864902956251740e-01 3.956234051258424311e-01 3.218963105453604978e-01 5.517711823449955588e-01 4.463990120408331541e-01 6.028977227027704222e-01 5.293698021976572798e-01 5.417874455099490616e-01 3.640403900484836530e-01 4.748612445885329603e-01
3.111912075582313753e-01 3.097236489358849987e-01 4.053077015108984549e-01 6.489658352940161912e-01 2.288549744760792481e-01 5.541790717822770995e-01 3.465982456146279866e-01 2.222654590126768304e-01 2.996076850412241477e-01 3.439341149296664124e-01 5.476122028885707094e-01 2.621017997444077263e-01 2.237976697326194420e-01 2.584126373747107075e-01 4.062174298266420513e-01
8.116047406180659785e-01 6.381144520098389616e-01 8.063819412127471997e-01 3.758218407215746515e-01 8.933645256514280986e-01 4.570652317507287732e-01 7.771787179375841959e-01 8.262571086380403607e-01 7.783426009725183947e-01 6.584308639978324607e-01 6.956982620974765386e-01 9.542311123359022984e-01 7.621426177605163943e-01 7.293080767095413419e-01 5.141257523017440656e-01
7.245680782386820784e-01 5.958848357181810718e-01 4.906772926659295209e-01 3.473737728092761157e-01 7.265504397610377252e-01 3.640707510307050754e-01 6.613309167842802427e-01 7.493252810731440006e-01 4.776463892321900495e-01 3.819148126558041811e-01 4.365958731113337432e-01 6.398285976594008106e-01 5.763381910923475182e-01 5.971034712357727869e-01 2.557260015235085504e-01
3.818683545533241297e-02 2.821888434186373140e-01 1.214924281392287253e-01 5.265064628667897040e-01 1.630117350098738982e-01 4.594480341035216964e-01 2.166036319665331777e-01 2.104863521178519103e-01 1.327202402934616887e-01 1.889522553503358293e-01 4.127279647273481289e-01 8.867541882601197301e-02 2.484674501461073270e-01 3.235624815705924751e-01 4.767068678833642492e-01
4.318333751848940083e-01 4.541199317666683166e-01 4.217963612413345720e-01 6.794762550907125220e-01 3.522167796484960700e-01 5.940224991373883601e-01 3.055715318818904569e-01 2.335636021070353896e-01 5.497110157632346672e-01 4.867591827474365695e-01 5.841289588757716533e-01 6.016159010996484646e-01 3.908761859701661567e-01 3.359991096214578477e-01 5.740226022607457512e-01
5.295627533323055136e-01 7.679420165121164654e-01 6.534783592285273723e-01 9.165150473942660359e-01 8.337255206242415451e-01 8.155027101726119998e-01 6.180135591102181580e-01 8.674234881033867639e-01 6.055412250610734404e-01 6.848277721113141814e-01 5.280568441981786654e-01 4.427237006062035851e-01 8.245161673366875332e-01 9.470522376754779703e-01 9.311857163647175861e-01
3.054324265920145276e-01 3.346599254568859427e-01 3.763892295845031599e-01 5.368381475553879456e-01 1.880373396105354256e-01 5.739362660287534723e-01 4.290495855402646774e-01 2.023668378875177754e-01 2.334344066851351540e-01 3.901500585473598459e-01 6.737229194072359428e-01 2.637835343146114342e-01 2.241372975217228447e-01 2.887956292133457836e-01 4.483878927704348927e-01
3.990746291824461278e-01 1.259996620241215504e-01 4.544422517137583495e-01 1.809948841976506961e-01 2.906279355957568367e-01 2.324439016791257362e-01 3.950130619209986094e-01 1.023523910635888712e-01 4.379049840384924841e-01 2.375031351439901017e-01 5.412170081865523841e-01 5.074137045249399458e-01 2.638727657711325003e-01 1.830963053012006347e-01 3.541854599920563756e-02
8.637556660706330325e-02 1.183243098823237999e-01 2.495497693456457666e-01 8.618057470285853117e-02 9.065803896280788532e-02 4.241510999618247624e-02 1.480870087270255153e-01 7.449170855461871577e-02 5.352046412619938798e-02 1.347059169002838286e-01 3.051273058600688648e-01 1.841298686647163396e-01 1.298271756732550242e-01 6.288925516223826950e-02 3.040480665190038040e-02
5.309510236189207699e-01 5.348808811194544210e-01 7.857787622275089756e-01 8.544558479780164362e-01 4.239461224663340633e-01 8.767817889947163712e-01 6.470012594346167267e-01 3.089035031821343869e-01 8.452524549931043074e-01 8.562300395794297803e-01 8.843904620894105229e-01 6.943734679176355451e-01 6.518221906910491859e-01 5.577851390264200182e-01 7.323428776481520908e-01
1.008447204077369763e+00 1.001246455099979116e+00 1.015789355324462129e+00 8.473645904107106608e-01 8.744708754992239763e-01 8.786091016032002710e-01 8.477301154341122524e-01 9.644071432817231670e-01 8.418642823708423206e-01 7.741521261335065907e-01 1.021465760512840326e+00 9.602025426165409216e-01 7.925246762429625225e-01 7.467407125084181141e-01 7.806002891215970685e-01
1.263811591119345934e-01 3.560700232199132675e-01 2.386973771350912044e-01 6.411156042251964227e-01 1.333175467214958998e-01 6.064553432583174031e-01 1.908085080669958689e-01 2.050746610635076073e-01 1.552254762852219583e-01 3.236517013264371689e-01 2.701270439778378218e-01 1.513256918286448038e-01 2.654928921847830026e-01 1.906425213027729271e-01 5.235629886557948698e-01
3.161700011904093333e-01 1.348779276640702518e-01 3.033770628461244234e-01 2.384079430843535075e-01 2.179854901931070621e-01 2.383115762556738404e-01 2.873705350629234823e-01 1.314564666137805482e-01 5.580946215927439225e-01 5.054644081321160165e-01 1.832696552016640779e-01 3.830997852703705298e-01 4.326768567260784182e-01 2.321159508484687828e-01 2.605011600996727239e-01
6.636801005869028547e-01 8.352324329742983888e-01 8.214979309599437229e-01 8.949403977860382886e-01 8.137803500951088509e-01 8.419003369130635406e-01 8.837378544313494455e-01 8.738246498763083681e-01 6.750490456655552363e-01 8.499992999491151613e-01 7.705780840503780871e-01 6.148366939690180777e-01 8.138028674751077718e-01 8.965656247978229798e-01 9.264140377951947114e-01
6.613036628101260916e-01 8.781851028583921304e-01 7.828402662618438868e-01 8.400979836102383524e-01 8.133469399591454208e-01 9.286570658063394434e-01 8.422741476879507250e-01 8.544037325184730136e-01 6.250111356107626026e-01 9.148405394368824828e-01 7.210059056777740061e-01 5.405236659467722582e-01 8.423875675039779187e-01 8.820010403441608249e-01 9.031846538737924313e-01
5.733558966562359860e-01 5.147831922892706080e-01 6.764502957530889038e-01 7.404443631198371900e-01 2.963416331632355294e-01 7.231628971809339612e-01 5.510859654498918569e-01 3.485002663642013943e-01 5.737866718770345820e-01 5.114796095828704203e-01 8.016657856297593199e-01 7.196865346749519166e-01 4.165819897337944000e-01 3.282852901503559573e-01 5.429940399396415707e-01
5.021273294417114563e-01 8.688416663598068357e-02 3.687144347177811476e-01 8.354549942040703780e-02 1.842169086518851140e-01 2.035657427638679351e-01 3.632013287562946835e-01 9.448547556082667609e-02 4.099200670983578765e-01 3.241789178197474475e-01 5.243993681293408482e-01 5.085868295564013319e-01 2.994054622211185790e-01 1.470625215707768718e-01 7.666536060889447834e-02
3.893879702539411736e-01 4.519308288938161389e-01 3.888061941635330143e-01 1.677052457241360317e-01 6.579854539153974224e-01 2.564434973101961113e-01 4.412600110295723521e-01 7.228049487603336321e-01 4.452466720598228234e-01 3.430916666677461535e-01 5.182671883561081050e-02 1.945359545296971304e-01 5.869913106243355161e-01 6.087917258506523321e-01 4.448118354634684746e-01
6.920725581023118300e-01 5.196669582915398600e-01 5.895473887984433725e-01 4.438799862664600804e-01 8.220844790960645243e-01 3.026193805716107521e-01 6.573011020125637538e-01 6.901045909273820778e-01 7.362659531385271627e-01 5.922259226877250038e-01 4.303393449682955674e-01 7.327791235229602629e-01 8.899479217828172306e-01 7.470403780713368302e-01 5.625434632375528876e-01
5.715195059300782754e-01 6.103364930449958203e-01 4.896906083474273919e-01 7.538825354045194382e-01 3.084818321267642771e-01 7.255688105884722239e-01 5.302932215666034121e-01 3.164339251361349969e-01 6.543122621556859420e-01 6.029274576939299690e-01 8.038242995007048863e-01 6.613074036158891333e-01 4.823813725035495659e-01 5.039140337306486916e-01 5.483772779282369836e-01
6.907863474311883856e-01 6.132804090514326623e-01 5.170702054477539500e-01 4.592564539869052331e-01 7.673182594272276447e-01 4.064857013798405250e-01 6.648013258316129992e-01 8.249438546183951448e-01 7.135804891182773169e-01 5.976465467576180801e-01 4.747237029037774114e-01 6.935100950738274372e-01 7.005991048839458335e-01 8.325392432605359661e-01 5.094984239891596767e-01
4.455153926098375794e-01 2.253477502610966576e-01 4.049525240664632042e-01 7.909998662216885523e-02 1.750281956807919481e-01 2.554444550126984126e-01 4.357985404967058551e-01 1.267467033467020998e-01 3.950801372426833158e-01 2.052082775485266075e-01 4.927515065501853475e-01 5.229417246449192813e-01 1.237250393198662812e-01 2.046030327590154241e-01 7.536180119309411618e-02
1.800681540326352359e-01 2.538229945714307600e-01 1.874975137766735078e-01 4.804643646903520304e-01 1.185294538128917885e-01 5.340350035549256136e-01 1.123984238139362629e-01 1.274761354616840703e-01 1.196423202033338601e-01 3.340058382716905583e-01 3.246486209036127946e-01 4.953174578346379586e-02 2.553309788772138988e-01 2.805059886632260691e-01 4.685420689233443792e-01
5.554980255628334529e-01 5.051825578319483201e-01 6.368458867198342199e-01 6.390358738538846062e-01 3.209963961981924241e-01 7.783392071241195254e-01 5.800894901939819270e-01 2.750143943980745131e-01 5.480375794819573043e-01 5.476075704361126339e-01 8.680192492379288360e-01 5.928069192639714435e-01 3.909214599559128200e-01 3.942054597445352471e-01 5.007001909511745730e-01
2.806025859206371376e-01 2.736007682674732600e-01 3.579635836767358636e-01 3.098926420294709216e-01 1.743606460952805415e-01 1.737933904560673148e-01 3.706203042763266398e-01 1.087533923406132780e-01 5.132744399860686979e-01 4.371289389614056997e-01 2.118528976636379346e-01 4.136525911733358041e-01 5.021230822230200452e-01 2.630993937284884510e-01 2.818178328410584355e-01
-7.127156021454318646e-02 9.939139898191270972e-03 -4.070465760024052221e-02 2.133352400182748562e-02 -3.519850204570299651e-02 -1.120819150461488389e-01 -5.602557099148423175e-02 -1.111265525185335667e-01 -6.636302265966585734e-02 -4.963317866657566274e-02 -2.608798650085230111e-02 -6.926316365910974333e-03 1.350880878080596148e-01 -1.324309241572875495e-02 -1.174601805940543447e-01
-5.949438532288129494e-02 8.669332121680449477e-02 1.004552603300396946e-01 2.177922390263162256e-01 8.777755256073449530e-02 7.139301629912471470e-02 9.916336105619047436e-02 9.738071797501208354e-03 3.381701585151894451e-01 2.407431211438947338e-01 -3.808737998747238618e-02 7.086762082006989316e-02 3.100561621127799761e-01 1.479072562450245987e-01 2.951708529118618474e-01
2.094847240480358919e-01 3.206802244226041876e-01 4.666481517418692437e-01 6.082177823516240478e-01 2.054950001067039622e-01 5.823278288399986735e-01 3.610420106903811654e-01 2.026566784116438646e-01 2.207183574416883842e-01 4.178508355158291887e-01 6.396691145715754923e-01 2.859825381893279506e-01 2.406318275710675192e-01 2.354268010404239331e-01 4.607468046330562839e-01
2.817984549219962886e-01 4.111241704123610452e-01 4.911891652732817692e-01 6.821613235624913729e-01 2.266744536915941965e-01 6.575289097704278829e-01 4.906392116662338654e-01 1.776114154279052060e-01 5.342502836485547579e-01 5.802738753879984612e-01 6.959444601218159887e-01 3.242784492104523464e-01 5.228027254683130787e-01 3.713836962051579871e-01 6.738895593527775008e-01
6.699215971957350746e-02 -7.926384122487521722e-03 1.313671800530011868e-01 2.870449489537343912e-01 8.583309256154489364e-02 5.131388909137757359e-02 1.050834246860061771e-01 -3.539279675631198940e-02 2.934742654991864819e-01 2.732181159445944418e-01 -3.845198892846644900e-02 6.746215981090297742e-02 2.801352570034736922e-01 7.682733528805590906e-02 2.242588745215009782e-01
6.089425084653471432e-01 4.486647464454667222e-01 5.068263628051915548e-01 1.402621300408445348e-01 6.251938975863134962e-01 3.651543929181580994e-01 4.740988720961487046e-01 7.468956970976747822e-01 2.434629149677776105e-01 2.754496768093597781e-01 4.182628517457432360e-01 3.732335795137374235e-01 2.421050822895945143e-01 5.033628449536566851e-01 2.732916482984142359e-01
1.345332687862671184e-01 1.986701693107427447e-02 2.988631239025517083e-01 1.316801452898389568e-01 2.426872999477396320e-01 2.004530791444060767e-01 2.291831935118396057e-01 4.881509382546424247e-02 2.625990449423590278e-01 3.605115639600154354e-01 3.165791579776693898e-01 1.690970879525789949e-01 3.025269409316588276e-01 7.396278307021708631e-02 1.062826558809155247e-01
9.475531199740085952e-01 1.009128781057998081e+00 1.029831688724174299e+00 9.904808973661463067e-01 1.033942192474404997e+00 9.363542437058202106e-01 9.004469946649826806e-01 9.309152074346007666e-01 1.078445180961656868e+00 1.073119262424356846e+00 1.020863671013137353e+00 1.032727285570835596e+00 1.026112460966219109e+00 9.717727288930991802e-01 9.635304765796645077e-01
5.700988722132914743e-01 8.035998132341986011e-01 5.063824884327214892e-01 6.853449470306731683e-01 6.622717838961548198e-01 7.134205689483168467e-01 5.524271196835949249e-01 8.202367433813653186e-01 2.772474116441572822e-01 5.487188760970382884e-01 4.767793423152492660e-01 2.916139282133344279e-01 4.479556341219457227e-01 7.124642514881812660e-01 7.364495469140623918e-01
7.267213162046903818e-01 8.816318954072596137e-01 7.631597307085541404e-01 8.253369311508889083e-01 7.766685234190008336e-01 8.973264368135170921e-01 8.543609623583506840e-01 8.537372815955636129e-01 6.366038550972816790e-01 8.081550751946321443e-01 7.503005790886700943e-01 5.435443629437439750e-01 7.415120419518371753e-01 9.070808562817441745e-01 9.375152821607004583e-01
4.687680548520763990e-01 4.802203813475151017e-01 4.880546131039586455e-01 8.105350868782156271e-01 4.560884583939417425e-01 7.020043107751089417e-01 3.792427973678960673e-01 3.257393818248561224e-01 7.723061396420598523e-01 6.988160449680360653e-01 6.387499780915000258e-01 4.990232156138136865e-01 8.035386705283150688e-01 4.779950296990083114e-01 8.764669784682550535e-01
3.422370372470591726e-01 1.478080091390825135e-01 3.408329660784721882e-01 2.944779868039759108e-01 2.721673983507963968e-01 2.632652947242920538e-01 3.869871406999969010e-01 5.564689727106485184e-02 5.372304458113794645e-01 3.396113362252383139e-01 1.921596591989988556e-01 4.167324729564053643e-01 4.827441368823607859e-01 2.973807184827435002e-01 2.273197259616862587e-01
1.581422932158480510e-01 2.718257123240512829e-01 3.921345606307334863e-01 6.358171229541342839e-01 1.823157387136675189e-01 5.099914314753301037e-01 2.700813987232580926e-01 1.999280834850609700e-01 5.175369827708673487e-01 6.010668441722586408e-01 3.265826711908756397e-01 1.407798483039300053e-01 4.967472300356520765e-01 4.389162675640558287e-01 5.931230459653523690e-01
7.259948311907871155e-01 5.752228724420053174e-01 5.147528364010280910e-01 3.346533107253730210e-01 7.024963354998352560e-01 3.526474177626456874e-01 5.140028529130836743e-01 7.697784039540065404e-01 5.226430491017404201e-01 3.614478344377688446e-01 4.062338241435389796e-01 7.019099096797958293e-01 3.427717587262352206e-01 6.207373410901045885e-01 2.408860920187281818e-01
1.731089962409691763e-01 2.321251823997990127e-01 1.904075373096337509e-01 5.316535105407280692e-01 1.038246261947759763e-01 3.956273098344976202e-01 2.048522962043899387e-01 1.694567883599416291e-01 1.061668894240887784e-01 2.801792873064691825e-01 3.231416371718119351e-01 1.881709247381475603e-01 2.940352627723330503e-01 3.667452192433260372e-01 4.565189720513120886e-01
8.236859623704230193e-01 6.919321882061170159e-01 7.473404349935136581e-01 4.205297504475387638e-01 9.115564538896501201e-01 5.440286105163063546e-01 8.594884700496591146e-01 8.951224332412900386e-01 8.587362439175980633e-01 5.733927508006816387e-01 5.911613691264699932e-01 8.215589774729576966e-01 7.459925913170118994e-01 8.210126685598818641e-01 5.807771102295262722e-01
4.392115484825893923e-02 3.173679308705886770e-01 2.522342042990915467e-01 6.659377562824975172e-01 1.603848113893759364e-01 4.969001588931983848e-01 1.843833845438524188e-01 2.427136256945890969e-01 1.823119178647924221e-01 3.055396685399858758e-01 3.711803032364668353e-01 8.093515983982974005e-02 2.675042524030158964e-01 2.221959135708597433e-01 5.499433977900805015e-01
6.254374538168301356e-01 7.257261008674722458e-01 5.172155329792782474e-01 7.405721858530733837e-01 6.499399839249588862e-01 6.767811711303879374e-01 5.315060727371714311e-01 8.548616769954029415e-01 2.568726528955955768e-01 5.908825172720855168e-01 4.228221739440952698e-01 4.079336692041524715e-01 5.805829921661415094e-01 6.449017540525702197e-01 6.601430711617439773e-01
5.222594811580709706e-01 5.875689902573476564e-01 6.314027634130729982e-01 8.404427209909387519e-01 4.170561238074966814e-01 7.446215555887572002e-01 5.610431234465229622e-01 2.572692921663647381e-01 6.077714976309460670e-01 5.562599043900499085e-01 7.824242143589422716e-01 6.413970649392429779e-01 5.420222746433757122e-01 3.246544242999262475e-01 5.274080558148607212e-01
4.983376000316562804e-01 4.832225243960188710e-01 5.532217823666717438e-01 6.628982828472598232e-01 2.783977506527226531e-01 7.357859210952534257e-01 6.768267532115377350e-01 2.419833887239542514e-01 5.913643975674347519e-01 6.066554281878040467e-01 8.731884853141025360e-01 6.739206888002894358e-01 5.280429055204924893e-01 4.852639835453803618e-01 5.515811935038420488e-01
6.909038113099972289e-01 5.482488841909011201e-01 7.491981144543399251e-01 7.956991433602784713e-01 4.651686613854269514e-01 8.096184854429885336e-01 7.290300974202870155e-01 2.616913378851822292e-01 8.530041850896469269e-01 7.093770329581139400e-01 8.812573723218705135e-01 6.850030949001912894e-01 7.313096461063066656e-01 4.896032376798555852e-01 7.343254951673487962e-01
