-3.856487145494172375e-02 -4.034665976755142519e-02 -7.437323842490210779e-02 -7.158268257428213044e-03 7.135154464095010141e-03
2.213042471126921429e-01 4.548446438020665727e-01 1.574637349734801239e-01 3.884946561287086486e-01 7.554427010437914092e-02
1.530666145759639885e-01 4.578146278773754796e-01 2.771664126460942068e-01 2.360881319028853564e-01 8.788824210382510660e-02
2.289435524082623630e-01 2.878314836765460960e-01 4.975880273218660083e-02 1.236085743328946690e-01 2.198637747108531104e-01
1.515714000585134408e-03 -3.472019345011711361e-02 2.717633158636437868e-02 -1.784106987511266396e-02 1.281300565142761208e-02
8.356888511174438428e-01 6.829982310330702244e-01 8.499768642290979059e-01 6.650742377937731709e-01 8.887856724275676745e-01
-4.697506521296965915e-02 -5.916013905700213960e-03 8.312179117360126226e-03 3.342981472676286037e-02 -5.361516814245326223e-02
6.057432875301340669e-01 4.344248739717946894e-01 6.980303323787361292e-01 5.200434156058835189e-01 7.285044156830287054e-01
6.201952253796748638e-01 2.813625901353963288e-01 6.919864369979776830e-01 6.368685617159907109e-01 7.442135048516735907e-01
5.008837656862557414e-02 2.958162091105312475e-02 4.238226644707669515e-03 2.844340559059196916e-02 3.028671402075594488e-02
6.198578362664507457e-01 3.709501011912125779e-01 8.373681319175539928e-01 5.932255628566531769e-01 7.992319357348151021e-01
-4.599019745360940353e-02 1.110827355639843889e-01 6.941807855379321379e-02 -4.780326128793294105e-02 -3.667242039105998025e-02
6.458305447531260679e-01 3.588829024254078237e-01 7.717969674659452828e-01 5.651144349149157531e-01 7.545441904413915379e-01
1.034721490574901592e+00 9.429249256027294468e-01 1.003125970711234993e+00 1.017613106061851402e+00 1.022326635005499362e+00
-2.908178774114965684e-02 1.915657068528940979e-02 2.087863744762101514e-02 -7.152619488190116621e-03 5.808083099551571149e-02
1.014529946490045020e+00 9.923812278949744048e-01 9.601239202089586477e-01 1.034884365254579608e+00 9.963258151695781883e-01
9.655984465569908970e-01 7.294470084389272913e-01 8.712330012245902422e-01 8.193871114171198400e-01 8.599558804668763212e-01
6.767452804595023297e-01 4.045948055243205888e-01 6.852888982888626357e-01 5.734492199993176387e-01 7.328710540616689695e-01
1.756679234571877635e-01 3.622591460087428716e-01 1.402809846591688836e-01 3.772129045157345262e-01 1.283505071655984819e-01
-3.637985055026152215e-02 5.491542045401233418e-03 1.488821121933709551e-02 -4.480353390696359232e-03 -8.074215779386695324e-02
1.147177223328812168e-01 2.757726091195256135e-01 1.071535993556417959e-01 1.037591841780565322e-01 2.389054036734495345e-01
-5.995701463564116068e-02 -1.137624919724120227e-02 3.311562561144388434e-02 -7.940210240604267389e-02 -1.644702626643325047e-02
1.749482601309231278e-01 3.210045755499271181e-01 1.491431487844619708e-01 1.247429894613051871e-01 2.432658171239795997e-01
8.295630670280157437e-01 8.041945470002452856e-01 9.715294014457842575e-01 8.519768393281526020e-01 8.455225257293477181e-01
6.664617075108487665e-01 3.237637402706087797e-01 7.292543898350625220e-01 4.493516954718036471e-01 6.838564265674956788e-01
8.170363964901010689e-01 6.840903396738082787e-01 8.591674737125268857e-01 6.789648015555216354e-01 9.005097841463350905e-01
8.153354026573883528e-01 9.207018904724838526e-01 9.680145449307316907e-01 8.241716501177563936e-01 8.546348681490397725e-01
1.377681516403688744e-01 2.269338705315619986e-01 1.123957437416639449e-01 1.527831568699437592e-01 1.215338128032238674e-01
1.827293943355561279e-01 4.317822534488537922e-01 1.828959948449169204e-01 2.962255975134306385e-01 1.281777649043586154e-01
-8.284078485109841461e-02 2.276015675733084401e-02 -5.335664160507948284e-02 1.317067703695707671e-02 2.037506774855230018e-02
2.180772122896765808e-01 3.458871234139029860e-01 1.987800000733816186e-01 2.803208147257646443e-01 1.580681938981830514e-01
8.125467586131452924e-01 7.858102124858115101e-01 9.624726396669360806e-01 7.934404927856358869e-01 7.927817266136021335e-01
3.346097683972649728e-01 6.555248549903340827e-01 2.842238484574490243e-01 3.772062536809777100e-01 2.555573049057187074e-01
4.097968168670867439e-01 5.990634579731624054e-01 1.751631254165783580e-01 4.960454851545157973e-01 2.911506293599958051e-01
1.029646298690283013e+00 1.041550252331571391e+00 1.083648775096987649e+00 1.104687096617350761e+00 1.002727733243272246e+00
8.506281652517445613e-01 6.900555467982190105e-01 9.904000531783891947e-01 9.017140331631471328e-01 8.710299653987914059e-01
8.868901149141448226e-01 9.682523586563018814e-01 1.077596392973132922e+00 9.426208972119326512e-01 1.034704045835783459e+00
2.328402054017167655e-01 1.520408046668122459e-01 -3.718818614044994142e-03 1.346175503688136210e-01 1.698773926364393894e-01
3.125084546104979211e-01 3.660731218713458857e-01 2.143714725841505686e-01 2.886533719393874486e-01 1.289926977420026155e-01
1.038128966569192624e+00 1.107444882103669315e+00 9.409886800938599416e-01 9.483366373346997502e-01 9.396336452881058898e-01
-2.610482810403926338e-02 2.257001554566951187e-02 2.014408434228972047e-02 1.946484754135735518e-02 6.869509121011659059e-02
3.170983386345163635e-01 6.352182892604012476e-01 2.701467025348084916e-01 4.508496033171365269e-01 3.288719996021011172e-01
1.963598054205519805e-01 3.387869067170687365e-01 1.235746672605791963e-01 4.076755240837347527e-01 1.218800189918700372e-01
9.677871011657676048e-01 1.054055772274705927e+00 9.965890838283661957e-01 1.008794903468606563e+00 1.008886514580485283e+00
5.751397705681609018e-01 3.934171232851512712e-01 7.591644155425302243e-01 5.905386316528132840e-01 7.257177869471226339e-01
-2.636501288859352185e-02 1.705084614953556940e-02 3.199362957706092248e-03 -2.361577395863563578e-02 -1.537517126591216865e-01
-5.703881607715793195e-02 4.327908259382352157e-02 9.593691466830762959e-03 2.103333727371970580e-02 1.538382905691057512e-02
1.360037710836529967e-01 3.839377626061700188e-01 2.406717371896222590e-01 3.459913764813437598e-01 1.426243230527393102e-01
6.708761990614930948e-01 3.851167071377198936e-01 7.442704593134058522e-01 4.579251783329343906e-01 7.422750259618107194e-01
9.311703417781933556e-01 7.302667769095467776e-01 8.641772178586006881e-01 9.135232650578520852e-01 8.584730451672469842e-01
1.043338675346801248e+00 1.005228809389000499e+00 1.040396971452465014e+00 1.023718910079258748e+00 9.751442098632888689e-01
8.639450240307627871e-01 6.885638815720074302e-01 8.430349449800039752e-01 9.478332705964858107e-01 8.595392032261758297e-01
8.502780112605191620e-01 6.055788539475674970e-01 8.189894796491764550e-01 6.299200625465511960e-01 8.020054208408573526e-01
3.677971079338160920e-01 5.823341665954715474e-01 3.409798318689636898e-01 4.010145652540163530e-01 2.958992420988834637e-01
2.946658544653662018e-02 3.995567917233434907e-02 -4.534399727654278567e-02 -3.227131212466390758e-02 2.293516468754439736e-02
8.158141931222659959e-01 5.753575481379568091e-01 8.636178845762356726e-01 6.834309553491587641e-01 8.772089138079766091e-01
9.095852919175368978e-01 7.667328145684666474e-01 8.916161859506978038e-01 8.823368112273441977e-01 7.822251218806155482e-01
1.126417425858339122e-01 2.713118323682448541e-01 7.469707944316006376e-02 8.836541346532869601e-02 1.505021997988386095e-01
1.000450268389766695e+00 1.025310380645291675e+00 9.657700090754249844e-01 1.027042361303521778e+00 9.256258109158191916e-01
8.678106184918062960e-01 7.634137803287216473e-01 9.374825022780435280e-01 8.340878447925758055e-01 7.625666570848130821e-01
1.500663092981644187e-01 4.354182929556374981e-01 1.861447420971664435e-01 3.489251438088077362e-01 1.385932288174549498e-01
7.672586668941289156e-01 7.158204697757120094e-01 8.808607217793394950e-01 6.566133392773265687e-01 9.349635217927266817e-01
7.897434700602872226e-01 6.226576268733564623e-01 8.286103603432228848e-01 7.097471581121604922e-01 9.004540392451584330e-01
6.724360913330732492e-01 4.429356430643222042e-01 7.271719697388790982e-01 5.866084705194734017e-01 8.075929337590934676e-01
-1.233354728094031572e-01 5.592928239022178227e-02 -1.444396948861827179e-02 9.389116653567738946e-02 -1.736855986924382145e-02
7.881496784139316869e-01 6.607884400133455793e-01 8.768039501202327113e-01 6.926078243628067677e-01 9.244287160741129217e-01
8.305578140700237144e-01 6.181640709386695409e-01 8.399008399180083462e-01 7.471359111447635204e-01 9.205588261343717882e-01
3.320625843653035592e-01 6.017094020819646616e-01 2.608636350396187353e-01 5.290470731374934399e-01 2.883553790559993946e-01
3.393127430474378592e-01 6.983522288538027700e-01 2.614390675801693265e-01 4.346493419838236005e-01 2.716461142306677568e-01
-3.095898879881459065e-02 6.923131643744574737e-02 2.269117357228292095e-02 5.463460647749596860e-03 -1.502228799761989343e-02
7.556365400543758604e-01 7.126884669325596056e-01 8.980717975841353562e-01 8.598193284039102879e-01 8.147144671935621085e-01
1.588649812470274147e-01 1.958499093088857390e-01 3.117958638531739823e-02 9.368208891503763958e-02 1.690895813453791585e-01
1.881701543922057462e-01 1.108403001099571850e-01 2.676255756315085166e-02 1.521499020353325737e-02 1.620195846549361551e-01
7.811802432532696239e-01 8.080843641446229242e-01 9.058258040108387865e-01 8.380626023220173471e-01 8.783367415538814171e-01
-4.172756812939626761e-03 -1.660523706001228172e-02 1.421693286357460229e-02 5.215079498457884238e-02 1.601288862996791407e-03
3.738109488463408070e-01 6.256432687720948627e-01 2.104818057197595516e-01 4.980169440267428471e-01 3.614389475950410269e-01
6.192961746971409331e-01 3.207359438749755043e-01 6.870549195281382415e-01 6.520420786559755211e-01 6.597735973219980288e-01
8.572252905899976350e-01 8.058580280240325022e-01 9.885232400527697028e-01 8.453342409482159647e-01 8.364647559387257125e-01
7.953916228485943263e-01 5.915156226425355435e-01 7.897487383348059664e-01 6.800218354044355040e-01 9.947637406212961331e-01
7.858299779717010658e-01 7.114889082210773541e-01 9.343560822215053463e-01 9.110112570943884602e-01 7.604265021830265425e-01
7.768705127985116032e-01 8.177870623655647542e-01 9.733640160640659733e-01 9.315243678714010267e-01 8.014905609295038813e-01
3.713777704236070898e-01 6.353365683717779877e-01 3.116731379890748665e-01 5.056457695857591306e-01 2.558808447823657239e-01
9.636691517683781960e-01 9.804114825612575412e-01 9.436014077751232465e-01 9.024902609021481226e-01 1.033357416818462937e+00
7.830173408208072061e-01 7.815557986927333944e-01 9.968466584869828395e-01 9.226028667131599414e-01 8.217208469787202763e-01
-5.923547635222800936e-03 2.552413697538988974e-02 -7.014784654875642900e-03 -1.625586715542195332e-02 2.795057959756767213e-02
7.978872242118096869e-01 8.098273261729607153e-01 8.667515870186802696e-01 9.083534173533309719e-01 8.251044588799500978e-01
8.573135030512347710e-01 8.190763140851394786e-01 9.284763236872647374e-01 9.123084566743593360e-01 8.142053589170866745e-01
6.001753473867899036e-01 4.240338981507470462e-01 7.182527207197674235e-01 5.384499852678835685e-01 6.727397888480737276e-01
6.392148454891798393e-01 3.684377276496600961e-01 7.654536558133444579e-01 4.907752391165628447e-01 6.639971139957803192e-01
6.880657472370506067e-01 3.542770280892815205e-01 7.111166980134571158e-01 4.417135121577776546e-01 7.627132351652643472e-01
1.355622334901513404e-01 2.389098517276168065e-01 1.054195960733715215e-01 1.371054082800343688e-01 3.021354553180787272e-01
3.221933396113978998e-01 6.955108996256620379e-01 1.933557545536382372e-01 5.852857591725363351e-01 3.033594205416751954e-01
1.018544577410775087e+00 9.512238825996720548e-01 9.628511530411839603e-01 1.029590984653798946e+00 1.003366010256636409e+00
6.293131244767150578e-01 4.582806997801914251e-01 7.768719642465998776e-01 6.099531136855342872e-01 8.335079012428651124e-01
7.947496809848869637e-01 7.488249088677016996e-01 9.378926504070211889e-01 8.479877740001928732e-01 6.960174153797435981e-01
1.800372254813969453e-01 2.666873186181382138e-01 1.640937563238783203e-01 3.866730216843077272e-01 2.075953874586468628e-01
1.034485723159474846e+00 1.009528423009491194e+00 1.018499700088190796e+00 9.663862932601452460e-01 1.056969008529869303e+00
7.025714571819395848e-01 4.677001670716420811e-01 6.941838411429175348e-01 5.874460039481426143e-01 6.883094017024451450e-01
1.011701388141836411e+00 1.001779502618778350e+00 9.868599048671226059e-01 1.012199291910598209e+00 1.003592979058339552e+00
1.015078334512679259e+00 9.258872209293643740e-01 1.016166825275452767e+00 1.122925115905725413e+00 9.740670445754022744e-01
