5.075904273638054409e-01 5.250571899273981380e-01 7.372809604992769383e-01 5.098228979303578434e-01 5.378811190554392274e-01 5.172449739891388232e-01 6.946793958706040106e-01 5.676241777879350581e-01 6.650990421078567527e-01 7.467420653837119060e-01
3.075783105063260581e-01 2.725134397702740907e-01 4.558284365335353305e-01 3.303291510339192438e-01 2.774575643654464407e-01 3.780093609223500462e-01 2.756959515708014008e-01 3.145638837116218611e-01 4.729278967800827904e-01 5.684464229634341725e-01
5.771949827473761285e-01 6.177607533063593781e-01 7.141445774296020232e-01 5.578096292821292934e-01 6.568930175125174964e-01 8.428536578471134133e-01 5.128517710164351984e-01 6.012398229805798744e-01 7.075584336878838476e-01 7.170862580036884149e-01
2.424156639975666716e-01 2.865047487438054929e-01 3.223112070442390453e-01 3.618315185879374951e-01 2.398797390003766794e-01 1.611721004573457572e-01 3.527511259428825485e-01 2.346792839586872015e-01 2.349063793602416128e-01 2.376879567905558488e-01
2.847148564072554677e-01 4.134121446010100009e-01 5.071762985207279861e-01 3.199478106227324758e-01 2.212316529891981132e-01 3.904513647484536554e-01 2.708168717534455427e-01 2.942708497924206301e-01 4.527896523860956424e-01 5.838361447778664948e-01
2.852427746919386498e-01 2.638708404347357428e-01 5.258980275705272822e-01 3.231385744203580934e-01 2.574105292533827027e-01 3.392005100236214488e-01 3.308790120803932755e-01 3.136940306574742543e-01 5.316614129392592814e-01 5.512652306109598888e-01
3.198681578448265284e-01 2.964256523535307997e-01 5.006928376712327378e-01 3.685947425751221473e-01 3.360393086048901190e-01 4.598406580982351555e-01 2.522699792071287916e-01 2.992283249192707606e-01 4.970953875266795885e-01 5.249691997380079300e-01
4.972208757625279363e-01 5.024001460081212178e-01 2.590138830793711766e-01 2.916108611512588378e-01 4.117064728152128872e-01 5.781860196680590480e-01 4.941178959914321878e-01 5.358049599939981311e-01 2.709573445437468697e-01 2.291492143723148911e-01
4.651940668875244045e-01 4.215273359881671622e-01 4.848439741215376797e-01 4.164424216383892374e-01 3.346456449524700671e-01 4.213893103351664116e-01 4.129390642929904320e-01 6.193015102184525889e-01 6.167632220501566565e-01 6.649043338978252171e-01
7.660762978423504843e-02 1.305152599406181058e-01 8.466895440762212122e-02 2.834626452878961089e-01 2.199420834901913979e-01 6.355764379583854484e-02 5.884317869818821156e-02 2.642218310615307431e-01 2.530458418335897186e-02 7.184966731997764755e-02
7.342718797241462036e-01 8.442703855701823024e-01 7.520213105156309252e-01 7.130055088334729119e-01 7.183721859082506933e-01 8.530695393470377752e-01 6.865054364772444906e-01 8.588315603319207625e-01 8.292216157448106806e-01 7.548911209165697356e-01
4.276397550263620340e-01 4.110858144339438747e-01 3.604179011943089428e-01 5.065540979824688650e-01 2.752560434600596073e-01 2.145611403512045767e-01 4.736078356736317940e-01 4.226923819024098194e-01 2.976016572465981502e-01 3.331455135920741717e-01
5.056538905744345502e-01 4.176069813599324609e-01 1.994748333351999137e-01 3.632355570427180380e-01 4.501970865697595414e-01 5.735525783302631853e-01 3.213767208359967764e-01 4.988929816591800015e-01 2.928309009793254036e-01 1.640225232305783098e-01
3.186432388742568289e-01 2.774429524113551371e-01 4.545351255372899746e-01 2.606689318181920623e-01 2.373298935041023849e-01 4.219274949897579008e-01 2.585309224746364931e-01 3.342535610307678096e-01 4.862862347972793375e-01 5.612885581079749553e-01
4.652662262128719473e-01 5.026382717873690842e-01 2.532282350105794499e-01 4.204193214065649609e-01 3.645804333149279541e-01 4.708233850630149098e-01 3.572948791704146365e-01 5.151472688695356572e-01 3.756950534198277292e-01 3.277095937845689866e-01
8.569244375625355570e-01 7.594760877853126146e-01 7.301140797617399203e-01 6.742287671105589020e-01 6.692901086653606502e-01 9.458403177422620711e-01 6.277735949798473047e-01 7.943859028542391565e-01 8.987444796862644747e-01 6.862619767043339758e-01
6.001134546907227474e-01 5.171414055588992031e-01 7.590456153547683327e-01 4.540375132086042487e-01 5.501258567062915494e-01 7.876780731339998454e-01 5.403668015763067878e-01 6.202032483350570224e-01 7.143189898907377211e-01 7.309224155070195295e-01
9.256241797683339642e-03 0.000000000000000000e+00 0.000000000000000000e+00 2.576821696666216355e-02 0.000000000000000000e+00 0.000000000000000000e+00 0.000000000000000000e+00 0.000000000000000000e+00 2.608026569960163535e-02 0.000000000000000000e+00
9.662867170055933208e-01 9.013651944333002097e-01 8.083155368794406881e-01 7.809758252261060907e-01 8.476342913966748993e-01 7.877482499608838840e-01 9.010924147339469670e-01 7.016555816318239547e-01 8.224357776220639904e-01 9.047745770834290102e-01
3.679234413626454314e-01 4.332653235492883725e-01 5.435556945909573168e-01 4.593356168526506744e-01 3.595035331869693151e-01 4.386963729599299144e-01 3.872003414960914491e-01 7.306980734213761597e-01 5.905138828044449451e-01 6.619826758745542827e-01
6.050859571341548060e-01 6.063922862387621793e-01 7.173836073241837141e-01 5.111339485788224390e-01 6.519389856620070312e-01 7.353224066868361275e-01 5.238458603536695346e-01 5.728274585889833181e-01 7.242586831979708206e-01 7.647443372791824512e-01
7.273451067321804464e-01 7.315144415112422305e-01 5.070517237549734268e-01 6.834586936593697315e-01 6.383040993907636018e-01 5.327301170587428469e-01 6.760955627400203616e-01 6.459766438435805558e-01 5.185563370815126083e-01 4.955765713437109143e-01
3.092432269882348650e-01 3.264513379511979063e-01 2.634991857353541356e-01 2.237107361788542859e-01 3.417110363403225159e-01 3.318384780441423487e-01 1.639216225914300606e-01 1.928868987478544739e-01 1.991775466208245693e-01 1.331806119939548394e-01
6.872391879697026251e-01 7.086435438850325896e-01 7.934799826931563382e-01 8.471684981298684969e-01 6.765407288499328819e-01 5.765521048610997568e-01 8.145879002913830602e-01 6.933167255344215851e-01 7.917975941204351553e-01 8.149045952581038810e-01
4.777797293232750597e-01 3.993391293593455127e-01 5.648854359486018550e-01 4.800437434229090083e-01 4.053609847026975466e-01 4.658916807192989284e-01 4.186076068178584131e-01 6.291504852846430129e-01 6.218100627457221474e-01 5.469871581747030032e-01
4.666025404791772635e-01 3.853573472342293749e-01 2.785865288774369009e-01 4.277650832870396602e-01 3.472506947939701938e-01 2.019751761996859130e-01 5.375164940391466972e-01 4.885208862197699675e-01 3.606649823289308499e-01 1.509527673263518499e-01
3.759295947302574437e-01 3.263652248231665443e-01 2.812972576426480131e-01 4.328216978385355795e-01 3.961212645537170451e-01 2.408943043596775413e-01 3.876233264055743977e-01 4.988088003148148375e-01 3.432777988904388566e-01 2.210356544147143998e-01
2.592712686723400162e-01 2.274252919783247562e-01 1.514805176308639256e-01 2.934303158655399146e-01 1.850470528920212243e-01 7.765538485694811754e-02 3.617716063007747063e-01 1.679794344618604496e-01 2.362723499762952872e-01 1.934137727750674107e-01
7.654328149345478449e-01 7.321297817754384152e-01 7.476814256420749594e-01 7.168142459729432980e-01 7.919801556625261085e-01 8.044109814808924064e-01 6.637914086821077309e-01 8.352978234734236285e-01 8.465780968848477528e-01 7.317109479201089339e-01
3.969947241291312823e-01 4.282491320350910735e-01 3.481049062416497475e-01 3.388036656378600187e-01 4.348762859364952993e-01 4.611171574593102562e-01 3.027582264488175023e-01 5.590251422435924544e-01 3.312384502956560173e-01 2.725524185433058633e-01
4.714629767270812621e-01 4.714462459294253560e-01 6.779501001695519280e-01 5.719967319381170645e-01 4.963728925454685692e-01 5.109349871132660148e-01 6.167138268506965337e-01 4.468976068071340291e-01 6.868075754814830791e-01 7.008029541887209612e-01
3.226307334425623230e-01 3.681527314052621125e-01 3.012841547595540015e-01 2.203287686135585732e-01 4.025562825329229710e-01 4.105597486645015115e-01 2.599601611451549665e-01 3.334116437560673551e-01 2.747686689293606932e-01 2.850757047286294754e-01
3.965361011335713504e-01 3.811127360005598930e-01 2.827561479579974169e-01 4.965969702047793866e-01 3.674688544860971740e-01 3.219627465686394352e-01 4.108970883967582033e-01 4.520770817943915998e-01 3.313336462345954914e-01 3.333723110668608824e-01
1.585856155072131735e-01 1.760230811423522668e-01 1.010695107624560718e-01 1.577112179795753799e-01 1.426841836558238596e-01 1.742244940763388872e-01 1.078186487929655435e-01 2.605269554939920740e-01 1.445199789801994428e-01 7.419977968681444602e-02
9.362261046368880457e-02 1.523280136155312492e-01 0.000000000000000000e+00 2.379079342785157536e-01 1.156391229854580316e-01 1.569022562636653018e-02 8.492787621489809868e-02 3.132864568538516470e-01 2.186565647528984080e-01 5.068910441666988481e-02
4.324311313376324462e-01 3.784107457208105707e-01 2.150121417529787249e-01 5.044735745755747347e-01 4.006933996754392657e-01 1.936396906119030870e-01 4.512368062833289617e-01 4.872415943324421850e-01 2.571056406164470842e-01 2.844324302504616653e-01
1.519689816893619594e-01 1.297997048392208475e-01 6.940388756375513724e-02 2.026484437295277552e-01 1.122947549153398561e-01 1.748894908062342546e-01 5.632424375600777328e-02 2.699097273315688716e-01 6.297782454891695525e-02 8.404728655783394453e-02
6.623714996454371784e-01 6.821963932337090641e-01 7.273247175175499013e-01 6.958988380657653572e-01 7.461634070210116931e-01 5.748920533496251206e-01 8.261961525807399731e-01 7.193535009298669403e-01 7.461139814233489487e-01 7.849889709360302614e-01
9.521685521303505650e-01 9.792854122340977074e-01 9.515531333526099367e-01 1.000000000000000000e+00 1.000000000000000000e+00 1.000000000000000000e+00 1.000000000000000000e+00 9.694672640173807032e-01 9.971397920861402309e-01 9.585236276545112677e-01
3.766323515763393970e-01 3.364591831394407873e-01 2.226890754383065163e-01 5.454233614701380350e-01 3.018526592973674316e-01 1.923727126182826486e-01 3.582374085310573442e-01 4.548980323389359981e-01 2.562472717137413980e-01 2.824720971989509444e-01
5.106848460473494694e-02 0.000000000000000000e+00 4.165770467440417513e-02 1.039202692756564100e-02 0.000000000000000000e+00 0.000000000000000000e+00 0.000000000000000000e+00 8.939771759133968709e-02 0.000000000000000000e+00 0.000000000000000000e+00
5.280631769422652333e-01 5.375038924223133341e-01 4.210490641438731640e-01 4.303137368135126484e-01 5.476042737158222096e-01 4.584320702733939434e-01 6.018190339348671314e-01 3.876101348936508706e-01 4.256659681483954127e-01 3.873887330362806858e-01
7.302781754567034822e-01 6.618462983864943361e-01 7.330435106131771850e-01 6.246751372592256324e-01 6.928772890296839293e-01 5.534937135066430036e-01 7.811579912517307989e-01 7.717200598766223996e-01 8.328908065686444484e-01 8.464652482775106845e-01
5.939549996924030628e-01 6.436541714494430355e-01 6.309483049237668562e-01 8.177194086058588995e-01 6.402080444841100615e-01 5.351426272504218318e-01 7.580144091594838152e-01 9.099944024753732208e-01 9.192495728263774257e-01 8.324947260140074246e-01
8.187380141848911164e-01 7.377566409515737833e-01 7.629977847400944979e-01 7.094188457702228501e-01 7.880742522539313510e-01 7.479676199899734090e-01 6.172615228891356054e-01 8.013864319351320376e-01 8.007000438395903696e-01 8.460018357344899487e-01
3.780397637284791945e-01 3.296346811787227438e-01 1.531114193987474503e-01 2.956473619458860891e-01 3.001384531656497989e-01 1.821393976279916394e-01 3.495566314594834023e-01 1.710769314387317330e-01 2.163142218400075367e-01 2.376388650265288116e-01
5.286307918712835896e-01 5.100067964204614279e-01 3.561560322288713221e-01 4.347485227926897733e-01 4.509964880591170178e-01 4.786970597803771876e-01 3.143700418867542701e-01 6.703022610451961905e-01 3.046719079256736129e-01 2.224811948384314841e-01
6.305500914395950618e-01 5.613160412133824106e-01 6.908971021807569501e-01 4.901866027383856017e-01 6.412358117355811959e-01 7.679141288415478606e-01 5.037432443524221259e-01 5.641395551655912222e-01 7.400441599696097050e-01 7.753932755777992458e-01
2.712886067512061961e-01 2.011074412474704587e-01 1.865085914299319525e-01 3.304713200708325194e-01 2.482775204998877161e-01 5.849346708315214527e-02 4.611990076763908819e-01 1.580059520651304894e-01 8.691267986551885760e-02 1.477654011833074155e-01
7.361334402563152191e-01 6.006449168763340341e-01 5.426201739060595441e-01 6.558703835994954545e-01 6.933098701272067954e-01 6.270007192300045551e-01 7.055484884058734751e-01 7.591442213014586438e-01 5.395296645375635691e-01 4.595747527996545956e-01
4.214202337129582254e-01 4.857710018661693940e-01 3.358355616926403386e-01 4.757950701220632350e-01 5.391311990821088251e-01 5.215622391333615271e-01 4.139538796984288949e-01 5.261044840285127311e-01 3.378208785845837614e-01 2.885878622883834010e-01
7.351141692268586825e-01 7.268217405110724005e-01 7.076563630538443839e-01 6.851050778257892215e-01 8.045988526959407805e-01 8.268170184117688004e-01 6.582877652773299060e-01 7.819736811810178434e-01 7.974379424904202152e-01 7.931315244067074222e-01
4.769152381199103785e-01 4.919092967443911002e-01 6.741943718573093491e-01 5.860492484852656281e-01 4.864892485091419916e-01 5.085869685561393849e-01 7.255964032956659926e-01 4.261805276118886265e-01 6.789881016358140231e-01 7.508680390302965302e-01
2.014452919483898929e-01 2.805704271413828055e-01 2.192359283872626075e-01 2.830376465613376746e-01 2.770395898049249350e-01 1.758942375719031448e-01 2.764103867295779060e-01 4.948473605697779887e-02 1.359830035753979982e-01 1.112057986053967829e-01
6.540306038489462903e-01 6.473884089924449858e-01 7.064329879503100651e-01 5.122166806864107969e-01 5.833932267643293645e-01 7.081144500907736727e-01 5.524415119497277926e-01 5.836901999383200534e-01 7.300747558018898520e-01 7.497095029343614492e-01
6.828885488052781616e-01 6.749627493941542378e-01 7.816495245643587664e-01 4.648599357981207381e-01 6.617523382125626297e-01 6.636281130175567533e-01 5.472349225285615404e-01 5.573049726605844301e-01 6.658847926814852602e-01 7.541772946140137268e-01
7.384265475940716694e-01 7.253985397525279932e-01 7.665018098834922577e-01 7.286577458654138750e-01 7.435311440016001416e-01 8.880909598250674719e-01 6.834205382465499135e-01 8.199626373859439932e-01 8.609510803339471829e-01 8.323636971935035600e-01
6.458763458784873013e-01 6.146936835933334287e-01 8.106281032084533544e-01 7.682132213473381599e-01 6.917528821003964268e-01 5.595843600402524709e-01 7.650183184478684950e-01 7.774587254412494985e-01 7.590983781589608625e-01 8.205019065947505297e-01
3.088649416159068850e-01 4.360266455289374399e-01 4.800951993509735005e-01 2.066691947239948923e-01 2.942671853570046903e-01 3.426476104336287909e-01 3.166778432031568946e-01 2.378404041698686799e-01 4.644459455824259120e-01 4.726276047498809696e-01
4.449072264732631399e-01 3.093987245925034490e-01 2.124222361126302805e-01 4.616498294134281366e-01 2.902022524106544488e-01 2.531204312629000697e-01 3.729585479967656436e-01 3.790449416417467354e-01 2.356299612991556436e-01 3.284474553102270100e-01
3.249397891351292200e-01 3.756245751546684608e-01 3.190721512931797288e-01 2.102050571060324335e-01 3.300705845324692911e-01 4.340540375530525519e-01 2.823150489371573646e-01 2.986453240559960864e-01 2.557266093759997805e-01 1.463852943316374944e-01
4.406735596933381016e-01 4.840285358363889401e-01 2.733605222151493375e-01 4.016410609866064019e-01 5.012939731927509301e-01 5.599066010367398372e-01 3.706961849311997126e-01 5.542402233583071380e-01 3.187302089658714532e-01 2.351148248108797523e-01
6.583310267150112027e-01 5.968066640132132505e-01 7.619096495512470701e-01 8.146945764610286078e-01 7.651617863502645500e-01 6.513971386319307166e-01 8.229866464024762074e-01 7.463908642560608264e-01 8.371202775246348038e-01 7.563814941476929565e-01
7.056940984560451380e-01 5.445506142904874558e-01 6.027906022556087651e-01 6.874788287124260489e-01 7.162509319821115383e-01 6.260087653249843953e-01 6.595770993732773535e-01 6.890964052966352948e-01 5.195265722980487721e-01 4.698259216032938945e-01
6.252029905938217835e-01 5.806079624161073482e-01 6.773027607031892883e-01 5.819338599563858017e-01 6.385636359201853907e-01 7.455195974298546302e-01 6.591273901725210882e-01 5.197096401534515575e-01 7.311222215950491377e-01 7.654718787327385865e-01
9.590007595741486535e-01 9.367454363259686279e-01 1.000000000000000000e+00 1.000000000000000000e+00 1.000000000000000000e+00 9.430847801786926832e-01 1.000000000000000000e+00 9.733073829635365826e-01 1.000000000000000000e+00 9.373433640541449785e-01
5.255346028009394432e-01 5.691893274119654844e-01 6.911850199779445703e-01 6.531460897490624085e-01 5.156522448415333804e-01 3.980794373459117241e-01 6.492224665182362298e-01 3.750734097324889271e-01 6.350772900027064072e-01 8.134148791501338849e-01
2.600929059719198633e-01 4.000782912690602489e-01 4.725425840679465805e-01 3.274594910476558152e-01 2.877311127997407292e-01 2.439557546834185686e-01 2.043345086403174360e-01 3.258214888281714683e-01 5.011279374687084287e-01 5.484010398957889221e-01
4.568816661557345005e-01 5.373157048646997058e-01 4.975953170093316835e-01 5.202514960666067001e-01 4.566264939936957035e-01 5.470978721558978908e-01 4.143715205587993888e-01 6.570904859215678240e-01 6.136340609955288627e-01 6.346255442487994669e-01
6.454881229014221011e-01 6.942265742199325018e-01 5.187441406410242539e-01 6.261031628932975934e-01 6.983606584166094366e-01 6.110548841977235801e-01 6.574464229884402489e-01 6.861094224993142809e-01 5.736584209283696056e-01 4.434111935749644462e-01
0.000000000000000000e+00 0.000000000000000000e+00 9.826363994780531238e-04 3.754096904563655919e-03 1.952428979990062166e-02 8.337049444830572920e-02 9.721849096135390389e-02 0.000000000000000000e+00 0.000000000000000000e+00 0.000000000000000000e+00
3.945608382748201914e-01 4.129404727439983658e-01 2.978296935898587794e-01 5.962625839228031799e-01 3.848573261306432736e-01 2.094252715187388536e-01 4.076910638456913705e-01 4.022468750836600826e-01 3.372137919760616054e-01 3.247538143961767876e-01
1.168975286338098662e-01 3.661597003972176523e-02 1.749540768529242174e-01 1.411522112596655942e-01 1.156809381311810214e-01 1.494497702597005206e-01 3.767967020849714854e-02 4.054345321859880724e-01 9.969165373895266802e-02 4.946840375527798706e-02
4.997370522232050805e-01 6.350948584020248422e-01 7.058377694005645298e-01 5.292310969133234844e-01 5.327392439312754746e-01 4.892369377487795767e-01 7.003568186934647777e-01 4.125609538835645074e-01 7.507693202247668340e-01 7.069732202311914682e-01
3.552715541368711705e-01 2.659089417956364554e-01 2.204137904664646153e-01 2.178436793545267536e-01 1.885450191644344742e-01 1.174237851852124731e-01 3.000843399727367578e-01 2.068336141139398288e-01 2.253727048717621417e-01 1.767463668136242949e-01
3.527438586845048629e-01 2.458217856878346930e-01 4.771240718655131996e-01 2.553362033271323051e-01 3.067979992504847320e-01 4.165338316270963959e-01 3.084984906083247935e-01 3.223034575334602359e-01 4.891910691144030765e-01 5.350551096486101388e-01
1.079832533442403597e-01 7.316792961857353228e-02 1.503247213054961090e-02 1.652884335468114141e-01 1.167418589340004920e-01 1.608401373979190252e-01 8.128640889116690860e-02 3.463753299594460322e-01 5.704553366441869611e-02 1.028486252249126431e-01
3.262550584310105473e-01 3.232447919365645239e-01 3.592962548295927094e-01 2.567964542903748426e-01 2.784485062275590117e-01 4.390966301198442334e-01 2.383430874787099141e-01 2.866557821550860807e-01 2.737294666238017093e-01 2.908533033854880934e-01
3.286632941701397304e-01 4.213037687797584474e-01 2.865774276366728213e-01 6.041198172780651854e-01 4.108047899782520385e-01 2.723783746131984151e-01 5.142942115935681402e-01 4.180799856116886870e-01 3.284899994830104974e-01 3.184468170001498177e-01
8.270038710154099526e-01 8.605379055228780105e-01 9.625234923797473252e-01 8.513536846960815252e-01 9.559043661897284050e-01 9.098287389705906891e-01 9.089140693375726832e-01 7.113527653906857040e-01 8.954095629637728315e-01 9.042186967977353662e-01
9.857913371227792210e-01 1.000000000000000000e+00 1.000000000000000000e+00 1.000000000000000000e+00 1.000000000000000000e+00 1.000000000000000000e+00 1.000000000000000000e+00 1.000000000000000000e+00 1.000000000000000000e+00 9.508270426847620360e-01
5.697278705348844952e-01 5.442160558510745760e-01 4.391255858854147265e-01 4.959980645424882373e-01 6.263759549434263496e-01 5.719734769664477358e-01 6.142410504063884336e-01 5.774977925972030190e-01 4.396168142553236735e-01 4.053576430083176696e-01
5.615601396072134044e-01 5.294972676595861572e-01 7.150388572376799035e-01 5.837151050387493489e-01 4.980580712962291434e-01 4.695442509607053450e-01 7.763413422812188713e-01 4.379023742262591057e-01 6.909462386127885880e-01 6.501357254586602741e-01
1.000000000000000000e+00 1.000000000000000000e+00 1.000000000000000000e+00 9.831955406877967985e-01 9.767913038547428872e-01 1.000000000000000000e+00 9.668498128525903068e-01 1.000000000000000000e+00 1.000000000000000000e+00 1.000000000000000000e+00
6.222028605520454336e-01 5.838830960629380895e-01 7.817950505542512474e-01 5.131186736933635029e-01 5.876862484240515938e-01 7.101629655050133438e-01 4.910654202419280634e-01 5.245144605131676352e-01 7.865303188584782390e-01 7.773058130142024291e-01
7.384877191157253051e-01 6.461871230389110154e-01 7.633588747390396279e-01 7.773111298420530835e-01 6.267501353266752284e-01 6.213894360514526927e-01 8.002323172892068515e-01 7.318368807655131203e-01 7.397090491359206155e-01 7.740712580640448648e-01
6.877153045547523824e-01 8.413582307663857174e-01 8.427339433238836275e-01 7.838683893088813637e-01 8.065487700068000310e-01 9.464221012327642679e-01 5.900247338192472490e-01 8.090122860537846128e-01 8.862402515505246603e-01 7.840623300082294467e-01
7.293899793912380636e-01 6.336678675998257404e-01 5.918113089386913828e-01 6.354628355162064146e-01 6.838869988479394646e-01 6.855510633531417541e-01 6.846224188712933811e-01 6.809048351102480190e-01 4.755831176376386638e-01 5.209443565092494177e-01
4.612307025279035466e-01 3.462311765564941024e-01 5.192890094856633665e-01 4.183818275675066367e-01 4.963578106782994825e-01 3.827351737040086688e-01 2.946210408871660080e-01 6.156489997057216224e-01 5.762534112275494724e-01 5.734115109741692029e-01
5.810198877768985026e-01 4.515920039150241871e-01 4.817331825886235763e-01 5.981268401832994241e-01 6.170386848525650780e-01 5.777213706634551915e-01 6.386607144822565862e-01 4.439152705458366821e-01 3.623758898962196051e-01 3.294568299682216206e-01
7.612849345735821505e-01 7.690445502279371626e-01 7.459246480080785613e-01 6.405179287497736462e-01 7.599650595542791764e-01 9.468105089106771954e-01 6.869080441182312535e-01 8.613154498873963894e-01 8.078888586617014589e-01 7.815515359086493419e-01
5.906443773551595111e-01 5.996220103356180164e-01 7.056886603741293618e-01 6.603153250664336449e-01 4.992049397784108500e-01 5.208098746631685261e-01 7.126065068936708879e-01 4.463267782448537280e-01 7.024684508340379718e-01 7.112849464590859094e-01
2.255688204999944380e-01 3.362098415705085386e-01 2.130255074623238765e-01 2.355488151413527298e-01 2.862895621307883776e-01 3.665325234644975505e-01 2.490861273575264989e-01 3.465398180668403105e-01 1.743189240177894506e-01 1.979866290992046696e-01
6.153439846538893976e-01 6.306622751917919656e-01 6.843656526803831852e-01 7.541495744621092845e-01 7.563794490112520919e-01 6.538116829526063878e-01 8.290403992200444661e-01 6.732125969943510979e-01 7.921104540470164102e-01 7.404783769109696268e-01
9.830264769488541443e-01 9.733784298919331279e-01 1.000000000000000000e+00 9.597159779877147967e-01 9.827088646776320768e-01 1.000000000000000000e+00 1.000000000000000000e+00 1.000000000000000000e+00 1.000000000000000000e+00 1.000000000000000000e+00
3.785297665947184309e-01 4.439688070935836617e-01 3.081739441468918650e-01 5.023862533025021948e-01 3.668196493540202274e-01 2.068198092689152723e-01 5.210741525674174035e-01 4.695848860442297656e-01 3.119459807876884816e-01 2.373581276252907657e-01
9.474186002999791523e-01 9.644319339553749648e-01 9.981402555602285620e-01 9.402040077221880399e-01 1.000000000000000000e+00 1.000000000000000000e+00 1.000000000000000000e+00 1.000000000000000000e+00 9.872195480559757819e-01 1.000000000000000000e+00
0.000000000000000000e+00 0.000000000000000000e+00 6.386935313893191135e-02 2.791859041837513322e-02 4.812552644482206987e-02 5.147795379483621064e-02 1.572116865484218503e-03 6.132713755089139185e-02 7.458315520387130693e-02 8.234951148024942033e-03
2.145019920777549993e-01 2.413059412678677795e-01 2.682106541838651381e-01 3.030982769457353787e-01 2.576796080315348347e-01 1.877964547723791067e-01 4.759515830773123901e-01 1.323740978088401576e-01 1.482873428573794061e-01 1.659601749771038304e-01
2.798256166826751379e-01 3.692108279949000704e-01 2.432956144965441880e-01 1.268686722042884907e-01 3.437384118333768335e-01 3.654581569435514377e-01 1.716348328165746284e-01 2.193706317505992043e-01 1.978768304467260486e-01 2.502145322315376674e-01
2.548825879138697514e-01 2.249318115979851429e-01 3.089776668309806018e-01 2.904016067832123627e-01 2.162719083257752251e-01 1.221588737715044171e-01 3.158927953516036391e-01 9.342227955218332380e-02 1.849534130522701436e-01 1.843507648435695478e-01
3.637472063043602488e-01 4.490460909603614104e-01 5.395802284951816130e-01 4.475401931449154436e-01 3.517828671355957559e-01 5.040768322513262678e-01 4.606029771096262770e-01 5.474267612843306541e-01 6.465305319545712193e-01 6.868075768060837305e-01
7.959476348613343522e-01 7.282521978246615513e-01 4.816720952596142968e-01 7.049207072775036664e-01 6.213531784542809522e-01 6.380567341926389746e-01 6.798494788351082674e-01 7.127149138884290025e-01 5.545954323363090355e-01 4.057787168864752103e-01
6.642164363566599450e-01 6.632719564027117487e-01 5.417048601170650901e-01 7.109036593708345508e-01 7.011573775210542259e-01 6.387644293110645854e-01 7.531854576096972398e-01 7.215085310779608685e-01 5.228527940459510859e-01 4.110605494916953484e-01
5.466918193785228475e-01 5.018909074711503937e-01 4.934160134442271417e-01 5.525724810082859317e-01 4.946457210956751172e-01 4.236188264292802819e-01 5.646250728081448900e-01 2.731120262257620279e-01 4.446734178405168936e-01 3.156628400430421810e-01
4.159612690405405377e-01 2.835636676883753760e-01 2.656476981228841350e-01 5.436284938487623286e-01 3.720849876198197848e-01 2.549028897910058933e-01 4.319823134143758736e-01 4.370338581886810680e-01 3.630354397741684669e-01 1.739598973989166797e-01
6.331931388637555003e-01 7.481152947200010450e-01 6.977188452410120201e-01 7.896618865153364197e-01 5.538154414990643648e-01 5.322686351601478849e-01 8.051381025527973856e-01 7.358416556121085694e-01 8.060404847724289557e-01 7.588637174723795731e-01
4.722637893001432330e-01 4.782489336947741143e-01 2.812155496113382114e-01 4.584762553188395096e-01 5.072201854903729545e-01 5.891422028829554902e-01 3.992938693595441402e-01 5.718486256838617443e-01 2.273151888459510328e-01 2.338450793020159513e-01
4.337313082033004696e-01 3.984029477389857687e-01 5.854700497970731776e-01 4.685616048470070960e-01 4.946844140437311466e-01 4.941161613443920131e-01 3.408213508623690879e-01 5.691455349499179306e-01 5.576918794314855710e-01 6.065662794056091434e-01
5.975963652203882814e-01 4.869588034983777236e-01 6.180245272027489190e-01 5.802534828294935165e-01 5.532052076925888517e-01 5.006350395001829545e-01 5.809241378052056870e-01 4.179441704354400766e-01 7.425872227382539492e-01 7.674687380415428084e-01
2.986175059296492518e-01 3.162156263607339701e-01 5.163076946639160170e-01 3.132968874098995826e-01 3.567410678363506227e-01 2.504600496601168125e-01 3.077027751102088260e-01 2.164938986062941995e-01 4.430825198819524080e-01 4.924556005891191357e-01
5.957834011586299328e-01 6.693016628689069103e-01 7.747377268060534616e-01 5.564685089602798840e-01 6.108770218458335899e-01 7.460132944769773955e-01 5.813999175697267541e-01 6.193955677829811046e-01 7.775068488531919897e-01 7.158939545507637670e-01
2.367318617614557474e-01 3.003874733353757431e-01 1.165885769169649061e-01 3.204160933503626962e-01 2.181627743000770780e-01 1.020414288665688202e-01 3.574379519540112349e-01 4.985962794363582584e-02 1.715122892077408923e-01 1.781043721327498774e-01
6.337392073316001628e-01 6.745642704348098206e-01 7.362953491756633051e-01 4.855791146867040053e-01 6.704403804404240885e-01 8.070895907560186044e-01 5.494317145666346436e-01 4.971431743317817342e-01 5.981999883552975295e-01 8.045065305173443315e-01
7.258180159362301875e-01 6.984259647876533972e-01 8.383620331635381895e-01 7.396517692666723098e-01 7.652809398513445993e-01 9.132291353648600563e-01 6.336177119761047249e-01 9.221350888607704466e-01 7.454393831077297250e-01 8.273238228487055368e-01
5.752637910083503447e-01 7.842156923408036828e-01 7.371451983089457594e-01 7.727210327168673176e-01 6.556133257991040297e-01 6.074006085924666953e-01 8.147762350273447529e-01 7.883043674052767624e-01 8.468281781443109946e-01 8.528854831951323545e-01
8.208031019758393887e-01 7.674593960517346325e-01 7.890831824668133043e-01 6.834831757357302529e-01 7.094682140864976283e-01 8.070850786628424034e-01 5.740814208573854494e-01 8.223030827250901176e-01 8.338653809915788084e-01 8.290500983643807054e-01
1.431315592801328807e-01 1.318963915201400716e-01 5.228759385341350679e-02 1.869750215941450300e-01 1.698119334638943378e-01 1.358291373625189757e-01 3.371542642176170168e-02 2.785575331220476736e-01 1.099841702466115845e-02 7.983557376344536938e-02
7.119838173274420923e-01 7.211168872925859397e-01 6.917749437108988708e-01 7.567643644121975210e-01 6.602990990127435289e-01 5.392276677604908031e-01 7.455520006397257093e-01 7.877787043520967369e-01 8.065991837078620996e-01 7.791614938530520007e-01
5.680536060135439325e-01 5.867484844072785588e-01 6.929407853393544370e-01 4.738133354132479935e-01 6.980520167300907630e-01 7.994564846147863557e-01 5.931979329533942913e-01 5.618120173053914312e-01 7.233016824618114793e-01 8.446047957906691606e-01
0.000000000000000000e+00 8.305610580463976267e-02 3.807328801087241782e-02 3.671297571935229487e-02 0.000000000000000000e+00 3.234602238859343032e-02 0.000000000000000000e+00 1.288519984195477322e-02 3.371797507174139480e-02 0.000000000000000000e+00
6.132746312398592581e-01 5.030541027954898992e-01 6.454933842165354596e-01 5.219072353525344710e-01 6.117861733899946364e-01 4.761520213422205661e-01 6.923228902606568536e-01 3.990610398415239124e-01 6.238701360506394566e-01 7.266829448988151308e-01
6.272500290757193619e-01 5.433705837595551591e-01 4.752025028675099794e-01 5.945797159246595243e-01 5.706315754403635809e-01 5.244114954169025733e-01 5.203733273365227507e-01 3.908402900848740313e-01 4.215598646529123972e-01 4.239952446279263154e-01
4.499603996383343962e-01 3.996838658078292750e-01 5.275346026517401254e-01 5.126941633810663257e-01 4.009944964366963793e-01 5.992410342791490985e-01 4.684263989748295165e-01 5.801565103877762697e-01 5.179364651583217016e-01 6.025734498198793698e-01
3.251008625034750854e-01 3.083384964901647596e-01 2.129950280899240433e-01 2.569413103306420476e-01 2.228878190336808507e-01 1.257322883590214768e-01 2.840108394247340406e-01 1.425217690777513535e-01 2.069462923897417150e-01 1.549318677468529970e-01
3.150621200259006160e-01 3.021542948316420230e-01 2.364539240301538892e-01 3.768334312346998116e-01 3.654056036591062928e-01 2.639667513285828826e-01 4.140633775006688500e-01 4.188697702263247113e-01 2.989823408820693751e-01 2.083457065602296043e-01
5.411857921408701477e-01 5.595046030031433082e-01 6.913345148326400791e-01 5.720195438642396990e-01 6.039341027856438560e-01 4.773380749136321155e-01 7.389337237590981600e-01 4.365470271601337160e-01 6.884913597285321485e-01 7.233374541833714755e-01
3.766893054706454969e-01 3.169351069107269048e-01 2.568613416496853818e-01 4.394195908637152370e-01 4.355024267362588852e-01 2.908466224171998293e-01 4.824209051680984905e-01 4.671544960893492804e-01 4.006766277590612102e-01 2.498048070774611940e-01
6.776847799856482446e-01 5.980961854523801913e-01 6.684551027829880310e-01 8.560209931589575216e-01 6.291064187592726453e-01 6.674720503499157465e-01 7.857832443222024787e-01 7.649397834007264363e-01 7.631696424674825341e-01 7.870009497093928275e-01
3.075999693154100045e-01 3.014783237163963237e-01 3.100804573735708169e-01 2.006755588908405163e-01 2.399087329599054741e-01 4.406041909334457718e-01 3.207501463331805525e-01 2.022189131536842877e-01 1.799242802061120639e-01 2.033090256838213372e-01
9.500195947914948924e-01 9.438648546905741288e-01 1.000000000000000000e+00 9.107114016962760683e-01 1.000000000000000000e+00 1.000000000000000000e+00 9.791670098460848459e-01 9.741303112034783718e-01 9.055022321064256641e-01 8.712036127556956888e-01
5.413248379318288395e-01 5.149081066869655166e-01 3.758874037277970537e-01 5.937700252650846000e-01 6.053030170580572245e-01 5.427880925639166909e-01 6.637359258178231469e-01 4.802124409886792122e-01 4.431895981362717896e-01 4.404363934606872477e-01
7.709042287465683874e-02 8.422827878970787219e-02 6.204329022983362529e-02 2.008381268818061061e-01 1.213097318421655912e-01 8.631842672799104610e-02 1.408793258378737701e-01 2.662666539609154226e-01 2.915907255461971936e-02 0.000000000000000000e+00
6.136860623548070492e-01 7.078170689515930203e-01 5.774525458274648582e-01 6.523418585205988940e-01 6.931127641237242454e-01 6.447787406310339087e-01 6.678578804921505574e-01 6.913493735377733707e-01 4.602678186369235092e-01 4.875811853954155617e-01
3.879109926305459588e-01 4.838907097877409580e-01 3.650538767758908509e-01 4.456888474061889149e-01 5.134943431503284916e-01 5.246638557293128446e-01 2.599908993441273908e-01 5.402684213363175836e-01 2.507829651248873470e-01 3.663328100436717971e-01
5.267453847831180536e-01 6.421391095183204278e-01 6.710831769729163065e-01 6.108422915398215025e-01 5.078342143477130310e-01 4.386395827178020124e-01 6.186200682652009952e-01 4.657879524574597419e-01 6.060067135469744404e-01 6.253307981006724914e-01
3.414503299222813038e-01 3.715716514286466210e-01 3.032378313694390481e-01 5.379517193462216573e-01 2.799864228891315032e-01 1.512106837991429309e-01 4.670640211148809340e-01 4.708739641089058070e-01 3.618861806241132628e-01 2.797479236013405979e-01
9.797622455491078464e-01 1.000000000000000000e+00 1.000000000000000000e+00 9.710080858684260185e-01 1.000000000000000000e+00 1.000000000000000000e+00 9.851996200664659975e-01 9.934677459799488020e-01 9.577235908391235064e-01 9.871310144056777425e-01
2.949509590530596248e-01 2.774143982266495390e-01 2.209258085039477459e-01 2.386708891069630190e-01 3.443914824893019033e-01 4.622191405903877115e-01 3.168436421649065693e-01 2.238938467943214217e-01 2.252156278945863788e-01 2.255164271669804210e-01
6.325704616145524373e-01 4.790402779225850782e-01 5.273620652765348416e-01 4.586424192943099332e-01 6.119236002965839916e-01 5.328104032729249484e-01 6.180763464157935649e-01 5.151811418265743736e-01 4.500895792604046042e-01 3.976679045506993360e-01
4.162995889720726428e-01 4.429530183586077308e-01 4.109522579285714849e-01 4.144560541495017625e-01 5.673212471545150404e-01 5.305746505498173393e-01 3.684028563517735555e-01 5.810829441141003304e-01 2.187872704906671795e-01 2.952153929043404013e-01
5.054027867820861178e-03 0.000000000000000000e+00 0.000000000000000000e+00 6.921653991133648598e-02 0.000000000000000000e+00 2.991400983143090511e-02 0.000000000000000000e+00 0.000000000000000000e+00 0.000000000000000000e+00 0.000000000000000000e+00
5.139597121165411647e-02 8.373028576263751022e-02 1.338274814920641792e-02 1.083957822800014625e-01 3.270949959196211426e-02 0.000000000000000000e+00 4.658492383543468007e-03 0.000000000000000000e+00 5.343677145375639453e-02 0.000000000000000000e+00
7.008720235257920317e-01 6.918446673576787997e-01 7.598400032157016648e-01 7.873349896708368156e-01 7.011404040631969981e-01 5.259524945083078329e-01 6.661809693497457996e-01 8.250025684591717479e-01 8.213207450205969318e-01 7.617964497775845389e-01
6.491761125655313158e-01 6.113683434329504340e-01 6.898740974661056180e-01 8.167559475995638252e-01 6.962463105100654692e-01 5.863412547003225006e-01 6.838665254064336674e-01 6.892963335760078358e-01 7.731628332456570440e-01 8.055386617351434353e-01
2.659057534827038438e-01 2.963054030051037180e-01 1.897917185238516824e-01 2.628398827900319534e-01 3.025269279989622473e-01 5.708037550917760550e-02 3.470081613298547918e-01 1.609891935759948656e-01 1.692621127064069253e-01 1.885987180396186402e-01
7.697618515583033449e-01 6.929178196084249119e-01 6.069559084504712043e-01 6.902305461062635539e-01 7.060275065679373352e-01 5.852635698273443987e-01 7.907422888593063082e-01 5.891254348530610141e-01 5.099036257942607397e-01 5.250574311968096985e-01
4.087467806303974327e-01 3.783070979432654468e-01 3.727261524100035639e-01 5.042720174413507506e-01 3.296918948848492903e-01 1.824158823559662024e-01 4.113349807792530677e-01 4.942428000111194764e-01 3.796499753655820930e-01 3.133626662420263553e-01
4.688471842380015908e-01 4.386793008507577363e-01 5.736722208049408467e-01 4.244567140238175718e-01 4.113439485284855479e-01 3.980985761402451861e-01 3.377127554387442387e-01 6.154567901666000429e-01 5.909003041187467220e-01 6.398171025135878098e-01
5.205763939383769578e-01 7.109068660124904238e-01 7.511719062831325733e-01 5.149051646095846868e-01 5.920696542168735199e-01 7.938824483586104375e-01 4.692583474173669944e-01 5.668198619016634465e-01 7.131413162648122528e-01 6.616666236003234669e-01
2.652898268789573577e-01 2.303129519282664517e-01 2.709225808940335378e-01 3.169168727906462868e-01 2.010496412633674124e-01 1.326668226729825484e-01 1.909132423425359548e-01 5.755464751783852251e-02 1.266665076221253350e-01 5.756526805653977563e-02
4.229666026843635906e-01 3.851053637651836725e-01 3.648123770714823966e-01 4.470857059151585045e-01 4.287742710408847246e-01 4.938331104991954268e-01 3.391125630714479366e-01 6.661647685413590869e-01 2.338051277716435838e-01 2.024993398760579766e-01
5.680870941624605042e-01 6.209101426990369932e-01 6.952890696203229970e-01 4.954942000618255404e-01 7.175113788927253156e-01 7.650185199073904485e-01 4.758782203406835554e-01 6.080881771936120783e-01 6.300151507982018062e-01 8.023222639714714388e-01
3.543417411307660525e-01 2.719348264688117300e-01 4.353972345725001247e-01 3.335460338874803865e-01 2.456993154619393771e-01 4.164018606020177815e-01 3.086417342728499102e-01 2.715292775787141455e-01 5.254419772191533111e-01 5.015458514497820319e-01
7.271938543743697858e-01 7.067899735331796274e-01 4.686211662443795500e-01 6.371905399290078709e-01 7.443874048800170895e-01 6.427146685625293454e-01 6.653115678403690447e-01 7.987396696487750747e-01 4.876360099910899693e-01 4.127194919153456265e-01
9.234444273454543994e-01 8.654820367672864112e-01 1.000000000000000000e+00 8.043710145354427965e-01 8.849041076251505933e-01 9.221189571210332003e-01 9.061962376089900406e-01 6.677861603462735829e-01 8.911385784608439886e-01 9.008596854438678525e-01
5.400996439708123376e-01 4.146902064503834584e-01 4.733620218118058665e-01 5.122365542846135655e-01 4.577984709035234911e-01 4.716812682138377122e-01 3.517115465660465290e-01 6.411188890278896046e-01 5.887046980452661504e-01 6.040193671551458143e-01
6.086491739721270333e-01 6.013549220356171343e-01 6.807026048582897060e-01 5.505022385034310517e-01 5.733039021485164533e-01 7.466727579272712800e-01 4.860309592001435530e-01 6.450662793540928863e-01 7.050946165066382942e-01 8.292442407666261728e-01
7.858342006350912401e-01 7.208050644889361092e-01 4.739643556873109342e-01 6.771304081839232270e-01 6.487516637625955207e-01 7.209210584872622896e-01 6.558810079621032463e-01 8.716344869023777697e-01 4.829026472750974630e-01 4.637710923314941058e-01
6.430886167966002320e-01 7.108525324365094766e-01 7.808898529491999918e-01 8.479354543339455708e-01 7.803530422560179813e-01 7.302832993044146015e-01 7.041521062617631666e-01 6.843347262278833831e-01 7.634802986352846599e-01 8.263624732424889041e-01
5.422735400445315435e-01 5.945513819965544400e-01 7.484476741669240374e-01 5.917120463980362066e-01 5.156634520961418389e-01 4.442730895820820591e-01 6.375542697991458674e-01 3.208386131121695461e-01 7.645701994280629243e-01 6.592309768438819884e-01
7.369961706394957401e-01 6.132329330135877221e-01 6.470373173288481716e-01 7.220455498282132289e-01 7.641857178293909314e-01 5.558869073422877394e-01 6.948655749588392716e-01 7.074640109619502182e-01 4.631635691190403303e-01 4.629070750067419970e-01
1.000000000000000000e+00 9.077695926844819851e-01 9.838204365448670607e-01 1.000000000000000000e+00 9.792940859769175832e-01 9.386155512730202100e-01 1.000000000000000000e+00 9.842629366150656978e-01 9.760373041951768691e-01 1.000000000000000000e+00
4.491667708463780162e-01 3.322968953894626098e-01 2.916815201624134990e-01 5.427349996285076861e-01 3.671316860958190875e-01 2.098911395216322695e-01 5.246654127784132760e-01 4.006672650698003268e-01 3.912674153029972457e-01 2.643241815527749838e-01
3.428149671436371282e-01 2.976369971512414780e-01 3.200393733010228892e-01 4.600442945354694668e-01 2.957522109668469512e-01 2.338440314082558813e-01 5.189183462249762346e-01 4.555993517511626179e-01 3.976822647109960474e-01 1.892567766828270881e-01
4.536007575801129788e-01 3.779479790256623506e-01 3.142830650181280272e-01 5.447253188862155593e-01 4.407134010173569538e-01 2.330918230105575306e-01 4.432888119198983290e-01 3.531720980890227235e-01 2.785457501411750525e-01 2.758520843639474251e-01
5.266265129760587804e-01 3.618956518841282000e-01 2.486364699232077591e-01 5.162226792181777713e-01 3.245162351635751397e-01 2.640691166065270989e-01 4.792897440737973747e-01 4.896078261005506471e-01 2.838022091860100682e-01 2.572258326222772729e-01
4.586568738080715746e-01 4.779021962765454545e-01 3.327570106198436406e-01 4.349549599760658136e-01 3.149959994450227674e-01 1.791903860589686981e-01 4.531805601618368318e-01 4.269196247782300890e-01 1.714155062982856970e-01 2.473262187062776618e-01
2.149697617247140480e-01 2.458091362841428040e-01 2.292876312189819632e-01 3.447852010544977808e-01 2.093804807186803452e-01 9.898570726774096051e-02 3.759501728449611280e-01 1.139574740957389892e-01 1.602020257634636236e-01 2.458747748170800329e-01
5.055859788107333053e-01 5.900378535256075585e-01 6.832533063235092241e-01 6.475070330428774890e-01 5.060431321387572901e-01 4.442868420404525454e-01 5.719923818086315448e-01 3.982494956503542793e-01 7.229234170186366049e-01 7.339286764064163471e-01
6.566949558109008711e-01 5.790863240317311034e-01 6.980052160043335174e-01 4.864696352892547426e-01 5.601155544591551738e-01 7.522532766538169158e-01 6.061868920565978147e-01 5.951168645842308536e-01 6.874110728174489537e-01 7.077060680609402743e-01
4.633768050167053620e-01 4.273007459553374576e-01 5.560612396533874957e-01 5.132259182856996338e-01 5.189526807993936064e-01 4.793356155533210483e-01 4.219147511899499770e-01 5.713474327396194097e-01 5.323816228868972766e-01 6.114600358241740752e-01
2.456465770972293128e-01 3.896492159106544895e-01 5.065996565660099149e-01 4.616843786094819713e-01 5.729527641068805632e-01 4.821300471432918844e-01 5.115545038256354982e-01 7.580353108956991992e-01 5.774599746404864842e-01 6.657860035933500509e-01
3.906017437195268838e-01 5.009878688935045510e-01 3.493497750332781315e-01 4.379742319877531487e-01 4.267564932864162941e-01 4.923348305855245188e-01 2.901288039063948387e-01 5.730840950256277377e-01 3.125830909926350376e-01 2.577706569456927888e-01
3.158209423942301974e-01 2.307564445954015109e-01 1.830917026285378002e-01 2.406615783140020892e-01 3.307103649755755992e-01 1.173761989221765029e-01 3.149799523958665137e-01 1.391017214296026150e-01 2.150866551332168974e-01 1.634606136006183652e-01
2.867569453035068161e-01 2.852598983916654896e-01 2.545686520279492604e-01 2.680912678332343368e-01 3.674752604090089081e-01 4.710889728209313732e-01 2.677216049640718243e-01 2.730321197505884978e-01 2.087212564467413045e-01 2.041435825644376256e-01
3.618508938993929558e-01 3.319725861181180848e-01 2.939033114720269735e-01 4.924931377566172386e-01 3.979854134084289119e-01 2.271392204268524451e-01 3.794029220642460842e-01 4.861180212613173679e-01 2.280003472360679351e-01 2.542822922731231561e-01
6.098546826036823632e-01 5.528897151094118723e-01 6.253675241889846692e-01 4.446197877151586986e-01 6.200654069147348846e-01 4.777010997345044752e-01 6.221459993560636281e-01 4.328024470898721443e-01 4.390358387271008911e-01 3.013770608581494703e-01
6.005961337490639540e-01 5.622307951374256874e-01 5.858157132462153971e-01 5.849454930256150487e-01 5.721223227466818440e-01 4.370268276863850110e-01 6.451673194013127777e-01 3.616160233358898801e-01 4.839107497450209072e-01 3.702893224916856685e-01
5.945247671221641772e-01 4.902260291790097591e-01 6.344380373756381974e-01 6.011863993249315641e-01 5.100586236948160268e-01 4.456861946748227332e-01 6.413674280597848609e-01 3.699562613721270043e-01 7.496335559630391554e-01 7.493125691480959638e-01
5.903752057853283164e-01 5.580025566517728963e-01 6.890619434577400781e-01 5.937012162205016486e-01 6.024622473316481042e-01 5.142024826041496910e-01 6.137443050799964439e-01 5.497653995953580841e-01 6.945639884628415084e-01 7.517484546817754243e-01
2.438031858219296966e-01 2.487138629933916545e-01 1.058869525443998233e-01 2.562483572371475060e-01 2.178829210082247891e-01 1.389573956825044809e-01 3.468144895777077186e-01 9.789207914479566841e-02 2.016410844052338169e-01 1.874504919820407234e-01
5.042783202768280626e-01 4.892582073275706933e-01 3.148038613919920126e-01 3.280847671050862169e-01 3.899269243526363726e-01 5.265358150425393235e-01 3.287398027147400148e-01 5.655759685573643614e-01 2.847448088522679388e-01 2.309543102470067999e-01
3.231670486753907001e-01 3.861495496374018344e-01 5.659320235367797380e-01 4.856183498948289379e-01 3.825128071191526424e-01 4.545893274208825940e-01 4.004091394093857725e-01 6.230985522792443776e-01 5.787275811661359848e-01 6.708170154559028875e-01
9.442042241861937635e-01 1.000000000000000000e+00 9.829886302801568165e-01 1.000000000000000000e+00 9.738536244332143266e-01 1.000000000000000000e+00 1.000000000000000000e+00 1.000000000000000000e+00 9.673295364769846083e-01 1.000000000000000000e+00
5.340275086783199399e-01 5.288096098202551554e-01 4.738623231885752962e-01 5.750736996275699342e-01 5.228352685269154199e-01 4.360353206492817990e-01 5.789455246630892393e-01 3.741229213440799839e-01 3.631900462993448708e-01 4.435567313690838009e-01
2.930501842244774280e-01 2.200327006058911683e-01 1.727581525308432286e-01 3.931604281244427401e-01 2.982812050603845244e-01 1.830329667281409001e-01 3.101703796700515658e-01 1.634378293646377711e-01 1.127052526765145168e-01 2.402579583819300646e-01
4.242644721335310232e-01 4.162657989903905675e-01 5.398012379625339863e-01 5.086376182228555809e-01 3.685642337207717945e-01 4.122353549937324835e-01 4.561363971713194299e-01 5.270846738031746970e-01 5.812251882218585353e-01 7.197628329215546295e-01
6.143271877489976385e-01 6.485539969196949528e-01 7.295413389151558237e-01 4.309724939316869619e-01 5.328171149214981916e-01 7.274423813669020911e-01 5.508408038134458007e-01 5.856821231111021264e-01 6.746661075832857124e-01 7.234270991864317768e-01
3.049141882858312780e-01 2.178403099170743151e-01 2.897917118041733464e-01 3.761168459411322051e-01 2.863910298454049874e-01 9.062244075469079452e-02 3.532387238790672401e-01 1.380438562943955838e-01 2.054343235173526350e-01 1.813681203965717970e-01
5.956014258651108895e-01 5.416049592318992190e-01 5.077247582880016763e-01 4.953240066410026787e-01 5.687108278575920828e-01 5.599488193976960293e-01 5.491984862824949021e-01 4.701028266867103844e-01 5.234935404820967308e-01 4.272907855181299341e-01
7.828345790702451179e-01 8.506636421811659687e-01 9.571595183806130835e-01 8.186429567928250606e-01 8.742627951621653182e-01 8.756623236390812526e-01 8.970417077950743057e-01 6.897470490644614927e-01 8.652118883616239930e-01 8.777240543827102837e-01
9.713508991427167727e-01 1.000000000000000000e+00 1.000000000000000000e+00 1.000000000000000000e+00 9.907349362482855692e-01 1.000000000000000000e+00 9.567492846696327158e-01 8.857553819449767163e-01 9.905032195383901561e-01 8.548491910757102241e-01
4.804608756418253801e-01 4.693039912095407495e-01 5.325553285617949939e-01 5.790911302649723869e-01 4.400472680548981330e-01 3.533093823826283231e-01 4.090333720757167724e-01 5.807190062946908649e-01 4.886266680177320243e-01 5.453401519094683847e-01
1.000000000000000000e+00 9.972379067206234016e-01 1.000000000000000000e+00 1.000000000000000000e+00 9.766381795019363210e-01 1.000000000000000000e+00 9.751333107923961796e-01 9.072893879275150120e-01 1.000000000000000000e+00 9.686215231108171730e-01
6.035102928787283716e-01 6.167427069526703054e-01 6.493120642562549838e-01 4.913718563841142362e-01 5.665555629568105322e-01 8.160058742640626805e-01 5.377446916195148807e-01 5.333969798477513624e-01 6.142185524989067780e-01 7.350410295069832456e-01
1.893955492770516558e-01 1.742193748804420350e-01 1.570391488146646863e-02 1.460198156225407107e-01 1.479932786399760780e-01 1.611184434720813186e-01 4.792717637087374333e-02 2.720443394883271804e-01 1.358483536421796478e-01 7.644680250984038639e-02
4.075003492313738485e-01 5.528012143427212255e-01 4.655129853861422751e-01 5.272915171114636035e-01 4.053030713231523530e-01 5.065564749342001960e-01 4.161106992320329767e-01 5.568181165602068550e-01 6.005094375885360325e-01 5.650278443586114197e-01
8.757355092540610730e-01 9.048844206939797852e-01 1.000000000000000000e+00 7.798706006552122982e-01 8.624343495609834154e-01 8.126782660067319863e-01 9.117863872986146090e-01 7.040684909765412280e-01 9.264673946957283635e-01 9.273511490250966327e-01
7.638119506749822818e-02 1.054017911917931594e-01 1.051702212353528704e-02 0.000000000000000000e+00 4.443379954291255818e-02 0.000000000000000000e+00 1.275555403903534946e-01 0.000000000000000000e+00 0.000000000000000000e+00 5.817650625760253935e-02
