7.770623605953139723e-01 7.457400126647110161e-01 8.746862457370856436e-01 8.063189159356198843e-01 7.950118598620572463e-01 6.154222855837555572e-01 8.256060708776766788e-01 6.283032843888339825e-01 8.781412526176424205e-01 8.437546458925258008e-01 6.416598413055714101e-01 7.935154801866425300e-01 7.660288306761954269e-01 6.881441272498022288e-01 7.988084250345890425e-01 8.145653682086736458e-01 9.037762784167114871e-01 7.568645345211240105e-01 8.148185373490156591e-01 9.021339439364172152e-01
8.686021269285397750e-01 8.086540169514325749e-01 8.334671374245355979e-01 8.108248673777425086e-01 7.306791166603632259e-01 9.305201085947141237e-01 6.010222171174801620e-01 8.048653886780647859e-01 6.754109625890283297e-01 9.113916046322591002e-01 9.228660446793478522e-01 8.949096932610615118e-01 8.267508212548428936e-01 8.252551253610485027e-01 7.114556880527794780e-01 8.871824631100488912e-01 8.856386022259739033e-01 7.792952994369266584e-01 7.569021049492642428e-01 9.411201417997403507e-01
7.736912657273604665e-01 5.888806795198924249e-01 6.090756922386485472e-01 6.647850561179711182e-01 4.209827537492749627e-01 6.069848381929511261e-01 2.426122976790553998e-01 5.761369758201064784e-01 3.132904034681322503e-01 5.194585774556162994e-01 5.859718450649563648e-01 6.572568449751652331e-01 5.281921672502122300e-01 6.772249227629822954e-01 5.896174257706364719e-01 6.351313707661578878e-01 6.259297986597904817e-01 5.088809711134566482e-01 4.497882933824526863e-01 5.498995407913762623e-01
7.712220585217890445e-01 7.617735680718402680e-01 6.988547296322141777e-01 7.266857542608626819e-01 5.955819189577113981e-01 6.360939964611945774e-01 5.788686673181969722e-01 7.446734556460744558e-01 6.081418537344394082e-01 5.641370104305949429e-01 4.737720174653812233e-01 6.880591466545246115e-01 6.968710395770263410e-01 7.057609582120888403e-01 8.180976640644331832e-01 6.731128310832635853e-01 6.537765584932422325e-01 5.835665123318466430e-01 5.946985399926580929e-01 4.750158156394292397e-01
7.249631528762255916e-01 5.218870473869606785e-01 6.959043981784034383e-01 7.050447810473756682e-01 5.460451378224834285e-01 3.564089910802891725e-01 6.468347436173252918e-01 4.751931119209444332e-01 5.736986110042565645e-01 5.751003550024318400e-01 5.567610031241829738e-01 5.000851571497072490e-01 4.670120760954895589e-01 6.055826242463662190e-01 7.387201065202021466e-01 6.110839715839677666e-01 6.240027862318364704e-01 5.181338368113643789e-01 6.290930007051861450e-01 6.201945895482151583e-01
7.300504109594130320e-01 5.934160538141745045e-01 7.683609353231645178e-01 7.416457024418124933e-01 5.840481374146970772e-01 5.770113582107777583e-01 5.136532028862375032e-01 4.928671527976899447e-01 6.010355807150710161e-01 7.956563604903788001e-01 8.234412003632161081e-01 6.478562793859686808e-01 6.329196180604217403e-01 6.212332601908053809e-01 5.247967462475942035e-01 7.620453075031340395e-01 8.298940466432417340e-01 6.974845581372418613e-01 6.302581298199751991e-01 9.651649838966579464e-01
2.516372234599751345e-01 2.700232167415833606e-01 1.149895127972012238e-01 1.661987648489664793e-01 1.950148509495586990e-01 3.965259686212254664e-01 1.151547881176005345e-01 3.482915066976065566e-01 9.725960193969075684e-02 1.503297397094097709e-01 3.533067163731509752e-01 2.140468547508419528e-01 2.627015811484360031e-01 3.003354791774734411e-01 2.083890017760652302e-01 1.847410329352727476e-01 9.287407909991127197e-02 2.960135128636170454e-01 1.698988739439791784e-01 1.151222974368236868e-01
2.372673051403990374e-01 4.936164830488779520e-01 3.182700608714837398e-01 2.751090945488216533e-01 4.235326215179954779e-01 6.470370710817836546e-01 3.782873368601625819e-01 5.352408294744737116e-01 3.940273790025660139e-01 5.133126451811986790e-01 4.660155193712570698e-01 5.289769567357494040e-01 5.263523447401718958e-01 3.942305040929173776e-01 2.849395088399321874e-01 3.665471030074973213e-01 3.783200230632435823e-01 4.285102534302825394e-01 3.752699840500410278e-01 4.435203710172379576e-01
7.426623922885652318e-01 8.421265098105632507e-01 7.755935588108002765e-01 7.602121059742686926e-01 6.566401846052322133e-01 8.698970343214982304e-01 5.172045732385909256e-01 7.774240850930048685e-01 6.289157123445832109e-01 8.720678665270441554e-01 7.404587589098929890e-01 8.774287100837704356e-01 8.117081119202894657e-01 8.053497619542743235e-01 6.397646206248185363e-01 7.929819576836931727e-01 9.122086737383611199e-01 7.106590611233486454e-01 6.140861588832937645e-01 8.266305241275905269e-01
7.629334614780381996e-01 7.614459688808611348e-01 7.009888650941887844e-01 7.590859724342130521e-01 5.955752951942807627e-01 6.199747017161291174e-01 6.010173035140646824e-01 7.208915708622333218e-01 6.042399920469949670e-01 5.207728600311859468e-01 4.581082322107534188e-01 6.883523666184440115e-01 7.084633676857406970e-01 7.192251583192307285e-01 8.084366913254218412e-01 6.909473726992676479e-01 6.719344769004108597e-01 5.659525902262519947e-01 6.068682189288940876e-01 4.838387287944018178e-01
2.610783540162175398e-01 4.885245120580010147e-01 2.870317741913016585e-01 3.021479095788012215e-01 3.923911461348887908e-01 6.405705028024156755e-01 3.635973882163080484e-01 5.703395154311070581e-01 4.209242626701704126e-01 4.317367435460569558e-01 4.464264899343368675e-01 5.343199068668735841e-01 5.145336179544898192e-01 4.298962305490593994e-01 2.754914936428088379e-01 3.668985974040496756e-01 3.842876526046523633e-01 4.484052156981421233e-01 3.838681718782819829e-01 4.371883942149864533e-01
6.535383931713603101e-01 5.591475585477945209e-01 6.894392475565810363e-01 6.470086009323335885e-01 5.325763531625036240e-01 4.785415041359518673e-01 4.487784174646222146e-01 4.727128670585395431e-01 5.802399123515867840e-01 7.688073129837834641e-01 5.768097186927267916e-01 6.280211927294743202e-01 5.810391495389366501e-01 5.474024306719620370e-01 4.699937093566687318e-01 6.618650861548069919e-01 7.880347700935056432e-01 5.562101053053163380e-01 5.091929072198426720e-01 7.992795319894803185e-01
2.227007651137201116e-01 2.868865595639809585e-01 3.007636052566824425e-01 2.334684518666474418e-01 3.862143823285844046e-01 4.185651768110012494e-01 4.155466834848453583e-01 2.572240794647949746e-01 3.890744749234771871e-01 4.400725383943542290e-01 5.263236444280424697e-01 2.953953085498041697e-01 3.010599962326703793e-01 3.011134787194631457e-01 1.871601312808522100e-01 2.998060624002559793e-01 3.631734795520681902e-01 4.147221369530519897e-01 3.811339942107255241e-01 5.324426182590866752e-01
9.915367595451883842e-01 1.031343594994152069e+00 9.943544950715693664e-01 1.018337640323210724e+00 9.663300848217660777e-01 1.004893912160598868e+00 1.012271623925266928e+00 1.023843497449383522e+00 1.017017951606271176e+00 9.968912930960930341e-01 1.010283831436253221e+00 1.000928411980340327e+00 1.025455724449880091e+00 1.005340102306484518e+00 1.021544180031861870e+00 1.025549863965760089e+00 9.812712481186648406e-01 1.008046511667326062e+00 1.016981595150061146e+00 1.021381599753901082e+00
8.064933972679050322e-01 8.594496726548442878e-01 7.846549712233680252e-01 7.634604356588560181e-01 6.781949366922455091e-01 8.121337006500553013e-01 5.226642823387951386e-01 7.441069713412209463e-01 6.487500584008116800e-01 8.245370282953270458e-01 7.154764526794892276e-01 8.790609280918030288e-01 8.455559997796650018e-01 7.880391976138465537e-01 6.237012136515378558e-01 8.118648327515969321e-01 9.129426895101404593e-01 7.034132950191909206e-01 6.659038617294987805e-01 8.427677917223749260e-01
1.774032285323529079e-01 2.465810811929649848e-01 6.924816094764138508e-02 1.112790018246844342e-01 1.449060112325278038e-01 2.903830293799805062e-01 6.820144771319260057e-02 3.133191671946834456e-01 7.430441896630628207e-02 8.511761018402376477e-02 1.020182269117910212e-01 2.527529926214824862e-01 2.202771846893574748e-01 1.815824119667238667e-01 1.451047315508066649e-01 1.422561384836064646e-01 1.376418286691840076e-01 1.737789958428465342e-01 9.674787801799461517e-02 -2.714695017504788546e-02
7.847026549524003247e-01 6.781451047828442880e-01 6.188980603113249934e-01 6.419931852577366316e-01 3.894717456549418588e-01 5.640383616838540171e-01 2.785504637174276432e-01 6.013686420480210959e-01 3.513321395042914852e-01 4.894016576064796897e-01 5.763985474275622467e-01 6.043541036954835910e-01 5.391461051101028579e-01 6.182122860383048035e-01 5.354321329293734166e-01 5.860764618605507348e-01 5.679025362223123485e-01 5.526997301955091091e-01 4.518893975848868316e-01 4.975139494703211818e-01
1.001848140496540251e+00 1.011412497245000042e+00 9.829550611991247910e-01 9.964373268558482932e-01 1.024353425108292859e+00 9.956928140372810487e-01 1.005835714935976677e+00 9.822947739393385058e-01 9.856442599525135906e-01 1.029128484786233200e+00 1.011428664262272736e+00 9.969993929708016456e-01 9.968872580775588466e-01 9.973553091534484993e-01 1.008045209214819105e+00 9.697537712136496957e-01 1.025553071584874854e+00 9.962082335449399251e-01 1.016299884525809771e+00 1.017914157265434216e+00
9.178713525689247144e-02 1.398205154673872186e-01 1.136898856358285748e-01 1.375910850084229586e-01 2.697278365894235086e-01 1.073692064350255659e-01 4.178502439747509567e-01 2.129190360974632656e-01 2.966610346223095274e-01 1.281526404441385991e-01 7.326765050586818429e-02 1.029721793762854581e-01 1.889440597670135613e-01 1.129049229790991954e-01 3.138152122871683547e-01 1.806342774324181666e-01 1.157257060023478695e-01 1.913828740494601943e-01 2.492082437489615554e-01 1.768184508529355853e-02
1.157210554040563472e-01 1.816809849052883619e-01 1.962771399081119639e-01 1.492715556262265431e-01 2.717715314962955708e-01 7.688307644370154237e-02 4.152313026791578654e-01 1.341391248612094078e-01 3.267333052419613693e-01 1.065780428695247278e-01 6.254340878561767680e-02 1.067766832679266503e-01 1.531207468283791728e-01 1.630722408417281666e-01 3.098857807803546138e-01 1.852797903279870262e-01 1.065045452215682420e-01 1.986289080320218225e-01 2.769806828726260051e-01 -1.062912495673917768e-03
6.400293721567313909e-01 5.628261630323827536e-01 7.117613913337856868e-01 6.465520895184704298e-01 5.859854897665581763e-01 4.833795358548881316e-01 4.458371563674945470e-01 5.126212051913884293e-01 5.724988958064703981e-01 7.767399951523492607e-01 5.751901286062252039e-01 6.630417643355075441e-01 5.696630037164517324e-01 5.564920713282573983e-01 4.941223928080354377e-01 6.478116865410351588e-01 8.249201370150428536e-01 5.613226933254438222e-01 5.262722476753737277e-01 8.747821864926795810e-01
5.407834010320431428e-01 3.331223899744599759e-01 4.635919755046000734e-01 4.373047117690365693e-01 2.277572364099427482e-01 1.810938343627927771e-01 1.040990569686870149e-01 2.087413533366491436e-01 2.007969937998285159e-01 3.811488892899252412e-01 2.779233477454633450e-01 3.883006310245495363e-01 3.235112739173312546e-01 3.330078254090074741e-01 3.594184482499132582e-01 4.339362874156075245e-01 5.124103590518763740e-01 2.658711611081202020e-01 2.549303268596400107e-01 4.337686919205022140e-01
2.547999690378923709e-01 5.133985431099726826e-01 3.143080765059680926e-01 3.096830610715244347e-01 4.497259785233727047e-01 6.227478681271539918e-01 3.735403364151719252e-01 5.613413651657077619e-01 4.512084864359627856e-01 4.592498063615407800e-01 4.079453722609576172e-01 4.852888682094882444e-01 5.065681220146677211e-01 4.306463624109330146e-01 3.114485925239509068e-01 3.583942420269934370e-01 3.877917993265013186e-01 4.558895401652104939e-01 4.125661278391426490e-01 4.012430236315882581e-01
4.442321236584176325e-01 6.580904672771498154e-01 5.660703894559970806e-01 5.379463194415058380e-01 7.780502528654246186e-01 7.818447346453185620e-01 8.529933611086055745e-01 7.624282816082298408e-01 7.966155580187650465e-01 6.701226355413919533e-01 7.441714361292519619e-01 6.349957416651269559e-01 6.996087737711815802e-01 6.610344091042358317e-01 6.523913468843468566e-01 5.941275666970283753e-01 5.228896966614978714e-01 7.282327703608404423e-01 7.591268113287569230e-01 5.553314083741374141e-01
8.461172743178108080e-01 7.658304566994612594e-01 7.579102049948529540e-01 8.533173448723340160e-01 6.661429492745084557e-01 6.976854769828132463e-01 6.770015154963128223e-01 7.690170631381245681e-01 6.377019688650434892e-01 6.355615066794998436e-01 6.788356809971924921e-01 7.096263462794887289e-01 7.111672519049174745e-01 7.935595242914599279e-01 8.511482049912427739e-01 7.395912843952601179e-01 6.621445175588746013e-01 7.507908078461361656e-01 7.242832615923339157e-01 6.083466598585335339e-01
7.975161266677180394e-02 2.912420796964900263e-02 1.167304916813723947e-01 8.288650851286341603e-02 6.241001651251267685e-02 9.415871791463098495e-02 1.104773411651889664e-01 4.848422011944432397e-02 4.902094210688966169e-02 6.673636347897402010e-02 2.141139389714815655e-01 -3.432267561996544050e-03 -2.529289198362626168e-02 7.390096598679159190e-02 3.749599784935039176e-02 5.034354746982547951e-02 3.225841003660825934e-02 1.229567242086996443e-01 5.385154254330594414e-02 9.148488802223037064e-02
2.180237343263459193e-01 4.055660578864479504e-01 4.105024311438165152e-01 3.595138348552977536e-01 5.735417130633211347e-01 4.308046027411734369e-01 7.394899535531823664e-01 4.142909463548326010e-01 6.763848887011658650e-01 4.927862461033931663e-01 3.916847390736273304e-01 4.097311074288930155e-01 4.381031152492488312e-01 3.326794246354623508e-01 4.276107884775389723e-01 4.271248216416976273e-01 3.786663360250245303e-01 4.647121600471109115e-01 5.696511089009759221e-01 4.870214278940264152e-01
2.241967945574488141e-01 2.271647114789657751e-01 2.747610651450134722e-01 2.529810463511920071e-01 3.858629404640244176e-01 3.857861176254979152e-01 4.319823772945053930e-01 3.042023503784404004e-01 4.244891391375434364e-01 4.438612092139059273e-01 5.768011686316076858e-01 3.057790322049498966e-01 3.101993346489971826e-01 2.618648955903554176e-01 1.773889976189152728e-01 3.275260413456511643e-01 3.018402768024183169e-01 4.183295646074293717e-01 3.976717310378816705e-01 5.220443638370739770e-01
7.455528407634414156e-01 4.611364706654096368e-01 6.566344936212007433e-01 7.210218121248583856e-01 5.636923764642143286e-01 3.632461350439984971e-01 6.000220860237803766e-01 4.619063747127170050e-01 5.609603770657389799e-01 5.161297781273437302e-01 5.330590755816891901e-01 4.762221296400195314e-01 5.117561511457017209e-01 5.996843389246648837e-01 7.206615414905956918e-01 5.949803379099706246e-01 6.309707940740998389e-01 5.501358260736416428e-01 6.192776217928098736e-01 6.032778804452825216e-01
2.353970392046976501e-01 2.473429506165014113e-01 2.917806553708685580e-01 2.694575303216588114e-01 4.006182063597277798e-01 3.983814751721828085e-01 3.898577910934867830e-01 2.951442624036659246e-01 3.916643394357676722e-01 4.587872156464145035e-01 5.281042137306029005e-01 3.025816138543153677e-01 2.846212431922419683e-01 3.117095115436174235e-01 1.916782875732668534e-01 3.034837004207863176e-01 3.247976331692354335e-01 3.699872107811833510e-01 3.933636499870481473e-01 5.240757757340643863e-01
7.499004062783345415e-01 4.989860886480742552e-01 6.694632486384671788e-01 7.082031001362393274e-01 5.421072469896867085e-01 3.571007438665549927e-01 6.592084157785914611e-01 4.678298035348232298e-01 5.496855687099920784e-01 5.018453422801274488e-01 5.467604109633376064e-01 4.901726789087616498e-01 4.483158437807320262e-01 5.835039857651398432e-01 7.094314254851289414e-01 6.258980476734139486e-01 6.571943005604606869e-01 5.640115617589113173e-01 5.545027393202918153e-01 5.781410259595020085e-01
2.267146432718416538e-01 3.730679034897054769e-01 2.242977155801175737e-01 2.725512224483725432e-01 4.048994759078993755e-01 4.174962723226193773e-01 4.741381884318922046e-01 5.110263074629154412e-01 4.370608670985403621e-01 1.897409387535083369e-01 2.034815960497952381e-01 3.073162292195464884e-01 3.958513432223068618e-01 3.356913563428591263e-01 4.784586942162960543e-01 2.715423591479848020e-01 1.683400735416799854e-01 3.591423783989211027e-01 3.372456733168997522e-01 6.565255498560905456e-02
6.171314704341794855e-01 5.000380688894922043e-01 6.085996022298797437e-01 6.337474151823441204e-01 4.844421385855273710e-01 3.146978142897391972e-01 5.226483945483391125e-01 4.509192475688587609e-01 5.272231402318571236e-01 4.841186627015100497e-01 3.357461602355101271e-01 4.730070396337565652e-01 4.495673020514216467e-01 5.230018668276663618e-01 6.832301601934971380e-01 5.716866196673184852e-01 6.091720313612491999e-01 4.512750063262764844e-01 5.179072051225978024e-01 4.839715153379126611e-01
2.681482791237110308e-01 5.074353537383690105e-01 3.456428027665174318e-01 3.111038742127957279e-01 4.679716536559006546e-01 6.648396140402899057e-01 3.659888251581697727e-01 5.476560466126708659e-01 4.309068517327404035e-01 4.483170075482401651e-01 4.562285617089327228e-01 5.418027977368861103e-01 5.176483558634964455e-01 4.297514951080760315e-01 3.186706078649577667e-01 3.832385334672304689e-01 3.813634501114636643e-01 4.503182697372536403e-01 4.061914451519633706e-01 4.556029050327128349e-01
7.276249742987552782e-01 6.046611946945459337e-01 5.914939233592835244e-01 6.575413273977346318e-01 4.114339524097742062e-01 6.196857503661352684e-01 2.905226621544118593e-01 5.998943789673624183e-01 3.367119549086876606e-01 5.421144182012690438e-01 5.948873686002312811e-01 5.744034814885982110e-01 5.102719747852926258e-01 6.992148049397086673e-01 5.736696280035100681e-01 5.783791847721480028e-01 6.166231349380374427e-01 5.296351927905396106e-01 4.504162962828517358e-01 5.292696078568415174e-01
1.009559319572612690e+00 1.003173256780520495e+00 9.929307767449716549e-01 1.035130093748904301e+00 1.006629463195686247e+00 9.918505539297862716e-01 1.002064751238284313e+00 9.987519353028186941e-01 9.830473183122486747e-01 9.845972376462506226e-01 1.002220206490537890e+00 1.039508700534250929e+00 1.008715526143937780e+00 1.008987393108892405e+00 1.016262195910961896e+00 1.003886149990759868e+00 9.876200207210138471e-01 1.001285201162447569e+00 1.031822377427504378e+00 1.004630955119279356e+00
6.584526417243435903e-01 4.739988537750405850e-01 6.299304347114803582e-01 6.466327675668916974e-01 4.725000875203747008e-01 2.908755678521713350e-01 5.321186005602344116e-01 4.048761342664201623e-01 5.137930666549406222e-01 4.798324277743729604e-01 3.064133037704372398e-01 4.733810073422168863e-01 4.521151509369927268e-01 5.154029681397189755e-01 6.546800786342676925e-01 5.855898752598621693e-01 5.938013593583885141e-01 4.399436864724154961e-01 4.888704750122436771e-01 4.729435897035282332e-01
9.031392574154525343e-01 8.386210518162156013e-01 8.147231823623883873e-01 8.194574811026036354e-01 7.653436632985413102e-01 9.119752423095542904e-01 5.878463117163764684e-01 8.329543010744089315e-01 6.589568012217673632e-01 8.953264922665196135e-01 9.228934863619938644e-01 9.391898100422280127e-01 8.363633480602535863e-01 8.565201854566789619e-01 7.197044337429928662e-01 8.290316895142743059e-01 9.299849336870977812e-01 8.418772283003310708e-01 7.381341940460022233e-01 9.273288429437280822e-01
9.146807529507576806e-01 9.802707826201833008e-01 9.421132104492792037e-01 9.151648387167258258e-01 9.331760793161339995e-01 9.036138498357501048e-01 9.469661381290574997e-01 9.545010350508504882e-01 9.490868998817783009e-01 9.509801291084897246e-01 7.769198858982739875e-01 1.018147895451743334e+00 9.594556906094960924e-01 9.273011008488469820e-01 8.865988987816590949e-01 9.406541630523397313e-01 1.020728841154596500e+00 8.890757511750231323e-01 9.100419884540739135e-01 8.987153212514907841e-01
2.338371444539581179e-01 3.915190010576102830e-01 4.402617803898899451e-01 3.299647698652809491e-01 5.903832351969428016e-01 3.832131906520871989e-01 7.414622739314097322e-01 4.086751093885911401e-01 6.438571546008929891e-01 4.853146872711139870e-01 4.013555027895042704e-01 4.126507989121664388e-01 4.272504509429878028e-01 3.306963559861383350e-01 4.573668344217274306e-01 3.969227991053040361e-01 4.165040224647613698e-01 4.603373748138858135e-01 5.423654496124257207e-01 4.776654897676117506e-01
2.200748575814144015e-01 4.137780981043786555e-01 2.114055254421042251e-01 3.177265376544418651e-01 3.867725570749476205e-01 4.214400371370466969e-01 4.812240801860608319e-01 5.042299706458981401e-01 4.022021176972192524e-01 1.757892286916865054e-01 1.922933168291698081e-01 3.274778209970194975e-01 3.992391890031630197e-01 3.582835584213250324e-01 4.761513483938071278e-01 2.693870962618005183e-01 1.833622911653728094e-01 3.613066060793865275e-01 3.516058460283211784e-01 7.514015808170927679e-02
6.706393094945326538e-01 4.850617054583565291e-01 6.369372140575676466e-01 6.105734923026900907e-01 5.031463039285555272e-01 3.333152415151172665e-01 5.302366036034058538e-01 4.590855283534833187e-01 5.145162590180712980e-01 4.941875206582305169e-01 2.994040692337112120e-01 4.816750084434721635e-01 4.878800459184248761e-01 5.031771924870860335e-01 6.839440125754664423e-01 5.834441841079168745e-01 6.064090062300521167e-01 4.524484205631806311e-01 4.887082929267570486e-01 4.694984685557096471e-01
6.108536301851649197e-01 3.462825881821294804e-01 5.226810734136239089e-01 5.038049658029255529e-01 2.841824660451585660e-01 2.621055911452211395e-01 2.134749084739990255e-01 2.856301563085090200e-01 2.615548102520935392e-01 4.099442438639142039e-01 5.259959474735885765e-01 3.973802732862015130e-01 3.063265035933319669e-01 4.804487750491027720e-01 3.912796795651478088e-01 4.958749172590273813e-01 5.152829021601271764e-01 3.669182170447342628e-01 3.384414189151615515e-01 5.009990085890591027e-01
8.742470100122804455e-01 7.722269420588462330e-01 7.586418312063408775e-01 8.126083094730055523e-01 6.910527048854582244e-01 6.628730028410938502e-01 6.667831592436601618e-01 7.443847620018230193e-01 6.207573689690697449e-01 5.837869068154445396e-01 6.440328406197148858e-01 6.845277637356812495e-01 7.091877952115009931e-01 8.423940718893151436e-01 9.171073264936226987e-01 7.417507705796304585e-01 7.099237774109139476e-01 7.310256703686540680e-01 7.243837899870964048e-01 6.048394874813693978e-01
6.333919622161590102e-01 3.571000388651416890e-01 5.108320116515403519e-01 5.278144978017134115e-01 2.829029371189827335e-01 2.745290125214888133e-01 1.757112343109334118e-01 2.780271526450035502e-01 2.153277013704694709e-01 4.204962702959508247e-01 5.070862864049251462e-01 3.734060365904117718e-01 3.067591204623059675e-01 4.178175241471079882e-01 4.396652533774784155e-01 4.750766848612113513e-01 5.361708232955838538e-01 3.933008056798031338e-01 3.683322366923914015e-01 5.218289956984392131e-01
6.398006867719285840e-01 3.314314947555858648e-01 5.505770261344125061e-01 5.329602769503193338e-01 2.957966921743830357e-01 2.903776982226522474e-01 1.641251480959778075e-01 2.851888212391310851e-01 2.459758143574487799e-01 4.352266728111598426e-01 4.700821374251494267e-01 3.441988404692014614e-01 2.944647357539213472e-01 4.414076511963076488e-01 3.838557761711638427e-01 4.483429891450698701e-01 5.288386713322266175e-01 3.884549674927507135e-01 3.348330299338487248e-01 5.478167519575511957e-01
9.912709068822843639e-01 1.006215924945176088e+00 1.020016347872513274e+00 9.677147640821401886e-01 1.001437315321570765e+00 9.918139010623844287e-01 1.028459042833433701e+00 1.009240965678732005e+00 1.007258551850612527e+00 1.011517138967809926e+00 9.989487274470575384e-01 9.723138945312161940e-01 1.024984977091328187e+00 1.001240265934285389e+00 9.678023074333625964e-01 1.008655515348057419e+00 1.000417292310394890e+00 1.019170650633938857e+00 1.013459281956692104e+00 1.000396221539784580e+00
9.441093398555000515e-02 2.423087614848276616e-01 2.546783029375529472e-01 1.774916840512495986e-01 2.944506107932574612e-01 2.985343267553166591e-01 3.219040748694617093e-01 2.293425409226122480e-01 3.540890952910895062e-01 3.882690008254655600e-01 3.481267415202811133e-01 3.067284864552325963e-01 2.733136754875581942e-01 2.282711877624909458e-01 1.364451134080914563e-01 2.555624975680882982e-01 3.306502319696617564e-01 3.325525695456038600e-01 2.880439245182302987e-01 4.152733404788473970e-01
7.743211198748635171e-01 7.207742973627588867e-01 8.393531928639400563e-01 7.966060958163390104e-01 7.698215831652144292e-01 5.798824714294463778e-01 8.500132841059976352e-01 6.729741658775868496e-01 8.714775951256982234e-01 8.627035441613621902e-01 6.594504405332071162e-01 7.374964288836679538e-01 7.776416373789527547e-01 7.026658441218407436e-01 7.819882148114882803e-01 8.157812363927824384e-01 9.469444459626595867e-01 7.305826752281534553e-01 8.251383082417275139e-01 8.897763163963363642e-01
7.941005519765486076e-01 7.713954589323335220e-01 6.588558080128282812e-01 7.857296056077114343e-01 6.057568008325162623e-01 6.237490065007404993e-01 5.676734829234039159e-01 7.430270301540888855e-01 5.981797682385525672e-01 5.540845998085983659e-01 4.549995061929493767e-01 6.744579783988517985e-01 6.677616839147803018e-01 7.389689057591881660e-01 8.422824348241422232e-01 7.084208341693085664e-01 6.690546152954147674e-01 5.707478850254316116e-01 5.928384318856915192e-01 4.551081037117573058e-01
6.345749077323842302e-01 3.098800246141273362e-01 5.050186553656181854e-01 5.269149273734639038e-01 2.682417919601662870e-01 2.577191606294580994e-01 2.259204417803525877e-01 2.864152114181850450e-01 2.397111872671117971e-01 4.448952907375442467e-01 5.431570488288400833e-01 3.970282018750783681e-01 2.708517648945455436e-01 4.379929629793054002e-01 4.102343389848574495e-01 4.927302049623265012e-01 5.346157755166959236e-01 3.853180755101077715e-01 3.639912238740516948e-01 4.921879608306647391e-01
7.537074327160105947e-01 5.579600620726334892e-01 7.728410645606358376e-01 7.112099569442575930e-01 6.123595182825345429e-01 5.792886004009925038e-01 5.447078582665820790e-01 4.813887930648482194e-01 6.001710501112688112e-01 7.705794562677070747e-01 8.423979679359006045e-01 6.762760640190984551e-01 6.079162951042162977e-01 6.224173413028766255e-01 5.312029864204276253e-01 7.106543129818212456e-01 8.440110881403507515e-01 6.604442830107856155e-01 6.727412957423303252e-01 9.135391775491694677e-01
2.329001964695713855e-01 5.121226970201174788e-01 3.046962579146252348e-01 3.290655450694772721e-01 4.226487154781861655e-01 6.655529782139739670e-01 3.977276664968057984e-01 5.321571052567822813e-01 4.455665687971280819e-01 4.579746313271483849e-01 4.602700503801271936e-01 5.054951044247121272e-01 5.418062112795791752e-01 4.369465189194194910e-01 2.554013459135632269e-01 4.051229756540784543e-01 3.530834247072625609e-01 4.837222554995198043e-01 3.818489689732859071e-01 4.190162873686126832e-01
6.669575344910771975e-01 4.289076809857312322e-01 6.136968237382360858e-01 6.656415487275412213e-01 5.083293602275249512e-01 2.978180083046663151e-01 5.484258355494314729e-01 4.282294126815380797e-01 5.317265488611954138e-01 4.640478317511526618e-01 3.413506495155796405e-01 4.627248051108532323e-01 4.893553180206960951e-01 4.676054818193853824e-01 6.972431984577125430e-01 5.736730473124188601e-01 5.776369664220081246e-01 3.959055226536968286e-01 5.231656129706181435e-01 4.535432413771394167e-01
6.395131714424735492e-01 5.759797378583906280e-01 6.610396503016353620e-01 6.206832999019505914e-01 5.413828826207250922e-01 5.020013087453575329e-01 4.336987705128990123e-01 4.365592149206219963e-01 5.590273765744728784e-01 7.798877870155307424e-01 5.624881607555575203e-01 6.422092313764173888e-01 5.947566547896342426e-01 5.731349117415536210e-01 4.556902626200188267e-01 6.643206758544811796e-01 8.139552513923687949e-01 5.482696048412404322e-01 5.502691132320154388e-01 8.240624491961083820e-01
1.822374831726244204e-01 1.709305474809403036e-01 2.019649596505644906e-01 2.347880591424051644e-01 3.171680552001047149e-01 1.761324861934911445e-01 4.925778865658708705e-01 2.416599312610659966e-01 3.707767991457852630e-01 1.725385366258244679e-01 2.953810332633678981e-01 1.486833726085682317e-01 1.869573406122166104e-01 2.202963354743235902e-01 3.771223259745102863e-01 1.518805386433211557e-01 8.451780161707955763e-02 2.739315822265521172e-01 3.784109922170708629e-01 1.895914268117012969e-01
2.361664372769385900e-01 4.217492613185765404e-01 2.544703639057555589e-01 2.763977021510933829e-01 3.914704248670190512e-01 4.129163768325528339e-01 4.761639367581559368e-01 4.911389437354715115e-01 3.994549568292568020e-01 2.041628494472718103e-01 1.779349375454642723e-01 3.211784190823473439e-01 3.911563475857316452e-01 3.350962379334401775e-01 4.898983775043973532e-01 2.449165072467745230e-01 2.043025394168042075e-01 3.052366778098754563e-01 3.745515029949962327e-01 7.520181420536352357e-02
2.528543645896279557e-01 4.413618984803790446e-01 2.335710439574425201e-01 2.604970343816812584e-01 3.742910052899286466e-01 4.196472705062285757e-01 4.807011672961223891e-01 5.161570592527426893e-01 4.003320092514741635e-01 1.956484910902455132e-01 1.638798392123193282e-01 3.343350252436904646e-01 3.610865772835842868e-01 3.655667580212326184e-01 4.838261423031815500e-01 2.831578247337069310e-01 1.618310289104275268e-01 3.284894148003401626e-01 3.331253416739518025e-01 7.574649840148239832e-02
1.032763052583902524e-01 1.492449658017900617e-02 6.428380971011148082e-02 4.855665314448680964e-02 4.280356422917861586e-02 6.278861205546693025e-02 8.863324780370199218e-02 5.325735828636694869e-02 6.002228934159850593e-02 7.987926693783772847e-02 2.249059331386502048e-01 -2.119369227698902902e-02 8.066564891364477047e-03 1.015287011421296959e-01 8.036610250450054727e-02 9.251746897720974916e-02 2.530633621575725453e-02 7.807102268464802264e-02 1.169333198522845840e-01 1.299630867368929132e-01
3.236638950353132871e-01 4.420695887827117421e-01 3.017314516925021506e-01 3.230340671381922157e-01 4.775570386719920624e-01 5.164346992631135835e-01 5.858731334210304231e-01 5.701942281037030158e-01 4.462745734902298644e-01 2.426173009322027396e-01 3.959872873333946663e-01 3.220037887465321824e-01 3.979544931597730484e-01 4.426172995267912413e-01 5.350403797686891227e-01 2.980468376789720542e-01 1.792672348967493112e-01 4.226740622038428485e-01 4.319979499019470648e-01 1.639814617291091570e-01
-9.173537801822959428e-03 -2.130133272060339908e-02 -2.710950538679825564e-02 2.558473953586846983e-02 -7.465126327015406821e-03 -3.403254780491786480e-02 1.989308056359863700e-02 -5.182334319135118751e-03 -7.428289906602657776e-03 2.353695124736130545e-02 -1.385453258007540711e-02 6.332013658487487678e-03 -3.516330315030540520e-03 -1.445858671074672086e-02 6.989575296323033426e-03 -1.096082908563247513e-02 -1.392248411940185532e-02 -2.866739147659015316e-02 -2.154844955402445555e-02 6.443705639207280081e-03
6.834758771871017879e-01 5.910989117320402109e-01 5.796460078531077142e-01 5.733092725321199401e-01 3.660870650702830464e-01 5.172803933700821366e-01 1.725195120863101395e-01 5.875332173452988416e-01 3.265868609722401006e-01 4.814035356294386614e-01 3.622996232054764842e-01 5.976145682191856823e-01 5.328449786819989820e-01 6.051635635859387019e-01 5.495750437603026395e-01 5.739793989284804887e-01 5.808773214714563204e-01 4.053038493011200671e-01 3.701187251740177819e-01 4.023890196057167690e-01
7.271169415580349682e-01 5.072504002567631565e-01 6.611079923804116243e-01 7.290150362932066308e-01 5.553122481302763536e-01 3.509826140549655027e-01 6.283639760728876311e-01 4.616795416541418229e-01 5.791427610898183254e-01 5.278572862493309259e-01 5.580174842053847728e-01 4.686856052789387106e-01 4.670772927745466818e-01 5.843355647972134914e-01 7.148467560471972737e-01 6.049307982473367540e-01 5.890213349855030200e-01 5.521033929748027091e-01 6.249862727546099395e-01 5.939765759981746607e-01
3.129575822247037675e-01 3.940030524811332646e-01 4.303763299350482630e-01 4.067069057188559822e-01 6.172153150421624268e-01 4.970238732173668517e-01 8.394680064202838521e-01 4.338175993363723726e-01 7.200522432658060801e-01 5.140932540255009897e-01 6.452808526556633728e-01 3.927788681743729637e-01 4.969013527743121328e-01 4.193924380865154400e-01 4.989348533728230617e-01 4.426898246057513475e-01 4.110706249634740184e-01 5.678032265751102869e-01 6.127121163857416342e-01 6.038553421372244712e-01
8.676995817983123027e-01 7.439860660096271339e-01 9.269220744748056795e-01 8.505461024628964140e-01 8.531891169769697525e-01 6.690195977651157699e-01 9.385905292397429545e-01 7.132260098695247796e-01 9.290352719457001252e-01 9.328971129464146417e-01 9.115240815085056125e-01 8.139996488816367837e-01 7.246973462201630189e-01 7.776124625192603057e-01 8.344326248212787789e-01 8.700379892310456942e-01 9.237645548539321627e-01 8.270092267931264951e-01 9.450581579230057372e-01 9.669477085827308249e-01
2.149112060770683452e-01 2.724064400960816146e-01 1.092170210574421041e-01 1.726716647540814942e-01 1.988243429886421554e-01 3.995012412802252944e-01 1.488799010760929187e-01 3.394339212249325999e-01 8.767330884977375671e-02 1.256190229670361702e-01 3.284714887107066938e-01 2.266269064868831340e-01 2.236506525080027841e-01 2.910670129904516790e-01 2.309135146265708372e-01 1.853622677324451296e-01 8.451552904844622516e-02 2.310056329215180448e-01 1.832724365430862812e-01 1.210414079216859673e-01
7.607967425408141970e-01 6.299685240738644998e-01 6.036351202107863578e-01 6.494372818035945016e-01 4.280328490017360488e-01 6.000631767252792015e-01 2.472938368909522455e-01 5.611474156085013432e-01 3.538509977452568567e-01 4.818861574127445979e-01 6.250608206880212681e-01 6.064140706193303920e-01 5.068395071692711751e-01 6.225650363077882554e-01 5.571100779094453337e-01 6.021173945459855625e-01 5.891225389117435984e-01 5.367170185086536094e-01 4.721313323773608239e-01 5.190471354311615437e-01
7.925716287727146980e-01 8.121098213789138542e-01 7.977654668119268377e-01 7.688535325826713063e-01 6.757683863230143917e-01 8.241567662657518500e-01 5.161911389705988729e-01 7.807232712101599414e-01 6.274755398609557222e-01 8.365656510211806340e-01 6.976562340920965388e-01 8.775459107782843660e-01 8.032078114515114331e-01 7.415096049826114255e-01 6.419999595802444725e-01 8.186369964921762499e-01 8.923643363357507408e-01 7.101880043629110739e-01 6.420373625530357842e-01 8.088245310089819951e-01
3.576726404104647594e-01 4.105975303999176984e-01 5.020599861375547590e-01 4.196344826297497277e-01 6.509850699464012624e-01 4.918152982152589336e-01 8.066146975992127821e-01 4.915797940641627450e-01 6.988789550137933793e-01 5.561486100022422496e-01 6.536304629401850086e-01 4.082094890234695406e-01 5.176552264624698640e-01 4.354006527926594927e-01 4.732942450002808887e-01 4.767644020534700933e-01 4.159623547217958239e-01 5.491958151747321493e-01 6.675608180766292588e-01 6.116615628347394917e-01
3.149720406645636905e-01 4.031731212743633885e-01 2.826006223514688220e-01 3.588378599129330992e-01 4.495799724917471929e-01 4.889364786015237829e-01 5.676315443104211766e-01 5.597719718872494754e-01 4.552533684266897862e-01 2.589445427934666255e-01 3.950907764755638985e-01 2.994285537338455816e-01 3.905752540218498936e-01 4.355167821689815422e-01 5.488185753895351571e-01 3.376091778502398610e-01 1.858248398573201510e-01 4.575170045546921860e-01 4.382354629395841528e-01 1.598660257023237219e-01
2.820024610281285926e-01 4.297804010313618361e-01 2.284789217728768751e-01 2.954961210763973889e-01 4.049585521317630166e-01 4.097772830340206673e-01 5.357508273667664911e-01 4.824806184806373910e-01 3.909679111388461581e-01 1.713153893988241805e-01 1.655628248172581751e-01 3.184307873536476596e-01 4.165056800793489611e-01 3.722604152188643267e-01 4.748654177956468936e-01 2.625766701464102848e-01 1.072591447244499313e-01 3.414971074003455009e-01 3.570822918364863208e-01 5.280775288098392417e-02
6.522286851797934881e-01 5.253686136618037628e-01 7.038947432943830629e-01 5.926067461681061577e-01 5.265070943582156326e-01 5.142726097226142379e-01 4.165415188194653284e-01 4.825302968465485787e-01 5.602573713373097952e-01 7.577801080687015522e-01 5.850320665928500086e-01 6.634659134596118113e-01 5.898145981570861451e-01 5.571350089200168831e-01 4.819228800052263728e-01 6.916380336888573455e-01 8.146334271978512565e-01 5.973661417571909382e-01 5.864308338334552895e-01 8.130577210319326342e-01
3.357096925326799042e-01 3.801832150428475221e-01 4.858328626894078406e-01 4.125188891901436228e-01 6.500174683408508347e-01 5.140479889251735601e-01 7.987826971921505592e-01 4.115997077935978354e-01 7.427697656223541944e-01 5.671055656321649652e-01 6.695458015736834856e-01 4.705339467339408888e-01 4.705779832629992665e-01 4.388185063178566825e-01 4.896937700954837602e-01 4.458795967072552990e-01 4.007177281684815573e-01 5.845490915231325024e-01 6.917371832669811926e-01 6.059548915692197779e-01
3.711507119985937297e-01 6.411985848510957098e-01 4.797956346890039914e-01 4.453177527301050431e-01 7.094640548903677901e-01 7.439483281989204277e-01 8.114652959878280170e-01 6.816575087577130265e-01 7.743018400080746710e-01 5.711978347545387802e-01 5.197022380689089172e-01 6.494575721986962646e-01 7.197064134816850700e-01 5.605274544687229854e-01 6.121491388682871460e-01 5.849074874986153194e-01 4.862943379340351480e-01 6.052550831494255545e-01 6.567048676793406647e-01 4.918487276147357479e-01
8.813220311372290672e-01 7.312125251643135648e-01 9.057521528567947788e-01 8.707759033323642095e-01 8.748659975250693277e-01 6.470523565084419504e-01 9.025345723795236141e-01 6.824400451674883517e-01 9.220977852975312805e-01 8.713381343978388038e-01 8.790056471100298197e-01 7.488360145634154197e-01 8.200769433697245869e-01 7.921776217601946835e-01 8.174524302365124839e-01 8.490600598074102834e-01 9.416127625775765342e-01 8.060243025701820940e-01 9.237940530644261905e-01 9.996564788234751919e-01
7.825627062033225778e-01 7.496491193218941529e-01 7.237464702796762017e-01 7.712890352029488916e-01 6.435015887001480639e-01 6.259116241534767866e-01 6.114330162427162874e-01 7.196087141794108577e-01 6.201627561735333360e-01 5.436104246043300670e-01 4.423345543136544267e-01 7.093588898259935993e-01 6.857851926182296776e-01 7.308096652496781642e-01 8.419319694461451231e-01 6.748533448043001481e-01 6.730012223483800016e-01 6.203475634297767050e-01 6.363780158339927828e-01 4.551796913918002563e-01
8.990576492181049373e-01 6.950391463017201454e-01 9.340565470798339875e-01 8.802765210879243130e-01 8.533228649796151810e-01 7.166874311620610172e-01 9.176770845667913123e-01 7.162898057182325307e-01 9.117168764015419757e-01 9.367729958700572457e-01 8.951967681145712730e-01 7.720624852114809089e-01 7.564947562179760165e-01 7.884866291498000557e-01 8.447730627609841836e-01 8.965494944995059390e-01 9.336640530495700085e-01 8.235760949782384710e-01 9.061678046963870248e-01 1.018172090045970757e+00
1.013093778758745067e+00 1.021027294833940946e+00 1.016470496438287574e+00 9.878099184992081838e-01 9.780421286181363305e-01 1.013487867255892461e+00 1.000403587181694309e+00 9.902019221965908669e-01 9.908505088016140716e-01 9.761132910489305203e-01 9.926246144445793895e-01 1.015635962713086204e+00 1.029750674543192801e+00 9.851575379317907277e-01 9.976631454889781647e-01 9.924683500635488320e-01 1.017133365317322902e+00 9.710977200244631513e-01 1.033483934896899825e+00 9.859571510473442713e-01
2.556794780708835368e-01 3.027340133930385702e-01 1.419425549987786694e-01 1.940406079914560600e-01 1.933226766163819166e-01 4.264139727511166988e-01 1.167348745542943350e-01 3.591207924941946517e-01 1.246479367046412906e-01 1.321551705204531135e-01 3.606054030983967262e-01 2.330949079215168807e-01 2.509699174958245349e-01 3.127089667756320912e-01 2.429782947835883999e-01 1.836682211774569862e-01 8.929997995772592789e-02 2.491070351649713466e-01 2.277137348919402449e-01 9.495466918177394855e-02
7.338712617484871581e-01 5.790777359909046185e-01 8.020898169323277260e-01 7.301778929097514359e-01 6.114355440942952358e-01 5.989555385012923505e-01 5.280099664256635572e-01 4.826522755305159285e-01 6.230993101494441966e-01 8.153492847528881482e-01 7.905359696758506027e-01 7.008549983497549540e-01 6.061350236015110582e-01 6.477901235630920684e-01 5.419403588661586557e-01 7.111323975849536128e-01 8.375246354835276241e-01 6.648654403896228082e-01 6.764031090921390765e-01 9.396989808964465452e-01
7.616233096753018961e-01 7.157557487561871934e-01 6.904706884029160330e-01 7.715590264027776257e-01 6.227119971340517868e-01 5.896670504582516292e-01 5.890198077788069142e-01 7.500565318040844920e-01 6.193155265938382614e-01 5.504799469146575142e-01 4.424529807734300935e-01 7.090263059483469243e-01 7.232920705293112151e-01 6.980012056883715399e-01 8.041491475746995743e-01 7.171008533485210279e-01 6.778867765787391919e-01 6.177024856023017874e-01 6.131735511941091010e-01 4.808735080578002141e-01
8.526318360903779592e-01 7.300444997013825210e-01 9.189351941303056659e-01 8.500871729782245589e-01 8.660331105320818734e-01 6.415056511107399828e-01 9.431385350254269939e-01 7.408682197407610026e-01 9.491679829351139519e-01 8.719069306873886704e-01 8.712964624749158782e-01 7.555069157680815994e-01 7.610594727345326715e-01 7.579927687302020489e-01 8.776424706713702451e-01 8.711744818415324554e-01 9.540483366548907496e-01 8.606820966177147758e-01 8.862229778047401307e-01 1.023382569085551808e+00
1.828830469428515126e-01 1.785712024096838546e-01 1.884090818347794738e-01 2.509940774408561115e-01 3.601558215450760270e-01 2.035964465692685077e-01 5.320985741333429386e-01 2.312853736239351976e-01 3.286615665729256675e-01 1.460256162101184474e-01 3.373782274090277866e-01 1.236011338737857956e-01 2.010854864318712409e-01 1.602059538786217152e-01 4.195078244170043491e-01 2.246585478495176091e-01 1.194751911038607617e-01 2.774800533096586919e-01 3.701320205835204047e-01 1.487783002290369860e-01
3.878920654468869800e-01 4.238606358007280805e-01 2.981481763572567112e-01 3.537976986005751945e-01 4.953935764089529292e-01 5.257108621990549402e-01 5.775966355029445998e-01 5.706172679835905814e-01 4.591042888555446622e-01 2.725132645620988447e-01 4.269013554323739523e-01 3.416288533622329204e-01 4.005172863005105333e-01 4.445482351259650855e-01 5.299908544727160997e-01 3.302510156319932721e-01 1.823860019873150828e-01 4.286543633642643236e-01 4.512927468153316579e-01 1.666253294024489517e-01
3.427820360151650481e-01 3.995613759845529911e-01 3.002464462907402654e-01 3.301230896311724838e-01 4.950996257912494425e-01 5.358596820473120470e-01 5.226832490885902072e-01 5.140828895933818865e-01 4.441983806443401961e-01 2.370606867641241178e-01 4.301880114534276101e-01 3.395517570397391105e-01 4.121787610453006567e-01 4.425035983315596666e-01 4.878916038942495148e-01 3.377485823055970116e-01 1.816757121807386910e-01 4.135409066796981725e-01 4.462476802112126939e-01 1.787256678361718309e-01
2.414414136195923155e-01 5.038410772992570896e-01 3.069117897748986912e-01 2.831394124173706173e-01 4.188517547246636830e-01 6.542289387449388149e-01 3.889719753136011704e-01 5.617193425295334830e-01 4.029625751991790517e-01 4.524605002955804922e-01 4.618455533879715635e-01 5.110402268172573592e-01 5.102463226917024475e-01 4.002503185711548950e-01 2.627216736537121844e-01 3.986543532831506864e-01 4.008369747575366016e-01 4.261957214537011596e-01 3.986252438492971506e-01 4.206514514625939172e-01
6.752946156582994020e-01 5.994618180889984549e-01 7.118819427964128144e-01 6.515557793165979161e-01 5.102202438817744490e-01 4.955343470104207060e-01 4.319254089233663940e-01 4.471688357086293086e-01 6.084342177324173484e-01 7.656742409715167064e-01 5.857820597063813084e-01 6.692284726847571585e-01 6.097398547183443540e-01 5.763945493378247464e-01 4.610052332814810749e-01 6.723429270156650039e-01 8.329941807202740911e-01 5.438539264385078287e-01 5.213459620420882734e-01 8.405697835219300140e-01
2.621729364228467807e-01 2.567790814224996110e-01 1.197740793721231850e-01 1.654634663479806755e-01 2.223219706270573304e-01 4.224291571177025695e-01 1.698307766149840803e-01 3.186483899740217840e-01 1.229028161047175799e-01 1.329806640951754493e-01 3.872453356772461719e-01 2.344141801784458412e-01 2.307748805208660603e-01 2.944219330463601070e-01 2.459879332793208084e-01 2.064835402437140977e-01 7.110563245987037984e-02 2.966868050759823849e-01 2.129020107858932420e-01 1.166410543420659390e-01
7.647041488525232467e-01 7.295981473992089184e-01 6.776993375886182225e-01 7.782843444065612459e-01 6.503200604122851836e-01 5.764371322201682357e-01 6.030029245586201458e-01 7.797786433558642205e-01 6.139242298439991918e-01 5.323833164653539729e-01 4.496256719559080794e-01 6.822003150017950102e-01 7.299658431515306800e-01 6.870481170381678160e-01 8.236949011567920031e-01 6.730858056600512729e-01 6.873044214967064525e-01 5.740188000850935390e-01 5.762905350719628172e-01 4.742127999619427103e-01
6.366620508536242617e-01 4.777592381281609013e-01 6.248474087652228226e-01 6.144904009024955149e-01 4.602342851666453849e-01 2.750367843120160027e-01 5.239304852430985981e-01 4.395791469037153565e-01 5.137143756239892500e-01 4.904902297449575954e-01 3.128859716615835507e-01 5.039976021502340364e-01 4.628517177374105729e-01 5.135553292289264382e-01 6.604740594099954842e-01 5.272060439393608799e-01 5.776676766580967071e-01 4.251545088259036098e-01 5.103489315629676781e-01 4.779283949727595182e-01
1.729853657951372914e-01 2.833296692366122915e-01 6.448726689218427233e-02 9.950785680176445214e-02 1.071095431876304821e-01 3.154688958879056093e-01 6.194240918235923571e-02 3.022811911331333978e-01 4.265595829868225330e-02 1.052885751388631108e-01 1.161193464440609113e-01 2.204234729227657896e-01 2.433672552933112687e-01 2.346236828529524587e-01 1.845237883917803801e-01 1.401683662045731249e-01 6.288559414687430738e-02 1.724687386144506396e-01 1.222373333165560350e-01 2.855576714045676007e-02
8.864495341645520776e-01 7.624975168051540964e-01 7.942564644764719128e-01 8.228540192873403658e-01 7.128249880175926423e-01 7.075498081942951378e-01 6.640754453231172416e-01 7.419118250904512823e-01 6.586428870452348816e-01 6.479877362401005314e-01 6.663204335550075852e-01 7.447380315495775172e-01 6.828554632168583050e-01 8.006975638055335853e-01 8.759004110177232016e-01 7.301161138581735432e-01 6.846987261984389672e-01 7.201559379344086853e-01 7.080568566718593582e-01 5.899596353916367608e-01
6.421707515034343894e-01 5.517906324591657086e-01 7.155939820336812973e-01 6.090765952671165495e-01 5.512403254678829301e-01 5.191321529580495975e-01 4.083796630461709043e-01 4.830299448197662993e-01 5.754915112456712167e-01 7.488373648362117718e-01 5.834575789759047781e-01 6.639611739401416468e-01 6.076919877733387709e-01 5.710542249867119891e-01 4.394875675746900967e-01 6.672255096193390189e-01 8.304770035786201987e-01 5.814345247295076291e-01 5.253748132282224370e-01 8.285442322849424501e-01
2.080640867115955417e-01 2.872311568036717833e-01 2.938079852209298237e-01 2.135865275900981630e-01 3.901872660637653589e-01 3.820737493132387308e-01 4.030821435415549714e-01 2.658610171970472447e-01 4.152497041856380577e-01 4.836366667234942018e-01 5.763719809350851264e-01 2.880527209009748901e-01 3.152693409177870776e-01 3.223144840049833593e-01 1.675686977539184996e-01 3.015497824894202705e-01 3.113816818869334924e-01 3.992454415902600973e-01 4.176744240629496896e-01 5.264659236225753824e-01
7.615564444383395859e-01 5.758444864924269213e-01 7.679447011584962235e-01 7.212779547529148960e-01 6.006708516939560649e-01 5.665948894040809813e-01 5.468368600316632078e-01 4.940102791151069206e-01 5.813872514429434535e-01 7.949962002545244433e-01 8.239181348591756437e-01 6.586899209100759434e-01 5.995837694040421217e-01 6.644476703766781789e-01 4.894258258600897027e-01 7.277462318028140587e-01 8.163435824565296040e-01 6.791151867082519944e-01 6.306341480853265846e-01 9.437510061284452023e-01
7.375439447505798274e-01 4.966039232059676345e-01 6.765558096809715094e-01 7.039760529664089717e-01 5.468705404528025893e-01 3.674396692115864949e-01 6.320388687728840660e-01 4.723737207415394379e-01 5.671026781368492253e-01 5.440491046054857227e-01 5.551904644555163415e-01 5.170538589408791852e-01 4.890330378240374531e-01 6.031400828887790722e-01 7.536900997720055173e-01 6.139418209718304764e-01 6.201351707687913217e-01 5.860995434232824097e-01 6.285091531156621336e-01 5.902643303485523019e-01
2.394786269857455130e-01 2.921803774449349689e-01 1.563805789336785712e-01 1.531169981849549167e-01 2.219968219336028725e-01 3.935837140867777806e-01 1.299149770864046483e-01 3.278715867479984336e-01 1.262639238819071863e-01 1.399097652961918126e-01 3.206959444679617910e-01 2.700474518958148606e-01 2.164030946873419237e-01 3.041979187329729717e-01 2.207192350364591826e-01 1.701884884380194807e-01 8.153703389265977430e-02 2.515225352642080359e-01 1.916974433212531859e-01 8.564720169491103763e-02
7.784404740934369737e-01 5.629947502077337074e-01 7.676526645595376230e-01 7.165995595655575423e-01 6.166579297527716719e-01 6.020566253595514006e-01 5.315748892525214986e-01 5.292084211167504826e-01 5.978260872791992808e-01 8.101819318430766304e-01 8.129737414307927068e-01 6.523363320539479204e-01 6.444778897056293587e-01 6.580977769784500664e-01 5.662123315412531666e-01 7.363175611215923011e-01 8.044042429852366061e-01 6.470632563557634498e-01 6.775461589238367388e-01 9.112902603218218101e-01
7.767297495668938900e-01 8.557207172350994595e-01 7.975509176716415460e-01 7.607282610410203150e-01 6.719992371153402644e-01 8.211582885774109108e-01 5.125606694852189449e-01 7.690400182799428386e-01 6.687427299265419345e-01 8.153120596858931535e-01 6.941512861628325037e-01 9.098969972642455550e-01 8.349993296411455379e-01 8.182408190247979496e-01 6.626090532655753984e-01 7.904760231521074099e-01 9.144561086801609173e-01 6.820758283719525750e-01 6.249165415894352149e-01 8.427430810139694417e-01
7.994146757903369815e-01 8.439090056519545913e-01 7.885174335450317873e-01 7.345059363234904826e-01 6.714603670094574372e-01 8.161834635060220000e-01 5.122462400611826894e-01 7.760179287693682593e-01 6.495040662288984468e-01 8.336529163589194713e-01 7.006466983333561327e-01 8.793772135271369361e-01 8.170675945483280023e-01 7.875010825700466954e-01 6.799011192589451413e-01 7.874388446240487838e-01 9.019772699757151457e-01 7.511894548609258093e-01 6.560169722998635544e-01 8.338880145818872158e-01
