6.199460217945242935e-01 3.986119845209811774e-01 6.484729890833197397e-01 1.804694442559464651e-01 4.068359878937342078e-01 6.227770244483916695e-01 5.401487610964238462e-01 5.796042974730638564e-01 4.818730776707521590e-01 5.114247953304418282e-01 7.209954596395410364e-01 3.577440632422645983e-01 8.415212911479243996e-01 5.172279893895784797e-01 5.852995821616906458e-01
9.170101700042878612e-01 7.498758314972927552e-01 1.000087297085776150e+00 7.941327597139187233e-01 9.947212754423859771e-01 9.244032896424186907e-01 9.308240733194880212e-01 9.533388204323358650e-01 8.676394106106856130e-01 8.849518107708026493e-01 7.250171130950233689e-01 5.559053135466531792e-01 8.795039080956267297e-01 9.669813972018823645e-01 9.015498830413760656e-01
7.814985570424545225e-01 7.938654655069604660e-01 1.056298736049749110e+00 7.743443280548569785e-01 8.976377317340260564e-01 9.482203338515339253e-01 1.016218560430289575e+00 1.020195808619254407e+00 8.132289563529551124e-01 9.211926567113629671e-01 7.424031829351813716e-01 6.654897022367781689e-01 1.005585552290290785e+00 1.018184544513792700e+00 8.143425993343336167e-01
6.101691010444889596e-01 4.786379523092001986e-01 6.955672939615266115e-01 1.466610683887991096e-01 4.768481661684574879e-01 6.693755072250114901e-01 5.792419471288728916e-01 5.818740040201310082e-01 4.983587628919732282e-01 5.547600225365219018e-01 7.316583095460300612e-01 3.254483235145836373e-01 6.983646573219488563e-01 5.309047901845759254e-01 5.562985650337070043e-01
6.722542931976839276e-01 4.259773979192007509e-01 6.939172262250559164e-01 1.588738759925233945e-01 4.319712082849138657e-01 7.478299763373779108e-01 6.099128157101759706e-01 6.408136012017611183e-01 5.427950159403944763e-01 5.440055276517402616e-01 7.113372589710338367e-01 3.830871994970393990e-01 8.693911366357671699e-01 6.567158501908920698e-01 5.373354549048448003e-01
9.247673359890477840e-02 3.240070466053242559e-01 3.443723715870464219e-02 1.993403219030688567e-01 1.239826250341069386e-01 4.907325029281642270e-02 5.474543367873638267e-02 5.254363638498261990e-02 9.865575699659025199e-02 9.765892212779966886e-02 2.614473620481365668e-01 4.540361002605396434e-01 1.435547733394519354e-01 -2.393448259127552852e-02 3.525489723416018462e-02
2.278470557253425843e-01 3.079418767823755010e-01 2.535649290540958334e-01 7.234351238530530859e-01 3.576141062268386461e-01 2.784568840715167526e-01 5.664019158233537521e-01 3.771211528867967067e-01 2.810768205005893527e-01 3.254636391180011912e-01 6.034247726451900246e-02 2.941354550467977225e-01 1.300890273428428334e-01 4.555220876825152310e-01 3.006788616496453015e-01
3.589778105744444447e-01 4.927783957013224247e-01 2.502981809489958076e-01 8.681259027869714373e-01 4.321390007595624638e-01 3.406145430927440820e-01 4.851747435504101258e-01 3.634976579671244656e-01 4.175060333067059926e-01 3.946666932801579097e-01 3.552646414325348334e-01 7.045000647208432554e-01 2.098475514285195187e-01 3.437936025819091079e-01 4.216322943376031862e-01
1.161957570530647160e-01 2.694456716582349087e-01 6.876626740591422482e-02 2.040474783877770093e-01 7.731487669870790169e-02 6.199521206919656607e-02 -2.158910524398664765e-02 3.515041327168373642e-02 1.464450947841699768e-01 1.264191856280409976e-01 1.959796002690192551e-01 3.789974522683337566e-01 1.080976525127705090e-01 9.953481703954880633e-02 6.465650981990922475e-02
6.483220105722117266e-01 4.478933470800055550e-01 6.817591046984055048e-01 1.693259755249923171e-01 5.520898949097017283e-01 5.899610251904829905e-01 5.251663874072934890e-01 6.142576289223454777e-01 5.341897928316361455e-01 5.405991644352832193e-01 6.399450023739742255e-01 3.697318825084129346e-01 8.444196113173789708e-01 5.977139082466841336e-01 5.520762751724606066e-01
7.372321077148229485e-01 6.813816915500936489e-01 7.908604768808122909e-01 3.330862045989105291e-01 6.319730705485769873e-01 8.041195285640615475e-01 5.910981091002841525e-01 6.200440449969982781e-01 6.445517218174919849e-01 6.773768533571249417e-01 8.814242326149599460e-01 7.715810492331383053e-01 8.360920346876882236e-01 5.714109673898578601e-01 7.879327126485222710e-01
2.375333644998906812e-01 3.407340513776238589e-01 2.482575055337747361e-01 6.821295790429706685e-01 3.929802350615038686e-01 3.395162673924632113e-01 3.904596096722003362e-01 3.372602619894715104e-01 3.609802575142082026e-01 3.271156152546355611e-01 8.886123913508683914e-02 2.595335830772256269e-01 1.682437130130841618e-01 4.349372749245053460e-01 2.023747611257003809e-01
3.579636322963924977e-01 5.601493523225534732e-01 2.585644552198381740e-01 8.826667542032704539e-01 4.890396204097929300e-01 4.055287134970329554e-01 4.343988590928519744e-01 3.359883157831949352e-01 4.758585117763247108e-01 4.938353993383026719e-01 3.157265487276598726e-01 7.014821444671749395e-01 2.598385576995208557e-01 4.564174564209941831e-01 4.425519946971109841e-01
7.647010799149214222e-01 7.125434836858839383e-01 7.593119921300419684e-01 3.330090901286791305e-01 5.784126580826651765e-01 7.380290511636201645e-01 5.351981451907564802e-01 6.532162731948224499e-01 6.030944060188261346e-01 6.777175200071435812e-01 9.027869503696535070e-01 6.712045909041639558e-01 8.308113713664855293e-01 5.928037499274086963e-01 8.524177069370812987e-01
-6.541586962083059675e-02 2.597664123652779211e-02 2.603420177867345545e-02 6.281357552099912922e-02 -2.245724322791556316e-02 -1.374538091014204655e-02 -5.935334240756556801e-02 -8.742112186464898876e-03 -5.767298769077389142e-02 5.201984699282071259e-03 -2.048980030463733865e-02 4.451735790939804344e-02 -1.208496195671320515e-02 -1.558997018674792949e-02 -2.729882079283291185e-02
-2.514246827509267201e-02 -5.434340667621780085e-02 1.123723899369455659e-01 -2.174901159335253936e-02 1.320581504114718731e-02 -5.422112164845793031e-03 -8.510287062765102550e-02 -2.508174881904913500e-02 3.965720606196774904e-03 2.942869229836871407e-04 4.379328670662250428e-02 6.728426029547332488e-02 4.858182730662524706e-02 -3.952243785396161550e-03 4.368323623331382688e-02
7.879609655203213547e-01 7.114061872056178792e-01 6.915720988603604180e-01 2.856964830408934009e-01 5.408221381341420386e-01 6.632816753161250301e-01 7.002279664905376455e-01 6.286243293536901700e-01 6.458594817997002080e-01 6.440660929216481811e-01 9.050809720047097162e-01 7.443988375435789395e-01 9.000520629557453578e-01 6.212174477222541791e-01 7.429467686257008596e-01
1.058941851809302032e-01 3.186191540234737940e-01 -7.681746895469555858e-03 1.609062230047868247e-01 6.629490307303397001e-02 9.873875110031563040e-02 6.818908315275082344e-02 3.793695580641286841e-02 5.058385893091371655e-02 6.111785462486181431e-02 1.922396150002457504e-01 3.483643058482108201e-01 1.304154624866177559e-01 1.660237276426779207e-02 1.405850383277273408e-01
1.087728352932392228e-01 2.324200390522723203e-01 8.223294574975448246e-02 1.365456751831726767e-01 1.678489004630170922e-01 8.791470356128490427e-02 -1.624490869257394499e-04 -2.234965497754323391e-02 5.798007811733267569e-02 1.020721105872408052e-01 2.278732119647853549e-01 3.131757615170145947e-01 8.525688649546445119e-02 -3.911313199480741243e-02 1.214327023775643721e-01
-6.266340921312107959e-02 -4.942236273708914412e-02 1.714288563658424719e-02 -1.128669280997697359e-02 -4.344527316266168920e-02 4.385333584471432650e-02 -6.685703722649489165e-03 -5.795733886253526257e-02 -5.604752098786667386e-02 3.897583627861965147e-03 -3.450376700549283304e-02 -2.393925623711594831e-03 -4.242684269740681219e-02 1.747938684495579931e-02 7.649150308191299263e-02
6.021446370512036905e-01 5.106420371724226248e-01 7.222294474688981669e-01 1.809269856719576131e-01 5.541806134654971849e-01 6.614443019509866906e-01 5.624669050372683721e-01 5.623077874436346324e-01 5.132581971276928279e-01 5.418386391699849813e-01 6.197981165419365057e-01 3.012248067364629578e-01 7.682380166665091492e-01 5.513855358369634807e-01 6.080888105713916358e-01
8.205637859718224736e-02 2.348618474972593850e-01 6.209389663614892085e-02 2.097407005820455528e-01 1.046535461453124843e-01 6.277948754236320483e-02 1.032257494303476519e-01 -2.748779499022101225e-02 1.612582763862389079e-01 6.634000707569616406e-02 1.658162397327636872e-01 3.371075495638994890e-01 1.269714139414039045e-01 -2.482502699648686528e-02 1.032523684657117302e-01
9.776371265321624759e-03 -5.005592256440786342e-02 -8.043819110688930907e-02 -1.045409255196171061e-02 -1.701083726292204959e-02 8.300895779160237520e-02 1.878978672005342243e-02 1.040672931873830830e-02 -6.016614245628319063e-02 7.451913261864142463e-03 4.015671114824416466e-02 -3.470258707078299754e-02 6.533464745424159836e-02 -1.700271493454735480e-02 5.510972639418168506e-02
8.858440830954517065e-01 7.078090136398424992e-01 9.373660340102448751e-01 7.776582867291461643e-01 8.974802934885478534e-01 9.171685785080027076e-01 9.261774611765778431e-01 9.149369714286971211e-01 8.112937791922094632e-01 8.135839030176861275e-01 7.235917624056258379e-01 5.697824281197954033e-01 8.790996701653318590e-01 9.720215192487962064e-01 8.321250298042358606e-01
9.932242788603838912e-01 9.677711628563485657e-01 9.782696290603272171e-01 1.046485471054023675e+00 1.020804766695589283e+00 1.010469457738665922e+00 1.008156637576244963e+00 9.891207000401089910e-01 1.103482113005010312e+00 9.828439960864646663e-01 1.081655801374477255e+00 9.804760349167874756e-01 1.105033785504828892e+00 1.024525841494258405e+00 1.033763233548675275e+00
7.359374911225572413e-01 6.245480270863961181e-01 8.044780645971268962e-01 3.082698347634024172e-01 5.164109616997265562e-01 6.565157583617509118e-01 5.688233723081517201e-01 6.039227633782144888e-01 5.971599976845389790e-01 6.947648530225534191e-01 8.880458258772031543e-01 7.789398841591088640e-01 9.019357556622566996e-01 6.566102868721783725e-01 6.861916187982004534e-01
8.289150478256556154e-01 8.331725435793395640e-01 9.934704214889547025e-01 7.232876464090568502e-01 9.120655524770037159e-01 8.565485593246804363e-01 8.640116205385326431e-01 9.708866987863914444e-01 9.150425208788741660e-01 8.916960999416220224e-01 7.337899857449114993e-01 6.781842916543974198e-01 8.433590633934777703e-01 9.284751904335888373e-01 9.299703090405930794e-01
6.643903685302935402e-01 4.718540809407396064e-01 6.112563106242101529e-01 1.498092990221048804e-01 4.507539751392926064e-01 6.773236144141565607e-01 5.060723443469801186e-01 6.386759710364322551e-01 5.771024873248741249e-01 5.618815470686956415e-01 7.674176639917168474e-01 3.211599125594126747e-01 7.868859483862042925e-01 4.968255876807385341e-01 5.569241427789695109e-01
-1.264530080892749819e-01 -1.553298184022845752e-02 6.376985755482656414e-03 1.900596858416433999e-02 -8.896295278208141144e-02 8.426718211782918688e-02 -5.522187814650750953e-03 -7.421999917241679789e-02 5.449926243983541085e-02 8.953628865856685937e-02 -1.682685242568801587e-02 -5.025263194550980833e-02 -1.256640785162111210e-02 -3.843335121292667383e-02 -3.276247546890691253e-02
8.196247061552562885e-01 6.208171551981636060e-01 7.593822510649073099e-01 4.274700111167188954e-01 5.914122950203070106e-01 6.807945180960924825e-01 6.053926061123652280e-01 5.621300311247103831e-01 6.511750163271315950e-01 7.339994695958774740e-01 8.976797034329176972e-01 7.780541917490173542e-01 8.860480472031148080e-01 6.032771344473190078e-01 7.763045587793014901e-01
7.898729679563909478e-01 6.754624048179714846e-01 7.548858030898492055e-01 3.818775465584842155e-01 7.033760275721019362e-01 7.860960989478692484e-01 6.700594477640611224e-01 5.830351403850100311e-01 6.487522111692489712e-01 6.699455786414243441e-01 8.566157973003273307e-01 7.554953630200431647e-01 9.165809635547274015e-01 6.411088086183339696e-01 7.073201331337454212e-01
1.025680581114286172e+00 9.833103883270797319e-01 1.002599138531078848e+00 9.979269860060572261e-01 1.009044293271026849e+00 9.821650137931394742e-01 1.051937943381126672e+00 1.076321890292661454e+00 1.062805580709195619e+00 9.447316106190166707e-01 1.120054640201101570e+00 1.002142613223840906e+00 9.022500232939862919e-01 9.797913508042500608e-01 9.184162966648714566e-01
7.253126990765988991e-01 6.631084425028598295e-01 7.833079951677218711e-01 3.945395291494586676e-01 6.581823066797958255e-01 6.760637864895953086e-01 5.979314552914264391e-01 5.026080804812692593e-01 6.775947733193226075e-01 7.509487605862127380e-01 8.848940439805699221e-01 7.255379278021205636e-01 9.044383631799658430e-01 6.297580007064911278e-01 7.785448821250934293e-01
1.019453095818613653e+00 9.823335178880032714e-01 1.026211939664162687e+00 1.072702042037635861e+00 9.925927800772181842e-01 9.654190078803258634e-01 9.307042296646272916e-01 1.011297774985560727e+00 9.174918489491732387e-01 1.015378708047847578e+00 9.932277808095277827e-01 9.136823533318974011e-01 1.008127170418445351e+00 9.807940511478261403e-01 1.070806807666398575e+00
3.495639426443254011e-02 -5.765762844282772831e-02 -7.667973135575358035e-02 3.037412026109351237e-02 6.319447194983296434e-02 1.129359730243999910e-02 -4.897873871998942308e-02 -2.617555118658691782e-02 -1.156097112681230277e-01 -3.198696312817431858e-02 3.858113156805043770e-02 3.835601373206982273e-02 -1.867081206932143245e-02 -4.377089951707566901e-02 -3.423210220306218549e-02
9.549166955449128746e-01 1.027852802042866109e+00 9.964793827439449858e-01 1.040370979527542872e+00 1.090703650767712363e+00 9.769894040454605300e-01 1.019768606776719544e+00 9.693946834182982641e-01 9.273373732077929699e-01 1.006509351959787635e+00 1.018048766525727178e+00 1.034548705517799094e+00 9.745099137684212209e-01 9.828884584068553476e-01 9.377066301406995485e-01
7.330113206072837173e-02 3.291639677775464179e-01 -2.968109059577492270e-02 2.842411320992467849e-01 9.689458196665190481e-02 1.312122297080838829e-01 1.781712740845870502e-01 1.078226444625886293e-01 1.666998452739386072e-01 1.181449008884930818e-01 2.323059352170591119e-01 4.759469936312661353e-01 3.908718311053104022e-02 -8.835732001111377271e-03 1.724693146690063073e-01
9.000383775679898779e-01 7.467911195187977302e-01 9.897781597744859106e-01 7.978045050593456367e-01 8.853853263512706517e-01 9.532494715078116965e-01 9.369469833143360127e-01 9.937180582437464826e-01 8.899758307359525444e-01 8.256669853693177075e-01 7.802674548231256502e-01 6.737884998751292320e-01 8.367676781680674081e-01 9.444518616339349082e-01 8.777200266121192307e-01
4.732306854790785389e-02 2.928687906047686695e-01 4.143195425246153085e-02 1.291348459742074906e-01 5.200627534442246735e-02 9.029158525644356836e-02 -2.059629612649007541e-02 1.098002022951620749e-01 1.056598972765525057e-01 1.288739347373543953e-01 2.099882044250121205e-01 3.755504372934937440e-01 1.481726095557323042e-01 3.400156558917945271e-02 1.836343657355529180e-01
7.159608940057844428e-01 4.604581409782222412e-01 7.320932195212623839e-01 1.253772671521018178e-01 4.179920935698986928e-01 5.894771708972177393e-01 5.611363659941845938e-01 5.201218441792215819e-01 5.099853808685429479e-01 5.173818106447116705e-01 6.166047292176283223e-01 2.684031699200418730e-01 7.360875808422383537e-01 5.944760397310244748e-01 5.153028860032720093e-01
2.070608298671512970e-01 2.885505753187903588e-01 1.975518450629125122e-01 6.848749133635390063e-01 3.825994196157214144e-01 3.483203372127473552e-01 4.157513841566540247e-01 3.880542501090840646e-01 4.055538156349364209e-01 3.575799657910775364e-01 6.066978678530637187e-02 2.971739748580951024e-01 1.008026139153944123e-01 4.167538479220894154e-01 2.875902322405383682e-01
4.206837763941898012e-01 6.420260794113115121e-01 2.147701771463965958e-01 7.846982933810681127e-01 5.215999428857035491e-01 4.546805510168565045e-01 4.155161610800441885e-01 3.760788750893273025e-01 5.365136787929107864e-01 4.940598697109598869e-01 3.806458461472663757e-01 6.794977736975337246e-01 2.218734470445183904e-01 4.491013718937216792e-01 4.804088540198011015e-01
1.822174402115486758e-01 3.375099609854338989e-01 2.090924554926727741e-01 6.736061262528333371e-01 3.429002100568856459e-01 3.797518455239939361e-01 4.920643724658734230e-01 3.778935458666925484e-01 4.430152989742098812e-01 3.239175713534533929e-01 1.187042232482354159e-01 2.191772515239222563e-01 1.385606866311779040e-01 3.266374204765790101e-01 3.312882151666565189e-01
3.000189118041240999e-01 3.591458812464223826e-01 2.196063205141631780e-01 6.705812904481571746e-01 4.102566209239758011e-01 3.727640663975139157e-01 4.295371570249976179e-01 3.512382314602115474e-01 2.704199443401773539e-01 4.209022958647197221e-01 1.262432378296289015e-01 3.363697766781673093e-01 1.553363153657215390e-01 4.267737949975373146e-01 2.561282393467337881e-01
1.140002057729262996e-01 3.052844311223834595e-01 3.050406318124449304e-02 2.449313678578726450e-01 1.850658600119600983e-01 9.079795737250125065e-02 1.228598067564062590e-01 8.123656249233926485e-02 1.102072601741612701e-01 9.524629294730649343e-02 2.190913565564970855e-01 3.086644208894370744e-01 1.484350520292207765e-01 5.208802149057284447e-02 1.548564311931509285e-01
4.620196798280112871e-01 5.414949101617164695e-01 3.443570423542075543e-01 7.952128298162587372e-01 4.403088718619163067e-01 3.235481742601136745e-01 3.704310792365752558e-01 3.906590276322225996e-01 4.209835722788504153e-01 4.678589411586097091e-01 2.895689476262207074e-01 6.547046660669312290e-01 2.223326223519525580e-01 4.886300542014230808e-01 2.914175750348219629e-01
2.656687552677138367e-02 9.251814880080146478e-03 -9.086786455033535326e-02 -3.155459798240536906e-02 -2.674923000523815597e-02 -8.688847621325307413e-02 2.997669731362893886e-02 -9.641605913319259771e-03 -1.150094345703556176e-01 3.502648590757651698e-02 1.765689145267491933e-01 -1.087381467353622407e-02 5.601320195532241697e-02 -6.441106198653323870e-04 4.157618739043995176e-02
-8.878718660546149055e-02 -7.174613417040670571e-02 -5.729775702596423548e-02 -5.911836569266833152e-02 2.486801562343257752e-03 2.957943541045715552e-02 5.646421509847272813e-02 4.804795845114719771e-02 1.951645944372185082e-02 4.425545134262436064e-02 2.748628808970812396e-02 -7.926330937198398929e-02 -1.766214119076680786e-02 4.600164349925413634e-03 7.452223800368305839e-02
6.119320991592080983e-01 4.020265745512159872e-01 7.276934977955576977e-01 1.054330418590118390e-01 4.688878524405603043e-01 5.797896741474221072e-01 5.652350873607688841e-01 6.865932068579755354e-01 5.546244332130665367e-01 5.315759235567022456e-01 6.687964237885912766e-01 3.944660898693949647e-01 7.344189628588766450e-01 6.141832605397792300e-01 6.271537752547307054e-01
8.661021077390175238e-01 6.780348278087925395e-01 9.913455947693218251e-01 8.366143987957705974e-01 8.296821621093324328e-01 8.999380931622987800e-01 9.616208073050213079e-01 9.885691121185790076e-01 8.768142894766162154e-01 8.228369793388170539e-01 6.936502453288047043e-01 5.845187338688427880e-01 9.559815527634042409e-01 9.477328850893403933e-01 8.512209996329533901e-01
5.631755968044303007e-01 3.697301712253110439e-01 7.631965688968268546e-01 1.859439529173824435e-01 5.856716503320713585e-01 7.032614219334019090e-01 5.039974684606708388e-01 7.017587825629345577e-01 4.972797265480233264e-01 5.546855130914496446e-01 7.255311710240603951e-01 3.047489659726868028e-01 8.542181087054503408e-01 5.553354179252949496e-01 6.111318916318633221e-01
9.652081021428782215e-01 1.023025503008216708e+00 9.488557679464926231e-01 1.018797206604642458e+00 9.707011462388438483e-01 9.522567022032911721e-01 9.877101545939025451e-01 9.306361241408486196e-01 9.914387382094035361e-01 9.859379495331066501e-01 1.011174145133078017e+00 1.024968120356897661e+00 1.007466579665771578e+00 1.022584416010624331e+00 1.084067950131196945e+00
4.237364168883285265e-01 6.076910062354500264e-01 2.473246228526033708e-01 7.712325346877909604e-01 4.844633052348160662e-01 3.907151651481108878e-01 4.928765512399519988e-01 3.557206490617666472e-01 5.423059852613437704e-01 4.485241138554395546e-01 2.634503848372274915e-01 7.039188355413821263e-01 2.282094225550644340e-01 3.494234407109823026e-01 3.957248430242777948e-01
5.596506171436380628e-01 3.937893716954258827e-01 6.020161612904673110e-01 1.465216826273667006e-01 5.092489666167401285e-01 5.530050617476111041e-01 5.698186033988851262e-01 6.280642207777460406e-01 5.165832209753764559e-01 5.143037089638679005e-01 6.462018186736282477e-01 3.044054970306124819e-01 8.131346143693384265e-01 5.989866008695144961e-01 5.616314418190673230e-01
4.236880798456393871e-01 4.935797528109155952e-01 1.440445633628761879e-01 8.768285866381485549e-01 5.470982423859993560e-01 4.507385396492870622e-01 4.258510427763072537e-01 4.803718108792093267e-01 5.268864313592706017e-01 4.662485244155599173e-01 3.197260945163581947e-01 7.709660531835793584e-01 1.780690542183614999e-01 4.286782975488216407e-01 4.071082174004552745e-01
4.120345910520618882e-02 -4.507002720479699742e-02 9.204016516269234588e-03 7.971910529270496981e-02 -1.062912427379823638e-01 -2.023495262849672391e-02 8.083806127709558531e-02 1.114025573319538803e-02 5.429437211409199326e-02 4.970008227809685764e-02 7.793111168058721588e-03 -1.143180481198477483e-02 -8.165775303233505089e-02 5.427797781748745776e-02 1.917527652275248518e-02
-6.622556115496885942e-02 4.733685681549689578e-03 -3.991635657652449487e-02 -1.214177824254474534e-02 9.375241792991302267e-03 -2.625322199285212363e-02 9.050140107832665981e-02 1.614184814460057141e-02 4.241925096239250459e-02 -2.792050964396260507e-02 -1.760562095072974731e-02 -8.296484276812919612e-02 2.853518024447197071e-02 -3.168296650370348855e-02 5.583328327100309241e-02
9.566433080170034797e-01 9.525242079514794069e-01 1.028091392852794161e+00 9.568725284195787051e-01 9.802701818181188687e-01 9.889699557175443134e-01 9.909055848476460149e-01 1.006459904610343070e+00 9.198370420890843446e-01 9.240665737936167856e-01 9.718208412168882759e-01 1.036878461901656667e+00 1.033512270058640992e+00 1.002599555327717828e+00 9.730303395384425347e-01
8.384674469921318263e-01 7.015319318031848494e-01 9.764542935446379746e-01 7.729145845404319370e-01 8.820708702415795965e-01 8.188335322999832355e-01 9.234397916982877152e-01 1.080618489775055924e+00 8.872139591367449452e-01 9.389611614354297364e-01 7.533517294010171339e-01 6.404217205852700268e-01 8.807482248052443952e-01 1.056075999061492521e+00 8.388754277031468254e-01
9.782891427685950214e-01 1.011751071806868962e+00 1.036237555039536851e+00 9.948607834762459579e-01 9.896530870408484226e-01 9.851334612470993291e-01 1.030909236423154463e+00 9.806990301988605108e-01 1.061629755235169004e+00 1.039570149425655732e+00 1.025628129663338273e+00 1.066964359858782574e+00 1.014270886559311302e+00 9.993554459324138772e-01 1.017701903023453980e+00
7.448500224289353322e-02 1.073074913932128577e-03 -7.133084665272644564e-02 5.507653804187354757e-02 1.530107645652547046e-02 -2.232835902637129305e-02 8.760425944483139771e-02 4.227814050888063606e-03 -2.795513433216588808e-02 2.321206064455207108e-02 -5.407829973849211103e-02 -2.922396839752918959e-02 7.250668453632745647e-02 1.633690196141898351e-02 -1.006188883612674397e-02
3.242683438122227479e-01 5.951374211644292478e-01 2.210966933386057376e-01 8.058986066839454177e-01 4.387676835679946707e-01 4.748679663112778115e-01 3.928496297609617161e-01 4.306537663478627875e-01 5.209851987977156540e-01 4.641732138045444600e-01 3.302412797798885413e-01 6.512770768913642705e-01 2.554682416619576957e-01 3.249745671498264765e-01 4.355099274448362423e-01
7.335632857409618568e-01 6.285122462449121983e-01 7.543773015359528378e-01 2.838066224525358505e-01 6.491603109321067988e-01 7.005276205381169019e-01 6.146086500192614599e-01 6.459955266877367430e-01 6.003039177215124811e-01 6.912245045900041740e-01 9.738540737663109459e-01 7.366814933710027491e-01 9.398262840355634529e-01 5.507576144076445912e-01 7.381687688183394824e-01
1.036648126405200543e+00 9.564972026534127592e-01 1.044867990146035597e+00 9.475091359234655286e-01 9.014178353500540419e-01 1.055106218599222601e+00 9.619055293791112238e-01 9.791386780233284348e-01 9.504206786950286645e-01 1.020165855691058887e+00 1.022019044209117489e+00 9.782889689900604591e-01 9.286060100945759954e-01 1.008521547799423379e+00 9.800331029511543113e-01
1.192464352944956618e-01 2.937192567453332792e-01 4.531616376133242030e-02 2.853358179197358346e-01 5.141463059789555534e-02 5.019697293751124861e-02 1.646350271033368284e-01 -1.124866286979146479e-01 7.794549441407450097e-02 1.207682728160285740e-01 2.295489241895080634e-01 2.763460775702910599e-01 8.426951190095956223e-02 -3.701383919451124022e-02 1.184721443415436559e-01
6.453196025657431667e-01 6.650112281664843916e-01 7.726856384535707445e-01 3.842106852916127857e-01 6.339772702887029876e-01 8.062969656612737346e-01 5.598832735859815557e-01 6.025957218119307734e-01 6.114207312017247986e-01 7.872755051537804194e-01 9.617539192673912885e-01 8.133910202975251913e-01 8.187462414722019854e-01 6.736443779180848468e-01 7.625018630979145673e-01
-3.015657386905414017e-02 -2.827484865439236147e-02 -1.020472857661306907e-03 4.583839816327230088e-02 1.116494376890134720e-02 3.622080207466212703e-02 -9.629476631544653387e-02 -6.150170674166793860e-02 5.331722281799723684e-02 -2.895851909949802294e-02 6.966367209538677774e-02 -6.415435950762930772e-02 3.565139096163789240e-02 6.741042744069017378e-03 -1.779133564574398967e-03
1.080389850116943107e+00 9.562424774513775816e-01 1.092380597946694509e+00 9.580963161721167687e-01 1.029241590956461838e+00 1.066306738074609406e+00 1.102651120723974199e+00 1.019791019944827903e+00 9.839555718836183740e-01 1.011800460198258422e+00 1.074289152896195532e+00 1.034358196375402494e+00 1.084209350352534740e+00 9.738268500544716710e-01 9.943388394369637728e-01
8.818072930695506351e-01 9.365929024547968718e-01 1.105352665512676857e+00 9.706567554698721789e-01 1.053690595155646115e+00 1.036935895074541758e+00 1.020320663013384976e+00 9.342196034530898530e-01 9.874962299656547815e-01 1.034454939587536204e+00 1.000824418436675467e+00 1.002324748082999983e+00 9.853050008604238297e-01 1.093373088030460183e+00 1.024489581437491692e+00
1.810753868719785775e-01 2.361524431741047758e-01 6.193873190503806914e-02 2.858941710646117906e-01 5.219468410878562448e-02 6.491719428637419964e-02 8.549271716217439476e-02 -8.165687031299183329e-02 4.519809669341762204e-03 1.647789253764421757e-01 2.381380799594436937e-01 3.127543093718269107e-01 1.377619995006131581e-01 6.873053629082812033e-02 5.378920991187757794e-02
8.978220818392074198e-01 7.163472390984554350e-01 8.796646831759847851e-01 6.325609114892210005e-01 8.873092543417575584e-01 9.587125269195605481e-01 1.136430262304040095e+00 1.033510814846813508e+00 8.163963994847952543e-01 8.435649839126636573e-01 7.836021034970209742e-01 5.791950148509590335e-01 8.432995467570875148e-01 1.031749668397148323e+00 8.128840518781373925e-01
-2.416616588552660330e-02 7.906611107567246277e-02 5.522796501557454552e-02 -4.256158070141768945e-02 3.287029707237450193e-02 3.012096548481835168e-02 8.062196154674278192e-02 -4.342390391421524498e-02 -4.900508705260157166e-02 2.638731958457997753e-02 -9.079369592724682164e-03 -3.171712056698420407e-02 2.305314656033143061e-02 -5.052628546805351673e-02 5.554706639665571433e-02
4.449375647394576694e-01 5.204672358512147934e-01 1.917083601975949347e-01 9.320909492524972473e-01 3.932267735214308169e-01 4.505867164115845425e-01 3.259433587368854024e-01 4.007335104625102673e-01 4.968038197764601538e-01 5.489744556017605026e-01 3.398364586583322855e-01 6.899902846264884815e-01 2.130690331193210996e-01 3.998271424499028059e-01 3.654470885509942257e-01
4.995618697734501706e-02 -5.232625970388191800e-02 2.524520849395672437e-02 7.501409399365253916e-02 -1.268106095953536183e-01 -2.590698316056131573e-02 -7.763971587809413710e-02 -1.309096993947518085e-02 -1.153239149235427141e-01 -1.857827659355423128e-02 2.445906868477291940e-02 -2.436449874091368289e-02 8.984857675855153700e-03 -3.618885449312605335e-02 -1.845083037568075526e-02
1.056549614540067017e+00 9.228247316246953602e-01 9.825780958752476923e-01 9.917065169826273507e-01 1.043404294786571818e+00 1.028372523903008373e+00 1.037104490467958051e+00 1.020602901232684490e+00 9.812454001898052169e-01 9.842851652527823125e-01 1.000485617460869392e+00 1.077927503026055334e+00 9.819306909155322005e-01 9.730831133669163302e-01 9.802028120161935254e-01
9.618181243945438386e-01 9.680866614743439680e-01 1.007916078104080571e+00 1.014087518641969110e+00 9.464875094769601427e-01 9.892731000261884011e-01 1.116888836966328791e+00 8.849116320820876735e-01 9.915067268725638039e-01 9.444262553255727832e-01 9.854749188038448571e-01 1.052754325571657823e+00 9.642555210827276069e-01 9.849817584270054160e-01 1.030583897401457394e+00
8.907394676612667705e-01 7.158805075051466460e-01 8.922389019665151189e-01 7.372155984464059397e-01 9.271460208776864942e-01 8.506311540282974759e-01 9.498346527960803698e-01 1.006846574079526935e+00 7.875848002040959361e-01 8.855820769215304589e-01 7.991929836623085093e-01 7.257297692929882693e-01 9.186251610969362602e-01 8.921010006961550554e-01 8.387036439197548265e-01
6.779714830190620711e-01 6.058134308448749339e-01 7.927907918365203477e-01 3.441478503297243918e-01 5.663624836800418283e-01 6.924140499085007505e-01 6.494430735111508257e-01 5.870801369443571227e-01 6.471188584388199994e-01 6.449458978136906051e-01 8.811910302625240998e-01 7.301882550237814851e-01 9.423400100012760960e-01 5.368388450772947351e-01 6.792882522046234106e-01
7.838249269152092191e-01 6.669201751652575894e-01 7.490788371542338453e-01 2.897047146494374781e-01 5.723455814097981875e-01 6.818430400024669824e-01 6.180307242440605808e-01 6.085018700159079419e-01 6.133981447631869921e-01 7.042907479517447333e-01 9.356843314283513902e-01 8.158322700813779305e-01 1.005791603906517784e+00 5.557573612163456689e-01 6.817501443657442151e-01
6.094937106030422491e-01 3.814864447602172581e-01 7.699936446558444114e-01 1.266893204450326438e-01 4.801792197988286048e-01 5.932108005622255265e-01 5.710820897065805868e-01 5.847139871780910880e-01 5.499592665421811910e-01 4.917809735403302906e-01 7.408049834293051195e-01 3.839069124525087973e-01 7.742121395472311152e-01 6.644153417008056284e-01 5.783437544279564912e-01
2.719473754720317382e-01 3.158108441327617810e-01 1.781356798334768898e-01 6.047075579601082218e-01 3.925534301652932045e-01 3.305633559495578799e-01 4.047527826573015242e-01 4.365177037204581723e-01 4.016491323437131333e-01 4.411440219542366870e-01 2.097203248202332559e-01 2.902889359687568227e-01 1.322217341128799906e-01 4.385108072899003284e-01 3.094434014853383874e-01
1.039106991444600725e+00 1.053837222905819049e+00 9.540109613744160999e-01 1.030687904160141999e+00 9.838927625353012241e-01 9.851467254218543301e-01 9.752582469713245716e-01 8.823966810292265261e-01 1.041642435882226492e+00 1.001063315138810639e+00 9.534810253091834387e-01 1.085267166288998553e+00 9.808990827863901529e-01 1.023200020563413970e+00 9.948661879244871109e-01
9.003609978964631673e-04 7.917699254692389665e-02 -3.803153069358701510e-02 4.741259898623944452e-02 -1.895009743080902816e-03 4.624318301165090961e-02 -1.828165244123348271e-02 5.834040790985439012e-02 -8.291475554216386212e-02 2.875279241409429282e-02 2.931224506315250646e-03 -5.045719670995675588e-02 -1.463544358628262980e-02 -3.477920674178908156e-02 -1.045068773224014716e-02
6.971681942923603215e-01 6.149985626667060501e-01 8.198222589762145240e-01 3.363925955303184168e-01 6.843661002518951486e-01 7.414257493741338578e-01 6.566840738510898445e-01 5.877744757975776890e-01 6.153113833959397150e-01 6.302321863798967527e-01 9.485604896784762818e-01 7.985609902415138350e-01 8.899520801964694305e-01 5.896099206538502058e-01 7.323938001543932597e-01
9.177624105894239825e-01 9.515190448721977390e-01 1.013930145083957957e+00 1.009937165082108956e+00 9.774564002261737494e-01 1.020499182430040896e+00 9.854356250582141374e-01 9.921544212167752175e-01 9.900337247108260685e-01 1.005876095717108898e+00 1.014362271608983956e+00 9.934174186473696544e-01 9.866779316553240253e-01 1.019614836784938472e+00 9.882922174046562258e-01
9.877561650402351123e-01 9.639365597009470488e-01 9.649060034766860916e-01 9.890955863793753355e-01 9.065259653379144078e-01 1.014393691073471881e+00 9.570667695090951943e-01 9.462528415596600517e-01 9.705464774164481723e-01 1.079854836476027868e+00 1.029650407329978368e+00 9.248442964677494604e-01 9.309952430843617677e-01 9.987375435165330995e-01 1.055018974463754589e+00
-1.765865043750642835e-02 9.677946160171915779e-02 -3.258460269792853164e-02 -1.268809481040405335e-02 -7.169554225235845457e-02 -3.377607427156616854e-02 -1.164658301393466655e-01 3.847372139285628115e-03 -2.914649410270890237e-03 2.083589594505760867e-02 -1.915259885796773837e-02 1.133857577336672001e-01 1.144155905563288694e-01 -6.354373880950010822e-02 1.063347881063357592e-02
8.640500928723314766e-01 8.062582382857901298e-01 1.021793043876435769e+00 6.559004215309272023e-01 8.830451035211651645e-01 9.036349364970676090e-01 8.931181134400059118e-01 1.066847251876491987e+00 8.552766379760415871e-01 9.677782979003886066e-01 7.409657076621365412e-01 6.688890908322543405e-01 8.889386027649287536e-01 9.592651637600810854e-01 8.728577940110685551e-01
3.785141030717480981e-01 6.993210523731775430e-01 2.950733063665828548e-01 8.021326172754158490e-01 5.339918540130697000e-01 3.646500663947094822e-01 5.367971918796222708e-01 3.332372024764888030e-01 3.604795097598118003e-01 4.110559883281474924e-01 3.820064623488009237e-01 7.109502364801778551e-01 2.401474622973440443e-01 4.598069220721435202e-01 4.844816441567068033e-01
3.996101825687308207e-01 5.234263587109118099e-01 2.167718375601717928e-01 8.386712386385217766e-01 4.926787994608896604e-01 3.722889005256233563e-01 4.751742271826762121e-01 5.121175143457411538e-01 4.745769602020641353e-01 4.852271512117792840e-01 3.578280843986204607e-01 5.910154573695689528e-01 2.297048768013313647e-01 4.216675619711049428e-01 4.058900210111338613e-01
2.578670030362761878e-01 3.527138892385062729e-01 3.106379848188087212e-01 6.922929433972465629e-01 4.260253149465076383e-01 2.749604886886459210e-01 3.771104181367386787e-01 3.658424658689476971e-01 3.563325839745802859e-01 3.402145019500052991e-01 1.406797884605557325e-01 3.175631719369995665e-01 1.074314401893825266e-01 3.613636092351211193e-01 2.321379217586724553e-01
7.212653732348028868e-02 6.920153610735874095e-02 -2.788894098714728154e-02 2.611446090371932413e-02 -2.131214817463436551e-02 1.460966515431296776e-02 -4.549978762202912946e-02 -3.588422563126734272e-02 8.815009069941495690e-02 -1.608743866138016496e-02 5.601360005493315891e-02 -4.112350941534618359e-03 8.291110929829353937e-02 -4.203688313905941387e-02 4.986112784187687885e-02
2.870767856246258520e-01 2.876162077290246311e-01 1.170285199443436980e-01 6.407519447284402148e-01 3.373652752684886957e-01 2.641686411098913556e-01 4.279387093577440293e-01 3.799733982317690661e-01 3.992832086651604273e-01 2.864035674276447230e-01 8.722864160934770683e-02 1.799601288343058436e-01 1.281168673784483514e-01 4.111065790036164125e-01 1.978520826999801419e-01
2.721850474318763258e-01 2.697125455216114465e-01 2.573999787016498786e-01 6.109656087091843712e-01 4.085843644035687672e-01 2.558795021957730453e-01 3.953745383233127075e-01 3.665366700279817369e-01 3.279457207756104054e-01 3.484312368445492969e-01 4.426073565757641243e-02 2.746115112506771760e-01 2.066252845800226057e-01 3.866778216991029193e-01 2.647635620618876695e-01
1.772335435516496638e-01 3.932005056965571788e-01 2.056209904084747853e-01 6.416915534990409453e-01 3.869547174417178326e-01 3.543285144667223663e-01 3.889214505903275110e-01 4.323236823932099515e-01 3.189644795325676796e-01 3.795503814402166332e-01 6.048420123282258198e-03 2.637294120156102872e-01 1.497681325193217783e-01 4.331584853624741993e-01 2.132219935833775393e-01
3.709223879190475248e-01 5.757437026767648902e-01 2.552042863402187445e-01 8.597714920878197775e-01 4.484454459964624107e-01 4.403388342111932974e-01 4.112012904537282187e-01 4.539938366489687516e-01 5.140911445707729843e-01 4.968723641069319741e-01 3.526117493833730854e-01 6.025869173469500240e-01 2.756783583399863291e-01 4.434175860305575312e-01 4.426773698543274849e-01
4.357245166258367775e-01 5.916253668001700827e-01 2.468364781955876275e-01 8.886334061883959246e-01 5.046692455109068609e-01 3.751280006894909813e-01 3.900577641088781577e-01 4.222412986177397354e-01 5.476152341083977415e-01 4.744610660990576934e-01 2.980686941225992315e-01 6.431536155463630777e-01 2.176921964885188687e-01 3.605006366258363126e-01 3.926482484394288042e-01
9.806293638636902621e-01 7.917839769786485515e-01 1.031543891278573710e+00 8.577953276557056528e-01 9.162667013478438260e-01 9.786083516772668967e-01 9.934546970990645320e-01 9.947962997815806840e-01 8.871527658687036189e-01 8.343600157348649571e-01 7.167018646481694288e-01 6.908635968240972591e-01 9.183650240235802231e-01 1.077311814167935866e+00 8.635126003716312448e-01
8.697630755968119853e-01 7.162890891323737685e-01 9.473143005231420277e-01 8.098793373821743247e-01 8.793980888487020753e-01 9.345209887212791999e-01 9.862054379218261335e-01 1.016563143131351543e+00 9.269248052920375791e-01 8.547431785518132541e-01 8.141861815721070927e-01 6.053358994910267299e-01 9.038523477126818584e-01 9.626496413364058480e-01 7.948864167791709345e-01
2.336369394575496250e-01 3.555947007875202015e-01 1.176872571210473561e-01 6.254879154060946078e-01 3.022844030975419538e-01 3.399147450563586581e-01 4.744355089105525281e-01 3.353248395875835786e-01 4.061476214286868780e-01 2.470864198871059458e-01 1.207558916920128816e-01 2.705940185913721652e-01 2.054239971657885744e-01 4.119488905629739017e-01 3.201102726853660152e-01
