3.244634604704523251e-01 3.038182377902481357e-01 3.864932606812983007e-01 2.632848127195125953e-01 5.887890219633753475e-01 3.113658150924968893e-01 4.205697396987400083e-01 4.728624894408449131e-01 3.941245682806522321e-01 3.500356695634663229e-01
3.226936346951085888e-01 4.320682057737960102e-01 4.528304647269973393e-01 4.313710963710779556e-01 6.049617083685907559e-01 3.753266617130165406e-01 5.321666858292414259e-01 5.524917545898531124e-01 4.838585768566960876e-01 4.569138890614513060e-01
2.907560947664031836e-01 3.290908609188745171e-01 3.975653842291820284e-01 2.917889476284810102e-01 6.067600810570332737e-01 3.103301972728619851e-01 3.625083786375011830e-01 4.097875589369363025e-01 3.529941098549974066e-01 3.557583984095153418e-01
2.270492813271099974e-01 1.375241951545536356e-01 2.541454719368979043e-01 2.261917104706754333e-01 4.843767729794992150e-01 2.019232488300705397e-01 2.113337020849500869e-01 2.632902710325978335e-01 2.331390996753650025e-01 2.753156426644395305e-01
8.371982036049021580e-01 5.973487098533776241e-01 6.421839694225552897e-01 7.519819691282076946e-01 6.825182882089181335e-01 7.237890648546809746e-01 5.030271977164342267e-01 5.463144419398728857e-01 5.399433893274728780e-01 6.922030600081182650e-01
8.235236448232408080e-01 6.424714674684298688e-01 6.534752282656444144e-01 7.330668492449410323e-01 6.830869177331879705e-01 7.297320513079235127e-01 5.786846453381733202e-01 5.192189361013860305e-01 5.610148945276967059e-01 6.799484670689950327e-01
8.042927783939308739e-01 8.367337524082273381e-01 7.493737136261184872e-01 7.953400371540717551e-01 5.306093567595064897e-01 8.082901993582187750e-01 7.153634861596459560e-01 7.280695214900007040e-01 8.095445326576181655e-01 7.846578004777449156e-01
9.956929570702734988e-01 1.000000000000000000e+00 1.000000000000000000e+00 9.776564185528014983e-01 9.518094929510274582e-01 9.817968204211678929e-01 9.721113256198283814e-01 1.000000000000000000e+00 1.000000000000000000e+00 9.754302702357517951e-01
7.017160370823967153e-01 5.595142954317816608e-01 5.460866168290482436e-01 5.473949499512508199e-01 3.704627925812881140e-01 6.328180014090420968e-01 5.095423707293611493e-01 4.452563424254027957e-01 4.467260783667809654e-01 5.268833016424470106e-01
7.825737107065805498e-01 8.412763780182128670e-01 7.317535296248840471e-01 7.520766060024222099e-01 5.603876353129629839e-01 7.794512564331609328e-01 7.688680555835769592e-01 7.432005666448427972e-01 8.219781448730950624e-01 7.287147502126003484e-01
2.775515940743545351e-01 4.326097476811064935e-01 4.400454007872232065e-01 4.367007247584280272e-01 6.613210228948125380e-01 3.777524232964172834e-01 5.287809973388581941e-01 5.448356685551472012e-01 5.091952777535055930e-01 4.476026316208016054e-01
9.919868069029067481e-01 1.000000000000000000e+00 9.968570789590978087e-01 1.000000000000000000e+00 1.000000000000000000e+00 1.000000000000000000e+00 1.000000000000000000e+00 1.000000000000000000e+00 9.908427477014412066e-01 9.960717846405102716e-01
3.838246743134373085e-01 5.733890238300022313e-01 5.766969195943387749e-01 4.756164312666062988e-01 7.361137252681291265e-01 5.043617918168903369e-01 6.542684159896134943e-01 7.524541444092195386e-01 6.624580042896403009e-01 5.740197023801562048e-01
1.488235128455112598e-02 5.662221305089912803e-03 0.000000000000000000e+00 0.000000000000000000e+00 0.000000000000000000e+00 2.893814122665010202e-02 3.542502439019912935e-02 3.362446119961960342e-03 0.000000000000000000e+00 0.000000000000000000e+00
8.802521825915043951e-01 9.051981388212475554e-01 8.678952166783975297e-01 9.524488284298348040e-01 8.502269573099228150e-01 8.863147113744147543e-01 8.694004761505699230e-01 8.309658578184661026e-01 8.681436114338171306e-01 9.095987994211036654e-01
7.260388126514702445e-02 2.744535636282981472e-01 1.894393008107293219e-01 2.198466806238347226e-01 1.352271240194007629e-01 1.372054487244736554e-01 3.007465047754987464e-01 3.088382304578310422e-01 2.885367753721340689e-01 2.073767246027091449e-01
3.053703189302643950e-01 2.703642450537587782e-01 4.277504962413426481e-01 2.608313312867738265e-01 6.019481882706094744e-01 2.955856241332131540e-01 3.928731710653661779e-01 4.117211352779236999e-01 3.410591329102095060e-01 3.102000582041228860e-01
2.095793717366809805e-01 1.697428491547109675e-01 2.588743533550359466e-01 2.304667412883716071e-01 4.836323052950561863e-01 1.934080973164388206e-01 2.286087673899918904e-01 2.506768391757829839e-01 2.310638530322794426e-01 2.801484124978422807e-01
8.657169845698529584e-03 1.711923241611573721e-02 0.000000000000000000e+00 8.351859247701560757e-04 0.000000000000000000e+00 4.124058983294232386e-03 0.000000000000000000e+00 0.000000000000000000e+00 0.000000000000000000e+00 3.726543200379021231e-02
2.227411308447951321e-01 1.430183614761337541e-01 2.685997149271159845e-01 2.254504711831579744e-01 4.359355270407624938e-01 1.957820816960543497e-01 2.024048989594365022e-01 2.686874586633931639e-01 1.964168466287272430e-01 2.307069910847209804e-01
2.275474487597821116e-01 1.678544088211780805e-01 2.578281303423247128e-01 1.864621965844799334e-01 5.060737340862941913e-01 1.906677617225507604e-01 2.192035343949954862e-01 2.850058380124344537e-01 2.293779528118659317e-01 2.258995875262874431e-01
3.309764765744316328e-01 3.069509984006522640e-01 3.944504996645421535e-01 2.670543648578419527e-01 6.242490908162190433e-01 3.223566670417573055e-01 3.707849062716754296e-01 4.424788617585510564e-01 3.471242844819212303e-01 3.286943426227897369e-01
3.939885712978597465e-01 5.691667545607814738e-01 5.855863891417888434e-01 5.146239400225252059e-01 7.773183431681454092e-01 4.652370097617635203e-01 6.732395740804878459e-01 7.061869338826231024e-01 6.186101950657250104e-01 5.682524031050253388e-01
2.123369805318114922e-01 3.857455244626347701e-01 3.259055364321403192e-01 2.150107691771653839e-01 3.385704318367974697e-01 2.836827399787112403e-01 4.349603096752366338e-01 4.559147173570651801e-01 3.976101907446007999e-01 3.405524136542992797e-01
3.986587946269831706e-01 5.969092567815746930e-01 5.917999720704734123e-01 4.723690830903141125e-01 7.794158537215373217e-01 5.000000036504049783e-01 6.905328859951541665e-01 7.524850626391889064e-01 6.506781491471131940e-01 5.473571302808722949e-01
1.000000000000000000e+00 1.000000000000000000e+00 1.000000000000000000e+00 9.851366024465445514e-01 1.000000000000000000e+00 9.998636221573199423e-01 9.941708245701077473e-01 1.000000000000000000e+00 1.000000000000000000e+00 1.000000000000000000e+00
3.155854130859894746e-01 2.976924520542489905e-01 3.579916695587009312e-01 2.328608154718058154e-01 5.981721748742970801e-01 3.368347318222841835e-01 3.916546005174175171e-01 3.840725958817098329e-01 3.485558289473412730e-01 2.844700052331546880e-01
9.774277322895926767e-01 1.000000000000000000e+00 1.000000000000000000e+00 1.000000000000000000e+00 1.000000000000000000e+00 9.957898520008712229e-01 1.000000000000000000e+00 9.831141056551041535e-01 1.000000000000000000e+00 9.940972742888738445e-01
2.092540189347449620e-01 1.602678196622268070e-01 2.497742706616408459e-01 2.317582788546586336e-01 4.474648540046171630e-01 2.106057217087261013e-01 2.585112709390582353e-01 2.432373593876451801e-01 1.901863540983724232e-01 2.537986050210460087e-01
1.928914650303576173e-01 1.751516190830645359e-01 2.593369770034746336e-01 2.456383080237988514e-01 4.919170945964878028e-01 1.994129577315892077e-01 2.087583684408504114e-01 2.485433000350084909e-01 2.365433038815161204e-01 2.223481797145694105e-01
6.763888858790850778e-01 5.416182354847866032e-01 5.299420095637304984e-01 5.509941549078357648e-01 3.651471815709487201e-01 6.018181641525824910e-01 4.838242882457085559e-01 4.249546398360190547e-01 5.094810017730846408e-01 5.398971123564592078e-01
2.215233685221141557e-01 1.396617303987021108e-01 2.485882851245300451e-01 1.807732575523405549e-01 4.528053425392705722e-01 1.759280284989960252e-01 2.254788541863323448e-01 2.773715681241184505e-01 2.335765457961121450e-01 2.218337294928727776e-01
5.656919814210322750e-01 4.616692645182098320e-01 4.449845315020538039e-01 5.250555190262622407e-01 2.220382924700540495e-01 5.126950057209826994e-01 3.453199880735343119e-01 3.059139709540387164e-01 3.237005784872634129e-01 4.738170208535980588e-01
6.967638410610889066e-01 7.095638650379394452e-01 6.219827210200787881e-01 7.443635080283454997e-01 4.115238543305917429e-01 6.560228716579601382e-01 6.055522761869593928e-01 5.558104609164066234e-01 6.118151657485880746e-01 6.356503287844917915e-01
3.080304052670918002e-01 2.926894118585487981e-01 4.124059327713374690e-01 2.141807318112281533e-01 5.955118976754619764e-01 2.990782081159277794e-01 3.913539700896213613e-01 4.205695789869703383e-01 3.321739191469356145e-01 3.584097554828044596e-01
3.749834795237035334e-01 5.683955132201994331e-01 5.822378969943825533e-01 4.928915936094015460e-01 8.030702034177478188e-01 4.355913237650331227e-01 7.213561535182255735e-01 7.457659632351747447e-01 6.420428759078075087e-01 5.477059896877393141e-01
3.085789107142230536e-01 4.168908064156262028e-01 4.423565922662041072e-01 4.598015360610796520e-01 6.291677267931355955e-01 3.725001891678101917e-01 5.265833419882879340e-01 5.661981352562687198e-01 4.933973414732442664e-01 4.571336242247827641e-01
1.152985218275003332e-01 1.447055677667393458e-01 1.580689657172525964e-01 4.452756323610044392e-02 1.799535793849241783e-01 1.211226502895868112e-01 1.544291393335399110e-01 1.431591290672432348e-01 1.413382730330358106e-01 9.820917449302880853e-02
9.075333022163100116e-01 7.314098681109061362e-01 8.033189275318942668e-01 7.937141615335022715e-01 8.262662188197953395e-01 8.353681857889871942e-01 6.907804629303661015e-01 7.140851382224970845e-01 7.428099135305207268e-01 7.953740103501956149e-01
3.940536884280212426e-01 5.520036399995942311e-01 6.049439468608219794e-01 4.677017129449753674e-01 7.563070955589831224e-01 4.643957720651018528e-01 6.670314116767628310e-01 7.081506414751431722e-01 6.399848868940670732e-01 5.330262722746337278e-01
2.908149514762150001e-01 2.783752114776404385e-01 3.505025936608900383e-01 2.796631785481807908e-01 6.203046445051321189e-01 3.139863638354642994e-01 3.850800927811736107e-01 4.057399512974737554e-01 3.239474192882770276e-01 3.350808812257650704e-01
6.775547883971458907e-01 7.008638555190631614e-01 6.060365677455058497e-01 7.419712998545134885e-01 3.843020507811620301e-01 6.928527271038260604e-01 6.075371071390560651e-01 5.849930260485564082e-01 6.481946705347448878e-01 6.746319194794579976e-01
6.785347369842579246e-01 5.301834696252567536e-01 5.636852545670648640e-01 5.704256723950976715e-01 3.916663488654816838e-01 6.077747170149110367e-01 4.703714850618240240e-01 4.555170161205804313e-01 4.891914415121438875e-01 5.832620387645691684e-01
1.812581522773167031e-01 3.926622107087217040e-01 3.545415451371948801e-01 2.569542830994523963e-01 2.983581085042458225e-01 3.026152579866384640e-01 4.508338240684340859e-01 4.678424082575872167e-01 4.498612754744366060e-01 3.242168887675891398e-01
7.241050154711703435e-01 5.254842417422953549e-01 5.199272236072873810e-01 5.810307073619142004e-01 3.853432595303094566e-01 6.132625264800072307e-01 4.708989553857152455e-01 4.451005706253037264e-01 4.453093862416596660e-01 5.792543304440670449e-01
9.812123349470583955e-01 1.000000000000000000e+00 9.928061485768686634e-01 9.742720291416058220e-01 1.000000000000000000e+00 1.000000000000000000e+00 1.000000000000000000e+00 9.823877435857519824e-01 9.549582419834631297e-01 9.933444008141489867e-01
9.508020638607033170e-01 7.441520325249695311e-01 8.046081219034452170e-01 7.457381929223380057e-01 7.963617171329555600e-01 8.236941139464394324e-01 6.884703936700697913e-01 7.183732337060079187e-01 7.037477450976853399e-01 7.757001899125526290e-01
9.001985955119026217e-01 7.013293138535686699e-01 8.373509007573526342e-01 7.995210930641262204e-01 8.590820040822932935e-01 8.287110064699417800e-01 7.359875284847674504e-01 7.649454623934217601e-01 7.114722614318121918e-01 7.686357067005642474e-01
1.988276734754302888e-01 4.008360880674318172e-01 3.669684613005340656e-01 2.900104691740876817e-01 3.187809593580049339e-01 3.109925253750667751e-01 4.321090877566279298e-01 4.251962466829129483e-01 4.516221809922383867e-01 3.202806613200772645e-01
7.053231300248232749e-01 7.487995196473127280e-01 5.829762955262590696e-01 7.376364790586870113e-01 4.066109348666020473e-01 6.918759376455470012e-01 6.297155701893883961e-01 5.630220545854409675e-01 6.589312669960776248e-01 6.764056955054975617e-01
1.530782679749787163e-02 0.000000000000000000e+00 1.230001591441280684e-02 0.000000000000000000e+00 0.000000000000000000e+00 0.000000000000000000e+00 0.000000000000000000e+00 0.000000000000000000e+00 0.000000000000000000e+00 2.281991632091653552e-02
3.395854979267450280e-01 4.516508530751768835e-01 4.639030739806712655e-01 4.304305456551451026e-01 5.904320872108627105e-01 3.877922367326339659e-01 5.119036692224888663e-01 5.787891594460451428e-01 5.045025262972159252e-01 4.432672043635347836e-01
9.112298712041118354e-03 0.000000000000000000e+00 1.840198069600008229e-02 3.703761781747328535e-02 1.902027458015988562e-02 1.213504776848431561e-02 0.000000000000000000e+00 0.000000000000000000e+00 1.331489153141876720e-02 7.783391846682865926e-03
7.483559069961114030e-02 2.488948988268435414e-01 2.089831511892161209e-01 1.753312565886852303e-01 1.505795455368858782e-01 1.933342043420299694e-01 2.822734600139834571e-01 2.709910688100942155e-01 2.894042564365290060e-01 2.070640320972618187e-01
3.053139511818099838e-01 3.141721567827341355e-01 4.199760350350223437e-01 2.739348027675350128e-01 6.097564398762866933e-01 3.223043320476551288e-01 3.998430968005317054e-01 4.111263748764171222e-01 3.393566801545142009e-01 3.293790614299237918e-01
3.964196592676644954e-02 1.687331154752857651e-02 0.000000000000000000e+00 2.198716854165513532e-02 0.000000000000000000e+00 6.939086101292334455e-03 6.736520888971046263e-03 9.020457637802754142e-03 0.000000000000000000e+00 0.000000000000000000e+00
1.902178352661272887e-01 4.110824256851581260e-01 3.336067115022914864e-01 2.576427004230613105e-01 3.028526926399962571e-01 2.500372940478243211e-01 4.883077414057266918e-01 4.165325164900055555e-01 4.608460928052258154e-01 3.058595477291928821e-01
2.500462888568769082e-01 1.684177524842004614e-01 2.428336115240023463e-01 2.026215228036129246e-01 4.457413539799821578e-01 1.887680521576919623e-01 2.419783720329259369e-01 2.586908024424938168e-01 2.155659627055902527e-01 2.311341121987989522e-01
6.920181375634055776e-01 7.122676162722115789e-01 6.222518153175280453e-01 7.643458500446963511e-01 3.933821952287631651e-01 7.065312653164903534e-01 6.033953029970982040e-01 6.058120990368661696e-01 6.390656298092073362e-01 6.493340457481259209e-01
6.930056432438766456e-02 2.913759417257431039e-01 1.749915836032296668e-01 2.248951287247231701e-01 1.906231464739850945e-01 1.590049525536022523e-01 3.109122017689702200e-01 2.999614303976406715e-01 3.036652912774344681e-01 2.551288953595395870e-01
7.481325784308401339e-01 8.211243960632367278e-01 7.518734533071435022e-01 7.815885632694078433e-01 5.662780202513512107e-01 7.787278247127458197e-01 8.037500471553696846e-01 7.353797674437120291e-01 7.409031291235216310e-01 7.758068240480016087e-01
1.050353634291981315e-02 4.045139099673777244e-02 0.000000000000000000e+00 1.470257777611044120e-02 5.142012876975347868e-03 6.035090938489025107e-03 1.841825766525970881e-02 1.792233172818631865e-03 0.000000000000000000e+00 0.000000000000000000e+00
4.044466279535047781e-01 5.480370711474585876e-01 5.755717053754156876e-01 4.750376391176178714e-01 7.883727713831404360e-01 5.014744452710618861e-01 6.683386161034300388e-01 7.165386071335264617e-01 6.844868551642173671e-01 5.609857456378306573e-01
3.049633968488236757e-01 4.822195806596844547e-01 4.712059474152482941e-01 3.926738293999733065e-01 6.614868911623543735e-01 3.812782965362229159e-01 5.115310908199687256e-01 5.592381180614937053e-01 5.278924086155308837e-01 4.773013634694332485e-01
8.211801340996380816e-01 6.450567775980916574e-01 6.606975580056357877e-01 7.167672507271004578e-01 6.833392041935985040e-01 7.236547402901145620e-01 5.757271617176199507e-01 5.245621308317247600e-01 5.383306651528718678e-01 6.875951459236916419e-01
7.919373813042394905e-02 2.867804370368078892e-01 1.967988945457745664e-01 2.488708883947507444e-01 1.524124622640945503e-01 1.626910946020051207e-01 3.151339843711801758e-01 2.778042022061789629e-01 3.200960271438044180e-01 2.020294459191440406e-01
7.062909112108876897e-03 2.798499418131649569e-02 0.000000000000000000e+00 1.460079999950174810e-02 0.000000000000000000e+00 5.188486804004647374e-02 3.162078894142432428e-03 2.355545334288653911e-02 0.000000000000000000e+00 0.000000000000000000e+00
5.775781240591327803e-01 4.444798368086534390e-01 4.281090963126401028e-01 5.004194381434449168e-01 1.753477941747754176e-01 5.430648469153042113e-01 3.115572093784450547e-01 2.938551658324604632e-01 3.651331373251321954e-01 4.299456196220795001e-01
6.260382003227804408e-03 0.000000000000000000e+00 0.000000000000000000e+00 2.402189976710093072e-02 0.000000000000000000e+00 5.496438931147896827e-03 1.082687783823802884e-03 1.015679664812648743e-02 0.000000000000000000e+00 0.000000000000000000e+00
9.463697289754368080e-01 9.048034733266568930e-01 8.571014912871520730e-01 9.783410658717454078e-01 8.678684809443958370e-01 8.807819613754674926e-01 8.713216972434457697e-01 8.327508817315746326e-01 8.935491242347128882e-01 9.045182551650042813e-01
7.104031448748396871e-01 5.224646714417171545e-01 5.532576837258084135e-01 5.508771109343739703e-01 3.471112758676891397e-01 5.837594841336420926e-01 4.815070628432192579e-01 4.359922175236278230e-01 4.878576948337545738e-01 5.505726357179900887e-01
6.097403446134433413e-02 2.877441468349706821e-01 1.910926135895164579e-01 2.358957254233595424e-01 1.615766154475724026e-01 1.608339840129988096e-01 2.977623668493249443e-01 3.067857744853954016e-01 2.989627596891995531e-01 2.333178832598994945e-01
9.718103131168200903e-01 1.000000000000000000e+00 1.000000000000000000e+00 9.763717503775095619e-01 9.876334737907475070e-01 1.000000000000000000e+00 1.000000000000000000e+00 9.752608274178381498e-01 1.000000000000000000e+00 9.635338940538179520e-01
7.872882935454725839e-01 8.274194673258711274e-01 7.493680656302558196e-01 7.799259069821153911e-01 5.437804988407043405e-01 7.845901933334719081e-01 7.392288857796129875e-01 7.577754571000643313e-01 7.658220649190411455e-01 7.351248743430871535e-01
4.267099755930958693e-01 5.544815205726868479e-01 6.402724087337865466e-01 4.500697192327325902e-01 7.746890160804009717e-01 5.023487470614538264e-01 6.840461545077107797e-01 6.477691765868937024e-01 6.345156574355208523e-01 5.623392689237516340e-01
8.366981879677409806e-02 2.677579610257150855e-01 2.000591156662715753e-01 2.186624752396158222e-01 1.714339618661739617e-01 2.022937062861386859e-01 3.139137894339484869e-01 2.789862552215336411e-01 3.173692252209661113e-01 1.990049794225675350e-01
9.063778675527601747e-01 7.276770490913471168e-01 7.980904053996571434e-01 8.086910165853600230e-01 8.641939157538337524e-01 8.250224276390016875e-01 7.089311889230494046e-01 7.310045624515713047e-01 6.942292771887961234e-01 7.646172457230243635e-01
1.153065129498132835e-01 1.403751920168253287e-01 1.332227232456878740e-01 2.444780300106488488e-02 1.593645821189554612e-01 7.594050233085081203e-02 1.282208328207779524e-01 1.740894880755703422e-01 1.571006775466991801e-01 7.704121030610873444e-02
7.379286174514484431e-01 8.780925942183839261e-01 7.608448389570093839e-01 7.710430520390562092e-01 5.557650247727413673e-01 7.881212635437911951e-01 8.283616396117755576e-01 7.553667247850983646e-01 7.676532901379540252e-01 7.783188553725474135e-01
1.000000000000000000e+00 1.000000000000000000e+00 1.000000000000000000e+00 9.923327992146765419e-01 9.685517629421104280e-01 9.785829175474577424e-01 9.810614287522604338e-01 1.000000000000000000e+00 1.000000000000000000e+00 9.746152473448720377e-01
3.794363639444036096e-01 5.483399073092067866e-01 6.045054651033714421e-01 4.847072167832540690e-01 7.353761480841588538e-01 4.877181211557704565e-01 7.275862883630326294e-01 6.952642774024623273e-01 6.619729024143904406e-01 5.711784801117580912e-01
8.267257480238183742e-01 5.823593633722549123e-01 6.590702768336235140e-01 7.408605124398865982e-01 6.803219729892996392e-01 7.110623960159812018e-01 5.860455795575142401e-01 5.431738931050394958e-01 5.907564563097239541e-01 6.833656001681918113e-01
1.767858341790728982e-01 3.823799748864860071e-01 3.265728444793011276e-01 2.409470643928507960e-01 2.649683503011059926e-01 2.498041660729513058e-01 4.272695098348984755e-01 4.356723687135481971e-01 4.132237291369348919e-01 3.233995150135135499e-01
7.862776524675815226e-01 5.618005982468098347e-01 6.751111906798046292e-01 6.917220299905517678e-01 6.957238705298397496e-01 7.217103716587596196e-01 5.736497982671100448e-01 5.501291826731130596e-01 5.474115774686789671e-01 6.634898537063480539e-01
3.188781995675062930e-01 2.760877143366533004e-01 3.938762765973201074e-01 2.815746296620350586e-01 6.506872396883345289e-01 3.190720431686548952e-01 3.821925095882618972e-01 4.108759827281419641e-01 3.564301571336090935e-01 3.547466831443492064e-01
7.840057753620082170e-01 5.590580971653466014e-01 6.372834490585806977e-01 7.680929907555892333e-01 6.961412857443560753e-01 7.141648286565008830e-01 5.367143347878479132e-01 5.103921396947047606e-01 5.694113419517969898e-01 6.912560966428961118e-01
4.123143166794415726e-01 5.388788278877065796e-01 5.983798965456594843e-01 4.882172727350299057e-01 7.827494985275640360e-01 4.827843934325850572e-01 6.753478400155324968e-01 7.502764472756072722e-01 6.300943838977477451e-01 5.302683573964037667e-01
9.122220359812661661e-01 7.330358957117761864e-01 7.921776498888106754e-01 7.871705246524551836e-01 8.359896715317425286e-01 8.179922368492460460e-01 6.960267087823636123e-01 7.198439635451275853e-01 7.241737356918004354e-01 8.233542291023422388e-01
6.010901716808551010e-01 4.301939535791106661e-01 4.147266075368031268e-01 5.140963763368300299e-01 2.255528932279170506e-01 5.581971127291015522e-01 3.068775811379023666e-01 2.623913846255529481e-01 3.361262320125955605e-01 4.341666242279434429e-01
3.072872840917520443e-01 2.817343588781825447e-01 3.992291853551639402e-01 2.901598989489485581e-01 6.199866900572869044e-01 3.475692538571616419e-01 3.990621848664248628e-01 4.103548904742210235e-01 3.533961665202838276e-01 3.554899613144453241e-01
7.169200831409890950e-01 6.788517964276207239e-01 6.045107647303465948e-01 7.503240100657253553e-01 3.921175992825904344e-01 7.019768188733025438e-01 6.199032780467443882e-01 5.654484121598077895e-01 6.583182598029637678e-01 6.414365302205718988e-01
6.952683960698156085e-01 5.070839546620056204e-01 5.658022171231005260e-01 5.362743117595460962e-01 3.874419486078279351e-01 6.266859275784657513e-01 4.840945514549749862e-01 4.513477273259314249e-01 4.979898938007344400e-01 5.529816237731858264e-01
9.722113894878287033e-01 9.816770727561394683e-01 9.897084903675810175e-01 1.000000000000000000e+00 9.810588000710314116e-01 1.000000000000000000e+00 9.736682202909028305e-01 1.000000000000000000e+00 1.000000000000000000e+00 1.000000000000000000e+00
2.123049222266852332e-01 1.430987780946869903e-01 2.708796622369271101e-01 2.458971420378464612e-01 4.630879307540985423e-01 1.897117457577029154e-01 2.561260852802865751e-01 2.656962594952846368e-01 1.954824911987944891e-01 2.447724496839583097e-01
6.968867307381295673e-01 5.544672371475191097e-01 5.291748057984992926e-01 5.645999956131504405e-01 3.910056866326057090e-01 6.046973509390803914e-01 4.686567643773647540e-01 4.614644994657026711e-01 5.163329426462238692e-01 5.270244527118346234e-01
1.198888283893597834e-01 1.387336262007460852e-01 1.494445917164538562e-01 3.865471899405150541e-02 1.470778030155325544e-01 9.538217653135112883e-02 1.556060715360468305e-01 1.412751907340958901e-01 1.119880825566905713e-01 9.100849733525442908e-02
9.853761565847973802e-01 1.000000000000000000e+00 1.000000000000000000e+00 1.000000000000000000e+00 1.000000000000000000e+00 1.000000000000000000e+00 9.887819055452584660e-01 1.000000000000000000e+00 9.888569290131300482e-01 1.000000000000000000e+00
5.915326343635679551e-01 4.334358040446317228e-01 3.890999716680660359e-01 5.414515990496772124e-01 2.319048614837949940e-01 5.276026302337920582e-01 3.139509850851595063e-01 2.828092874195339279e-01 3.820076578236962783e-01 4.583209159630561302e-01
6.998769011820790142e-01 7.082216841360543524e-01 6.254469072532152785e-01 7.483936159214344963e-01 4.057194123830553112e-01 6.723925558570932326e-01 6.165932436870923405e-01 6.016267217215771623e-01 6.539759124019945968e-01 6.551524538832653732e-01
4.039098728712670616e-01 5.946850166032758844e-01 5.721617359930746272e-01 4.555758593746868090e-01 7.748295972264895859e-01 5.130726145372899172e-01 6.744647596484674157e-01 7.173503959197026214e-01 6.358597509079338961e-01 6.012145780406483730e-01
6.907757819322551951e-01 5.905058839602947973e-01 5.592231282595612196e-01 5.514267904879741611e-01 3.776229943667198663e-01 6.150629649823432521e-01 4.843450702062360169e-01 4.203121106033301801e-01 4.682034060439090317e-01 5.490914777449922290e-01
5.959660715532878461e-01 4.455688698661114944e-01 3.599196451624355197e-01 5.161648177937616655e-01 2.588961766295191369e-01 5.073222859730763812e-01 3.160797069787770752e-01 3.169133659991630880e-01 3.454326494479776910e-01 4.102643909708300063e-01
2.795715075587692500e-01 4.144495678404541694e-01 4.589057554782325354e-01 4.803815088684236789e-01 5.955077095585543656e-01 3.701985813520681790e-01 5.246455506125647927e-01 5.701520780641274877e-01 5.374113407883914784e-01 4.457368123399988447e-01
8.957778651696172156e-01 8.890856314572768149e-01 8.476254762162526157e-01 9.370751380421339372e-01 8.615960782023277531e-01 9.106906024710050840e-01 8.780008330415597362e-01 8.118322349755783263e-01 8.639628607792023685e-01 8.948426341100498282e-01
9.924582673290751611e-01 9.775644493661551637e-01 9.680565822158361255e-01 1.000000000000000000e+00 9.886516114888069806e-01 9.955312991432818670e-01 9.924556567221967107e-01 1.000000000000000000e+00 9.928978426361142473e-01 1.000000000000000000e+00
1.321061677053035899e-01 1.166272318950018760e-01 1.548584261219436153e-01 5.756944359686463203e-02 1.513715183538561215e-01 9.780997872742608346e-02 1.427238532650023650e-01 1.571005933435439816e-01 1.335876840375584407e-01 7.457035316762761212e-02
7.359542567770779864e-02 3.054159236144426415e-01 2.263942523871891044e-01 2.152415789603731033e-01 1.775170806200880858e-01 2.000646160133540685e-01 2.513409799654450771e-01 3.377076751050540060e-01 3.011601577480331748e-01 1.865385936793211297e-01
4.057170501414822383e-01 5.557416366350456105e-01 5.818312322360407185e-01 4.664690211507506179e-01 7.579653147033108551e-01 5.137931428067772366e-01 6.812868650527034164e-01 7.298232553421472035e-01 6.316741620691853631e-01 5.622707800018801327e-01
3.943437483150692424e-01 5.789139887974298349e-01 6.168839957198924973e-01 5.087756459452954516e-01 8.150554705812245171e-01 5.063432775532312746e-01 7.081196190797964807e-01 7.022990575432350724e-01 6.630006268708424910e-01 5.115814120601357429e-01
8.113918175960844748e-01 6.066637873282342275e-01 6.702726224352888451e-01 7.273723753887715304e-01 6.982413230834415563e-01 7.186190073178592153e-01 5.840204864061858681e-01 5.406875153434861359e-01 5.760687274036758732e-01 6.799382872005224066e-01
3.238124719817862124e-02 0.000000000000000000e+00 0.000000000000000000e+00 0.000000000000000000e+00 0.000000000000000000e+00 0.000000000000000000e+00 1.541856803121092502e-02 0.000000000000000000e+00 0.000000000000000000e+00 5.912377962980765352e-03
5.869933699930339754e-01 4.067130451293674565e-01 3.979219264844171544e-01 5.075588858272191972e-01 2.468222495924403681e-01 5.139005922785265801e-01 3.051050781911442411e-01 3.027061315207162928e-01 3.518149119716454942e-01 4.211701207881740627e-01
8.056909265338384474e-01 5.839727966339514076e-01 6.989765210111213989e-01 7.312804828219856557e-01 6.961183721799846236e-01 7.268268252465841517e-01 5.577254349182706461e-01 5.464976188790829914e-01 5.495347538984678426e-01 7.041329411532012417e-01
8.497631497535956813e-02 1.320470495862122728e-01 1.463709230623436719e-01 4.569586238045322130e-02 1.526161658715689262e-01 1.197291493035312210e-01 1.320229128668910512e-01 1.490959224880384348e-01 1.458872053784592560e-01 4.480792738798824310e-02
6.846474425765360916e-01 7.001152264776805412e-01 6.155860553344568720e-01 7.218973384475538824e-01 3.965465806662487047e-01 6.676845196878623545e-01 6.423112658052059221e-01 5.385575200084454783e-01 6.485195881667966677e-01 6.666970265159557485e-01
2.890212998330276006e-01 4.486620267656544758e-01 4.862780905087663030e-01 4.502537411911574083e-01 6.124949989171705189e-01 3.793070034807750068e-01 5.287968742496885755e-01 5.474568473513553579e-01 4.818759047255912198e-01 4.251813191796918745e-01
9.497620059534364056e-01 7.333308046361786126e-01 7.682707864094513450e-01 8.012138116942830735e-01 8.174997760271772718e-01 8.500455242794296984e-01 7.053203072589991907e-01 6.985620123318634356e-01 6.364735262836663798e-01 7.979977787852167159e-01
3.302770144976781563e-01 2.899593813483254401e-01 4.079207918504970110e-01 2.761747859844676523e-01 6.012768749676196123e-01 2.893998090806256807e-01 3.687547276255022655e-01 4.182935524412706996e-01 3.167266250495957003e-01 3.299997916065387504e-01
8.195378811843406774e-01 5.964734689892799979e-01 6.537797693827652745e-01 7.411182280182054827e-01 7.255919775733066235e-01 7.392684807571311412e-01 5.694442435244376766e-01 5.338142119695981069e-01 5.710086766314569351e-01 6.786345411015012319e-01
4.159509459711784318e-01 5.537767123788812640e-01 5.881645126434851267e-01 4.597353637514174363e-01 7.732794289358654316e-01 5.107706530072212425e-01 6.787759151226360199e-01 7.211570460202264554e-01 6.557622214151839213e-01 5.360876864988305401e-01
7.081284400785948785e-01 7.312468941202734385e-01 6.419902989714370012e-01 7.411396461619553788e-01 4.218147717233748928e-01 6.740500460576573927e-01 6.166575771041918896e-01 5.793218494799815543e-01 6.382037862216329849e-01 6.627703761480072675e-01
1.672101412060361669e-01 4.736720372995021910e-01 3.569227489647666118e-01 2.661707658340158877e-01 3.208252670138052598e-01 2.887169782273761309e-01 4.218119174480577382e-01 4.584191456842252044e-01 4.459798409975886946e-01 3.095619623363741191e-01
1.099129635244439941e-02 4.486018818835280433e-03 4.493213851470168746e-02 1.943430721723902327e-02 1.293025258021028578e-02 4.555464642694857791e-03 1.793317393876267540e-02 1.176579223539319860e-02 1.918308015089662671e-02 3.164135182839331040e-02
5.413649297050482367e-01 4.406894724429979981e-01 3.920572721563222451e-01 5.257959654841698471e-01 1.966182083469677488e-01 5.376645579558116950e-01 3.241539569289326739e-01 2.796913390358176654e-01 3.685881907784633871e-01 4.246809621382420241e-01
8.282996377813126587e-01 8.277131956056397177e-01 7.450045578103122734e-01 7.957460635255844128e-01 5.175293461019085939e-01 8.131613898627950698e-01 7.527536132780356937e-01 7.520230816398196794e-01 7.918604570569075518e-01 7.653344931991394873e-01
7.330981098031316145e-01 5.527284684787445723e-01 5.396116043374349358e-01 5.291054559069380270e-01 4.006254892678194346e-01 6.243525476515229267e-01 4.625343436829749133e-01 4.390826009675477537e-01 5.075791254223801507e-01 5.488833980964300530e-01
6.912980589084248839e-01 5.477987600429164994e-01 5.360677036857319777e-01 5.667518465408905026e-01 3.847242168819748898e-01 6.166357202334239451e-01 4.615696783695905636e-01 4.466695060792187366e-01 5.199383796221371812e-01 5.677240328725613461e-01
7.944677582567545582e-02 2.687830802196540803e-01 1.820748865910219727e-01 2.207090563549138074e-01 1.815255847031159442e-01 2.088820403409464288e-01 2.948671661939632482e-01 3.107440865097720328e-01 3.020554504963691156e-01 2.016367118467289610e-01
8.077363233760757044e-01 6.094485644904154009e-01 6.464897123106543297e-01 7.434839103891600631e-01 6.757596816024369346e-01 7.647728207458264205e-01 5.803818020618425333e-01 5.646458077359476357e-01 5.309728968527461790e-01 6.784328334271516603e-01
6.590069242243070669e-01 7.340709329915664494e-01 6.042400732489155990e-01 6.998117445187602703e-01 4.110314325082827236e-01 6.490250958429533146e-01 6.204338847357764308e-01 5.308517489607057493e-01 6.577702077609272058e-01 6.265243775661635262e-01
0.000000000000000000e+00 2.498303915787996113e-02 0.000000000000000000e+00 1.673239817077830024e-02 0.000000000000000000e+00 0.000000000000000000e+00 3.166470085900773695e-02 0.000000000000000000e+00 0.000000000000000000e+00 0.000000000000000000e+00
0.000000000000000000e+00 6.279979287706227535e-03 0.000000000000000000e+00 2.462834124018220550e-02 0.000000000000000000e+00 0.000000000000000000e+00 3.606661199800269973e-02 6.367726563096043520e-03 0.000000000000000000e+00 0.000000000000000000e+00
8.868914236287689379e-02 2.686918081300960215e-01 2.093260834141255078e-01 2.508891705287573104e-01 1.849243547862836068e-01 1.533629662986796816e-01 2.790850695256927860e-01 2.938541173808915663e-01 3.052488339113403337e-01 2.368777356289127611e-01
2.073342689434799213e-01 1.712903962952781745e-01 2.341627306540529918e-01 1.912713739104004995e-01 4.476495042737077545e-01 2.101215080831648485e-01 2.423307542349846244e-01 2.878835347606121808e-01 2.119793547395452671e-01 2.516787736044635015e-01
7.951482126142752627e-01 8.050715073151841761e-01 6.957336366687306706e-01 7.794670239593179950e-01 5.371590822228712314e-01 8.032505883906475574e-01 7.565724724882521013e-01 7.284571814680353974e-01 7.959911656072055086e-01 7.510087286052141708e-01
1.165436976411015346e-01 1.425441311218000606e-01 1.162845226648888119e-01 1.711919462131876110e-02 1.521505176415712812e-01 1.084087856884635159e-01 1.520302593220096699e-01 1.539315011134746725e-01 7.238629344644105512e-02 9.934572675355418658e-02
2.052808997696917992e-01 1.466389420762942986e-01 2.674763093888525844e-01 2.423118381259810883e-01 4.221139445410492796e-01 2.312904292385215277e-01 1.990338050708228557e-01 2.277876653239185867e-01 1.627441899959091720e-01 2.456426087843271711e-01
2.332280264053669117e-01 1.963747247449211253e-01 2.827876361213796375e-01 1.896017238310100383e-01 4.685032169033715999e-01 2.558091757843181657e-01 2.385160905282029953e-01 2.817754341245599092e-01 2.088067712820738386e-01 2.418037317894743965e-01
3.047097171533332816e-01 4.734765057587055903e-01 4.389256559758880627e-01 4.278104192088473257e-01 6.056956312095379547e-01 3.551905571202166323e-01 5.589883477198610562e-01 5.814619766825854796e-01 5.097331188763375431e-01 4.969271236700190109e-01
1.819667755684308830e-01 3.992135180413278750e-01 3.337693236747610870e-01 2.690683002494437259e-01 3.148734812165702168e-01 2.873174633765946950e-01 4.437139807676787062e-01 4.607925806834759497e-01 4.302800817832175273e-01 3.326262484360397176e-01
3.586386036779037889e-01 5.702567567215844901e-01 5.825431432422082390e-01 4.736958905721544988e-01 7.741694364737642386e-01 5.031399872185868816e-01 6.844050699200506793e-01 6.985292213336106171e-01 6.165092560225546858e-01 5.208109687123242404e-01
6.511933130955624427e-02 1.645026865533735783e-01 1.118709672044321396e-01 2.247027678198710091e-02 1.352643637965966483e-01 1.321544869834408720e-01 1.635692854211303060e-01 1.741908653999521273e-01 1.515236199201344669e-01 1.122523266830119659e-01
1.513175886565486065e-02 0.000000000000000000e+00 7.401459576308555555e-03 8.473321790922820965e-03 0.000000000000000000e+00 0.000000000000000000e+00 6.150517716964133989e-04 0.000000000000000000e+00 3.764961543992757786e-03 0.000000000000000000e+00
9.069878306621548258e-01 8.582248557642807585e-01 8.549702282741028503e-01 9.582140654554875958e-01 8.365487197194623192e-01 9.085329714292912362e-01 8.610823751279828020e-01 8.114881691359342453e-01 8.333974587371585363e-01 9.129850519066461390e-01
2.026255405854099911e-01 3.747057649164659554e-01 3.219752752195377821e-01 2.443499297479246324e-01 3.213935094481601973e-01 2.700384827494685114e-01 3.961537297721004491e-01 4.514591090000997786e-01 4.506381030535045462e-01 2.965236542269077402e-01
3.279086756184422802e-01 2.710452565629338784e-01 4.292265583385047600e-01 2.420436857745289216e-01 6.473213358359398706e-01 3.081640060743934262e-01 3.853605258756946927e-01 4.387425908534719476e-01 3.073368428984994405e-01 3.331515522383510230e-01
4.062086417494482626e-01 5.406188250958859909e-01 5.891116975922985333e-01 4.563727564633897060e-01 7.789065833918868975e-01 4.788507637959533159e-01 6.708085361987821127e-01 7.418645793535986188e-01 6.773533944329295231e-01 5.359329486095986139e-01
8.233072083001299335e-01 5.690751878043982526e-01 6.683651621412892707e-01 7.401386673035091901e-01 7.050495573201623900e-01 7.318691258765946950e-01 5.277622684004312781e-01 5.458411332378858560e-01 5.527105300449218772e-01 7.036084528174598729e-01
6.765717538364393047e-01 7.126604363786323004e-01 5.917197299032911362e-01 7.488143415421614213e-01 3.700222321317739316e-01 6.891362298097029049e-01 6.121130900847941980e-01 5.634733115775072410e-01 6.504988891828641373e-01 6.731880509800564072e-01
9.083845868460168615e-01 8.800267004604586107e-01 8.662094729266099913e-01 9.873867218764430520e-01 8.539069846590675583e-01 8.921301376879287037e-01 8.329065285357269977e-01 8.708145150070750740e-01 8.752259090751336457e-01 9.086979712508436169e-01
3.248406540342591020e-01 2.913495405471691058e-01 3.800832666368191837e-01 2.699432993235356681e-01 6.192380354008936161e-01 2.803501918502414592e-01 3.758526768421336928e-01 4.178823597828988379e-01 3.626673802513760148e-01 3.404741421016433955e-01
7.118986547789896667e-03 0.000000000000000000e+00 0.000000000000000000e+00 1.316776136439495523e-03 4.627014453144069617e-03 8.021049314702573610e-04 1.914909778328176618e-02 0.000000000000000000e+00 0.000000000000000000e+00 1.065291608416047038e-02
7.845722171607587558e-01 6.174311689932107106e-01 6.766592925941733450e-01 7.284554663390400142e-01 6.891043785623758300e-01 7.206206217389962143e-01 5.834003093031361331e-01 5.395118748199220216e-01 5.200307176192240366e-01 7.108705177523052532e-01
6.933813216547309866e-01 7.277925627983672374e-01 6.435955162237283478e-01 7.162836524101162672e-01 3.832526694553316515e-01 6.653197484993065292e-01 6.604057177055775441e-01 5.754375317583140248e-01 6.625244648759058830e-01 6.857554716759073354e-01
7.551190315360785388e-02 1.259873955327940609e-01 1.572916705024872408e-01 3.057051369198938301e-02 1.350278866826212787e-01 1.079450222705807816e-01 1.458285503543909900e-01 1.554023722032419896e-01 1.539460014309951830e-01 1.101119699902857046e-01
4.083243015628081340e-01 5.355518134584773549e-01 6.111497039540754184e-01 5.189271618719463186e-01 7.715816974744209578e-01 4.898228893523866034e-01 6.795998401627673102e-01 7.406394715128279405e-01 6.353755657886505093e-01 5.030277046398700103e-01
3.871047542078372983e-01 5.899325494585500040e-01 5.896264151284666966e-01 5.003727840407194982e-01 7.869541795629096947e-01 4.718473251979544147e-01 6.565643679625813300e-01 7.465006010961777738e-01 6.551948251042921667e-01 5.377898010701290810e-01
8.865843433620756997e-01 8.706388043465645987e-01 8.600253913262341232e-01 9.263722634397447697e-01 8.517476907717337342e-01 8.668211434560374462e-01 8.718815065943874565e-01 8.174056445902494472e-01 8.818804806723034018e-01 8.940296260677579321e-01
2.907129392090626041e-01 4.482500925089343280e-01 4.365572612908227290e-01 4.661112400050571591e-01 6.440604885461967966e-01 3.438857611967259253e-01 4.874997539491523479e-01 5.746017577301189005e-01 5.125124367531967984e-01 4.394373538469873997e-01
8.878250005947441181e-01 8.746876072199182284e-01 8.327115096476354061e-01 9.489032392455013509e-01 8.573801073071504186e-01 9.080183434040809409e-01 8.767841035219403611e-01 8.356813240095951612e-01 8.507434661748095595e-01 9.294477485602283817e-01
1.902128820517922092e-01 3.951849280329366443e-01 3.755167950707584135e-01 2.265703633612226597e-01 3.400053451090065404e-01 2.566688220084673011e-01 4.301274424295823962e-01 4.072929690951550552e-01 4.197773966874563945e-01 2.887994318488147916e-01
3.570850919889685393e-01 3.194644520106300623e-01 4.184636809253223788e-01 2.707516955710900231e-01 6.160856132538904406e-01 3.184360042879887942e-01 3.970728629501968920e-01 4.526471595727128427e-01 3.340271682387638830e-01 3.521591618657181066e-01
2.992499729933966734e-01 2.713371915045404426e-01 4.039082345329014778e-01 2.492923035008417498e-01 6.074937917364064965e-01 3.183801060461491916e-01 3.747599715251509478e-01 4.058015588978773902e-01 3.222563393332543713e-01 3.621664901120282831e-01
1.675172212427753216e-01 4.145665071043839744e-01 3.434688444788792094e-01 2.573262889340591220e-01 2.974908744787566062e-01 3.138600374725805109e-01 4.235588281470732963e-01 4.400188735047200206e-01 4.652108264944844196e-01 3.354634892373686839e-01
1.810890013119464959e-01 3.844641133188748672e-01 3.298216468304732141e-01 2.732760519318779280e-01 3.256015884318236298e-01 2.653282875451863920e-01 4.230822349828180506e-01 4.292932625435696425e-01 4.561704420324683706e-01 2.882699422542312484e-01
1.232777260263417385e-01 1.235005758393535602e-01 1.339707626232701787e-01 5.084142442352887481e-02 1.221033334537028059e-01 1.192504997321285343e-01 1.371207373264043961e-01 1.755950397988927936e-01 1.190730223702304857e-01 9.868917953414092781e-02
1.000000000000000000e+00 9.729410744306499215e-01 9.974446805008712058e-01 9.995917622595396068e-01 9.879639227224936704e-01 1.000000000000000000e+00 1.000000000000000000e+00 1.000000000000000000e+00 1.000000000000000000e+00 9.788618456361322107e-01
5.716674674823121194e-01 4.096329225434930388e-01 3.868933011429570024e-01 5.211041234006169587e-01 2.064053424205888887e-01 5.234945489173662425e-01 3.315559310020049777e-01 2.662149052445362263e-01 3.576855156404630254e-01 4.765909016612683846e-01
8.913451763771924607e-01 7.135091268692643762e-01 7.981674527904376593e-01 7.832074528586738804e-01 8.168534262139482971e-01 8.605199648787977829e-01 7.078256898987769219e-01 7.167780199348482428e-01 6.954797884786503293e-01 7.632955363699556184e-01
3.056114133008459577e-01 4.555948190290623478e-01 4.628273490277702296e-01 4.549838221016253015e-01 6.283572471624785383e-01 4.009471501486076006e-01 5.365424252037023223e-01 5.865783188442793561e-01 5.151159713723730826e-01 4.127921876154646008e-01
5.220577002115890479e-03 2.485897027117212055e-03 9.252873059489916466e-03 9.154677567683176028e-04 0.000000000000000000e+00 0.000000000000000000e+00 2.230765418266890399e-02 0.000000000000000000e+00 9.650284356307442177e-03 0.000000000000000000e+00
3.852323106673066766e-01 5.749419166568140449e-01 5.973380457903945118e-01 4.880277207712960807e-01 8.046555161025912284e-01 5.039959492129167939e-01 6.778689481678639162e-01 7.369576025516986206e-01 6.744836266672061820e-01 5.529969571961076413e-01
6.921709390547635676e-01 6.811059416635278918e-01 5.846119729374690266e-01 7.210490408020215902e-01 3.973887997702428287e-01 7.223655102235497782e-01 5.768506373447692681e-01 6.021243300333442017e-01 6.450415768768174019e-01 6.566736271257980206e-01
9.176047142468883866e-01 8.559967537612439559e-01 8.848577892266041856e-01 9.693431327901844696e-01 8.389525243148073796e-01 8.920000457816034123e-01 8.308478633223362886e-01 8.286505804274534315e-01 8.487446518986272448e-01 9.150125964229637310e-01
9.963248326244801278e-01 1.000000000000000000e+00 9.711639807957523907e-01 1.000000000000000000e+00 1.000000000000000000e+00 9.973009545734415893e-01 9.805639528876716193e-01 9.925804217471587698e-01 1.000000000000000000e+00 9.880582763956764492e-01
7.023631543147369483e-01 7.094575846290842591e-01 5.653909809338202308e-01 7.601155364210727683e-01 4.271391838280754194e-01 6.826487787855577416e-01 6.188009417285955660e-01 5.945075320144742603e-01 6.555682385340991791e-01 6.283851467413690273e-01
9.133554089842442769e-01 8.735200984453572737e-01 8.590266041204230874e-01 9.449196059074282950e-01 8.540024932703168536e-01 9.130729956698582228e-01 8.104748748254086976e-01 8.120308067128068075e-01 8.305234596029391625e-01 8.750816465638519004e-01
6.934390617423012992e-01 7.059846015977960798e-01 6.379971153094277092e-01 6.902840660352969060e-01 4.101001510010928719e-01 7.074843363160691068e-01 6.121859732659118425e-01 5.748568395787649887e-01 6.576386278755156356e-01 6.867627544416192720e-01
7.132091371944473401e-01 5.793119635309676996e-01 5.203573151230093119e-01 5.748871196094698099e-01 3.384920128428847708e-01 6.300987076232323902e-01 4.587595973461727761e-01 4.480952725139958348e-01 4.731878905516628264e-01 5.415087337212244334e-01
1.894358805922798927e-01 3.734910842342002990e-01 3.526825496574639840e-01 2.874900844182439186e-01 3.212846780181984885e-01 2.875240864849973876e-01 4.281677690168025907e-01 4.578052461824897446e-01 4.630967878197650989e-01 3.241955414961870674e-01
3.076816346942446434e-01 4.469208487360251114e-01 4.402056777853359804e-01 4.628530552736214165e-01 6.129513856527368798e-01 3.602374894997374954e-01 5.237416804406008763e-01 5.621396048838402937e-01 5.326303376091657826e-01 4.563350914852862816e-01
0.000000000000000000e+00 0.000000000000000000e+00 8.983037147548156992e-03 0.000000000000000000e+00 0.000000000000000000e+00 0.000000000000000000e+00 2.470952742109475825e-02 1.754085007755489672e-02 1.647979355477511426e-02 0.000000000000000000e+00
1.000000000000000000e+00 9.266874225532293341e-01 1.000000000000000000e+00 1.000000000000000000e+00 1.000000000000000000e+00 1.000000000000000000e+00 9.668005461545874368e-01 9.942933440534338363e-01 1.000000000000000000e+00 9.821937618567202488e-01
1.997623779318823956e-01 4.146856556931395321e-01 3.146213588904979153e-01 2.679320945660564890e-01 3.179810751283134174e-01 2.433710765173681956e-01 4.544857464200597885e-01 4.483672448006522093e-01 4.082728379381300177e-01 3.173767025425630606e-01
2.031263291756874312e-01 1.509088188153080712e-01 2.799786509180351435e-01 2.170148824306689095e-01 4.283599189277467190e-01 2.292609122906044405e-01 2.529250866277903964e-01 2.397648086545683122e-01 2.272398433336124401e-01 2.286854941341073255e-01
6.775762425134524980e-01 7.045490045691457093e-01 6.137174942662450006e-01 7.424654515176851710e-01 3.828566017778065600e-01 6.827346843964187117e-01 6.095029949080625897e-01 5.831981706225664031e-01 6.604546510002492488e-01 6.489508167350562795e-01
8.161508434335313922e-01 5.942805449036776544e-01 6.969749437517686053e-01 7.271628172294037906e-01 6.873018779572011017e-01 6.906353682570712804e-01 5.588853709914392009e-01 5.619139112876734288e-01 5.813370080657523919e-01 6.714811981698323162e-01
9.481827552482863242e-01 7.385444900762396792e-01 7.902183701918157332e-01 7.802404337931109213e-01 8.352750748080421950e-01 8.224589650940395957e-01 7.045095799596383657e-01 7.446293752039117031e-01 6.872990089262628333e-01 7.919990022151947029e-01
3.222904016762760671e-02 2.052725291223425185e-03 0.000000000000000000e+00 0.000000000000000000e+00 0.000000000000000000e+00 5.890427581608164570e-03 0.000000000000000000e+00 0.000000000000000000e+00 0.000000000000000000e+00 0.000000000000000000e+00
9.287163787520000269e-02 2.855729842312765276e-01 2.165276755629794714e-01 2.044647234913088418e-01 1.403367940217248311e-01 1.747448883100416184e-01 2.834063613443579266e-01 2.853879485862078069e-01 3.041873829086848557e-01 2.248174551953356359e-01
6.998318264333724947e-01 6.580271674238225010e-01 6.153793657179363885e-01 7.107441196390303917e-01 3.371589301451367593e-01 7.069158569695606076e-01 5.938909607746035713e-01 5.610167295216841321e-01 6.485026667550227719e-01 6.481408032567604893e-01
2.264452748708219165e-01 1.321022496968140558e-01 2.689447102595431960e-01 2.304853942586124471e-01 4.734785276567958223e-01 2.251124132951929924e-01 2.633715608378898732e-01 2.840853143570687411e-01 2.574426769797882320e-01 2.687170393435285298e-01
1.795113780282065752e-01 3.856953527202711673e-01 3.460342580338645058e-01 2.417012141116068880e-01 3.206223200949773755e-01 2.682585285846059708e-01 4.437225540879953800e-01 4.339261629935731723e-01 4.355105391234271317e-01 3.070710386745962306e-01
7.993871547610101880e-01 6.022502316108648834e-01 6.492299271340988831e-01 7.272948891878522337e-01 6.660078596182826827e-01 7.293246219436678723e-01 5.367341900753730410e-01 5.580211010749949185e-01 5.547410957523922770e-01 6.964007178634012973e-01
8.380442965152268275e-01 6.141901898045633024e-01 6.319816487872413902e-01 7.828350728642848866e-01 6.764785376490137780e-01 6.840343388580718553e-01 5.720044745084643667e-01 5.682908850693424441e-01 5.374184785070650339e-01 6.591249694063073816e-01
2.160926389024652727e-01 1.705836251667514625e-01 2.442939097365116052e-01 1.818454296013045091e-01 4.916101200524854997e-01 2.226443838768153161e-01 2.220515823903103370e-01 2.531570371070339109e-01 1.945459452720331162e-01 2.351868736251074565e-01
9.719350711647671837e-01 1.000000000000000000e+00 9.943768873238609807e-01 9.856723804540582501e-01 1.000000000000000000e+00 1.000000000000000000e+00 1.000000000000000000e+00 1.000000000000000000e+00 9.742723384149014620e-01 1.000000000000000000e+00
1.057341116976905776e-01 1.566992013934588035e-01 1.465113708704805506e-01 7.662180265104712173e-02 1.333653239442476879e-01 9.164506255805393575e-02 1.328635084289752077e-01 1.406789477942639033e-01 1.344018073370985000e-01 1.121405838432874419e-01
8.065711629143078321e-02 1.209331758792384776e-01 1.318225298208239027e-01 7.817043549879623687e-02 1.822777648520846894e-01 1.512995187642462436e-01 1.632369581777062817e-01 1.651190787697288942e-01 1.076637981130404015e-01 9.230234526162801878e-02
6.809036601437351566e-01 5.342863463459184281e-01 5.719109245041676948e-01 5.623488624136072644e-01 3.659466034164824966e-01 5.867906175513217804e-01 4.757161173999170933e-01 4.329728208846648774e-01 4.798516094250072639e-01 5.361414038688695483e-01
