9.769460598981243304e-01 9.952621436075649308e-01 9.716204237659299414e-01 1.006300434046080827e+00 9.976303986830699078e-01
9.098390648495215949e-01 8.632214593953805304e-01 8.362192420237553048e-01 9.826379826205163814e-01 7.459418476926995556e-01
6.779164933343282406e-01 7.905907376136263043e-01 9.002150966325797032e-01 4.412206049640800543e-01 6.780400048406335367e-01
6.143286778139700477e-02 1.913259850151529107e-01 1.218175753467697353e-01 9.799283701640328081e-03 2.692212942761837424e-01
6.221637602351702823e-01 5.844360869933776792e-01 8.065216987736159027e-01 4.262756405372339352e-01 4.385653008452517487e-01
1.015460336037031563e+00 1.027497385337074354e+00 1.025643559567142482e+00 1.009677415378982479e+00 9.918425655888744030e-01
9.688862185575728425e-01 1.017864676654217648e+00 9.794053126790326358e-01 9.967884167357340397e-01 9.855151655506771968e-01
-1.660946001713858519e-02 2.133890934520879523e-02 1.845434419714261356e-03 2.801111116861047540e-03 2.151861890390097121e-02
7.189665395975771700e-01 7.336122959008661848e-01 8.911737362732536916e-01 4.566948011935761942e-01 6.926905563724836679e-01
7.409962616789232681e-02 1.936221676303226114e-01 1.203869524031742494e-01 2.733787804134089547e-02 2.943290526052768641e-01
6.845069974959733239e-01 7.598853631133389852e-01 8.611915610731443183e-01 4.648550796134767182e-01 7.006095449890262783e-01
8.930401484776338827e-02 1.623514270124066516e-01 1.524470203284390424e-01 2.639771480281438362e-02 2.471664245969111551e-01
1.458124021741137415e-02 8.842968817461144011e-04 -3.100338206681614757e-03 5.385670446966830255e-03 2.010075882597647801e-02
6.942945587285634934e-01 7.582125863543405231e-01 8.708372548298922711e-01 4.341850252260578968e-01 6.802683499947634882e-01
2.944487351480144510e-01 2.244352630697624140e-01 1.186454751678256841e-01 5.223954137794495356e-01 3.474583041715339493e-01
1.421998657619938204e-02 1.086480160039915953e-02 1.567901000923448834e-02 -3.616563805647494273e-02 -6.633922082473434761e-03
9.151409205105749400e-01 8.266671342102847042e-01 8.803485346988468851e-01 9.761572471987103317e-01 7.260207670909043509e-01
6.332468111439408798e-01 5.885410614793642470e-01 8.063320856320647101e-01 4.440864303746305808e-01 4.195752288021861176e-01
6.358585306869515286e-01 5.905940864331417073e-01 7.778961503579575609e-01 4.547061645536546459e-01 4.206206832583908595e-01
5.957500714591255075e-01 5.950628688760007945e-01 7.634314118749129241e-01 3.747907723273932179e-01 4.132240149075877556e-01
3.068895843338345086e-01 2.421051683559283241e-01 1.398172716611760791e-01 5.330946794179158843e-01 3.434661274903885175e-01
6.932518415446985438e-01 7.255840240212599879e-01 8.799054914552835172e-01 4.758831730612854694e-01 6.417049284657542207e-01
-5.798072624232656486e-03 -6.393561982091262343e-03 -1.372453487787073795e-02 -3.459222054743643637e-02 2.489217325359182470e-02
3.958875556109729965e-01 4.034314017820207487e-01 2.157950832210436265e-01 5.826478275729229939e-01 5.784456155948474176e-01
-6.563321862717057947e-03 1.541713851925796859e-02 -6.097757867246368126e-03 -2.251389623803678672e-02 3.931797921862722339e-02
2.796290305582079805e-01 2.412802264111440775e-01 1.192836773261890387e-01 5.487867104328149059e-01 3.229395712679436481e-01
6.311605495791566822e-01 5.854121339607361030e-01 7.481390905097522470e-01 4.338520373244449946e-01 4.051963367223559431e-01
3.895259196020461889e-02 2.171554858939802810e-02 -1.022896826421320141e-02 -5.769263728784346408e-03 -3.860009558136504731e-02
8.353660249662861470e-02 1.604655021189203279e-01 1.343379596761057893e-01 5.624003678832364267e-03 2.838649696476105433e-01
1.017487871059534754e-01 1.619639381332866612e-01 1.025145424450236153e-01 2.901921494932872478e-02 2.838676807550831183e-01
7.268709761086162846e-01 7.271780789028364778e-01 8.618361490665563673e-01 4.989702147667590681e-01 6.578474823588777998e-01
6.018873291039354978e-01 5.765894839729778232e-01 7.599180030347262305e-01 4.457247713044188431e-01 4.316603452134709640e-01
5.923443056134453100e-01 5.800724143023615609e-01 7.804524596909064860e-01 3.966409843869930230e-01 4.117233381007467385e-01
8.475862231989787776e-02 1.516486766100801908e-01 1.360644001780127732e-01 3.163981696852488645e-02 2.634626428077294635e-01
5.918205323536341877e-01 5.712848002587782581e-01 7.403538139440789534e-01 4.231114355901177682e-01 4.295611098646308079e-01
5.830124233006516166e-01 6.030704541113761641e-01 7.693203572175959515e-01 4.582369139749353226e-01 4.328396270207361951e-01
1.027040440780751851e+00 9.776664396689382919e-01 1.013340086486954394e+00 9.756594006064458480e-01 9.916530353494340533e-01
8.617287352589865501e-02 1.896132075335309475e-01 1.104888994235089239e-01 3.321755342777106546e-02 2.663836162406519881e-01
8.798355934142103596e-01 8.699868011778891796e-01 8.931771257883376336e-01 9.482123169433115395e-01 7.195211130192631366e-01
9.445372022390622346e-01 8.335059602864737238e-01 8.848998033357536874e-01 9.962710691992513468e-01 7.401596154598772959e-01
6.822438635322203293e-01 7.578484421448287156e-01 9.009723623892454958e-01 4.202870058505453477e-01 7.033647152292182847e-01
6.345441353987049116e-01 5.955490932662331760e-01 7.430994871986149608e-01 4.154348469072121075e-01 4.116023586173075399e-01
2.686977363451409362e-01 2.582352935790782067e-01 1.617307592665788440e-01 5.662986623798785812e-01 3.153278031630004086e-01
3.897406604896033189e-01 4.160062987582385241e-01 2.481502496425936899e-01 5.707919730254853441e-01 5.846062052680286447e-01
8.094377449008250541e-03 -9.636006974992705407e-03 -3.461741622793126222e-02 2.371672722259917862e-02 -7.951017756177968659e-03
-1.349129909611571435e-02 1.792743059784085088e-02 -1.697620781219001326e-02 -1.021782127908862220e-02 2.619843226768293898e-02
6.993196884386008172e-01 7.680771516412158162e-01 9.001817562974997466e-01 4.161801770963042268e-01 6.337330768328295338e-01
2.455293054235473116e-01 2.487097716706931361e-01 1.239796223273087333e-01 5.885532133450788184e-01 3.079077855892718985e-01
3.352594551295609571e-01 4.031497783632982945e-01 2.568005122354645176e-01 5.732428085628082925e-01 5.901204122235468308e-01
9.690800464711150086e-01 9.767622905624838703e-01 1.019714860012542745e+00 9.610470214256091603e-01 9.912107081334097236e-01
6.588115629321296129e-01 7.550400141073919658e-01 8.754515745051649755e-01 4.499745500165273082e-01 6.798468259437830952e-01
9.398803878411685631e-01 8.572674037167475891e-01 8.451852825647391265e-01 1.001418834702072491e+00 7.504556019829501379e-01
1.000152664911229117e+00 1.027026460154110143e+00 9.757849126873410217e-01 9.681208837872143924e-01 1.014286764708083322e+00
3.130857086128948641e-01 2.400923853810145170e-01 1.149606727170246617e-01 5.463995585840061286e-01 3.526458979340167943e-01
6.162136699445466825e-02 1.747268508884303739e-01 1.210842653309571054e-01 2.836838427919370284e-02 2.583017963387252425e-01
9.620744760599282686e-02 1.402331753333899977e-01 1.071807730589023067e-01 3.708894435920859906e-02 2.751057374744029782e-01
9.833424778305693836e-01 9.806924168915924778e-01 1.009060447187705600e+00 9.942391678921630449e-01 9.920241381767240796e-01
6.413980516723254421e-01 5.693645075757353125e-01 8.002518563119364048e-01 4.058017376130638176e-01 4.270108658890789388e-01
-1.558903806197408162e-02 2.747061365270962383e-02 -1.714325530012485513e-02 3.156687229854138188e-02 -3.637751845941705753e-02
9.524379246614279593e-01 8.422373296410416987e-01 9.013174631005642645e-01 9.894683545441458339e-01 7.530161098956952292e-01
-2.149773690974525649e-03 -1.434794213984742252e-02 1.738448755013521224e-02 -2.091690601036745242e-02 -2.197209771807507803e-02
9.095720286429688217e-01 8.479852695050109634e-01 8.842407907778540022e-01 1.001199980588254101e+00 7.296198627211447629e-01
8.483555233740557033e-02 1.537432126841186408e-01 8.685203704620662879e-02 -3.424388856718658253e-03 2.899986399603263765e-01
3.787069505241442702e-01 4.130164676171001470e-01 2.304108373590184333e-01 5.315095178016254751e-01 5.817351775386837565e-01
-6.828436293393099973e-03 -1.381140880097038622e-02 2.087915615439981526e-02 -3.577543870322046765e-02 -3.576710568055345256e-03
6.118279525383933937e-01 6.149133092718689353e-01 7.942308284426364828e-01 4.463919505360970374e-01 4.154016609130568027e-01
3.696187034058932008e-01 3.816139895163987994e-01 1.890328047679889767e-01 5.614835526323267434e-01 5.828362806433750043e-01
6.548625756566672784e-01 7.956591751024684189e-01 9.007591130696807058e-01 4.289463418061985611e-01 6.792689582412799743e-01
1.035979673648492527e+00 9.658126205730044322e-01 1.004373247912829115e+00 9.774003353589745258e-01 1.032252372242482341e+00
-1.091694456870977679e-02 -1.268503194804959482e-02 1.876404023230431733e-02 -9.974051117280094761e-04 -1.293230874895480442e-02
9.522517032265539472e-01 8.375864393123066964e-01 8.558467583226776476e-01 1.007324357953640614e+00 7.349234898556099571e-01
6.470099182925302950e-01 5.970395376279930000e-01 7.910404296920854339e-01 4.522871643660953955e-01 4.345212113458564729e-01
9.771208307683303396e-01 9.876026735766608722e-01 1.022676567488842725e+00 1.011516912470672658e+00 1.014464206578751915e+00
5.858330514195168037e-01 5.922374690907854511e-01 7.543204149852928975e-01 4.186786211090708920e-01 4.240152503086507263e-01
2.904479520347428845e-01 2.348270555092472900e-01 8.928582382604507983e-02 5.614200695608542180e-01 3.024966103390772654e-01
2.889693391818299109e-02 2.445275991499807136e-02 -2.040431651144517661e-02 7.646520786948635996e-03 -2.149933927923131094e-02
3.736944340007211651e-01 4.030681369822107230e-01 2.531566438290016596e-01 5.922084495374477786e-01 5.753681744859766578e-01
9.114072960628495368e-01 8.313338467299558054e-01 8.968614074737538688e-01 9.677618624671371350e-01 7.203703567792398843e-01
3.064794862713582368e-01 2.362479927611558783e-01 9.752644349147776559e-02 5.215624303155166341e-01 3.080225823627478210e-01
-1.053771473842247258e-02 -5.802413227275273616e-02 1.018721562354008014e-02 -2.479505687974430106e-02 -3.664855523539928966e-02
9.232608703831060026e-01 8.625190441324560586e-01 8.896521794935231542e-01 9.657421775257551966e-01 7.504936878179615523e-01
1.021864250720612155e+00 1.009613257734845337e+00 1.024708690398278055e+00 1.010672933096833370e+00 9.954956264768922702e-01
3.847690782121054864e-01 3.895000842680167441e-01 2.443525877371004185e-01 5.741326166825648780e-01 5.692532232610196807e-01
9.707581130190991170e-02 1.680493599338266086e-01 1.179261181345086784e-01 6.400904614858097391e-03 2.738450634394787864e-01
3.828619216700481220e-01 4.030373344653429557e-01 2.200865439102042687e-01 5.507426432533139016e-01 5.865383506491256282e-01
8.856848220434272445e-01 8.407982017526471896e-01 8.805230178114079598e-01 9.879512500972922329e-01 7.359359207827178562e-01
9.406983539411880590e-01 8.202598914242920092e-01 8.973674745778605910e-01 9.947714196099837203e-01 7.295040525990450497e-01
2.978395756547430051e-01 2.790193406438301049e-01 1.142567591312576847e-01 5.781880192024486664e-01 3.372772058348518787e-01
3.085241138142517103e-01 2.650110229280162044e-01 1.159834605182493567e-01 4.906580216811320394e-01 3.228998294208718645e-01
3.631259440846661135e-02 2.061673461975217433e-02 2.945829106021007060e-02 2.999897443906424099e-02 1.601821169345494372e-02
9.356110311774136490e-02 1.627346404862737572e-01 1.669717816528996923e-01 4.912630743830025126e-02 2.638947146741754124e-01
3.784054171770922514e-01 4.084105064202204205e-01 2.273308893659629071e-01 5.719992876849218089e-01 5.960253285357047792e-01
3.844985236437368798e-03 2.241575748308421989e-02 -1.789617731394733610e-02 1.204794276520102306e-02 7.364480802973860651e-03
9.391512354345059599e-01 8.740761540019664766e-01 8.781524300440702868e-01 9.877566663842346495e-01 7.278889810011481831e-01
9.685085457236249917e-01 1.015159014853611374e+00 1.001605523484914606e+00 1.006891843517113250e+00 1.020026833455474735e+00
6.046163983728388702e-01 6.182910752858536974e-01 7.768829754392906350e-01 4.560448937466456409e-01 4.088603888252672625e-01
8.176519504573401265e-02 1.857551229699880291e-01 1.255880612223267134e-01 -7.701458441291476886e-03 2.807524340149405440e-01
1.009663896449343179e+00 1.018861977534230467e+00 1.005798993888873172e+00 1.007121026308579914e+00 1.026082325517994054e+00
9.472845302618845831e-02 1.905565322980898313e-01 1.558504760743984474e-01 1.015907914790309050e-02 2.397341581011769585e-01
3.412707098136505968e-01 2.554156350448923973e-01 1.372463434330036536e-01 5.362129325142335201e-01 2.751816829074855142e-01
