2.900236454038339629e-01 2.627678748854183621e-01 2.989872582881355489e-01 1.008644807148153799e-01 1.662539409128777068e-01 1.984944241261029640e-01 1.229004709267197681e-01 1.596157732446122357e-01 1.182170591462345655e-01 1.257795608349451810e-01 1.917604580320186880e-01 3.397679515587364585e-01 4.074415804222129567e-01 2.854797830704433603e-01 3.851187004349098664e-01 2.002696871616264640e-01 2.192765576599475241e-01 9.887450291178798145e-02 2.432693723891232174e-01 4.067824193780887887e-01
6.516303871372508549e-01 5.121924132061075330e-01 4.908030765288733388e-01 7.217733045828074179e-01 5.871147063658944676e-01 5.723743809765023949e-01 8.307137391732744014e-01 7.444319240577853547e-01 4.680056786198315000e-01 3.004863715655044509e-01 6.000294759281661339e-01 6.169734790483321074e-01 7.620683533419341238e-01 5.922524959411329393e-01 7.540806592415697507e-01 6.940131292544289288e-01 4.218061762385150737e-01 4.963621957255369699e-01 6.491016763861578998e-01 7.470670619241095434e-01
7.778750583592046741e-01 9.703308884153697411e-01 8.136960543113171962e-01 9.009343569587709988e-01 8.680107221031528875e-01 8.523485146480687114e-01 9.021057511288413933e-01 9.653543583309510678e-01 9.428697140281536715e-01 8.916591141206373639e-01 8.954348756335576143e-01 7.157149537587391697e-01 6.410599331965812775e-01 7.557689149980159060e-01 6.779417119980853945e-01 8.766957072214944802e-01 8.630007501635991174e-01 9.664394146156717325e-01 8.049254995227264065e-01 6.218668447579064340e-01
3.107759836091822381e-01 2.400004405902986526e-01 3.196450709780584432e-01 1.273376926878151405e-01 1.495764115773438041e-01 1.972592644878004287e-01 1.101614972007260163e-01 1.972145696019605154e-01 1.266584908866587589e-01 1.275166858318310670e-01 2.469608041885610339e-01 3.748457943134482773e-01 4.191444671632431618e-01 2.684702882611436636e-01 4.392099476220351351e-01 2.153884235296591732e-01 2.309646540579580187e-01 9.758410175427577327e-02 2.257864439974263948e-01 3.946118688407459496e-01
2.856598129461067614e-01 2.549089025035374823e-01 3.862390439007769016e-01 2.297316596225472407e-01 3.657566457666523441e-01 4.018743025217060283e-01 1.583144428624083666e-01 1.288627130450952230e-01 5.103933065880120745e-01 6.583755305554106485e-01 3.033922903747639510e-01 2.963095508564343450e-01 1.987642094071281063e-01 3.250611908377127879e-01 1.807186293258315757e-01 1.946141560194847298e-01 5.109401867360455762e-01 4.324848649884092122e-01 2.644949990617998514e-01 2.482517487943343704e-01
9.834838130134000433e-01 9.761766339721703600e-01 1.000000000000000000e+00 9.729226659052945259e-01 1.000000000000000000e+00 1.000000000000000000e+00 9.763212060290759053e-01 1.000000000000000000e+00 9.761187306135101771e-01 9.876078793605502781e-01 9.873797759289013598e-01 1.000000000000000000e+00 9.746509421379759841e-01 9.762794916303043635e-01 1.000000000000000000e+00 1.000000000000000000e+00 9.943960632208125316e-01 9.525746092525247954e-01 9.810141713691367116e-01 9.789589203732456113e-01
7.512882891872248170e-03 0.000000000000000000e+00 0.000000000000000000e+00 0.000000000000000000e+00 4.780577644083023291e-03 0.000000000000000000e+00 0.000000000000000000e+00 0.000000000000000000e+00 1.472308002492454630e-02 4.188241394601489864e-02 1.173404889827184792e-02 1.987613950487211387e-02 0.000000000000000000e+00 0.000000000000000000e+00 0.000000000000000000e+00 0.000000000000000000e+00 1.187542265480233221e-02 0.000000000000000000e+00 1.779185016799060548e-02 0.000000000000000000e+00
5.416323808544436513e-01 2.766520554063326975e-01 6.004923168283886614e-01 3.325689866297132369e-01 5.192160632050456526e-01 5.021971949206798236e-01 2.990339519552966396e-01 1.779228186386292987e-01 5.377844285699600047e-01 7.882751350690354597e-01 3.894600896263418210e-01 5.638028885934651679e-01 5.833339731406197437e-01 5.842393492714480496e-01 4.467766328719006697e-01 3.632087009416002377e-01 6.971137861043287254e-01 4.939191609888071710e-01 5.275643681280053343e-01 6.291257365748271768e-01
5.666638823297363847e-02 2.074730395522128290e-01 1.041345468147144293e-01 0.000000000000000000e+00 4.278892662694473020e-02 7.132334472718536433e-02 0.000000000000000000e+00 1.010787959063743080e-01 8.839639321943239259e-02 1.657912818236284905e-02 9.207684767467079479e-02 7.061623613304791880e-02 2.943943712597071882e-02 6.607182781043506592e-02 1.023068288819785066e-01 1.107248043448385844e-01 4.062153756943145955e-02 3.344834460189557990e-02 2.114265360692197185e-02 1.662398320262552243e-02
7.407055114861946787e-01 7.406806760592407057e-01 7.025359577321735882e-01 8.600961232297108516e-01 7.928945260433801767e-01 8.093028578637552206e-01 8.628440443936961080e-01 8.189391877585699975e-01 8.745398246066400372e-01 8.925154063872355881e-01 8.116378131761871062e-01 6.412104980443252833e-01 5.766584515863636407e-01 6.749456792039835173e-01 5.938518398927896680e-01 8.071517727397773401e-01 8.200313704841923901e-01 9.634391470953049819e-01 7.155217181701696294e-01 6.404233116152199257e-01
7.612658466594290907e-01 9.625012395475535110e-01 8.326812903187612580e-01 9.181021267310196521e-01 8.785066147672554449e-01 8.539444366923591989e-01 8.784266143816701344e-01 9.274615343534993173e-01 9.345703855776792413e-01 8.946818909450324764e-01 9.163690719021575504e-01 7.396004171195332821e-01 6.495435822651209890e-01 7.336350246611625936e-01 6.983499666552633878e-01 8.866305637069840095e-01 8.507047941322847251e-01 9.556840239833956918e-01 7.515661075341898423e-01 6.162933478763872319e-01
9.490026995247287100e-01 7.568155266058211872e-01 9.392039267300080763e-01 9.341045430294057095e-01 9.434796642237031072e-01 9.338684237553844802e-01 9.832950385349246147e-01 8.998479118616913297e-01 9.389452201153176691e-01 9.753686073221645714e-01 8.821777043383901562e-01 9.213334578988702228e-01 9.548758334585570884e-01 9.417415958387345132e-01 9.017830742499710617e-01 8.956162097605955275e-01 9.742234111682940290e-01 9.403602487107444174e-01 1.000000000000000000e+00 9.791546045505020723e-01
7.018280854293712512e-01 7.598699186614206180e-01 6.746292003911460444e-01 8.805998565152706181e-01 8.045827394171917168e-01 7.807052824336994101e-01 9.390037369510065846e-01 8.239372794416559564e-01 9.005623078723025143e-01 8.858389018523930014e-01 8.116576101083859962e-01 6.313787538217932038e-01 6.046985238320047307e-01 6.944679660260797416e-01 5.679592230346985904e-01 7.722102565519750605e-01 7.773602353736875914e-01 9.243880242240267719e-01 7.946355410859164969e-01 6.472373375747786373e-01
7.840434166199988786e-01 9.826044534405071751e-01 7.914618486352956728e-01 9.410002608535876778e-01 9.024450217818319464e-01 8.672087326772612847e-01 8.618969306848026646e-01 9.821866103238884316e-01 9.756294218505568994e-01 8.638235655575179361e-01 9.120612164069561434e-01 7.158797533388543410e-01 6.201483648838309604e-01 7.663356643740656393e-01 6.986735591356284525e-01 8.123155754148493335e-01 8.124298231347377719e-01 9.788916703716288303e-01 7.808550258541465672e-01 6.299589381281470724e-01
9.897097083270441908e-01 1.000000000000000000e+00 9.967385182179150371e-01 1.000000000000000000e+00 9.871336376456939510e-01 1.000000000000000000e+00 9.892035462022126246e-01 1.000000000000000000e+00 1.000000000000000000e+00 9.700308087882141272e-01 9.722478868093599180e-01 9.783716282294786515e-01 1.000000000000000000e+00 9.917532914932297716e-01 9.918007388318762496e-01 1.000000000000000000e+00 9.804603929511239713e-01 1.000000000000000000e+00 9.933516073340314945e-01 1.000000000000000000e+00
7.322565846020132607e-01 7.293675194619211322e-01 6.571162871303790620e-01 8.711842218853220743e-01 7.890960543428384710e-01 7.879262852459786304e-01 8.903330525806936180e-01 8.048061515202225014e-01 8.796443969901217574e-01 8.200829347892463206e-01 8.089823620227187817e-01 6.261122229817045470e-01 5.698642770720734330e-01 6.973177918064827896e-01 6.066708070200291791e-01 7.824833764246856838e-01 8.116458647135779136e-01 9.433753321222411170e-01 7.753948489212156847e-01 6.307673779817011273e-01
6.967865317064378949e-01 7.461932808421930519e-01 5.971762436671972374e-01 7.573926222274949271e-01 6.137968606754368173e-01 6.040698577998556695e-01 8.191512298406303794e-01 8.735519561927775900e-01 5.255685485582319849e-01 3.665292908521214366e-01 6.915704992877420576e-01 7.367030342677343135e-01 7.883905980423804305e-01 6.617069991148456509e-01 8.676302620271059141e-01 8.209649392298901116e-01 4.997323056915487505e-01 5.558247173794019780e-01 6.985760701186302102e-01 7.553954002690539404e-01
3.631706664167177467e-01 4.835687272688465876e-01 4.728360870084837853e-01 3.131207230747655723e-01 4.409627049511483099e-01 4.433841270094526221e-01 1.873137927025637917e-01 2.418584371415020418e-01 5.814098295634073654e-01 6.689689729161405474e-01 3.777701385139689005e-01 3.641839534119422628e-01 2.361025832949054104e-01 4.158239417693698758e-01 2.333673887052613583e-01 3.040470964124490361e-01 5.571871965605417198e-01 4.876239543101756335e-01 3.219292073733959758e-01 2.299525024052988531e-01
7.271117749503547278e-01 7.648742153052292547e-01 7.040973641079157908e-01 8.766464762164939417e-01 8.189949504707435546e-01 7.823698166989938585e-01 8.801530780517383690e-01 8.420190823869088126e-01 8.768924652268711428e-01 8.425736190003572101e-01 8.057941923789673222e-01 6.555700463837369485e-01 5.908728508874270258e-01 6.949822896396607996e-01 5.975372886341157042e-01 7.967367032076726474e-01 7.816488428960874923e-01 9.400774983137861751e-01 7.514816971648634603e-01 5.865167859808062545e-01
4.907907699111629940e-01 2.843330864102819877e-01 5.935049938851010287e-01 3.283988659421225309e-01 5.069721132378167683e-01 5.402738249919084579e-01 2.989780877807614590e-01 1.947640579405769956e-01 5.512816616252382840e-01 7.588914640122237376e-01 3.947060287855986838e-01 5.629546145429311643e-01 5.876446451887152866e-01 5.710138076197861512e-01 4.441527804371210308e-01 3.333405488804326300e-01 6.963977852172766880e-01 5.247909189014539066e-01 5.108105446931224813e-01 6.151561143123497333e-01
4.871003728209932770e-02 2.231796831551884353e-01 1.033626235119284864e-01 3.272756594295084948e-02 5.047189399900448015e-02 6.208999582360204272e-02 0.000000000000000000e+00 7.952783881129874000e-02 8.304751176639856014e-02 0.000000000000000000e+00 8.440141247548380021e-02 7.495225487277201726e-02 4.612977621230335973e-02 1.017225545144881116e-01 7.615741917618604195e-02 6.627830492649858241e-02 7.060212327999983162e-02 7.752043219826731946e-02 8.551435792104955871e-03 2.663243874756007247e-03
4.268859747159068352e-01 7.392922538280950473e-01 3.945474397111518594e-01 6.743970833904402440e-01 4.931794423782867587e-01 5.200429794319408883e-01 7.087948909054115898e-01 8.505926311481489810e-01 4.436512112648875461e-01 2.222055306031619493e-01 6.004360126065504399e-01 4.384254550823642460e-01 3.926199212966865471e-01 4.528618197662820366e-01 5.567060234315617251e-01 6.333051422136690700e-01 3.230859030701176415e-01 5.016195641744687350e-01 5.149003586321455606e-01 4.131238771654073272e-01
7.785038597779702085e-01 1.000000000000000000e+00 7.721908179396655969e-01 9.002210563550445688e-01 9.032080955695693802e-01 8.509822075786535045e-01 8.898096142088924854e-01 9.426481991887779577e-01 9.572566247804393802e-01 8.894323632059494278e-01 9.156011753471934300e-01 7.409228972348235187e-01 6.171606820586043041e-01 7.719128363865760400e-01 7.027165241217719904e-01 8.486040556826184300e-01 8.110987635602809886e-01 9.573591139893835589e-01 7.797272186058225030e-01 6.225629460702796214e-01
9.812521992622553757e-01 7.593092738321307600e-01 9.308322056107942721e-01 9.479389540329221653e-01 9.165016702183546027e-01 9.468962556901157068e-01 9.912379853560877585e-01 8.442071865843766565e-01 9.541229010311346181e-01 9.740216301614307293e-01 8.982306064013861890e-01 9.448355229235803066e-01 9.448976248699435532e-01 9.072697110284372313e-01 8.625668239634536327e-01 9.409095139619095827e-01 1.000000000000000000e+00 9.756283412753085083e-01 9.647029870530413609e-01 9.929349447720292599e-01
7.734075425131173853e-01 9.497650089472463586e-01 8.063410058954523230e-01 8.893063352295507151e-01 8.834146344723372568e-01 8.820202231738938359e-01 9.162704910355787824e-01 9.304812098731257697e-01 9.009088367591306934e-01 9.112191400815327080e-01 9.256134801504258824e-01 6.810734269799770813e-01 6.083637071953280628e-01 7.814269607135281293e-01 6.789037985685241194e-01 8.557838631329954815e-01 8.596527564409846001e-01 9.319116602455014275e-01 8.016241691586067919e-01 6.415235264124995451e-01
2.822356980984018771e-01 2.821230531554976828e-01 2.998914451624710709e-01 9.870951516794590486e-02 1.688919456091065863e-01 2.027032817612122173e-01 1.310780484257996481e-01 1.640719463704035930e-01 1.205450621585825166e-01 1.239030020811061478e-01 2.349930481424052364e-01 3.644559508673346770e-01 4.066994811342513061e-01 3.106069751792133182e-01 3.949660552070206054e-01 2.004440048958434639e-01 2.526916174211793487e-01 8.754503849969005880e-02 2.338946094564371414e-01 3.835391241895108605e-01
7.289670457642346557e-01 6.988466763499348033e-01 6.777125372976366968e-01 8.969379519376646792e-01 8.267002347805977314e-01 8.405641808956448857e-01 8.956070211315318996e-01 8.045843410304550636e-01 9.277582608082400872e-01 9.045816157085991849e-01 8.227771867106427051e-01 6.253582374803604571e-01 5.914508055613261206e-01 6.750377675777934350e-01 6.331865405760175314e-01 7.580258130731822863e-01 7.540204585015243266e-01 9.389968579894132361e-01 7.600814913835529651e-01 5.981471844809466143e-01
4.271222617902106222e-01 4.907858725428072555e-01 2.901722131268690275e-01 6.272924631880926194e-01 4.436883554084389836e-01 4.473698761058924611e-01 7.154310830305391500e-01 6.542949166255457305e-01 3.735151740484701222e-01 2.104059008968818534e-01 4.813634638554617484e-01 3.399715405958192438e-01 4.227790008513978015e-01 3.612542523403716732e-01 4.203983984713758337e-01 5.685152926401593199e-01 2.537085508609743800e-01 4.095010858632022743e-01 5.102934802855279006e-01 3.916495529984798107e-01
5.713416721682827992e-01 5.481879264899088833e-01 6.820319101086167457e-01 3.526443693911811006e-01 5.811042700323484356e-01 5.853568667164510408e-01 3.043971607613749075e-01 3.007444194103504054e-01 6.027325287647475882e-01 8.139678588995324926e-01 5.042480302540681691e-01 6.617209827681823642e-01 6.576081523758168235e-01 6.548556372971816586e-01 6.062214948929799396e-01 4.163657386073031930e-01 7.083201148713311746e-01 5.426640116069676445e-01 4.968472345495447695e-01 6.542990380380212523e-01
6.078877073416646404e-01 5.050406137270380125e-01 6.795775215461344887e-01 3.932429987619555090e-01 5.466792722253125403e-01 5.943338496770701473e-01 2.726703400944608946e-01 2.643265494821643302e-01 6.028816863276131865e-01 7.764122717543888719e-01 5.231171597991449707e-01 6.226211090147719673e-01 5.831863383290010194e-01 6.342012815008817306e-01 5.589235174051890853e-01 4.176319396127541883e-01 7.399265809126526205e-01 5.288121666369474116e-01 5.084066178902379995e-01 5.860619280824269639e-01
4.480163992426760000e-01 7.364286330463135632e-01 4.156214126862310398e-01 6.931059471278682160e-01 4.964417654252772372e-01 4.602880562068105141e-01 7.140597372229614548e-01 8.232963577215066664e-01 4.662578082959646930e-01 2.556540290079831190e-01 6.248810841443313002e-01 4.503606995619956477e-01 3.913384151277845002e-01 4.566345968182268789e-01 5.530042556664954700e-01 5.965613213703337969e-01 2.656235687074760543e-01 5.041951404182122287e-01 4.746800969655035063e-01 3.627334603795971946e-01
6.987159547983744501e-01 7.291713918932869465e-01 6.954473154059809259e-01 8.586037092085281319e-01 7.793427048374566013e-01 8.311609287340819829e-01 8.910151288391764401e-01 8.370380434895507982e-01 8.734967009025708107e-01 8.679314509515014819e-01 7.996893454479071517e-01 6.722553319642481373e-01 5.940525589884646518e-01 6.849613145081254739e-01 6.014226271303674265e-01 7.846977528614372810e-01 7.992753227125469762e-01 9.304887581077632142e-01 7.512021566196273037e-01 6.081026669203742907e-01
3.389413323885647755e-01 5.267135384494657790e-01 4.670144688748114614e-01 2.837089095290425966e-01 4.250253648222421243e-01 4.091460623567869659e-01 1.661517185757667714e-01 2.571836024781383734e-01 6.074574402566152997e-01 6.832238257552257776e-01 3.744984011153255632e-01 3.354077943395052386e-01 2.224831231011192567e-01 3.834427496678881608e-01 2.521542870053334329e-01 2.648096296211593925e-01 5.620273022376445216e-01 4.680434542174291557e-01 2.693384991371196580e-01 2.446138277670896755e-01
4.509209445006001626e-01 6.840591924509402677e-01 4.109524600114279891e-01 6.453878029766929592e-01 4.879882204600512474e-01 4.667884490440160628e-01 7.021186148110477587e-01 8.272139888372929128e-01 4.593798537583464459e-01 2.048333482782342396e-01 6.198872463927933563e-01 4.307276843164633551e-01 3.768670838977985493e-01 4.407381543332947738e-01 5.237164953657421629e-01 6.595930543104308041e-01 3.398759641362794071e-01 5.210155940262090057e-01 5.271028344143346978e-01 3.716141541369089585e-01
6.055597722220306123e-01 5.183799648405886806e-01 6.973285977477172715e-01 3.640496305906976704e-01 5.686198768316619301e-01 5.885180198806626573e-01 3.038000470229273442e-01 3.085089596893996755e-01 5.695944432201801577e-01 8.124137499763525172e-01 4.733543904498431210e-01 6.348573332474751751e-01 6.275184485967862935e-01 6.510609038233343693e-01 5.551336044453397678e-01 4.351036419196367966e-01 7.316730773296893364e-01 5.404825103999577607e-01 5.081104888837074673e-01 6.199017643837473335e-01
6.438095322854262559e-01 4.666651360373576529e-01 4.927735089390383738e-01 7.531239499677463423e-01 5.957932527869874706e-01 5.512175952180701222e-01 7.995388392353395268e-01 7.214097322260605294e-01 4.331864343935702411e-01 2.945025670905557780e-01 5.935366547879102894e-01 6.338529710200045963e-01 7.545366056995006510e-01 5.942955575545622038e-01 7.632463666285015380e-01 7.334694258852200166e-01 4.162929997100837110e-01 5.187661301985545537e-01 7.035033906894787581e-01 7.648677990793516512e-01
9.847525735209098352e-01 9.979935291456009105e-01 1.000000000000000000e+00 1.000000000000000000e+00 9.604029529366162610e-01 1.000000000000000000e+00 1.000000000000000000e+00 1.000000000000000000e+00 9.968410401333880344e-01 9.720771799369174460e-01 9.939852597799587741e-01 1.000000000000000000e+00 1.000000000000000000e+00 9.994547459498593911e-01 9.859679851847250598e-01 1.000000000000000000e+00 9.924965133897425407e-01 9.838211735170886429e-01 9.754043271724323061e-01 9.864104124057945233e-01
3.382749960357206986e-01 4.756204654573581436e-01 4.735802348286575758e-01 2.961120896128061064e-01 4.179390425888511174e-01 3.926289503873717779e-01 1.673219132012965238e-01 2.555922459648227174e-01 5.218958126673876041e-01 6.652853250220178705e-01 4.160360427304371500e-01 3.600777901808115966e-01 2.688994701898752004e-01 3.940442777197911139e-01 2.459068009463161730e-01 2.959720057335303856e-01 5.554844958498205143e-01 4.996051720033992116e-01 3.074368842301569149e-01 2.467982144566659153e-01
4.126695800262740466e-02 2.378834927600969873e-01 1.242439712231528937e-01 4.541588518903502680e-02 5.251554157701100040e-02 7.249887611049118941e-02 0.000000000000000000e+00 9.527901731164387100e-02 6.832552507431663424e-02 1.273521640384794006e-02 1.145095244893179071e-01 8.918726474766523749e-02 2.687776775154723102e-02 5.323102506900524028e-02 1.070283243678327861e-01 6.644803639646608417e-02 6.438638722036112150e-02 4.446705007228747564e-02 1.054305578009758285e-02 0.000000000000000000e+00
2.595428243572788785e-01 1.884156295204535841e-03 1.998863618302971490e-01 6.730603707638876942e-02 1.438858642537300392e-01 1.536435301135339604e-01 1.322803468582084141e-01 4.921448812547340318e-02 3.222244863352778654e-02 1.617864992138834945e-01 1.192141258811539734e-01 2.473018443551688872e-01 3.856083111435050781e-01 2.265777743343846684e-01 3.200975796371156035e-01 1.481583739127665389e-01 1.629913310040537466e-01 4.733600542724370613e-02 2.120193533001669128e-01 3.883789043318602308e-01
3.122701251919949295e-01 2.324799559692567741e-01 3.039200280386172293e-01 1.555561968045204024e-01 1.726191178158711370e-01 2.302578741564221543e-01 1.403140295019282835e-01 1.972739818321722627e-01 1.048713136905794346e-01 1.498925925078737342e-01 2.100233209204033502e-01 3.620889650321956199e-01 4.364260692626625304e-01 3.103259545708155764e-01 4.019542795504940091e-01 1.996388844271605734e-01 2.468362959857567651e-01 7.217911405369611955e-02 2.606921307092412987e-01 3.926260150646116442e-01
4.244542382029648508e-01 4.697578013330400704e-01 3.150784355917311541e-01 6.047781156133745784e-01 4.325188619656037958e-01 4.502966029291552430e-01 7.198532074099834865e-01 7.078528406895837621e-01 3.878225384824200428e-01 2.101096344814036843e-01 4.792532822520170765e-01 3.360226982582912858e-01 3.451660097247397641e-01 3.542932928111681701e-01 4.323301111895388460e-01 5.603459901699963108e-01 2.454731642278239756e-01 4.897608702935862812e-01 4.922465411149812287e-01 3.702125418253738864e-01
2.503667619509452602e-01 8.980427843089836687e-03 2.402949015259860654e-01 6.387465548941610727e-02 1.339883967111570595e-01 1.597574333166774385e-01 1.239841691213659503e-01 7.576964998798119133e-02 7.339886774793151492e-02 1.175230052527682090e-01 8.782757215996360445e-02 3.254803955036353891e-01 3.751965133251213835e-01 2.056847004924129974e-01 2.839860218987433349e-01 1.614320018009909596e-01 1.583829300391881578e-01 1.760725956707930376e-02 1.654087183215107448e-01 4.001260142981077905e-01
6.588987219752482360e-01 4.999034775084192916e-01 5.257046125129306580e-01 6.942844102392168315e-01 5.643320354174179432e-01 5.475375501210262286e-01 8.183222520183370818e-01 7.258806636570040993e-01 4.435039419007297812e-01 3.030694155008510915e-01 5.990628185635843428e-01 6.069801197647826108e-01 7.369639307470311484e-01 6.264881365335416286e-01 7.498111152539665980e-01 7.504111686196316411e-01 4.413891135108605202e-01 5.284804656942077017e-01 7.221932339135027634e-01 7.564633460005026899e-01
9.778174998074636859e-01 1.000000000000000000e+00 9.959309868307183455e-01 1.000000000000000000e+00 9.836738656059362818e-01 1.000000000000000000e+00 1.000000000000000000e+00 1.000000000000000000e+00 1.000000000000000000e+00 1.000000000000000000e+00 1.000000000000000000e+00 1.000000000000000000e+00 1.000000000000000000e+00 9.878441753897174715e-01 9.743691588319336461e-01 9.801198775937679519e-01 9.684551787652165844e-01 9.828335889986483664e-01 9.943867034732237764e-01 1.000000000000000000e+00
7.179781414966626141e-01 7.113291686686312731e-01 6.739760414513548126e-01 8.785758488094302932e-01 8.504102344308847039e-01 8.106546128712519561e-01 8.939562873516345709e-01 8.208655947914839102e-01 8.855274987425919564e-01 8.755265768637958690e-01 8.018251773165177010e-01 6.477671269313558522e-01 6.233041219501774810e-01 6.949069152934408411e-01 6.026605763213099820e-01 7.525809276413325533e-01 7.790482603293367170e-01 9.370659211869277749e-01 7.734498299609215977e-01 6.106644690899080130e-01
3.673410050416668626e-02 6.413407751502913159e-03 0.000000000000000000e+00 5.735968449651206169e-02 1.098760679930048390e-02 0.000000000000000000e+00 2.610716968165899612e-02 0.000000000000000000e+00 0.000000000000000000e+00 0.000000000000000000e+00 0.000000000000000000e+00 0.000000000000000000e+00 0.000000000000000000e+00 0.000000000000000000e+00 1.954413145221762030e-02 2.630923896890069100e-02 2.774833301134649668e-02 0.000000000000000000e+00 0.000000000000000000e+00 0.000000000000000000e+00
3.650345552196722632e-01 5.089076139663244458e-01 5.064034073896258592e-01 2.861765573622425674e-01 4.018289789302558201e-01 4.421797234545614130e-01 1.995376185641336564e-01 2.494350063664887152e-01 5.244324191756275511e-01 6.596507017097766878e-01 4.019951549883430952e-01 3.888095278696044876e-01 2.818821223949636301e-01 3.865382722076703970e-01 2.868820893586350174e-01 2.996243655769519898e-01 5.795573865189651563e-01 4.634497642982939314e-01 3.091753827316728875e-01 2.505400083561002411e-01
3.418285892810417614e-01 5.084138210174065087e-01 5.025290349226732012e-01 3.166486208117074153e-01 4.313814771808333060e-01 4.200613409962539180e-01 2.052154848392371833e-01 2.531724614414020413e-01 5.548310470057687960e-01 6.925700714959196480e-01 3.800937818841219062e-01 3.919513803804368646e-01 2.573101800762343516e-01 3.829776506927868862e-01 2.470632651378027456e-01 2.751155042082585322e-01 5.679758522402891252e-01 4.755029149352797968e-01 2.715563965308864236e-01 2.370621756007115499e-01
7.731736521446110899e-01 9.287759363423518932e-01 7.999815721133718416e-01 9.253133698274140784e-01 8.847131583449520109e-01 8.678336261976012933e-01 9.185119383682043281e-01 9.468126223548273268e-01 9.247779057245733014e-01 8.593518074151529351e-01 9.094117865825583902e-01 6.909053218546808983e-01 6.189742412441546771e-01 7.601646754191192512e-01 6.916489987737326484e-01 8.480745535753773101e-01 7.933364048185946871e-01 9.827760207820757099e-01 7.945297082680475853e-01 6.346848388389938478e-01
7.063451477449573801e-01 7.259226117094758068e-01 6.121039314149525623e-01 7.688544485565448339e-01 6.443016246805460812e-01 6.039633595007072309e-01 8.216895779397510591e-01 8.643513406722233006e-01 5.146607482578406945e-01 3.399138629835614100e-01 7.046422925806644644e-01 7.228324710777666029e-01 7.901636962937702569e-01 6.923975874576684397e-01 8.564940584801550294e-01 7.918754377878035600e-01 4.649653429161211271e-01 5.520265340794207054e-01 6.915146018472205780e-01 7.493503936345030647e-01
9.514671805169374608e-01 1.000000000000000000e+00 9.826274628281601586e-01 9.828085143435533189e-01 1.000000000000000000e+00 1.000000000000000000e+00 9.767121096351968346e-01 9.881383919449389097e-01 1.000000000000000000e+00 9.789933298311338516e-01 9.916095582141010167e-01 9.754916729544164111e-01 9.976148470630989973e-01 1.000000000000000000e+00 1.000000000000000000e+00 9.717403630584904306e-01 9.732371444352592160e-01 9.898006674758784706e-01 9.843355063952260453e-01 9.948787879301852488e-01
2.252712910583360567e-02 2.691222097379922240e-01 9.680198291590509652e-02 1.017566469303097243e-01 5.122926209001066322e-02 4.607056579112726868e-02 0.000000000000000000e+00 1.468180670065267479e-01 4.556890441419264581e-02 2.754142251118004564e-02 1.392277361269578517e-01 1.099653178776709983e-01 3.763143047672966313e-02 7.576991007728822725e-02 8.263306775429025974e-02 5.112637705726531812e-02 1.162190755757220167e-01 5.050372692488908077e-02 1.905988621318112711e-02 0.000000000000000000e+00
7.663524353803243816e-01 9.676980318272736525e-01 8.096410852571472860e-01 9.442360316029599909e-01 8.392377896913300050e-01 8.392904224320966167e-01 8.718722163268816105e-01 9.569458648901786324e-01 9.154931681319012915e-01 9.075459936658238913e-01 8.688286064282485510e-01 6.938908705380828490e-01 6.198068017420436115e-01 7.601324112446732340e-01 6.757909653689134766e-01 8.353132051685612236e-01 8.312485679270207317e-01 9.899473872441648670e-01 7.828292302154747917e-01 6.442933904555301350e-01
5.976091043473542586e-01 5.186828634817733930e-01 6.904385756614610514e-01 3.458960238202458681e-01 5.486614448679399958e-01 5.434257785379412731e-01 3.039891257398763535e-01 2.554122943874761464e-01 5.937076619925786281e-01 7.917792947924845448e-01 4.920419101288728281e-01 6.500391701524327326e-01 6.220220236721853979e-01 6.022988269628066771e-01 5.971515168006531482e-01 4.407151140453353655e-01 7.413640711689835072e-01 5.290505893215333710e-01 5.359600804969005816e-01 6.126511927747568809e-01
4.005083739514239127e-01 4.835103544479298909e-01 3.246655159923463874e-01 6.572253636533721410e-01 4.143588772885388738e-01 4.532133270353478349e-01 7.216621224021779746e-01 7.038330189651016422e-01 3.931815730031592571e-01 2.110248845376100357e-01 5.029947112347321614e-01 3.670861135431510158e-01 3.851932274088042951e-01 3.685979849189142121e-01 4.863900946814928572e-01 5.892051720662674352e-01 2.832324106866281332e-01 5.102635496933776160e-01 4.691642360668246137e-01 3.973101481063323615e-01
4.466822801717109659e-01 7.157089467988648757e-01 3.860925592708183696e-01 6.871436404834931899e-01 4.786656940050219022e-01 4.913402107115915629e-01 7.372502781384450143e-01 8.171903128174248243e-01 4.474832093784006926e-01 2.179842208329386410e-01 5.983904946637341737e-01 4.606762816712717812e-01 3.701064787670151901e-01 4.469267640307812983e-01 5.267337840825263573e-01 6.772107406911183070e-01 3.011290372942984628e-01 4.605721648629123033e-01 5.262360984181206902e-01 3.801541586643079063e-01
6.267618747576083615e-01 5.331988989960226855e-01 5.350271011335403504e-01 6.802485393327525331e-01 5.473336282104843686e-01 5.652341310727965196e-01 7.873078409066193162e-01 7.273911289454232376e-01 4.715459044220201013e-01 3.226235825120140066e-01 5.916763117322771937e-01 6.477686692479747155e-01 7.770702406866237810e-01 5.822549566814633204e-01 7.436442646207295226e-01 7.193148992946457598e-01 4.324515185893772484e-01 5.382549720691838235e-01 7.134417403240228550e-01 7.890988061135071341e-01
2.410607362392083453e-01 3.524187917216814458e-03 1.722097926988413741e-01 5.079015013489080604e-02 8.667421534669003669e-02 1.206708008838676682e-01 1.301969039676760531e-01 6.462877378578993359e-02 8.701905158315220712e-02 1.111334360108676700e-01 9.083204376668910229e-02 3.105163722060432785e-01 3.956189376550297565e-01 2.083160781029412267e-01 2.947217061409126426e-01 1.515184313284458628e-01 1.742058342007744842e-01 1.565794620422973973e-02 1.994825250789811211e-01 3.817293899163967108e-01
4.558360026754897376e-01 7.199048339414005904e-01 4.055274153018590955e-01 7.101713896091499389e-01 5.002359504439491955e-01 4.652319594103425104e-01 7.011824628246114965e-01 8.246081434964939172e-01 4.391415841662145159e-01 2.082418301233663060e-01 6.425359870624616221e-01 4.469525152821104408e-01 4.263085308652150296e-01 4.552541189727450921e-01 5.041571322617911521e-01 6.248942345885999394e-01 3.243940433719100791e-01 4.767374243543937018e-01 4.740064176765825255e-01 3.568571132674648316e-01
3.074594447210124426e-01 2.544734636675834438e-01 3.894260860581218453e-01 2.417534215196651681e-01 3.784824105282552087e-01 3.822996099575240447e-01 1.807890162500643549e-01 8.127842246883018595e-02 4.679155469900929121e-01 6.838727776984113715e-01 2.593206534727849344e-01 2.789705553444572494e-01 1.900852590987727742e-01 3.104426397584546526e-01 1.782637712023946164e-01 1.708518309972466009e-01 5.380564107207602698e-01 4.529388300206642071e-01 2.798284823190188564e-01 2.090887786055279363e-01
6.531005086556372907e-01 4.994510665175300734e-01 5.005925505173446366e-01 7.148087148003399172e-01 5.689754616628657224e-01 5.497500366103558189e-01 8.600447571003638769e-01 7.552636183260217351e-01 4.054425065673271655e-01 3.445866363649678910e-01 5.775026310226720749e-01 6.450842147213070588e-01 7.741009260153934868e-01 5.859077506902257149e-01 7.456007401344767471e-01 7.334593378146772036e-01 4.323981034338863494e-01 4.712106093241140159e-01 6.802315753562727663e-01 7.342754354575601328e-01
4.634811930428486271e-01 7.179749308774318051e-01 3.979686427970371421e-01 6.639538825674253797e-01 4.890919321500993844e-01 5.374676451470883354e-01 7.039477921427850227e-01 8.290951095322313114e-01 4.374453074339587078e-01 1.921770362040396696e-01 6.306052171095223313e-01 4.405603588302797746e-01 3.973277258096409859e-01 4.597141263486146934e-01 5.747794574367199871e-01 6.398125335530847613e-01 2.624626502970781039e-01 4.870979073695934636e-01 4.790329090028760395e-01 4.183010071717414569e-01
4.334812551823605808e-01 4.799598449621063079e-01 3.409782277163388997e-01 5.976601452481048460e-01 4.693244664388604437e-01 4.449091489947515354e-01 7.176042972242636653e-01 6.827870885710719540e-01 3.997819958417198616e-01 2.236299628966968434e-01 5.094918993904788973e-01 3.346879383788486373e-01 3.899589953084531269e-01 3.729291089250710289e-01 4.526045133155670586e-01 5.891504397500952894e-01 2.601981940066029342e-01 4.584190664543186244e-01 5.166692459118127356e-01 3.748917205739867309e-01
6.860422411155758793e-01 7.408222164560994694e-01 6.107411558343921465e-01 7.353159028600962932e-01 6.136577470549549052e-01 6.375983757546204167e-01 8.191708917992878147e-01 8.666582771659679940e-01 5.545228199339623520e-01 3.670138791816610624e-01 6.787929650242919832e-01 6.948276592305178134e-01 7.609334068980213583e-01 6.701277905638839405e-01 8.578272258800381245e-01 7.951733161690187623e-01 4.934139456581825844e-01 5.486002210687693781e-01 7.363977389105971216e-01 8.046542578502287046e-01
0.000000000000000000e+00 0.000000000000000000e+00 1.750739959426374573e-02 2.041884067016934423e-02 0.000000000000000000e+00 0.000000000000000000e+00 0.000000000000000000e+00 1.715470362271862004e-02 1.490128334635512815e-02 2.740386145327692452e-02 0.000000000000000000e+00 0.000000000000000000e+00 2.346089321193638860e-02 3.786445677294731846e-03 0.000000000000000000e+00 2.277003161026584094e-02 0.000000000000000000e+00 0.000000000000000000e+00 0.000000000000000000e+00 0.000000000000000000e+00
7.345758019117070159e-01 9.576415757206245827e-01 8.220835473300764917e-01 9.449618312958181221e-01 8.735905802318126856e-01 8.883183352795755994e-01 8.586374367794116225e-01 9.188209989881457318e-01 9.441720383653713355e-01 8.858597289280023546e-01 8.928359934777947426e-01 7.439870070813834335e-01 6.299589273704758741e-01 7.845314553142312963e-01 7.223401344066258112e-01 8.375006671778801870e-01 8.370019969091579970e-01 9.677583172017762969e-01 7.649280332124747117e-01 6.168513323996006603e-01
7.013873032384033701e-01 7.193603633263535579e-01 6.155428275669929672e-01 7.555705327434709684e-01 6.113126698382552737e-01 6.460640803802795151e-01 7.998463091029280880e-01 8.850608328310103357e-01 4.990716296206217928e-01 3.404366615736414414e-01 7.261870551398803553e-01 7.080811896736644018e-01 7.667104993172704219e-01 6.795692195879489139e-01 8.809505289144592410e-01 8.118260947601249056e-01 4.580985085758788600e-01 5.280461225030015360e-01 7.162705876542321271e-01 7.792191997715248730e-01
4.784829364872298374e-01 6.963615729679861754e-01 4.362330609989554797e-01 6.837383354067243513e-01 4.796222833281189035e-01 4.877148677144168554e-01 7.346446579358278939e-01 8.039598227973990818e-01 4.453739502693415120e-01 2.062711728258597166e-01 5.778109370027961766e-01 4.725878024918847009e-01 4.077612375540535794e-01 4.311839794205640786e-01 5.625143131072982694e-01 6.479716255252792045e-01 2.752062218308941599e-01 5.383654135448806555e-01 4.606252524833751028e-01 3.788715362343015314e-01
4.310066552221559766e-01 4.598793416151512048e-01 3.271515061277699421e-01 6.367770846547201602e-01 4.273682100802472794e-01 4.401951121023326974e-01 7.326455618204382736e-01 6.988470363893001247e-01 4.003891620951083863e-01 2.136129857055703574e-01 4.800930021961403171e-01 3.464771114178033518e-01 3.957167849178050978e-01 3.864241190589296493e-01 4.519074107618571978e-01 6.013838142296846767e-01 2.474249858889942810e-01 4.662915512992440448e-01 4.984711149344314141e-01 3.763682147788250387e-01
7.122302852219176694e-01 7.416587351483195922e-01 7.193080925847117335e-01 9.003614699241034858e-01 8.353459274282415414e-01 7.752095907638721917e-01 8.624301608736504310e-01 8.189918935555337010e-01 9.097607843223014523e-01 8.755689379842490627e-01 7.961586410325734997e-01 5.956734706831485759e-01 5.601668342234581432e-01 6.970423322689410783e-01 5.959560470847131697e-01 7.617582493757505402e-01 8.212939560010895645e-01 9.448697428624710515e-01 7.777461514802925802e-01 6.225429169854184153e-01
6.148538610765724721e-01 5.353665683270297793e-01 7.036732408796951832e-01 3.669715480424509124e-01 5.313168185619787653e-01 5.719576201869406296e-01 2.985598154534926385e-01 3.088494205256160918e-01 6.017225675921179517e-01 8.196837796037297341e-01 5.060686096371698195e-01 6.651818442547874355e-01 6.181676479306729144e-01 6.379411605026156229e-01 5.157749604448209624e-01 4.044449645350972622e-01 7.452441358901336077e-01 5.448380087182954634e-01 5.048801404062956966e-01 6.288094443196395877e-01
3.395957394094111237e-01 4.858778070814708805e-01 5.041037703135630155e-01 2.875981908165465839e-01 3.999104425222042014e-01 4.596327333934686066e-01 1.856189302141415809e-01 2.249554551099213762e-01 5.479696649787176854e-01 6.810344841306493757e-01 4.048668671261916319e-01 3.835725654507498028e-01 2.632073403598400030e-01 4.054419670474326276e-01 2.549922427000853031e-01 2.867784716724001148e-01 6.065754700434119462e-01 4.692902618172142271e-01 2.868237588060768561e-01 1.899988575905128263e-01
6.411493243436080514e-01 5.031284906370278032e-01 5.453514476041997350e-01 7.380742386785221765e-01 5.714834925508920360e-01 5.789226954887254362e-01 8.215972311761806646e-01 7.886359949582956164e-01 5.156691543624855045e-01 2.982067178011677533e-01 6.147447866685216145e-01 5.962543664528180409e-01 7.470238323460227647e-01 6.134780636628079931e-01 7.106660244214145772e-01 7.419948848797879304e-01 4.162738443612615802e-01 5.256001973747475020e-01 6.885805807870245543e-01 7.403632694997935859e-01
4.016545742894737092e-01 4.723487955840145469e-01 3.052791120533290825e-01 6.084239062184714220e-01 4.478294044934749696e-01 4.495084611240580674e-01 6.802691793338206949e-01 7.070796864529964587e-01 4.266542498199314970e-01 2.149224271888544036e-01 4.889071537919616461e-01 3.487263093363124900e-01 3.831123906940137047e-01 3.709848315098726035e-01 4.282506815179676907e-01 6.034752921630526235e-01 2.466257469825889892e-01 4.621319879228549254e-01 4.800630124784872610e-01 4.018498508425196736e-01
4.403644006657322918e-01 7.233637914916201117e-01 4.245023861633676066e-01 6.680325911653208770e-01 4.821138519214951401e-01 4.869332543876421782e-01 7.324035581174856979e-01 8.751310974575183810e-01 4.440838149347510200e-01 2.137412119473573735e-01 6.372374602452927084e-01 4.294547276315339723e-01 4.016449624028032295e-01 4.630241410439181471e-01 5.305480675324569795e-01 6.336562710267782395e-01 2.955252466170375514e-01 4.970730509619498694e-01 4.883766434093197439e-01 3.594301214956818757e-01
2.791626986452931947e-01 2.666352267526406195e-01 4.072263814243199942e-01 2.650307745796293135e-01 3.826038582125657062e-01 3.680629224642005259e-01 1.901770852195437400e-01 1.079308586751918653e-01 4.990460978830718042e-01 6.470367008572668333e-01 2.775975342187121386e-01 2.958032171019083223e-01 2.304610601707435258e-01 3.184386430717415783e-01 1.329387854051739537e-01 2.223324144350540266e-01 5.013294266273248256e-01 4.368473557561247111e-01 2.899672989863342765e-01 2.421154414773001029e-01
4.220624505780844471e-01 7.232546018580336966e-01 4.178389684169953600e-01 6.936775935373296065e-01 4.915367738968283162e-01 4.874652070480670618e-01 7.206745196980098855e-01 8.236269267083439205e-01 4.701900166201421483e-01 1.758366690593568538e-01 6.421645881777803266e-01 4.142895471805694840e-01 4.157465240511498128e-01 4.458090623760305737e-01 5.329836253060364903e-01 6.754894970312587121e-01 3.035428593498226135e-01 4.768229053218849822e-01 4.856514782842635269e-01 3.927659229000190488e-01
5.797733097080898235e-01 5.243835427378517045e-01 7.082706276504596721e-01 3.780678395027374239e-01 5.696226382169966573e-01 5.588978053203791374e-01 2.990870307394002392e-01 2.903602546457948463e-01 6.124540336398170970e-01 8.143006596706107159e-01 5.157274508255926815e-01 6.402989653990076580e-01 5.901475894467874683e-01 6.423043743408644035e-01 5.669031535523394449e-01 4.214207175421830764e-01 7.370229678942875617e-01 5.753729349458465148e-01 5.287968225068550021e-01 6.140033003216675001e-01
7.407967778567833284e-01 9.806461137417687990e-01 7.900969796419886615e-01 9.502014462509186243e-01 8.578398215263879356e-01 8.623757342718716412e-01 9.124022849561730375e-01 9.540748171805479849e-01 9.454349564951768370e-01 8.705108314519434121e-01 8.826860358178950650e-01 7.510181075397157624e-01 6.438849653872303902e-01 7.541980153955061272e-01 7.335454871393577436e-01 8.171077117644583998e-01 8.305468058537636145e-01 9.496379968551506012e-01 8.012502515161487038e-01 5.920787207654150119e-01
2.288811596082870881e-02 0.000000000000000000e+00 5.052487937227271436e-02 3.629834926133475304e-02 1.024358506268807471e-02 0.000000000000000000e+00 4.385516343149509569e-03 0.000000000000000000e+00 3.140523665030764931e-03 0.000000000000000000e+00 1.594811920927273474e-02 0.000000000000000000e+00 2.248332661987939921e-02 0.000000000000000000e+00 3.639444755124537044e-03 1.085715749808797807e-02 0.000000000000000000e+00 0.000000000000000000e+00 2.428217873771546659e-02 0.000000000000000000e+00
2.302208395654903039e-01 5.004747118676711876e-02 2.067041249713174877e-01 6.426301930129509066e-02 1.087757291517582603e-01 1.229738008037313535e-01 1.074565018579322351e-01 4.521310580744226926e-02 4.410548358575627076e-02 1.044756299952544903e-01 9.893239661524796946e-02 2.827478780685704352e-01 4.054094874810451610e-01 2.214294572109206938e-01 3.090735743628660326e-01 1.239154039216589509e-01 1.876443401193055860e-01 0.000000000000000000e+00 2.460309386272452048e-01 3.820373190630415028e-01
7.174175590073941233e-01 7.372988878014560266e-01 6.976773538257192708e-01 8.882824212693281041e-01 8.065763952884134058e-01 8.216053234956618434e-01 8.817341108464574750e-01 8.341874181559451040e-01 9.059702098592807840e-01 8.162607808588784319e-01 8.181498752962483856e-01 6.455190076186789749e-01 5.542549388057396165e-01 7.060108940766304242e-01 5.974148935863805576e-01 7.663784802218702730e-01 7.792718123193109747e-01 9.296782334352231558e-01 7.567345969999990096e-01 6.360414181632720876e-01
5.520833124783927071e-01 2.891022895112512203e-01 5.903797117332436617e-01 3.344434583727470822e-01 5.398766979350334561e-01 5.165589074001826209e-01 2.597207395484968373e-01 2.038883117206267415e-01 5.037253574215440066e-01 7.987524961478345009e-01 4.188687486111900560e-01 5.654753470968799656e-01 5.741531340695775754e-01 5.494243038282644598e-01 4.708236632489380957e-01 3.472656515698420709e-01 6.881564771347336018e-01 4.762112719210148670e-01 4.989016282147575310e-01 6.000454320616538384e-01
6.519830431494505474e-01 5.449740862080667547e-01 5.074989818888248072e-01 7.114555535181458223e-01 5.894812931742022810e-01 6.041914500768115204e-01 8.102068318673358860e-01 7.780381765000852212e-01 4.823974582087781071e-01 3.431033707875077998e-01 6.137662746334879849e-01 6.568744793210594679e-01 7.652437901903671458e-01 5.842193691730517280e-01 7.565386723935457747e-01 7.392891128338099360e-01 4.389939912256038967e-01 4.769696278859254512e-01 7.189957245088083315e-01 7.719286209204986315e-01
2.502586285616683476e-02 2.481336717950395343e-01 1.014734526984935881e-01 2.675075890115689164e-02 6.254853898501108733e-02 3.074872644912285749e-02 0.000000000000000000e+00 9.870888099153432571e-02 6.444620744135669266e-02 2.119858825113452722e-02 1.160226628170321073e-01 1.282967287242096355e-01 5.103590015798863122e-02 7.789062609704684725e-02 1.083251079960629026e-01 5.045575475663578030e-02 6.346361794660954070e-02 4.955100137450993425e-02 0.000000000000000000e+00 0.000000000000000000e+00
2.466821029027999046e-01 4.580324463012239167e-02 2.250729888211082941e-01 7.586366586610319984e-02 1.299355261047896171e-01 1.344265041192262422e-01 1.131763645177873701e-01 7.727889679979285664e-02 5.643223558832979186e-02 1.393089150694646616e-01 1.001778240150639349e-01 2.541699200639672696e-01 3.656454994445604845e-01 2.206653895015051048e-01 2.841668198999834360e-01 1.435340224863154435e-01 1.644178994852568132e-01 1.259344116713400144e-02 1.665470969119854094e-01 3.756302067884410567e-01
2.631740079883546080e-01 5.397704554604387805e-02 1.844188978270623336e-01 8.127924289250076928e-02 1.697738665322436891e-01 1.164036721942406649e-01 8.996836383669751247e-02 7.098405323213632934e-02 6.162773578002271602e-02 1.146907588960617147e-01 9.864593385428584160e-02 2.531164459011605028e-01 3.628563537372536119e-01 2.500398219512993681e-01 3.044731085901711820e-01 1.484818133904995952e-01 1.465812911565897159e-01 5.266846771429134488e-02 2.467083137626342737e-01 3.704462005973606087e-01
9.875969365082795104e-01 1.000000000000000000e+00 9.505777908899650797e-01 1.000000000000000000e+00 1.000000000000000000e+00 1.000000000000000000e+00 9.834895859693382203e-01 1.000000000000000000e+00 1.000000000000000000e+00 9.838858455063028696e-01 9.996308977030655685e-01 1.000000000000000000e+00 9.762896477682855290e-01 9.916173267489988286e-01 9.787699573399638586e-01 9.921153002781036845e-01 9.774018800029798948e-01 9.938481480138147139e-01 9.936336787168248419e-01 9.781779270991581843e-01
8.571244971291559767e-02 2.466382592490700409e-01 8.858289197166181739e-02 5.172156505532557458e-02 4.158403727810889433e-02 9.971732066330279975e-02 0.000000000000000000e+00 9.816558232223825120e-02 5.236343183778488508e-02 1.786378581188382067e-02 1.369840533259015780e-01 8.055245179163654512e-02 4.819748940536809634e-02 1.087632094860019050e-01 1.228029915600715449e-01 8.967125400638221999e-02 6.545187343037983663e-02 3.098217936759346813e-02 2.535256628603324222e-02 1.177736418889113214e-02
2.775006700587319929e-03 1.096019180492945576e-02 0.000000000000000000e+00 0.000000000000000000e+00 0.000000000000000000e+00 0.000000000000000000e+00 5.221621153955698091e-03 0.000000000000000000e+00 0.000000000000000000e+00 7.027264576698770415e-03 0.000000000000000000e+00 1.130543849545390979e-03 0.000000000000000000e+00 0.000000000000000000e+00 0.000000000000000000e+00 5.489685921843596474e-03 0.000000000000000000e+00 0.000000000000000000e+00 0.000000000000000000e+00 0.000000000000000000e+00
3.590751812414615385e-01 5.011357859751495170e-01 4.695876362130265713e-01 2.564822032518555006e-01 4.641255495207151083e-01 4.288660984439859325e-01 1.629584446198981129e-01 2.421701216640411713e-01 5.246523904739055499e-01 6.972948470134885390e-01 4.022247850028828342e-01 3.879962478482513744e-01 2.401002433301162309e-01 4.201823681523667586e-01 2.862234319202193733e-01 2.547598405830426294e-01 5.615323301585114502e-01 4.587802229131376919e-01 2.889628657395062472e-01 2.661091975079848959e-01
2.209368272270917088e-01 6.378302364048613060e-03 2.411465758488090250e-01 8.783613999651271320e-02 1.474103066830972919e-01 1.155979625351753887e-01 9.581066288102410566e-02 1.946751389738805155e-02 6.625095730367289160e-02 1.255520738995077046e-01 1.126925427867909169e-01 2.798146798015929693e-01 3.662882551646789997e-01 2.059185920974535289e-01 3.184600710793647482e-01 1.874319472004944420e-01 1.935530991130619549e-01 1.402660460952159446e-02 2.530371025158595355e-01 3.606103046706657933e-01
5.811721468635701049e-01 5.028382324172667728e-01 6.996417623896848959e-01 3.992105566384686610e-01 5.527847436067581111e-01 5.712812930881768780e-01 3.090076672892361209e-01 2.864132455765088792e-01 5.866221762709999954e-01 7.954339085297609246e-01 4.774419558437874578e-01 6.452198778350433095e-01 6.072258078940582227e-01 6.408206959924017676e-01 5.556789636679154709e-01 4.148408450772022027e-01 7.488917122302478635e-01 5.407068765190418125e-01 5.055791641149602889e-01 6.359683248393642740e-01
7.242761144701529430e-01 7.392923736696690451e-01 7.075261728139327078e-01 8.734274491366960103e-01 8.311146438986083407e-01 8.075239746886019310e-01 8.776740253853395624e-01 8.844202341592077854e-01 8.700002189473332592e-01 8.504637360400393309e-01 8.036617348808703376e-01 6.436663750032788345e-01 6.136722621588089899e-01 6.724205128975072610e-01 5.888534085707421983e-01 8.083526477021800716e-01 7.707407698899676474e-01 9.159844534157091100e-01 7.427363499821297843e-01 6.227253095399791771e-01
3.216283866924461443e-01 5.172904859841407355e-01 4.882787980747323453e-01 2.641672956162171571e-01 4.434578485908804435e-01 4.415938835754267822e-01 1.696712874176158903e-01 2.485455085588333946e-01 5.743899504912867160e-01 6.725500435625465512e-01 4.467219608170868161e-01 3.626850678393544469e-01 2.162298928361092720e-01 4.186786349676690500e-01 2.442466741581845457e-01 2.944649888445469710e-01 5.526994692475831750e-01 5.264704365300083566e-01 3.097004390470221580e-01 2.354269871922401447e-01
2.302422645215700669e-01 1.403469270717619920e-02 2.250874846851395328e-01 9.116810273514600049e-02 1.299556566552892423e-01 1.296761350951345648e-01 1.107421969228100239e-01 4.180510158353335087e-02 5.105991846279590851e-02 1.238885141464482614e-01 1.081725689366961618e-01 2.419147707430535921e-01 3.644593640458385075e-01 2.298434413684613264e-01 3.165925569030161868e-01 1.436462238309242356e-01 2.050311793516166603e-01 8.334968474326159837e-02 2.105117958971814973e-01 3.915331078423766598e-01
3.382048689688157972e-01 2.536480204363990576e-01 3.065161578048503088e-01 1.120768298441685434e-01 1.739384150755048375e-01 2.178998966009239868e-01 1.135977056618544812e-01 1.493862410498004167e-01 1.066115978730544228e-01 1.786325121884893008e-01 2.085895369958491730e-01 3.930007997196834357e-01 3.931773020539289232e-01 3.122804096045740385e-01 4.019172652170365234e-01 1.769678039490664989e-01 2.063075022832046024e-01 1.284323135380762426e-01 2.141434836212575965e-01 4.089004279823947319e-01
9.628308967005986263e-01 7.261322857451372181e-01 9.203342341304635577e-01 9.746663520300723471e-01 9.614384782641850480e-01 9.406127264264890764e-01 9.602305721095674151e-01 8.608792829306537442e-01 9.150761849438446838e-01 9.339730447029868099e-01 8.932046804842675991e-01 9.250284710264541355e-01 9.657353862325019911e-01 9.336328595779322947e-01 9.190655420058646552e-01 9.588743444418246220e-01 9.435370776888198918e-01 9.485165311577918867e-01 1.000000000000000000e+00 1.000000000000000000e+00
1.000000000000000000e+00 1.000000000000000000e+00 1.000000000000000000e+00 9.957030013558189063e-01 9.932523624247794336e-01 9.968763833225630089e-01 9.869524653807374426e-01 9.831866737741957740e-01 9.660334231650228309e-01 9.576517836001607886e-01 1.000000000000000000e+00 1.000000000000000000e+00 9.923836217011632321e-01 1.000000000000000000e+00 9.634854963129977357e-01 9.621125156093397468e-01 1.000000000000000000e+00 9.763803774775048350e-01 9.662662246255528942e-01 9.437622616794419939e-01
