5.310140320344240994e-01 4.286124879987654457e-01 6.848705909837065064e-01 3.383308634622677058e-01 6.435377762648886169e-01 8.518399777307287257e-01 5.822713894126538836e-01 9.866752620804654095e-01 6.817413511811257765e-01 4.982502398862543869e-01 4.987200098269256587e-01 7.241236099765970824e-01 8.271539471577854519e-01 5.698394728085245386e-01 3.471980412917376468e-01
4.792075468653838044e-01 5.908432230040491229e-01 3.560713876912040554e-01 6.557206549277552199e-01 2.803167693910046943e-01 1.542407837520829161e-01 3.536649424703393052e-01 1.476890735087591222e-01 4.294137522676122476e-01 5.940464094519788407e-01 4.553481998060973646e-01 3.125707998336959559e-01 1.800689261088400939e-01 5.108440607123139188e-01 6.660607466987756853e-01
7.643997497705317112e-01 4.563497334907109515e-01 6.327144089563309093e-01 3.782344518201056216e-01 8.588594293707768612e-01 9.425598914945787499e-01 7.452658187600786910e-01 8.604033838291985647e-01 7.449044488718962187e-01 6.542093127941985831e-01 7.135917671619758096e-01 7.525593957314563598e-01 8.515014883084527364e-01 5.758563191510709389e-01 3.803930316011526758e-01
6.980860794969131478e-01 7.233186650286167474e-01 5.855785671299134076e-01 6.468967040528611490e-01 4.804361705357404477e-01 4.156407170887690961e-01 5.528364615316376796e-01 3.647134985173594579e-01 4.056518337797320184e-01 6.081532336653191484e-01 6.647779341691680832e-01 6.511783953772790623e-01 5.571001706563617484e-01 6.960278900402300239e-01 6.936665636412858715e-01
1.143720106380194390e-02 4.082458301686935770e-02 3.184696867433902678e-01 -2.259293765551581568e-02 2.876013553777908016e-01 2.220041421009156801e-01 1.218730322003371419e-01 3.399555886163871943e-01 4.973748095992764490e-02 4.337104596704955545e-02 1.979795653919023957e-01 3.770035529320436840e-01 3.479198758360854682e-01 2.609404842645338674e-01 1.900682148405740887e-02
6.381910728946337263e-01 5.439069086790540020e-01 3.830555251082110590e-01 6.048995885115080462e-01 3.476856364359653950e-01 1.549580896926938123e-01 4.086666325649502829e-01 8.939555735246025592e-02 2.972637720801471484e-01 5.163637076302228790e-01 4.306160311769703930e-01 3.002294534725937769e-01 1.889911613312096339e-01 4.650134464956534042e-01 6.155242589159025668e-01
5.153205069171195030e-01 6.218585477236355796e-01 3.312346090632746765e-01 6.938523309079100976e-01 3.387720330589735207e-01 1.453513133313612260e-01 2.962028426910261469e-01 1.342724199042279465e-01 3.753517531280923802e-01 4.095713924142255769e-01 4.389798166361594256e-01 2.901605543523338437e-01 3.121928027013167184e-01 5.495308200265660581e-01 6.803301111166121240e-01
4.762298805239987831e-01 4.055085525058086393e-01 3.273751361508969171e-01 3.340091254145017285e-01 5.485482878468201928e-01 7.017935281111424839e-01 4.189145968122424679e-01 6.313376027801549384e-01 5.096297794898941858e-01 4.311224781156430819e-01 2.956439926903654536e-01 2.151009863692739110e-01 5.612063749023147308e-01 1.338875232524478764e-01 2.600217338195678352e-01
7.251419020646793223e-02 6.748623988148351460e-02 3.880179233606807498e-01 1.624441069204197730e-01 2.160602162498663492e-01 1.471168572185804213e-01 8.866086882210340303e-02 2.649429669991413827e-01 7.615839464215110044e-03 -2.751603152104552946e-03 2.149523498435120250e-01 4.152333209805832981e-01 2.696872559751524734e-01 2.969223982804603534e-01 5.607755628954877447e-02
8.553573249676619250e-01 8.938215758736423044e-01 9.633538047099238222e-01 9.458429001265006297e-01 7.960796897960977780e-01 9.203101213163731309e-01 9.117257337887925139e-01 9.609000350907593857e-01 9.943237636195394469e-01 7.518357076906061476e-01 8.717004761474229646e-01 9.096274675934532539e-01 1.060111285868565290e+00 8.689563894049846526e-01 9.130218445280644524e-01
8.463936074553731759e-01 9.150923360845396592e-01 6.498669445980426174e-01 8.737113192654124560e-01 5.936617831980542936e-01 6.429731843098025479e-01 7.925280693794783948e-01 6.258095009645783247e-01 9.493347689634640263e-01 7.624158821786748419e-01 6.082706287207688689e-01 5.458896041472534044e-01 7.115653809870788882e-01 5.886487939427154092e-01 9.029006262808811911e-01
5.872358059438072264e-02 9.845618637677099050e-02 -5.543246518467625540e-03 2.043962832734150942e-02 3.217524525688856413e-02 1.713246189887124640e-02 3.709598721089400059e-02 -3.219201454218677955e-02 2.534407139303573517e-02 6.216248670598843035e-02 6.252572025724559279e-02 -3.652861999419908245e-02 -1.031922193873971855e-01 -6.731301404223709317e-02 -1.308867961559541382e-02
7.767752032771011450e-01 8.835007868232973571e-01 7.246562239176789211e-01 8.786503015640449998e-01 5.598162522264158447e-01 7.085721350758238390e-01 9.082426560153988859e-01 7.797002797912255811e-01 8.621757980856334935e-01 7.623938203282033532e-01 6.172906760152003791e-01 5.874290389663707757e-01 7.824538485440326596e-01 6.357844629811777448e-01 8.460462559421235706e-01
3.833731797849379563e-01 3.404658016325990966e-01 3.798149469895730768e-01 2.285645701746875924e-01 4.584105598009247662e-01 6.784312651386351645e-01 4.748737741422429104e-01 7.687396722482482403e-01 6.455297279105713937e-01 4.558121834036563125e-01 2.984720235318688020e-01 2.995043391386537635e-01 4.779280634957757679e-01 1.236027555736331912e-01 2.742588493347620782e-01
5.219922736200683921e-01 6.399702223090969477e-01 2.994365032250460024e-01 7.320800838436363200e-01 3.921024972269003817e-01 7.854553557568022537e-02 4.576453055159392935e-01 1.115540649404448137e-01 3.700488410790168103e-01 5.812612467464532973e-01 5.223603924989780323e-01 3.044966833914373172e-01 2.619162644915649651e-01 4.472616065579517741e-01 6.668378929215206252e-01
9.734677607447812520e-01 1.016242911248249614e+00 6.654160644123688906e-01 8.845012819729158871e-01 8.332456659207675420e-01 8.475060452409437506e-01 9.858608558607707684e-01 7.755210811156764139e-01 1.000397912192445116e+00 9.615953656871372157e-01 7.038607786717332448e-01 5.681824332757188234e-01 7.289194964437928359e-01 7.599836898875549362e-01 9.989108803916071366e-01
3.540001260678605766e-01 3.259249289917052761e-01 3.332235274354051202e-01 3.546749027188813574e-01 4.364155079250636171e-01 6.418585550900670622e-01 4.923036008401616703e-01 7.362136416231573888e-01 6.903477992312830880e-01 4.531711314497661180e-01 3.194272468165820222e-01 3.272993327362415106e-01 4.508816064894371478e-01 2.613537694354346463e-01 2.354323707771342478e-01
9.376566873776323030e-01 9.252241071462450339e-01 7.011014759214418968e-01 9.455667160097273038e-01 7.281490944460868864e-01 8.047879761935340381e-01 7.613364461604265054e-01 6.667063060943930752e-01 8.096874580980880642e-01 9.321280307524246744e-01 7.295356693707969464e-01 5.843053289475872436e-01 7.002580240573238468e-01 7.247691064892287649e-01 9.887029200197445800e-01
1.536897390933470442e-01 6.642751948718608745e-02 3.227702757213482543e-02 6.757145685215612541e-02 1.555999732925043288e-01 1.341802455011937290e-01 6.586976488711601685e-02 1.086981828357393293e-01 7.459471306212563102e-02 1.491245362586037793e-01 1.991113279890703858e-01 -6.649762672680388509e-02 6.196585817698502252e-02 6.691748204363251462e-02 1.737402006388744646e-01
9.147629782327850734e-01 9.542269824014897317e-01 7.946067614554764846e-01 1.026287496296201196e+00 8.118675436566306081e-01 8.827410375788194985e-01 8.416016263875055747e-01 7.912157731784351666e-01 8.564135404679301677e-01 9.478126610620096759e-01 7.636111999009637108e-01 5.429268925450007055e-01 6.584689304880775307e-01 6.630654338301087414e-01 1.025956318337636564e+00
9.857935303209148792e-01 9.992234198170935056e-01 9.446892957348850262e-01 9.397800811498210338e-01 1.009299964181751497e+00 9.334091416370218219e-01 1.011268219172528626e+00 9.733933333954681855e-01 9.814782736923864936e-01 1.130621184742335084e+00 9.894438732943945380e-01 1.058487907809963158e+00 9.468874138653238237e-01 1.067203549165963272e+00 9.240011972188286737e-01
-8.468360702169396709e-03 -8.676879444247526108e-02 -8.665901429036515502e-02 3.826763456580216730e-03 -5.251805901448573094e-02 2.680338729491635319e-02 -2.192055785246549773e-02 -2.495532637859424960e-03 -3.279677880658359024e-02 -5.438574527731138142e-02 -1.378938300674062978e-01 1.780650591142464087e-02 8.384085874743356370e-02 1.296850205409160383e-03 -5.545580562275296416e-02
6.075964956289472418e-01 6.174978008628179138e-01 6.255495231897145736e-01 6.153070477566328078e-01 5.891383019360130202e-01 3.795419820790320586e-01 5.478536462937751983e-01 4.308006720803366774e-01 3.550835051565162104e-01 5.093090903758221710e-01 6.747897386887681259e-01 6.986743291634719411e-01 4.980727549940565657e-01 7.537323260943006309e-01 7.795594169979107591e-01
7.769635753747800022e-01 9.278178560653244089e-01 6.432435362683904811e-01 9.679974539583378057e-01 5.332888424398756211e-01 6.646129022971382083e-01 7.406715916915816988e-01 7.348047091017506638e-01 9.472852518307750547e-01 7.081287014001429458e-01 7.508303288817509413e-01 5.794022686349800111e-01 7.029935387813414094e-01 5.782533633152542318e-01 8.328306556360807189e-01
8.470925924751586678e-01 9.556624269603650745e-01 6.393652178304992661e-01 9.072057568093779834e-01 6.603316315033523898e-01 7.677599851804813857e-01 7.195434829398525967e-01 7.021350382665708656e-01 1.025334096533819794e+00 7.763115085751082223e-01 7.060627710024193204e-01 6.432047654905093115e-01 7.138803585834249121e-01 7.370319546534679356e-01 8.100623832983256944e-01
7.697538031760531307e-02 6.397866685587158542e-03 3.446186202762568235e-02 -1.285657119443828905e-03 1.552612152444119153e-01 1.149299644196822845e-01 1.109320272634991139e-01 -5.040525954009638515e-02 1.499807562181185334e-02 2.170824892346519819e-01 2.684890609891782409e-02 -4.843124379484373132e-02 1.277245829088421436e-01 4.900989041377933064e-02 9.458980386555332354e-02
3.457448285269647537e-01 4.464068336278950166e-01 3.670561813630993098e-01 3.750151474423639719e-01 5.339709995171773027e-01 6.045028960302771814e-01 4.637980353673502587e-01 7.247181920676933897e-01 6.109584121874808149e-01 4.869073883178074436e-01 3.336872146335223555e-01 3.108066224331960115e-01 3.924453404108804166e-01 2.860307570796741805e-01 2.721181348154849133e-01
6.831266813166899654e-01 6.708413772598578184e-01 6.170068438478365502e-01 6.010508276321382404e-01 5.371996706940499466e-01 2.409919804115978337e-01 5.846440696527571701e-01 3.424699393460258756e-01 4.336681201151008080e-01 5.067055638217233815e-01 6.265253252490698976e-01 6.780525036901037250e-01 4.529589394171338879e-01 8.376741966531130457e-01 7.259670585425155309e-01
7.325261041794958183e-01 8.060623518231434526e-01 6.137896946611564042e-01 9.638170767210408885e-01 6.575333577649586925e-01 8.132804624849319097e-01 7.725684820248718276e-01 6.825804442399656669e-01 8.892535023330425670e-01 7.890165723251180152e-01 7.282375365596284178e-01 6.065283176706768309e-01 6.936267968719296295e-01 6.521933696670471070e-01 8.981658973401849266e-01
4.825761261999884089e-01 4.243708239778437585e-01 5.455279119962360701e-01 3.730882769224009299e-01 6.044003266129042151e-01 7.070298482916099747e-01 5.513100689254176734e-01 6.691346563095164068e-01 6.383649201418439834e-01 5.826424697014025433e-01 4.080199165832841257e-01 3.939872765018648804e-01 6.017907903655633772e-01 2.832982885120031713e-01 3.099294222322998005e-01
1.007540658402697575e+00 8.914752624995221364e-01 9.562627466240596341e-01 1.001595534729697201e+00 9.597864233977189130e-01 9.965146694855568921e-01 9.764102169040245194e-01 1.049199274440061780e+00 1.032399296199125072e+00 9.494479313499802897e-01 1.002344526169314021e+00 9.835161918583412710e-01 9.737269646494398634e-01 9.965010170162926784e-01 1.034614699704467622e+00
6.882247220128664411e-01 8.987434564120430069e-01 5.576241239644978975e-01 9.410777507592239521e-01 5.233616539073840945e-01 7.926556875920293121e-01 7.104360760849776080e-01 7.125070029720236287e-01 9.769800061328962615e-01 7.114370173467869929e-01 6.278869834753316725e-01 6.724283689944652309e-01 7.148846396090197119e-01 5.331983769384387450e-01 8.873366225635036519e-01
4.960651205614381443e-01 3.625892402154446970e-01 6.603328759285224114e-01 2.344016784174388357e-01 6.891198369029414295e-01 9.038329505575264378e-01 6.296306483435377688e-01 9.201020018164433045e-01 7.158492600836189323e-01 4.588577091774770356e-01 6.067984752995133624e-01 7.669115978712441883e-01 7.458734591800894043e-01 5.529953582467518336e-01 4.139107923231571395e-01
5.540293744015450939e-01 6.527299533732338066e-01 5.883288966877737725e-01 7.015705447324369626e-01 4.541972109347668929e-01 2.080596878785171966e-01 4.518998869539729846e-01 2.728832397466502413e-01 3.085065286049003541e-01 4.158430099050384188e-01 5.063623553544980282e-01 5.662118195346276250e-01 6.453609884914480732e-01 7.186935239546969889e-01 5.015901037896026704e-01
1.758428475419182221e-02 2.852697207262953893e-02 1.324267683921609255e-02 4.669296998066477938e-02 4.615635647011680220e-02 2.539378185592892911e-02 -1.202900933345505720e-03 1.248447218990876399e-02 3.709901429893943531e-02 7.145271264881516982e-02 -2.120838900860432669e-02 2.211957387298443822e-02 1.477728401073169495e-01 -5.940434281511441234e-02 3.319293902820356912e-02
4.026128985893913659e-01 3.297080729121283915e-01 3.726014547361487517e-01 4.447496815900919831e-01 4.202581115452977967e-01 6.963916811510268978e-01 4.043095604936973730e-01 5.823158741581920816e-01 5.935847431570990818e-01 4.154931672001937470e-01 2.723201985574945638e-01 3.258796075166242590e-01 5.033234152291505836e-01 1.202362617678851969e-01 3.405068401233994346e-01
3.757022189272492541e-01 4.225971658637586170e-01 6.579556022680006500e-01 3.335505954378363280e-01 6.873454845310266181e-01 8.746451982699087191e-01 6.077130591481062494e-01 1.002989659126326760e+00 6.187037309540687202e-01 5.593669340087044084e-01 4.983618785004745311e-01 7.086842121011948104e-01 6.320021113217439979e-01 4.580168760114591842e-01 3.530054057733552075e-01
5.019354193926277574e-01 6.604997290006551225e-01 2.996406280867735528e-01 5.611720537058977332e-01 3.780584137416861390e-01 1.771051336880598848e-01 3.511226478613450608e-01 1.240275416959630284e-01 2.921763968002472622e-01 5.157704742206122850e-01 4.643600380855867904e-01 3.230679808200866976e-01 1.584509096692295338e-01 4.122694729920762802e-01 6.819770572575970524e-01
1.153944237600213335e-01 2.139534234152668662e-02 3.613624148201801112e-01 4.233212272969075901e-02 3.049678712818492676e-01 1.691804987627860413e-01 1.662101081946472103e-01 2.209599760974755300e-01 1.292588710163818377e-01 1.368061624410673305e-01 3.039822264394553830e-01 4.624353826427692327e-01 1.908733715658960661e-01 3.156633457116357899e-01 2.652421426158051848e-02
4.460713000578721554e-01 5.400738563328499886e-01 5.698438474884700566e-01 6.136974791353518865e-01 4.205961593929128384e-01 3.237593808451486588e-01 4.620078328540917489e-01 3.942646299541316957e-01 4.563778321321690923e-01 3.947005195629740282e-01 6.279686039072134296e-01 6.831862494121199170e-01 5.063881452232095182e-01 7.813953152543131608e-01 5.449867548100126857e-01
5.939389378933149777e-01 5.229481229949863863e-01 6.360873614223444550e-01 3.267170592657313577e-01 8.439610568597635254e-01 9.041717005556142439e-01 6.968146560969471492e-01 9.271773760904606920e-01 7.159943428694106604e-01 6.803126130420511508e-01 6.157166315331089601e-01 7.453985894086726516e-01 7.255576906258711656e-01 5.466515374952710671e-01 4.901948948168419751e-01
4.892833139215524429e-01 5.029015218438412926e-01 2.545254897047278808e-01 6.538433900912107299e-01 2.028625662863420831e-01 1.027142221338581685e-01 3.592100929256766828e-01 9.132524390050759944e-02 3.011757190618770119e-01 4.061313810580470252e-01 3.674450130351148980e-01 2.833390886858450086e-01 2.515494590040405765e-01 5.131328274545015056e-01 5.528846710026713573e-01
5.059880819314820366e-01 6.135698335329586861e-01 5.911613828170071416e-01 5.824316329570281559e-01 3.870152951849990530e-01 2.745802207813993201e-01 5.382141196914818071e-01 2.612729711265349142e-01 3.895295646646023124e-01 3.650441596059478822e-01 5.318092153134609257e-01 6.686503110270253236e-01 5.184060483719588053e-01 8.033108494962790669e-01 5.460449580359161281e-01
9.488663557792850201e-01 9.289678734342088351e-01 9.573457079633310718e-01 1.045349509869259785e+00 9.788494200909478860e-01 1.039372654360523729e+00 9.499917793289929246e-01 1.013214880136563689e+00 1.004943913166524094e+00 8.378580914040296701e-01 1.019846604071584339e+00 1.059817690549516023e+00 1.076276584388397239e+00 9.020734076757710440e-01 9.837471228231468023e-01
5.699518832417067582e-01 6.024877467151297239e-01 5.971759483975301874e-01 6.624136000156309878e-01 3.806456166413177966e-01 3.043811790406500961e-01 4.648919259643356505e-01 3.691805354790532179e-01 3.104322846451788021e-01 3.784273624370633193e-01 5.552049975007411486e-01 5.360382330009055840e-01 5.381842077880640840e-01 7.111346064442556347e-01 6.875641896375478401e-01
9.691618222696863905e-01 1.087182921568028426e+00 9.384952092668985557e-01 1.064676316504678644e+00 1.061148882070248378e+00 9.903385704190441619e-01 9.735714842601179697e-01 9.666312545173265658e-01 1.068585305617334891e+00 9.796882439018772537e-01 1.009636356823662151e+00 9.485110140628328912e-01 1.018501495701246151e+00 9.823570410918556206e-01 1.016683504943781680e+00
8.122435085742202299e-01 8.481870272288191126e-01 6.349171131024974324e-01 8.643460084589251746e-01 6.523509786747474504e-01 7.093682801420101436e-01 7.523372612317995589e-01 7.631495770323324379e-01 8.718826649733765199e-01 7.198957042687700314e-01 6.953269792371880031e-01 5.992711757153642571e-01 7.286948430157407230e-01 6.212548461053676307e-01 7.886745088202024023e-01
4.681803075816438620e-01 2.539296618515555215e-01 6.315558950250729220e-01 3.571970413543526512e-01 6.531004294113982311e-01 8.513948930074919375e-01 6.333944424711523968e-01 9.268238205022705234e-01 6.158685022996854830e-01 5.246928816430048714e-01 4.902732761743916479e-01 6.847331642570558818e-01 7.538411776310390833e-01 4.632310626332526993e-01 2.362395758640325472e-01
8.772337055279630924e-01 9.883078877592050837e-01 9.300926789262363714e-01 9.504622070681221224e-01 8.787743111071444346e-01 8.884212081979018238e-01 9.018701136393154627e-01 1.015091260114357574e+00 1.010270085557519071e+00 9.094674010542851406e-01 8.770339408382418211e-01 9.681023837098131635e-01 9.898973364041204759e-01 8.607081348403110566e-01 8.308785698426542909e-01
1.006077586666549895e+00 1.002991854664277316e+00 9.913147556344351630e-01 1.056521054938608595e+00 9.557033204606155685e-01 9.341563792359615093e-01 1.026880734446316890e+00 9.675851164267788018e-01 1.018828102980164907e+00 9.849239182989968366e-01 1.037461344488650461e+00 1.002367120722007732e+00 9.115815165746796733e-01 9.924747957730015724e-01 9.822093362287883656e-01
5.102910458693368234e-01 4.266533522357870423e-01 5.894162474002693219e-01 4.510413980887281737e-01 8.636510490221583902e-01 9.047737863544697001e-01 6.328209017764909738e-01 8.979959881080102901e-01 6.964057251350499467e-01 5.789765883056267048e-01 6.168980229601200849e-01 7.309031341862644027e-01 7.842367442699964553e-01 6.097132721978647529e-01 4.750668612542497948e-01
4.683535799246182907e-01 4.846693857246956449e-01 4.321081086522640669e-01 2.850903179098472351e-01 5.900060241133007199e-01 7.382517221563262844e-01 5.563158322264796229e-01 5.901584029859732183e-01 5.993205272477168943e-01 6.484993450767153611e-01 4.291238790306191597e-01 3.182435187974861912e-01 4.804985367416897968e-01 2.028094120016490920e-01 4.167224784517816749e-01
9.397434565661597627e-01 1.060006333935544554e+00 7.131514784944439356e-01 1.089651637456594102e+00 7.138224612453338835e-01 8.366065043211258212e-01 8.967030145088058513e-01 7.502589638910671654e-01 9.610187398903478062e-01 9.025585844545245262e-01 8.131657305669346414e-01 5.479105921744328311e-01 7.495662102537342664e-01 6.392589118598392961e-01 9.799661975081642717e-01
4.363646645144568792e-01 6.592416530147388043e-01 5.418410037476784069e-01 6.517636462080822479e-01 4.193787587436275111e-01 1.955570966076043971e-01 4.450701831276056009e-01 3.580722575642133476e-01 4.336807745085062837e-01 3.531282685652356590e-01 6.414851987911202036e-01 6.644519251380049951e-01 4.321858813771475849e-01 6.420271961199437438e-01 6.579641637401820731e-01
5.105690776043202428e-01 4.711443963425624992e-01 7.304293869081616153e-01 3.985225680163071993e-01 7.161502903612211313e-01 9.439580062019710116e-01 6.376346351569804893e-01 8.521838855447935179e-01 7.264251830353087858e-01 4.564576700823283484e-01 5.506997513381426401e-01 7.137562176880886122e-01 7.883715269518919433e-01 4.198412932571169431e-01 2.610918489191519365e-01
4.690592647915394764e-01 5.252800107215936931e-01 5.585072745769478209e-01 6.232844022575113607e-01 3.023178359896514511e-01 2.020163212739409242e-01 4.308231392122084946e-01 4.045608850738258155e-01 4.330166858648018535e-01 3.219366353830722116e-01 5.927878892353909412e-01 5.463655629840634687e-01 4.538570009999166599e-01 7.846206006344383921e-01 5.562101665423915264e-01
-4.958848279426863667e-03 5.843506300000358977e-02 -2.169975262227091806e-03 8.536046075183828172e-03 -4.531741960130213076e-02 6.716673015948558534e-02 2.423352080512794493e-02 -3.292780322625021155e-02 -1.496352798426948266e-02 7.237393340994906221e-02 -1.607756802373375149e-02 1.751740672965275067e-02 7.849068180521330540e-02 6.366267579625038697e-02 -7.322873188837911163e-03
9.580576231046525892e-01 1.022105037392436966e+00 9.991947350858917387e-01 1.119496621225636757e+00 9.830539438087770865e-01 9.245732653409886037e-01 1.014504093576453325e+00 9.972128570279269466e-01 1.031372051434940040e+00 8.946697214664914855e-01 1.026438930799377314e+00 9.342406794324182862e-01 9.593954845462895342e-01 1.035063423102184688e+00 9.599704280021206237e-01
9.435260699477987512e-01 9.497064668016588218e-01 1.011032949818172266e+00 9.530659995230967851e-01 8.828767357165528962e-01 8.438382192662459147e-01 9.519601225698525182e-01 1.014666423198957057e+00 9.951247884388511045e-01 8.872166566544936739e-01 8.759703728638472686e-01 1.059542688457385973e+00 1.014309301710040856e+00 9.017708715606475023e-01 9.716283070876232664e-01
4.040526060748610981e-01 4.357603155606372680e-01 3.934735865147625522e-01 2.888115738963549783e-01 5.706304825382343404e-01 8.119611729740408013e-01 5.756748184154325543e-01 5.842478824465814347e-01 6.706641817181552279e-01 5.522021729815067559e-01 3.558482955772315215e-01 3.081041388045518969e-01 5.085072791362283962e-01 2.123517063891151857e-01 4.298276332810000988e-01
5.224533755685312197e-01 4.638746022972538019e-01 6.170057751443758232e-01 4.401863944696162712e-01 7.371108170177406160e-01 8.243493622193038828e-01 5.546237836627219142e-01 9.159572449055690679e-01 7.098200005857331352e-01 5.475366174553760734e-01 5.686861915786508570e-01 7.547371590238441952e-01 8.206420218400035660e-01 5.598316147445711044e-01 2.507770720102882045e-01
2.739935043077701415e-01 6.280784846619902329e-02 3.500510875770818098e-01 3.980023824599975696e-02 3.631115289934325752e-01 2.481140365541776027e-01 2.376792784988102092e-01 1.573020347839923505e-01 1.091579771139826321e-01 1.825598154101824022e-01 3.808893881703878659e-01 4.144917098238682929e-01 3.786372972277374238e-01 3.610466888617232528e-01 1.159589404945537833e-01
1.012257672972333378e+00 1.008569678792675450e+00 9.982990234027991905e-01 9.556865727778748321e-01 9.801287117020003326e-01 9.340376074704932474e-01 1.031335742767030661e+00 1.003264951888801937e+00 9.044815268390737906e-01 1.087147261374715068e+00 9.665934314308899378e-01 1.049376342949857710e+00 1.009640930364063882e+00 1.008145482763398437e+00 9.144536950983709334e-01
1.065823476924042945e-01 6.279805129351855031e-02 9.354683235087347948e-02 2.817101528882259148e-02 1.676506627476543054e-01 1.155003454394818857e-01 5.207717367632226646e-02 4.659591662773965304e-02 8.407382642105271087e-02 1.785293789331636738e-01 1.680447696724098605e-01 9.652782569202692300e-03 5.826135961212836750e-02 -2.448188428547994067e-02 1.757812299408948731e-01
5.516895155517355098e-01 5.376847239292413816e-01 5.481174753370792185e-01 6.214510835939240918e-01 4.633169794532169816e-01 1.885949763956323855e-01 3.788626111775675875e-01 2.075886784324402490e-01 3.934929813585270053e-01 4.465531024764270995e-01 6.110332642066585995e-01 6.635129599855775773e-01 4.798666382535292652e-01 6.265697203419882122e-01 5.002520185867387337e-01
8.219314831703454782e-01 9.774698605510189209e-01 6.543838259583378836e-01 9.330988694106711057e-01 6.094224200575466543e-01 7.809893686378992506e-01 8.123848950634692256e-01 8.166652137985817017e-01 8.699307551703628905e-01 7.826449819603958913e-01 5.911993704191842447e-01 6.565928690893629849e-01 6.869267732607414745e-01 6.041924186386959938e-01 9.701111279698599876e-01
3.019536438514831833e-02 -4.676111389074634646e-03 6.128982918202842411e-02 -5.378714643104784421e-03 -8.639198901769422345e-02 -7.310645661916462777e-03 -4.398962219436255289e-02 1.076471891077202953e-01 -5.482482001482026635e-02 -5.395877739148764729e-02 1.886960798843886206e-02 3.836064141846648456e-02 -4.491429060990104888e-02 -1.382783010027168781e-02 -5.122522013648111300e-02
1.104440602619179701e-01 3.439163612836305256e-02 3.296547050449016858e-01 3.113416763327453429e-02 2.280269108791959654e-01 2.064443019828906545e-01 1.898337685856490431e-01 2.721011194117569088e-01 1.948504443763224847e-01 1.027250305521887203e-01 1.157512259933288212e-01 3.844227117913812108e-01 2.549101947895404119e-01 3.745776175377424910e-01 -7.076219059213045837e-03
7.738449339999451393e-01 9.883446811810201460e-01 7.308560319797197113e-01 9.803013019278442597e-01 6.325699251535021883e-01 5.862970596696708281e-01 7.772832208530215947e-01 7.808117877421995034e-01 9.214240468461849520e-01 8.535793137127922758e-01 6.486773836925565639e-01 5.262513068687093565e-01 6.698239401804746418e-01 6.974326442404560344e-01 8.947398275840489079e-01
4.831594904520566947e-01 5.111329347962274561e-01 6.696970606442310681e-01 5.941848455138076801e-01 4.213038764528066471e-01 2.763779607868736554e-01 3.996126772587711429e-01 3.303658381491544893e-01 3.955083071870893474e-01 3.542349052806796350e-01 5.647858724743108905e-01 5.871298211894377950e-01 6.300212989193617608e-01 7.118401953632201851e-01 6.173934563741506620e-01
3.633699890816270983e-01 4.058570339588565279e-01 3.830915456807767461e-01 2.729713140056930776e-01 4.581505011638253855e-01 6.537352853602137470e-01 5.658571319641160224e-01 6.432960164371142042e-01 6.313535677421228121e-01 4.481177889516123614e-01 2.923012700153930776e-01 2.492823660532143548e-01 4.498583042854888414e-01 1.818830103673698684e-01 2.902483525634338979e-01
5.208615176069246733e-01 6.660829291325048862e-01 3.444044032355895180e-01 6.484284559317993191e-01 4.352122894396335817e-01 1.544623958507527761e-01 3.806904967733276690e-01 1.302160954004105975e-01 2.155673962182654835e-01 5.291549334869951604e-01 5.401558274681613758e-01 2.422878756129411282e-01 1.305406953144635229e-01 4.518197994871032130e-01 6.908687575883988297e-01
8.476166692047730766e-01 1.004348055146139451e+00 9.689687152284450766e-01 8.587261955561337201e-01 7.970215536362657005e-01 9.884276852180360340e-01 9.605509769101918671e-01 1.029633358889980421e+00 1.015600871745263589e+00 7.574949585157638721e-01 9.248605497370300244e-01 9.529454519343191210e-01 1.040774814462937625e+00 9.365144089185291065e-01 9.296744587021610329e-01
6.218660240431563846e-01 4.296756270906770814e-01 6.902600072924857111e-01 3.842941177924343310e-01 7.807575057173185007e-01 9.167437887332502422e-01 6.663568977394578319e-01 8.722042307923146831e-01 7.269559824111722079e-01 6.295570286810118210e-01 5.853027784495800079e-01 8.057666779294577752e-01 8.742646182165890734e-01 5.624368313339410674e-01 4.498876457510440074e-01
4.460224536914292326e-01 4.697939711515088934e-01 6.436237478498898490e-01 3.866545446509328521e-01 6.572305544618219919e-01 7.708943837127909537e-01 6.058543335666863872e-01 1.017679626790250813e+00 6.531644080612731829e-01 4.034437357887205033e-01 5.105390585271742943e-01 7.313917716463758101e-01 7.239399186708301848e-01 5.193530837796312971e-01 3.517748326332101882e-01
5.480006424837429169e-01 6.046284911459548495e-01 2.897918207804163759e-01 6.661962216664474301e-01 3.108925501696910842e-01 2.210952035488493450e-01 3.772727574225575586e-01 6.924618660377487855e-02 2.853021198792473068e-01 5.766254623345865582e-01 5.054856689336738595e-01 2.749876710318739370e-01 1.972624132173191602e-01 5.308652911439932787e-01 6.117763640753990373e-01
8.464932829763044397e-01 1.001829708740454183e+00 8.972695212824886024e-01 9.828458908273149941e-01 7.921497534940384888e-01 9.038895405357918467e-01 1.053848487833251246e+00 1.035494736298827823e+00 9.915098740031875746e-01 8.560219118799485827e-01 9.484100918802735869e-01 9.664466833391622824e-01 1.029708511709046093e+00 1.024054935101429420e+00 8.814790538958390265e-01
4.654358109799250354e-01 3.588566732394021241e-01 6.702587222070468531e-01 3.695620728585800041e-01 6.728117750024006360e-01 7.600502234895767373e-01 6.429689740726943770e-01 8.783907151112939626e-01 6.037622128651398690e-01 5.365747108005058941e-01 5.705433775170546395e-01 7.374571018537652289e-01 7.375610986004260683e-01 4.359165149749469892e-01 3.828932891478847855e-01
3.996991864235980296e-01 5.686596421839781312e-01 4.045026638382661077e-01 6.744615083746239304e-01 1.215309151458112413e-01 1.296576044130451355e-01 2.909480295377728787e-01 4.041312952498359728e-02 3.433348429708945049e-01 4.115055262173060724e-01 2.803929872733299522e-01 2.352219844721406827e-01 1.609997190116600752e-01 4.140097454743045802e-01 5.854818137756540031e-01
6.137433277958398437e-01 4.775072289108677759e-01 4.189356512109657094e-01 2.828578938526387088e-01 6.317558628555552946e-01 7.265293929950995544e-01 6.469317280308131135e-01 6.572114455165086744e-01 6.907358314631889540e-01 5.705798620232314100e-01 4.371282904239338629e-01 3.496654035793735904e-01 4.473880277857091858e-01 2.274119308085866265e-01 4.205576941672737323e-01
5.845742443779107511e-02 6.449411525569238857e-02 -4.269850077682387640e-02 3.093234055632239701e-02 -5.655142111346088754e-03 5.913219274027400885e-02 2.577212840515598347e-02 -1.083912193938238629e-02 1.742403919337858972e-02 2.353788294452054120e-02 -2.390799941446908328e-02 2.394059631155499163e-02 -2.361114188350776476e-03 -1.324284001360210433e-02 -4.153012595116257338e-02
8.939500543750101835e-01 1.062084346369946086e+00 9.548736759911166105e-01 9.441772383271913593e-01 7.517043276292630916e-01 9.029149089338673884e-01 9.119834981798405904e-01 9.570222946553591514e-01 9.751105511307520679e-01 8.306086375668558786e-01 9.348106486870457754e-01 1.028394067520963295e+00 9.380722541593985442e-01 8.751881216274010056e-01 7.923605347188086290e-01
8.461695161134291654e-01 9.865195551182275313e-01 9.014057820384099307e-01 9.157554110156779226e-01 7.950162439579346874e-01 8.429291157476008767e-01 9.769950975083890876e-01 9.456304395702784804e-01 9.617710399324702619e-01 8.855223671147368636e-01 8.867171324827888279e-01 1.078953269773267998e+00 1.004019842556367337e+00 9.375584599967327071e-01 8.823052049012793940e-01
4.174619568963418015e-01 4.045967848381779586e-01 3.471467353183448346e-01 2.721869465180124514e-01 5.414250520058773164e-01 6.554601613319623876e-01 4.709088389387925955e-01 6.357408137040493346e-01 5.716230569223407221e-01 4.605999079127913176e-01 2.589625826183435398e-01 2.064901071110827047e-01 5.970668237402656509e-01 1.119637110793172963e-01 3.821877072578511725e-01
7.287403242780480239e-01 8.950208272340083315e-01 6.876296471904795871e-01 9.672012417992325028e-01 5.541715803151988640e-01 7.367368260686864012e-01 7.713152259596310900e-01 7.731119122450919035e-01 8.978293945130919607e-01 7.171224199839345559e-01 6.380038640312785114e-01 5.992056328251346153e-01 7.465588081095536621e-01 6.456888238836883120e-01 8.081020774523811623e-01
2.603798036440393981e-02 3.039736874479964657e-02 1.148973607639723060e-01 -6.983613718509835977e-02 2.508499570446031876e-02 6.669499960769154079e-02 3.957062888162131420e-02 1.257680625351676740e-01 4.506664961415952214e-02 -1.083150730664026590e-02 -4.845795548397702213e-02 -1.734832825259354991e-02 -1.136805312808392004e-01 2.462841299851652524e-03 3.665520210342122776e-02
-5.191799340775328508e-02 2.706764665917764032e-03 -2.803861817221720010e-02 6.870815299066010406e-02 -1.883909922594445563e-02 8.971094668357597335e-02 1.135388130796504682e-03 -1.076483071079703119e-01 -1.548218191294674709e-02 1.349485399901999977e-02 4.670367691923506259e-02 4.509480386714641298e-02 -1.362439300221536358e-02 1.163047807415028799e-02 5.066601342071806041e-02
4.840994830251523773e-01 6.154903639551589922e-01 6.310922585514172622e-01 6.482792845260952896e-01 3.354456435147402105e-01 2.932398242303762004e-01 3.927166255639448211e-01 3.119387869637404997e-01 3.512145809024264098e-01 3.175726777508950938e-01 5.885102003917727087e-01 6.967127498558813858e-01 4.009353626634281076e-01 7.741261364604088424e-01 5.247228796731430167e-01
2.176607913228314258e-03 1.522592107462166638e-02 -8.443408249970871249e-02 -9.348369453919799787e-03 -6.090661738925628316e-02 -1.400784475259662237e-02 1.380685943990662794e-02 -3.022838667464603640e-02 -4.346776414011801343e-02 -3.384529733248026889e-02 -8.671742451089455017e-02 6.136166418340410073e-02 2.074771639676161600e-02 -4.243623602858303395e-02 -4.701518504657738878e-02
5.061752263986962763e-01 3.411281417765733570e-01 3.255912343571388257e-01 3.442118491285802162e-01 5.406037744967411296e-01 8.598493089494807506e-01 6.337007449973801609e-01 6.791299012870652962e-01 4.554975059721940167e-01 7.159752852431282566e-01 3.949512228344989051e-01 3.518306038762154531e-01 6.039643433940486972e-01 3.397528908521335600e-01 3.840154605494473516e-01
5.058809664434262832e-01 3.510753420888675924e-01 6.459953521464626425e-01 3.770281234176341978e-01 6.415948217925079300e-01 7.951636067021706777e-01 5.348389121729608675e-01 1.003774935908336996e+00 6.225670907313733959e-01 5.456781609111660547e-01 6.424188902897459696e-01 7.606934163217274891e-01 8.152215883941036356e-01 3.992902767833443334e-01 3.051319773186506601e-01
1.323262249855178263e-01 -9.073786986284887446e-03 3.343769984821855501e-01 2.320231356122720578e-03 3.097796728020437707e-01 3.245406790700663957e-01 2.395999399317487732e-01 2.674471568480508155e-01 1.775912461864218583e-01 2.475649604370213086e-01 3.240710105280782960e-01 3.494599865896448887e-01 3.546553618906554961e-01 3.817700146637329484e-01 1.685611709609104447e-01
5.355561333332869989e-01 6.640706137762947270e-01 4.090112655479917758e-01 6.380278048885443809e-01 3.033011235124150606e-01 1.190531282367196519e-01 3.352786121177246392e-01 9.820847166233362402e-02 3.220447987664550316e-01 4.462357946564490252e-01 4.803468161676075487e-01 2.842282102133204535e-01 2.665411882844414548e-01 5.141631014926788534e-01 6.083434202373319000e-01
5.392560978543971262e-02 4.944766798386505263e-02 1.168965892683333091e-01 1.360924601922184132e-02 1.179738652525421649e-01 1.172235503326931189e-01 7.216737387018666572e-02 1.611387697361764057e-02 -8.063355953815024013e-02 1.423235054463479754e-01 1.814270225418006810e-01 -1.283798535831638665e-04 -1.194271874949329702e-02 9.554936930359653191e-02 6.799553999651285208e-02
9.950596249958457706e-01 9.630968176788775592e-01 9.425625847335743490e-01 1.006196714453034824e+00 1.034276206873004034e+00 1.023833898061303538e+00 1.047459013254426807e+00 1.059716271231941231e+00 9.289413676015819687e-01 1.003194444187977874e+00 9.751261995420164030e-01 1.011744841313366505e+00 9.614248120849585577e-01 1.003006528124762875e+00 1.019427074901484431e+00
9.610236755141323695e-01 1.030230103786471174e+00 1.025126561142121417e+00 1.039690643306693474e+00 8.919735299455832100e-01 1.047306743766609038e+00 1.024245872918355893e+00 1.058662089189136957e+00 1.034608906933270678e+00 9.983066352753378059e-01 1.057673426966243335e+00 1.009589198601858584e+00 1.063333880210962423e+00 9.207674157864411679e-01 1.036846706696992637e+00
9.790714688133931309e-01 9.644383718924970372e-01 7.195289163935149057e-01 9.740764224197099308e-01 8.693464674462315633e-01 8.516294712843066606e-01 8.100482700040573247e-01 7.858598446387106140e-01 9.779917936258823996e-01 1.014949946690433702e+00 7.846514964198633146e-01 6.468671569265482812e-01 7.102143417166533190e-01 7.273926089834215070e-01 8.995487210231565278e-01
4.856431480586612115e-01 4.753513431995307625e-01 4.508614204732163677e-01 3.459545203483246900e-01 6.215533583612421475e-01 7.901861182124040317e-01 4.902734633724695756e-01 7.599606578676258994e-01 6.718927272824336550e-01 6.369741998414957251e-01 5.529218183081044957e-01 2.800130236158882568e-01 4.557463324161236673e-01 2.949320898247346223e-01 4.523998417489565327e-01
2.321978093963973644e-01 9.433886801467007699e-02 3.866243258716933195e-01 1.081562331487823103e-01 3.800264039885771217e-01 3.278846296339861244e-01 2.912290606961066008e-01 2.512579546103874684e-01 1.245251844524332130e-01 1.616419079922567226e-01 2.736984945760429500e-01 4.716104487306330140e-01 2.841433094320429120e-01 3.482783515094131088e-01 1.797847175887614946e-01
4.190840709639992445e-01 3.468448041542888105e-01 5.795838316858765715e-01 3.722839195876465057e-01 6.878476954001474519e-01 8.627247452536267458e-01 6.183637359795370880e-01 8.955963145431333761e-01 5.597927654178945778e-01 5.136850530995625830e-01 5.858376479122794356e-01 6.947615916968440386e-01 7.257319862534785671e-01 5.006236238526772242e-01 3.144832612664351656e-01
