-5.273952945593629593e-02 -2.366815062524446102e-03 -1.300682534243782253e-02 -1.966013584548749124e-02 1.492751998816536918e-02 -3.471822049346472844e-02 2.781877962863106221e-02 2.574395993073037153e-02 -2.462446314516766530e-02 1.594106592734197378e-05 -9.268992825504914629e-03 2.541724936452006978e-02 -7.083382124458748041e-03 1.596377055250799287e-02 -1.444820000009688736e-02
5.927902552593589114e-01 6.787449908682801070e-01 4.854346500838497835e-01 4.799654225004330033e-01 4.655846617996180492e-01 6.480052734704659922e-01 6.092802559983711008e-01 6.366092104174952970e-01 6.959752396720170209e-01 3.503258559738876565e-01 6.371563581318727687e-01 6.957201884050330243e-01 4.190021375528928949e-01 5.384570560547380369e-01 5.033391928551925742e-01
5.138596795975668430e-01 3.820247568346465394e-01 5.903694528196402613e-01 6.739670479605935904e-01 6.684100296283554954e-01 4.740445569883624533e-01 5.860872496481039917e-01 7.009996203297205186e-01 6.561088563100064830e-01 6.693064205259503519e-01 5.889647389617423956e-01 5.717165552351121116e-01 7.673506244559551437e-01 6.553777265769146210e-01 7.212808930221373815e-01
7.651210242841083309e-01 8.728863696354329793e-01 8.879189525020552143e-01 8.879573047476430059e-01 9.230233235326730235e-01 7.669735274974884831e-01 6.113437495584327364e-01 5.126186236144757435e-01 6.458055697073825652e-01 9.713119128493440391e-01 6.702748111833721767e-01 5.251587882380722716e-01 8.343838384687330967e-01 6.453607619966896802e-01 7.160057642697336133e-01
4.195673177003796384e-01 3.198233311602899365e-01 4.809838577388123593e-01 5.175579966405569055e-01 5.670106557545457893e-01 3.685776983733594081e-01 4.127032031086891317e-01 3.420894990700199534e-01 3.259148303630007848e-01 6.860128603478372611e-01 3.969604029145268331e-01 3.124060147926179809e-01 6.024220112848068798e-01 4.494545959439105176e-01 5.267773552375341062e-01
1.219617686905634518e-01 1.057074432696488431e-01 1.197684490475877106e-01 1.412719508007730662e-01 8.432931785999080165e-02 8.017686398106921297e-02 2.077643172448719600e-01 3.545286419768780561e-01 3.199111814970424517e-01 3.268915807623153091e-02 2.199713428989813202e-01 2.593870210731191173e-01 1.536772096943507526e-01 2.784531987872203573e-01 2.139177474577962923e-01
4.040843833466101209e-01 3.074571106372113727e-01 4.563564328443214246e-01 5.514765415014823979e-01 5.556436295965466732e-01 3.761152405508897956e-01 3.871843643940694468e-01 3.999559328519818879e-01 3.482788153157191924e-01 6.552664141799044994e-01 4.275994563320552055e-01 3.025736361548326814e-01 6.048542946232332573e-01 4.608885889094163080e-01 5.104017481537769241e-01
1.011885111292310846e+00 1.052721452057345353e+00 9.996150474361571447e-01 1.006179421573191846e+00 9.727763872116654831e-01 9.786837425929697520e-01 1.027468639045550081e+00 9.775150656134177218e-01 1.005883566985777078e+00 1.015010899657378118e+00 1.007050657521068038e+00 9.788479929739283270e-01 9.824579425057347049e-01 9.847230756258812390e-01 9.804508319846327868e-01
1.358030157815858230e-01 9.613420085687671146e-02 9.529953588739611958e-02 1.310838608944007722e-01 1.145402967210963630e-01 9.843887283268362709e-02 2.124233708656540209e-01 3.251031903121253119e-01 3.518745767126660873e-01 3.714419911522533202e-02 2.668337723073188616e-01 2.788868482631247092e-01 1.890501701996128436e-01 2.346575553987956253e-01 2.439194551632305752e-01
-2.444474985803656020e-02 2.848577553225083853e-02 -1.691266246919202829e-04 -1.394572861940419385e-02 1.895466614805186309e-03 -1.929110275058706567e-02 2.014817854603566036e-02 -2.552790096545633561e-02 2.010357130208160342e-02 -1.269076220563155472e-02 -2.077907998289071131e-03 -1.612086766831459864e-03 2.625222612615838585e-02 1.687601551465625627e-02 3.169357903247823488e-02
1.009875540748021550e+00 9.905262080112313683e-01 9.694195648927357301e-01 1.013725282572498498e+00 1.038672664395459355e+00 1.019100435696508544e+00 1.002866424030872672e+00 1.000689110408222504e+00 1.027453595113936746e+00 9.975419452454094005e-01 9.958714007994952100e-01 1.007643738586732285e+00 1.006948599235307995e+00 9.744515681726074741e-01 1.025661404660539677e+00
1.007953199759964447e+00 9.865782839620730327e-01 9.888716711952137972e-01 1.037527657313893181e+00 1.012619061324577796e+00 1.029217812512589036e+00 1.019300955238300999e+00 1.008063020230387297e+00 1.030253289970615160e+00 1.019589916428189635e+00 1.033143094571885134e+00 1.039475654586032194e+00 1.015587882970328648e+00 1.010464237751881766e+00 9.955404935233292951e-01
1.313642443414513028e-01 4.506802172337866924e-02 6.112302894637031137e-02 4.156935022662916479e-02 -2.228698500084169698e-03 1.378422928213001997e-01 1.728020814169573538e-01 1.587631359217019644e-01 6.110754851305298663e-02 1.329726649968185001e-02 1.065396639959537983e-01 2.220385261547922484e-01 4.817152244392761129e-03 1.167920291352550766e-01 6.012435862514822760e-02
6.691605669583278182e-01 4.508151558943453985e-01 6.322122640050382714e-01 6.667259959105770184e-01 6.574246436827816398e-01 5.613502426154920455e-01 7.456043653527041348e-01 8.709389538641872930e-01 6.709599921751103757e-01 6.657597715018254148e-01 7.003984449775715326e-01 8.452212030355795713e-01 7.653120612286034019e-01 8.235346989774324777e-01 7.961422697584085162e-01
4.038353845289234245e-01 3.084627811820666032e-01 5.087836435986681227e-01 5.116439904968310692e-01 5.603540351085718463e-01 3.662003683050668590e-01 3.533209727268717959e-01 3.863608386620115964e-01 3.311378755965959653e-01 6.788062169986031069e-01 3.656256656928445481e-01 2.971298203128572291e-01 5.856675391176296985e-01 4.304587892830062379e-01 5.211267440783087235e-01
1.145492752599305553e-01 8.023669535158725608e-02 1.090883267427189274e-01 1.124862997939457127e-01 1.363593558903253566e-01 9.065302705755802493e-02 1.918863451179664281e-01 3.077654387136446457e-01 3.124997213914473271e-01 5.482842844332905946e-02 2.540903761034299935e-01 2.912014217896565227e-01 1.582982521334910242e-01 2.172411278048923811e-01 2.211104059241923991e-01
8.913265710292541666e-01 9.582538874414645580e-01 9.364382236456081365e-01 1.018859509734693303e+00 1.002457105361093115e+00 8.674359582716963946e-01 7.682159337506342389e-01 8.610103726440616612e-01 9.300388520003955994e-01 9.737821222898989104e-01 9.262720388445297992e-01 7.738470765940158591e-01 9.963888864773157161e-01 8.521489918702375155e-01 9.902071721682899064e-01
9.124147815078456070e-01 9.567766667785708723e-01 9.390494775297468788e-01 9.796570976403469189e-01 9.874811956215160391e-01 8.359354270381029739e-01 7.912840089618670136e-01 8.465867112546092699e-01 9.239061674172025507e-01 9.813200245971275271e-01 9.498968206175170126e-01 7.644659094230014107e-01 1.012591098571806514e+00 8.283770797664489205e-01 1.003322909105095917e+00
4.590831709149180706e-01 5.760678064174989954e-01 3.978821966330278181e-01 3.376544867345404599e-01 3.858103010427947344e-01 5.424331796268011541e-01 4.455705923653547895e-01 3.247907542883468057e-01 3.740865913435392764e-01 3.356620003278780184e-01 3.638822911636094837e-01 3.721261710728871464e-01 2.730157955286525717e-01 3.478542103758333059e-01 2.619961575272408139e-01
9.070868062195317494e-01 9.626963540912726325e-01 9.922006664999176717e-01 9.856742262983511083e-01 1.008502206543105739e+00 8.296172285226293130e-01 8.144750858097543622e-01 8.613713908208617820e-01 9.246492373096493189e-01 1.036203845061382856e+00 9.193243788183260712e-01 7.769081693474571004e-01 9.726189818996445746e-01 8.728876462633368138e-01 9.721755882822069594e-01
-3.555730838744669553e-02 -2.461539071237351176e-02 1.471435021823809530e-02 1.154366281919152679e-02 -1.390908293406898711e-04 1.249247409594772366e-02 4.256589430658367333e-03 -3.746715612789101868e-03 4.657183587694958132e-02 4.970930744706670602e-03 8.599786493545794400e-03 -4.066249595123585039e-03 2.612395021811477966e-02 -4.706089138881961592e-02 -2.331083357211191295e-02
5.917269640858323632e-01 6.566270081692782146e-01 4.976130338898853700e-01 4.516744417649298238e-01 4.482938001468910194e-01 5.948099606739135625e-01 6.300350258325719821e-01 6.224461869123099067e-01 7.007886193613359627e-01 3.319063464211614023e-01 6.043584709516620634e-01 7.036882152553328718e-01 4.261592904618718425e-01 5.358381334202659829e-01 4.824649586280743696e-01
8.768181964718491095e-01 9.637676151502762023e-01 9.237644527180624010e-01 9.832950589168322209e-01 1.004781911403629158e+00 8.474101284859330008e-01 8.039083906796123946e-01 8.225559204468710917e-01 9.430312953628051664e-01 9.773957149661397503e-01 9.166692040608885872e-01 7.740244680106748154e-01 9.724880030480300697e-01 8.841814158279129865e-01 9.792077841714579289e-01
2.243289453993486116e-01 1.049197919745220309e-01 1.454138528177559286e-01 1.707064708190365876e-01 8.247089542295601983e-02 2.061751732562067119e-01 3.776932233918494641e-01 4.598889863033613912e-01 3.733409390656082794e-01 4.169375128362777516e-02 3.136822701990685247e-01 5.144538421184740029e-01 1.670552533580373367e-01 3.536832525211062173e-01 3.236224391807215883e-01
6.073661489343562363e-03 -2.186429585860938732e-02 1.694295099978378530e-02 -2.269479564679206113e-02 -1.094388968461488913e-02 -6.569787794290189720e-03 5.240956051872895259e-04 -6.290018206978807876e-03 -1.732020499377984191e-02 5.090991638228452298e-03 -1.417836214240817370e-02 6.699421089511590523e-03 -3.189148017356737558e-02 2.427627988342953569e-02 1.673563187806093727e-02
4.469469178673488585e-01 5.783609469351265187e-01 4.345405880880323091e-01 3.304389178236397107e-01 3.965231514444759187e-01 5.102391945011006680e-01 4.087611491467121883e-01 3.005685672744302650e-01 3.651217986321302345e-01 3.354177603328456492e-01 3.919987351432880907e-01 3.954106021957535244e-01 2.524418375147101101e-01 3.328953619898688543e-01 2.524434265368726282e-01
1.011043593258093287e-01 3.440999697768211407e-02 6.705680305804316566e-02 8.048575325056775420e-05 1.575864580276656671e-02 1.404905567825320833e-01 1.774117406983083678e-01 1.473475360924980382e-01 5.861959826079281982e-02 3.392091734568892548e-03 8.565040005055674088e-02 1.911187249768245833e-01 -2.404491212816586496e-02 9.544370215824482528e-02 -4.789058157739806143e-03
1.009058703922115718e+00 9.995468049634537167e-01 1.011968435403854061e+00 9.750577878073045657e-01 1.004857496526069705e+00 1.016377218320666520e+00 1.003927098980298194e+00 1.006719003998869821e+00 9.957642320813240300e-01 1.008700277743359353e+00 1.003029617431295151e+00 9.956563261137799659e-01 9.995370356790489463e-01 9.884898237408945576e-01 1.000264801033342366e+00
6.864195046204837336e-01 4.677743464762756931e-01 6.634137348631017339e-01 6.819237969421692025e-01 6.585690336538557732e-01 5.809063046829509025e-01 7.497465918243830796e-01 8.366197672482990066e-01 6.969320418394463479e-01 6.277277333297504036e-01 7.237608230096130857e-01 8.060532282087237155e-01 7.271006247719631332e-01 8.185133437380642807e-01 8.002658534135267399e-01
1.098182260707368102e-01 1.737263939406512997e-02 6.684225967647547395e-02 -5.432658074644672319e-03 -7.947112203704096225e-03 1.146411267374731202e-01 1.849034738380334053e-01 1.492357330123323389e-01 8.557798778821279484e-02 5.700869173956988473e-02 6.016476729584205319e-02 2.028454839833081502e-01 2.157110282386936681e-02 1.333275671094831527e-01 1.975020563308924407e-02
8.710774836462095161e-01 9.082714795503172844e-01 8.937575385477792844e-01 8.715890276618868393e-01 9.406257553468303501e-01 9.270631634033338342e-01 7.924767671470631658e-01 6.834484299108607441e-01 7.146016057216032502e-01 9.319814530896884941e-01 7.425133215392368813e-01 7.044067299685271566e-01 8.647073010388678371e-01 7.617075977444928148e-01 7.630546468693435447e-01
1.528366548136857461e-01 7.617180051354899284e-02 7.378938875233782835e-02 1.411592525716623969e-01 8.757150145540815167e-02 9.976266259562371896e-02 1.961185247024927192e-01 3.500926359575608493e-01 3.421027680378865843e-01 6.409255504610508747e-02 2.188653910300134287e-01 2.895032131407018761e-01 1.483031825270383630e-01 2.766090224751307503e-01 2.004771362285629188e-01
2.461973198094059012e-01 1.377754447585619046e-01 1.128252481285635100e-01 1.494898584739810521e-01 1.239466899793393306e-01 2.500332204823929039e-01 3.701860817070558585e-01 5.009040300570047899e-01 3.571193756819261989e-01 3.654598834206309460e-02 2.539217097684665636e-01 5.296428383911931936e-01 1.282933016324602216e-01 4.055779848616750671e-01 2.682047781084496152e-01
2.233611692083213307e-01 1.244692154621111352e-01 1.314075173830612508e-01 1.261922144443140825e-01 8.460508023866621097e-02 2.176805986546422600e-01 3.823148029540343051e-01 4.867372818581081617e-01 3.701642968177071835e-01 4.859655912566739067e-02 2.864684977434160396e-01 5.030866506369267022e-01 1.394901122227434065e-01 3.761353422211384245e-01 2.690423305168511692e-01
7.842884011579173698e-02 4.504809434841142157e-02 6.295971083939266855e-02 3.640449127418531744e-02 2.878066552009141132e-02 1.397556382433452482e-01 1.660488688831839588e-01 1.429116384851153998e-01 4.653260072539196213e-02 -2.149069485008377189e-02 9.224244634409939358e-02 1.912890666430366038e-01 2.360143162209385470e-02 1.202162616437888881e-01 3.324383824171064927e-02
4.396486692473978719e-01 6.648877215272804841e-01 4.721254073070896284e-01 4.477394784249981718e-01 4.560643112872494465e-01 4.659378287652418682e-01 4.147318516033929869e-01 4.577547888822465216e-01 6.202223696517483731e-01 3.936803910820468322e-01 5.342790884758510384e-01 4.836984895965905085e-01 3.767296769740761664e-01 4.406596076984062860e-01 4.464676638570475586e-01
5.405324508708937437e-01 3.572865956420535616e-01 5.506100161241109792e-01 5.563573080913138957e-01 5.629259480794533976e-01 5.004944995784462725e-01 5.356769196935712296e-01 5.366492240977270844e-01 3.748379146651486526e-01 6.285087642807091202e-01 4.713715986209374154e-01 5.143569422802339863e-01 6.208382807096460843e-01 5.845337634960610096e-01 5.893592412059139862e-01
5.233524296572089618e-01 4.590597419479142682e-01 6.375360807541939900e-01 6.602991943489823212e-01 5.975016158958694756e-01 4.748654499155369191e-01 5.561366949769398493e-01 7.109440309682447667e-01 6.783994518222931092e-01 6.653180126197963951e-01 6.082513510051352768e-01 5.909563420372229148e-01 7.561043696525934221e-01 6.761887969266543452e-01 7.508178784644898851e-01
9.148962202584381975e-01 9.629267440763115138e-01 9.474250611336341166e-01 9.848229202415093031e-01 1.005654836293830900e+00 8.661575872473920024e-01 8.090116781199446772e-01 8.806979851332132903e-01 9.533080828417783703e-01 9.748708877884899593e-01 9.598255413116650869e-01 7.682941065041966056e-01 1.002642750374999503e+00 8.632218117525710666e-01 9.693249918682377286e-01
2.360193442526429541e-01 1.324956213776147251e-01 1.654229352012057952e-01 1.296025060269205276e-01 9.442215806229212194e-02 2.118639403654675735e-01 4.219498215752260917e-01 5.137419072341502524e-01 3.896246924396861711e-01 5.254475777561748440e-02 3.005207728402736200e-01 4.695222126323272960e-01 1.567917703850837674e-01 3.699211572576910911e-01 2.558431592024829615e-01
3.676989561243869109e-01 5.694396164507494751e-01 3.648617910311596768e-01 3.024915491296371051e-01 4.109486273640446385e-01 3.764791426927863727e-01 2.268996301701683427e-01 5.190297261966599074e-02 2.943177927786975179e-01 3.074653296135306801e-01 3.000848079433550142e-01 2.352797278957462213e-01 2.957494287756297080e-01 2.015015969099251403e-01 2.190993933652831682e-01
3.719455232801675004e-01 5.534581683828666554e-01 3.628122305108564816e-01 2.866384141561693077e-01 3.580569687264189005e-01 4.108519703863999784e-01 2.625421437165093019e-01 1.220948547731266765e-01 3.124091740821295926e-01 3.260997871542564153e-01 3.401673277261036410e-01 1.488294286520897014e-01 2.416269016418685356e-01 1.725853664246481678e-01 2.300520476324052488e-01
1.452247156632544278e-01 1.486826664084603955e-01 8.707879065788699802e-02 1.693440352409270599e-01 6.607976837303092266e-02 9.239170527714615777e-02 1.826637755912862149e-01 3.307438289125598230e-01 2.993042601316345808e-01 8.407574820098888402e-02 2.397670921945507516e-01 3.127896462718595672e-01 1.229750636856246360e-01 2.632542685008285588e-01 2.374243084332934850e-01
1.077186001373318797e-01 2.785517068641422608e-02 7.767385946809068908e-02 2.003889347828231512e-02 -4.414355277168465277e-03 1.512958893653400527e-01 1.741281279920635638e-01 1.193422354969134458e-01 6.322774374500525485e-02 -3.601251858031341568e-02 6.547075206424930738e-02 1.782517443837055848e-01 -7.235847026376016067e-03 1.371389082309452390e-01 5.085502666826396956e-02
4.896041514463204680e-01 6.492607151473452909e-01 4.889415780810725254e-01 4.315093453654407774e-01 4.490197202244133323e-01 5.414604558544999779e-01 4.506444859042947337e-01 4.592512732968434541e-01 6.294654066257566738e-01 3.468091554021359713e-01 5.604529620318702277e-01 4.431880536489996580e-01 4.035383630915813646e-01 4.072203727635593795e-01 4.596229531620709685e-01
1.308625548915450798e-01 7.503866013799971590e-02 8.596406066457470962e-02 9.522810118066812879e-02 9.193987128723427049e-02 8.866525950557362090e-02 1.804589126713470604e-01 3.605991445747059876e-01 3.045567536538789644e-01 3.927688167536377839e-02 2.440935918283926864e-01 2.912544464936444588e-01 1.920158878984764561e-01 2.625167578360049769e-01 2.475403071174955283e-01
4.603986428659084251e-01 5.721480530932389064e-01 3.593461072374926624e-01 3.349734676958966428e-01 3.661381378259661590e-01 5.563516351633469581e-01 4.424245743882304072e-01 2.935492247487978545e-01 3.738903085124700154e-01 3.027602288004426767e-01 3.847154160372437959e-01 3.957584962808055606e-01 2.879147351157042567e-01 2.784080495517446963e-01 2.694943604767673917e-01
7.286529089014054383e-01 8.819117070031315953e-01 8.923507285468770256e-01 8.437901367667020036e-01 9.392658970534184526e-01 7.664150666945835910e-01 6.247507825355229638e-01 5.184620596586201335e-01 6.541859818067109478e-01 1.002312176254166021e+00 6.844374819768268559e-01 5.205309545828380458e-01 8.397127193761584341e-01 6.244476677191114211e-01 7.327066150591543536e-01
1.085865100790193022e-01 2.622238579789405374e-02 4.738138623202891447e-02 1.415486086188892309e-02 -2.662416130627488428e-02 1.624443599742936839e-01 1.983855286797552575e-01 1.541461060796282534e-01 1.018967175756834431e-01 -7.709019614002898119e-03 6.603529169106417407e-02 2.121899296761722009e-01 1.695976831542740301e-02 1.171236396657402840e-01 1.991237742075777431e-02
4.230711649878622915e-01 3.210372690543383811e-01 5.160012842001284739e-01 5.248296233891771578e-01 5.162673962775544689e-01 3.496515050326571838e-01 3.825157392967388215e-01 3.751957898469411301e-01 3.695834241923561803e-01 6.306690473181840728e-01 3.934264585520939050e-01 2.862367340002918148e-01 5.757367848462486837e-01 4.406860518208943756e-01 5.175651650576876817e-01
1.338894556735980845e-01 9.278174123001231566e-02 8.950270370494405048e-02 1.446993508051006294e-01 1.008238237701007400e-01 8.917830420844803652e-02 1.430669686294108178e-01 2.957027242161326397e-01 3.219059415090540499e-01 2.694494260061563659e-02 2.763498031115867448e-01 3.047027064821976050e-01 1.489981053910318931e-01 2.368782082653103915e-01 2.228208843472925804e-01
2.497825241681753683e-01 1.210764613404128609e-01 1.473060670672725059e-01 1.028396296297085788e-01 7.628531885176238758e-02 2.273966842240591479e-01 3.839828166496560558e-01 4.784293750009210866e-01 3.572554509532926414e-01 3.092274774297120582e-02 2.928201970491585149e-01 5.155007497822625684e-01 1.421734402154853083e-01 3.986696942202521687e-01 2.577216254730337330e-01
8.704504521400868722e-01 9.819927010176023874e-01 9.608565108410762612e-01 9.782901922381820325e-01 1.000435843168030692e+00 8.659773868202563785e-01 7.788032432018503481e-01 8.068833377782661520e-01 9.645479471185718356e-01 9.867141620715688122e-01 9.177688955491914991e-01 8.110472096567741263e-01 9.613638012748392248e-01 8.747475320205232441e-01 9.209422510348422852e-01
2.785035675281702719e-02 -1.299790559682960193e-02 -1.215949196795374941e-03 -2.002330046330810451e-02 1.010742730663365552e-03 -5.986157201325248770e-03 -1.670549048880453843e-02 -4.030586825929246934e-03 -1.254668170047978926e-02 3.465878661801554544e-02 -3.703449525205521065e-02 -1.263232216078746632e-02 5.899813382615436141e-03 2.560545162660440854e-02 1.030469613092782621e-02
3.633571822256779216e-01 5.411363468883307881e-01 3.761913504960927579e-01 3.259776357874243913e-01 3.772171748370203304e-01 3.942587507641405198e-01 2.623415532604729816e-01 9.975767729055050326e-02 3.102563601897991297e-01 2.988478040559064963e-01 3.030115672147334904e-01 1.800925179726352854e-01 2.578522431847608543e-01 1.915106993313616668e-01 2.306839536023996273e-01
2.239847423782747038e-01 1.067563288330638516e-01 1.196126766473922104e-01 1.500065192862594654e-01 8.023463636338561134e-02 2.374479156451052009e-01 3.554902411358859537e-01 5.144316634478111050e-01 3.788351979416142434e-01 4.156983726463883005e-02 2.627403327742997008e-01 5.262294772525060171e-01 1.547633410591468806e-01 3.885062626809498987e-01 3.035097538480327484e-01
8.887720731455870382e-01 9.204515686743071079e-01 9.085322044486604520e-01 8.262174039371588119e-01 9.118052133306890905e-01 9.155330083602304381e-01 7.965413416373868793e-01 6.535992092181969193e-01 7.074899783707992995e-01 9.682368108627370518e-01 7.468819583707233534e-01 7.174268961479985940e-01 8.842487579824576116e-01 7.856738227574273647e-01 7.746063572936173758e-01
5.208505371074125812e-01 3.744471934897654619e-01 5.591234556123862998e-01 5.852598448941115361e-01 5.545530658498899479e-01 4.999482404739720720e-01 5.795274752772788807e-01 5.520826376181418027e-01 3.943801529889139346e-01 6.428346948035317254e-01 4.437027022114348185e-01 5.040593788720627577e-01 5.859700598913187841e-01 5.408935637673358832e-01 5.509406330037113220e-01
1.029895410312576670e-01 1.267528913472108429e-02 2.890691633789232995e-02 7.343486579308420442e-03 3.909572681659278549e-03 1.585224730724585362e-01 1.884622265416089626e-01 1.769590878190004102e-01 6.078834171551123627e-02 2.717683396836580861e-02 7.003607727863432608e-02 1.984392295340848544e-01 9.945834386077092790e-03 1.376227847069378674e-01 6.309941207829569687e-02
9.815629532203921093e-01 1.007543787751054909e+00 9.791684259156445691e-01 9.928602977838084653e-01 9.998928014073993342e-01 9.963251980084131265e-01 1.008943492173811629e+00 9.718623412321382160e-01 9.722573728597734277e-01 1.014730894981521025e+00 9.994769889807264551e-01 9.560905664893595279e-01 9.904560816153455960e-01 9.881107931488629648e-01 1.014313151918115885e+00
1.108763407932405048e-01 1.439673901069304582e-02 2.510315072064810832e-02 -2.314305656530322650e-02 -2.438859422553790735e-02 1.592278651507077480e-01 1.919823654806401270e-01 1.706132807878363855e-01 5.137964781401285763e-02 -2.054213313279116063e-02 3.931105157203432926e-02 2.035629693701790088e-01 -2.011440729648398401e-02 1.313164085046166774e-01 5.592301904789045985e-02
5.998000616122268758e-01 6.906567421374737448e-01 4.731971897080450851e-01 4.242328166863454375e-01 4.503855750730025864e-01 6.415007021480781946e-01 6.128033207933126780e-01 6.241930861219955329e-01 6.993835344855322544e-01 3.230159015728972238e-01 6.586241370812555562e-01 6.861114412795270567e-01 4.301626821429565539e-01 5.619378439353870380e-01 5.095436576908791704e-01
3.351543628896398452e-01 5.705876464660841751e-01 3.551413607318618104e-01 3.286239152965859112e-01 3.736707330970185925e-01 3.868213046527823051e-01 2.628903371131884326e-01 1.007393874287689228e-01 3.024292479973777481e-01 3.193598115021699657e-01 2.798884977202220625e-01 1.847223782237383261e-01 2.713498951707986606e-01 1.556785074940151836e-01 2.046830899095627432e-01
4.648253385942825999e-01 6.029607950079647338e-01 4.467848907393534574e-01 3.239032673756987446e-01 3.615595842847003638e-01 5.689852702935533912e-01 4.830429003592977000e-01 2.886537124371176266e-01 3.305016808021860597e-01 3.381233125494254588e-01 3.506929063936955471e-01 4.098858201536847434e-01 2.419320015042540351e-01 3.270613857124842205e-01 2.196663468396837238e-01
5.361571661783883780e-01 4.190013157905099206e-01 5.770818288928605266e-01 6.714358127837091184e-01 6.296726214953399792e-01 4.415462229244307424e-01 5.402818237236719501e-01 7.192247398713691453e-01 6.550328716471587320e-01 6.917633457728086244e-01 6.035024615280488725e-01 6.002780792300929091e-01 7.299202397762396544e-01 6.704895356398866690e-01 7.270953839449166844e-01
9.005182035436902765e-01 9.797614841338921909e-01 9.539986146485414098e-01 9.743077165846019128e-01 9.715078114988444646e-01 8.513025901098170145e-01 8.026423842002020637e-01 8.619564809728449406e-01 9.481726429622643337e-01 1.027455606681345612e+00 9.548739740544478494e-01 7.860687184127790328e-01 9.944031217060352867e-01 8.849278064267085409e-01 9.798571960798387881e-01
1.416727769851724439e-01 7.492743340851251710e-02 9.866707139481159516e-02 1.186640175399882591e-01 7.460544334723520632e-02 5.684760154772582758e-02 1.702012385698039865e-01 3.669240054354705460e-01 3.174179419679296621e-01 2.623276687267326462e-02 2.224765559841281604e-01 3.064428304962446559e-01 1.398691366129942992e-01 2.600838264363496966e-01 2.503281790461677758e-01
8.782316230674050983e-01 9.141919298541241190e-01 9.016308706084936730e-01 8.568417697555001933e-01 9.264476427780288237e-01 9.349818640545031201e-01 8.138320032003936166e-01 6.817755693558107399e-01 7.132419177063440419e-01 9.512928041144343982e-01 7.799720470626545499e-01 7.204623987127185547e-01 8.923341974973327817e-01 7.564869738771773378e-01 7.493579046663292331e-01
5.366537837034416336e-01 3.709160724603098869e-01 5.492369603208384632e-01 5.469830895617785460e-01 5.573847093969085398e-01 5.292215596737744887e-01 5.736744915551775792e-01 5.524627063994086429e-01 4.171849461775800627e-01 6.747886341320081804e-01 4.368790529917001009e-01 5.573694637649788675e-01 5.697362300054179540e-01 5.855901172689280676e-01 5.319225665336029252e-01
6.005717154593150919e-01 7.097184621142482719e-01 4.955026996528571481e-01 4.416875906342055957e-01 4.238145050006174586e-01 6.397297631065327339e-01 6.107852209343923588e-01 6.362107264676288843e-01 6.651949656652657028e-01 3.473377121890641739e-01 6.013170762999973107e-01 6.662615611999032073e-01 4.123318656139821625e-01 5.681817800831241438e-01 4.824660270823404873e-01
5.094336521610147717e-01 3.656804108258005503e-01 5.433138059012894150e-01 5.408661484436060318e-01 5.550178843547943774e-01 5.419903975651867434e-01 5.658138633916057758e-01 5.152517285024663662e-01 3.827305273888267911e-01 6.687279355456823282e-01 4.706283773912922630e-01 5.298034147917027870e-01 6.009945275731027881e-01 5.767030313100045547e-01 5.712250990656535521e-01
9.866521083785759760e-01 9.782492924226994235e-01 9.972523599270752825e-01 1.004451085415140721e+00 1.010341525385827000e+00 1.014675062475193013e+00 9.668531263611354065e-01 9.811974678722062970e-01 9.938194400261556316e-01 1.057141497988970391e+00 9.985750983464342090e-01 1.012968741429380204e+00 9.798109883041787871e-01 1.011412196113494755e+00 1.056090043052723360e+00
1.460171081669273119e-01 1.061723574815638949e-01 8.593308449101975943e-02 1.352323107501439969e-01 7.664671145372080330e-02 7.068812046709727070e-02 1.909301458447570932e-01 3.491654308718361577e-01 3.244341245599637324e-01 2.429213318571254304e-02 1.979340329775044205e-01 3.073389247002283331e-01 1.655334677010999733e-01 2.589753765896338766e-01 2.397499470552937051e-01
4.358781212703154440e-01 3.270450646304017828e-01 4.728517660129575861e-01 5.687912530415628609e-01 5.561513850845325457e-01 3.866502152604212039e-01 3.810365552139603484e-01 3.651999084664315220e-01 3.095142282500029096e-01 6.146839315250205438e-01 3.955741243540688568e-01 3.356765622760277124e-01 5.960918165843556160e-01 4.408940483883248551e-01 4.963639060487588517e-01
4.895391455004212133e-01 6.405596935230639666e-01 4.655044651733944439e-01 4.212157603944216566e-01 4.486966415009565612e-01 4.572316662898114892e-01 4.389321039440263195e-01 4.871723395552499669e-01 6.262717845294911712e-01 3.716838255028811489e-01 5.090370084318703858e-01 4.575976595216958986e-01 3.890624639314784750e-01 4.112627041858452626e-01 4.187824144638691015e-01
8.182369730966092547e-01 9.011086280953071181e-01 9.126898760616676265e-01 8.529676487880823998e-01 9.068003574599208250e-01 9.093659874200442639e-01 8.248314981505134869e-01 6.261062108540019766e-01 6.860491098008818511e-01 9.710138727008125192e-01 7.756756216114717439e-01 6.895281381781164232e-01 8.439893550888524221e-01 7.518445645922237075e-01 7.926836870520652667e-01
6.194733115367639931e-01 6.881240891832032247e-01 5.269678768937848812e-01 4.673437591977193661e-01 4.530427737616018469e-01 6.317556145227671838e-01 6.077353957335065449e-01 6.175156043125314964e-01 6.751355062964421450e-01 3.614047012596641739e-01 6.007996735037617331e-01 7.203836021960560165e-01 3.961351522555071614e-01 5.263034600495924975e-01 4.347342655405536105e-01
7.147166421473944986e-01 8.944121027232150301e-01 8.492029149055725368e-01 8.356847823002819808e-01 8.962014597396512627e-01 7.493710841487994934e-01 6.191401537160995394e-01 5.072645427937076956e-01 6.601671571071552336e-01 9.595747871448798705e-01 7.037889797981550233e-01 4.971471043076148844e-01 8.223522112599690459e-01 6.715398457705534785e-01 7.632307043846784378e-01
3.881503325022933049e-01 3.546639166155063916e-01 5.319389190840829729e-01 5.393052058782542568e-01 5.786684291275727698e-01 3.317860563092020487e-01 3.916718531394504654e-01 3.596787626713522368e-01 3.146707599996603766e-01 6.412080917539453306e-01 3.919437414509403528e-01 2.861866064702249246e-01 6.003786554053318625e-01 4.299808354951052403e-01 4.990285744762659736e-01
6.712272184530861940e-01 4.765004268345251481e-01 6.486410196906510217e-01 7.208470669133060227e-01 6.682317431933790797e-01 5.768780972492962844e-01 7.643712358479759494e-01 8.802384800905332929e-01 6.910330629337859687e-01 6.416356124271896944e-01 7.032237307610886834e-01 8.366870142902997909e-01 7.577129551906930383e-01 7.968936624847360317e-01 7.817971091416426876e-01
8.886001662998355144e-01 9.093381978607266714e-01 8.971444459432493801e-01 9.099684572704084262e-01 9.594492102121487953e-01 9.456383382364476065e-01 8.104752190033874815e-01 6.913900816434394025e-01 6.938537877280288590e-01 9.505746637727097159e-01 7.539282386091293864e-01 7.173443196456014137e-01 9.258235730577965006e-01 8.001131796421605546e-01 7.139494554666645509e-01
3.844491701967620578e-01 2.842660726849228214e-01 5.042537973339906721e-01 5.079441571824854229e-01 5.371787169791559791e-01 3.765410019917871387e-01 3.709536662846457111e-01 4.100448649035820514e-01 3.437591671347682842e-01 6.350332632382423848e-01 3.900060556493804564e-01 3.331545584802251825e-01 6.033390755669818528e-01 4.422717232179596003e-01 5.325853724784902488e-01
5.414685213540803010e-01 4.452161200571099209e-01 6.463679196469035437e-01 6.789097910655739199e-01 6.441619010314352245e-01 3.977992578403244939e-01 5.402512161009502822e-01 6.694135240454508473e-01 6.218975863023367134e-01 6.765603791024589198e-01 6.294235394944563966e-01 6.044305820085403846e-01 7.106002170279096530e-01 6.678915703430833295e-01 7.608152628281282803e-01
1.385094214047902506e-01 1.123075273983808464e-01 9.704035972281198352e-02 1.322187531926735382e-01 8.690027172368296193e-02 8.980172446779605133e-02 2.269484162263748772e-01 3.711794279794813911e-01 3.183337762935424808e-01 4.493809972093000538e-02 2.131236551904597820e-01 3.017272611150547679e-01 1.351975166941410400e-01 2.402939874547911636e-01 2.382598202731576742e-01
1.575720587410823215e-01 3.366860528263646707e-02 2.606952914565591889e-02 2.599404702190281566e-02 2.098147981732115946e-02 1.367031444155891173e-01 1.671265982372559245e-01 1.542391181016534163e-01 7.742375093282190257e-02 1.062576026556219695e-02 6.883918684393254550e-02 2.217421664086892952e-01 2.151151307802594281e-02 1.280881051471016163e-01 2.986868428514007773e-02
2.476197377725925519e-01 1.101366993467350619e-01 1.238450381915439102e-01 1.694807600105259215e-01 7.459161247325959976e-02 1.908468770329124764e-01 3.540184851034783309e-01 5.020185947720793296e-01 3.612893282879575119e-01 -3.378831526715611600e-02 3.388709935422370423e-01 5.176378830334561476e-01 1.697953674900096466e-01 3.403231699680445699e-01 3.102675813392609672e-01
3.815102125938493183e-01 5.250085583286610014e-01 3.765866605283190727e-01 2.748611412892223993e-01 3.645786095886240918e-01 4.241475479773768043e-01 2.649549095638408791e-01 1.303154444252950517e-01 2.960383329047029388e-01 3.245481196655663481e-01 3.244692874294227147e-01 1.955544972026077855e-01 2.520771135568247723e-01 1.800085417369622354e-01 2.116031914700984007e-01
5.809823992570108953e-01 4.227751658419925396e-01 5.927486022795408482e-01 6.674575971543205144e-01 6.457917948544452669e-01 4.441027794951092345e-01 5.657671577670265739e-01 7.137700958824890751e-01 6.298859614941173524e-01 6.830709815438508192e-01 6.124425599641902807e-01 5.817986532714910508e-01 6.898377027960885810e-01 6.739803073983789972e-01 7.785128992260089698e-01
8.522100739410525261e-01 8.749652517691538511e-01 9.111458401553004238e-01 8.798549076055451890e-01 8.847870875275369862e-01 9.041893918327414958e-01 8.031349844428425921e-01 6.672868900702109141e-01 7.206492725946057609e-01 9.566512613742325088e-01 7.513544346026795884e-01 7.119478280527700154e-01 8.330622694171619935e-01 7.701089364874871279e-01 7.681363599384262164e-01
5.001414818293962172e-01 3.718211841586064326e-01 5.185605472737917498e-01 5.503438873508905704e-01 5.344780747731229242e-01 4.714533634371092519e-01 5.764472839913805657e-01 5.275851363530029703e-01 3.705163733764433309e-01 6.696211737886779147e-01 4.832289039024332267e-01 5.075572108690089568e-01 6.024021284788013686e-01 5.521934101133935124e-01 5.591065886421635600e-01
1.968959594417643288e-01 1.330906336917691279e-01 1.791724775218107024e-01 1.696977594439793569e-01 1.176357474032778405e-01 2.424075194448803150e-01 3.912103871152951551e-01 5.398983265636484452e-01 3.323972188273842110e-01 3.660263547496381970e-02 3.287096120716421210e-01 5.230520321927871752e-01 1.781832709831194239e-01 3.732083805783183439e-01 3.155362392654610937e-01
7.628554686094093373e-01 8.456551720657606852e-01 8.846590864138498267e-01 8.503193966343993715e-01 8.751518364021632079e-01 7.825365255375987816e-01 6.327397679952265763e-01 5.086714702330219495e-01 6.223962162010796551e-01 9.799826461182650217e-01 7.295686408625228214e-01 5.153803572255248877e-01 8.330453929704472182e-01 6.232110664231603758e-01 7.593029257869343684e-01
9.764378596132601285e-01 1.041833971233607103e+00 1.003711014109435196e+00 1.013353056616926207e+00 1.024864233463914864e+00 9.934947504983241418e-01 1.006626680968667031e+00 1.017726741841017413e+00 9.864859847381066693e-01 9.889143326261117251e-01 9.813056252726359840e-01 1.005076656920900868e+00 9.835687221772636546e-01 1.021018169655683927e+00 1.043096246363392599e+00
4.625936755012612367e-01 5.848556082295585101e-01 4.094231859400205842e-01 3.390945542565241833e-01 3.287828048601553754e-01 5.962163688175022846e-01 4.416159901968038648e-01 3.250968104794558777e-01 3.089602802917770230e-01 3.005543254599755687e-01 3.823247504228232674e-01 3.934326722923321418e-01 2.353318621338790495e-01 3.046446651804710082e-01 2.161088143566425035e-01
3.576007056134936635e-01 3.381021147707272689e-01 5.042964067831569031e-01 5.401883289281651512e-01 5.332522228639873241e-01 4.067220241730642449e-01 3.560334187478162438e-01 3.910404977535426596e-01 3.515407916945160194e-01 6.503433894152261807e-01 3.820311120805772176e-01 3.397010436003882194e-01 6.115901596946075047e-01 4.657878785732447735e-01 5.034175218654350914e-01
4.432048997905573828e-01 5.820329064864465662e-01 4.246426979098708587e-01 3.152543918900210240e-01 3.594831824326046865e-01 4.978510329695265413e-01 4.596799587806017495e-01 2.836871921321760803e-01 4.052680834662940046e-01 2.939823229073410538e-01 3.711299757042196279e-01 4.194290700167887520e-01 2.878656783991339618e-01 3.525280989905270612e-01 2.679162026079741077e-01
6.189305697804871054e-01 6.984128877224559107e-01 4.907882385373188994e-01 4.331187786547267549e-01 4.300454814306238771e-01 5.965896806510464501e-01 6.114206045946910528e-01 5.758546416646965760e-01 6.783856310735629780e-01 3.332026192011176002e-01 6.246960492378951235e-01 6.895427252872974311e-01 4.109701136938804789e-01 5.868416211883276112e-01 4.980653040800024356e-01
8.695998556141404379e-01 9.666802290539296960e-01 9.288854824932422094e-01 9.827980337506393438e-01 9.961511238244291633e-01 8.202407910591988927e-01 8.051559909806829118e-01 8.794944971575497927e-01 9.713502312514153969e-01 1.019875150779195438e+00 9.340424190813135796e-01 7.804582497129011198e-01 9.872046662012293750e-01 8.907340481118704023e-01 9.387806214730264331e-01
9.920477664067951507e-01 1.006934431355568149e+00 9.930449832291410317e-01 1.007202135597065951e+00 9.903539594816659353e-01 9.735213598242650201e-01 9.682281058890251924e-01 9.904768380167798814e-01 9.987976549976316232e-01 1.001631094825870427e+00 1.004816834899571409e+00 1.029689980197655341e+00 1.012690293087070259e+00 9.959924439464372670e-01 9.977379879755678971e-01
3.291970421658809709e-01 5.166474200593027533e-01 3.949967175645913153e-01 3.039097594969721317e-01 3.730320626891008295e-01 4.001554049516765077e-01 2.822368758098343644e-01 1.355432079072149409e-01 3.136491423893500996e-01 3.506123924152416138e-01 3.205241799440632922e-01 1.723127596653148408e-01 2.631825862650793990e-01 1.776489158062391771e-01 2.368864817778423004e-01
