6.631161214636172030e-01 8.637497087903622806e-01 9.340031771987815645e-01 8.265229882326360356e-01 6.860349040865445502e-01 6.688556666633550529e-01 6.589587615983996116e-01 7.644099093387599630e-01 8.560237611518867196e-01 6.689255971738448103e-01 7.957965998567958499e-01 5.253294087880345797e-01 6.489028213795162703e-01 4.475643767665563599e-01 7.759368295093495016e-01
4.691053232063545075e-01 2.715411142958296109e-01 1.138043354688530462e-01 1.799100464970816438e-01 3.278992416094846929e-01 4.259919886145629997e-01 3.872279198039532688e-01 3.391966198059337412e-01 2.108044975551735811e-01 3.806152587760734396e-01 3.610870626797363925e-01 5.901744961788315536e-01 3.241826548726289836e-01 6.870652583801329927e-01 3.722911533001914686e-01
1.870378610343946812e-01 6.335570049175313911e-02 3.025134806812627697e-01 2.977000547554994880e-01 3.590020891817378157e-01 1.410167066608908892e-01 3.505868205261650217e-02 1.138580397629841007e-01 2.667170623607110214e-01 1.248588546270154309e-01 5.539649450505595984e-02 1.146580705747791001e-01 1.809560647276855505e-01 6.550786755462298383e-02 7.755701525378094763e-02
2.526094897980302734e-01 4.798029455650853481e-01 5.884608641195195888e-01 3.492675998446279628e-01 4.740371449584074304e-02 2.631144490528508073e-01 3.574247325564703925e-01 4.283376549200158534e-01 3.807106585361746953e-01 2.735932065431181393e-01 4.428094237888234863e-01 2.079645086606772830e-01 3.450242974039193222e-01 3.897654253155901638e-01 4.090378158383309870e-01
-2.333557466653632742e-02 4.792361719914193380e-02 3.199493267785062656e-02 -1.661600630766506617e-02 8.830436915674405585e-02 3.596543255960642921e-02 6.735178739323749442e-02 4.342545499221024674e-02 2.448568768273501339e-02 5.216994098686852932e-02 2.386431723973340968e-02 -3.586974858452476184e-02 1.040263486299238399e-01 -1.192988799726730637e-01 1.841040934563104373e-02
8.207356972795248895e-01 7.710273503529023742e-01 7.981548362339543345e-01 8.185984984073972903e-01 7.590924248574695277e-01 8.543496075156931102e-01 8.123582177811020655e-01 6.972441389956951507e-01 6.638267450695778393e-01 9.860647450753041721e-01 6.934994250891085565e-01 9.041504195561818058e-01 7.767686405826371709e-01 9.839886571585513275e-01 8.776605281542280146e-01
1.081835110871198630e-01 2.777677059279823335e-02 -1.137964511574667686e-02 6.986297849204943511e-02 -1.786012248898515009e-02 4.795442008433466186e-02 -2.518322851743115195e-02 3.834590140498709415e-02 8.367279932381177510e-02 1.438764051106932729e-01 2.043809947073362832e-01 1.011244953023444498e-01 3.122867091206438239e-02 9.547645972522428304e-02 -5.878201399839626251e-03
4.456359440670419891e-01 5.544396087103379278e-01 5.208053148819066225e-01 5.332724604566811966e-01 3.103100925974928148e-01 7.142379959404937528e-01 7.211202344833890221e-01 6.063994768776130861e-01 4.978007151478305858e-01 6.529869872841467249e-01 4.135681685502896054e-01 6.652750160537516111e-01 4.739270966946137476e-01 7.858553701365612598e-01 7.060647979611415215e-01
-1.806677679567899805e-02 9.043389312139488156e-02 -1.059960856640535139e-02 3.183776903510811968e-02 -7.032685854720339969e-02 4.983273791867152275e-02 -3.077874532173458660e-02 2.736445691762101617e-02 -7.361506035764997513e-02 -1.715899325540982262e-02 -3.005270660477935701e-02 -7.738135018433992332e-04 -4.000575710150375969e-02 -4.166678877101815531e-02 -6.424529537807333393e-03
6.499837958203080746e-01 3.296939591714556084e-01 2.400492958387319409e-01 4.194007632455604151e-01 5.818261908869534205e-01 5.560372386528994459e-01 3.665666313673033860e-01 3.954524190568259323e-01 4.343801975324443898e-01 6.082998288888101790e-01 3.559812097298681310e-01 6.491237874708541966e-01 4.257159271207051621e-01 5.858195177289895472e-01 4.271964946346848979e-01
2.245163524868274141e-01 4.788108808946219264e-01 5.889239479472248018e-01 3.392745785907975153e-01 7.432584330304942144e-03 2.943034252926461924e-01 3.922708809748969849e-01 3.803846517099624958e-01 3.973410887107741707e-01 3.694601329507157805e-01 3.792190707203474398e-01 3.025349282438183351e-01 2.310953882024824324e-01 4.435160177224554134e-01 4.061408064256728512e-01
4.931750051812076041e-01 4.881732219235462300e-01 4.770350417052240943e-01 4.233714370991815690e-01 4.914328786118009607e-01 2.475817181894836294e-01 2.353241778207898482e-01 2.956393497702244355e-01 5.834677007558891626e-01 3.060083377809279526e-01 5.512658804426232573e-01 3.104986596035520519e-01 3.103279292007962153e-01 1.770260241548020086e-01 3.125103084097989870e-01
8.549814790392267216e-01 1.065747684632356806e+00 9.823450598780678611e-01 9.678939062580547148e-01 9.581767307760022945e-01 1.077174179377485164e+00 8.868357087843847797e-01 9.520126594180104984e-01 9.662684455187644517e-01 1.072350798508309389e+00 1.066641465361353180e+00 9.592416788106140624e-01 1.021070655892221568e+00 9.756896452670631437e-01 1.069396993159603682e+00
5.854662843706727182e-01 4.189250323573360246e-01 3.482897467463954566e-01 3.883599224926023163e-01 5.347520139790437055e-01 5.788155135700142617e-01 5.380343837592487244e-01 5.078206514343553968e-01 3.998785177114713152e-01 4.138104382239999879e-01 5.136740271450721540e-01 5.193272392986794106e-01 5.318120808496531460e-01 5.721103170168062579e-01 4.430220790737056102e-01
7.365028226038233816e-01 7.975801488462259670e-01 7.588627655244417625e-01 5.725104371224186695e-01 6.506172871141118197e-01 9.431327160429027190e-01 8.536186977020637778e-01 8.867367891171853422e-01 6.316967847509828982e-01 8.352395517208167641e-01 6.451845139531583451e-01 7.445031790001725991e-01 8.326131347916509995e-01 8.356702662637314205e-01 8.050370256838339511e-01
3.734489808997854543e-01 4.347999446542759605e-01 3.729017001935610032e-01 4.012184378240699623e-01 5.503203453236424902e-01 2.760322140253556045e-01 1.971544059997310527e-01 3.753197564771262873e-01 5.255900397684785119e-01 1.411117206566349647e-01 2.740230283981582859e-01 2.823542021026761994e-01 3.648489210373567770e-01 1.483268579664496489e-01 2.784247809974806920e-01
3.901770614194516318e-01 1.017617899512291146e-01 1.865395578324839099e-01 2.794164868843224681e-01 4.139146425083488068e-01 4.441061887706465594e-01 3.167319066215101842e-01 2.958814165705715982e-01 1.762740486383279348e-01 4.677795496015597077e-01 4.153515991889388248e-01 4.265496082984926995e-01 3.220767963892958718e-01 6.670648424591516523e-01 2.864109837986305585e-01
8.328105164086723189e-01 5.982039667876978273e-01 6.322531813699645564e-01 7.611587759040517875e-01 9.155281640196175630e-01 7.046410652537897779e-01 6.418831122926115240e-01 6.091110172857669980e-01 6.691883788400678768e-01 6.283503819224116604e-01 7.853086207022749177e-01 8.973996612195678235e-01 7.318627929494850859e-01 8.152669856293965900e-01 5.601267378553821397e-01
8.982353835402188125e-01 7.924796252789331197e-01 8.372828539143075677e-01 8.993949449553052533e-01 7.979962205630994898e-01 8.637734075743891404e-01 8.609044152178573217e-01 7.840461756991120579e-01 8.681449174127693347e-01 8.577631865374287790e-01 7.428410563704480607e-01 8.762278882500781352e-01 9.187351644980404908e-01 8.812345671685791748e-01 8.579674700228397954e-01
6.499414925690717437e-01 7.452208955886741037e-01 7.658348023116730019e-01 6.696298245068824651e-01 7.059463844532984922e-01 9.466638334522958775e-01 8.999707743350491285e-01 7.979448385548727485e-01 7.031357701358843526e-01 8.271921974929513643e-01 5.471760816534751992e-01 8.437842331510899685e-01 8.782667120075524636e-01 8.713081147541290594e-01 7.663660196846499018e-01
8.769165179827348444e-01 7.911464920537114587e-01 8.232326141706817202e-01 7.900886046896564707e-01 6.789650278671101047e-01 7.867055247465444268e-01 7.224756092875410651e-01 7.409543931023446772e-01 7.869265955403095258e-01 9.923158584104689872e-01 8.462944091798765278e-01 8.316277296096796778e-01 7.518557624793981153e-01 8.832354476287483935e-01 8.654152913212789233e-01
2.912739682888846882e-01 2.687480899707824222e-01 2.928358944091278282e-01 2.181217535429559040e-01 2.860979612822465157e-01 1.926666799413641051e-01 2.029946333188751839e-01 2.631449224414669219e-01 2.925710483670247442e-01 1.132586768815536521e-01 5.055287243762209837e-01 1.151274648536946416e-01 2.607805783699944091e-01 2.117447414060287525e-01 1.265613879102108208e-01
7.866673195638541616e-01 8.577627413252715272e-01 7.192322384294989046e-01 6.084634466578328071e-01 6.139485840454342869e-01 8.378444755759090201e-01 9.462481233166685213e-01 8.506543985642756045e-01 6.398481535754286798e-01 7.304291746460775947e-01 7.238736507692631328e-01 7.447818469330410585e-01 7.989641679506077621e-01 9.126312149320394695e-01 8.385655767078451506e-01
6.773339577929575750e-01 4.713856029073976717e-01 3.370985184234175924e-01 3.913585065533831120e-01 6.015758205268604275e-01 6.417382392399002544e-01 5.406655627602323655e-01 5.412685945225835793e-01 4.946796237963018150e-01 5.442021283674564058e-01 6.540580739397743315e-01 6.559891443372706243e-01 5.481547305123040115e-01 6.546211497369531784e-01 5.496712042153050204e-01
1.175736032870918907e-01 5.701800590271336455e-01 4.475202969058048041e-01 3.661384727312684828e-01 1.685382381429790521e-01 2.918377690422420123e-01 5.074286248421312484e-01 4.636063735759830551e-01 3.279026108330461708e-01 4.294328536684135500e-01 4.375947741353093945e-01 2.877778339243790007e-01 2.895194685619018049e-01 4.105497623960282505e-01 5.073233103213898865e-01
-1.477816928727390677e-02 3.007393878981434177e-01 1.641531742537840899e-01 1.215738198515665391e-01 2.379680921284363371e-01 2.524391913892334860e-01 2.244018058356104794e-01 3.002180046423748028e-01 2.416667931576167716e-01 7.230201087139889737e-02 2.398905846478232573e-01 1.233193123634879207e-01 2.653160422323578294e-01 -1.255157000373351150e-02 1.039563827201943069e-01
3.813739198444253131e-01 8.351092069937500195e-01 7.191603481074695381e-01 6.358238601463649387e-01 3.831053232310507872e-01 6.092155052544006022e-01 6.000431829516232884e-01 6.407823691668277366e-01 6.141305565261843125e-01 3.651955690224738538e-01 6.670926125137496276e-01 3.638624427227019620e-01 5.374614248561463414e-01 4.339854674433820669e-01 5.849267855961091112e-01
7.865302834124251463e-01 7.433415736007000785e-01 7.423357898041970104e-01 5.885610680377607595e-01 5.984152244124019138e-01 7.662294992698055474e-01 9.795448633391629079e-01 7.061392808820430300e-01 7.537269599197611303e-01 8.185811738692725381e-01 6.787149990499067309e-01 7.107856520364921327e-01 7.080911073971186687e-01 8.671738831513082779e-01 8.520106212227965825e-01
6.405331706000996217e-01 5.725875251894445572e-01 5.747038957412272664e-01 5.064238581079323342e-01 4.202452799617419910e-01 7.635971555002851741e-01 7.689199974288168926e-01 6.178510934886227712e-01 5.988071075261284237e-01 7.807015495224584045e-01 5.970757991141969478e-01 7.327693536519980233e-01 5.495154456277813182e-01 8.619843964277360548e-01 7.453615414252723337e-01
1.053030989429396991e+00 9.691292456671288802e-01 9.750786006036221698e-01 1.038096297092520270e+00 9.938898933630800903e-01 9.939138574247022850e-01 1.045066780590383715e+00 9.508527862668546549e-01 9.564506354252251263e-01 9.571433232604859009e-01 9.542270994639818760e-01 1.042490934328900387e+00 9.830981963791088907e-01 9.919468691714076192e-01 1.073062211200157101e+00
2.240285207871861306e-01 3.035838514725367476e-01 2.668812121537978976e-01 2.183738690669697335e-01 2.701930191603002518e-01 7.091327017064873173e-02 1.926773720315316796e-01 1.764835046088226167e-01 2.136878845677981642e-01 9.321244871643639962e-02 2.944652919534116453e-01 1.385746288345175437e-01 2.879124336662899353e-01 3.446461835296747711e-02 2.179860990338801097e-01
7.896325614338346455e-01 8.684751872324585342e-01 7.749665094586329905e-01 6.776612828307094771e-01 6.536238375360262642e-01 8.426725780775133900e-01 1.081177540337652010e+00 9.495636266371513257e-01 7.569424139803706542e-01 8.621740125607868510e-01 8.925161589365757653e-01 8.809021292963539196e-01 9.039142720354701455e-01 9.078926437740083566e-01 8.701257968742008853e-01
2.435096592931503545e-01 4.244785528983223699e-01 5.449162800458775546e-01 4.179511220619496203e-01 1.538159680749226765e-01 3.766868717070084305e-01 3.780527510424770421e-01 3.298258387216640997e-01 2.751093274144841838e-01 3.799506552735093523e-01 4.051606801912899791e-01 3.143541563020193497e-01 2.387516818998641766e-01 3.462573959969778015e-01 4.937430914635082546e-01
2.208410618200350450e-01 4.765940967079241308e-01 5.580038307448947910e-01 3.627545385955903701e-01 1.436808716559806465e-01 3.521222376260134124e-01 5.096662755606520268e-01 3.958177054488181690e-01 3.331740155036760909e-01 4.446628261856366837e-01 3.866232394185490362e-01 2.892764177796574021e-01 3.504555419097046265e-01 3.139229375239903641e-01 4.839047433175889812e-01
1.987104250441500963e-01 -8.784800776742157646e-02 9.284055897222466547e-02 -8.218309918300352457e-03 1.564209826489300625e-01 -5.309537855575990895e-02 -8.243459835772282834e-03 5.152006934156499324e-02 1.430918585163309248e-02 6.621565757421322973e-02 2.890158370868756710e-01 8.695857033152130933e-02 -9.327804803544672077e-03 1.349392193901151338e-01 -4.355856228552137249e-02
6.779690453648309356e-01 3.533263838456902062e-01 3.515162156219016620e-01 5.272091840953418984e-01 6.192093139369305721e-01 4.909420408970492922e-01 3.790395932138597157e-01 2.836150202025707334e-01 4.398164301495355311e-01 6.162648745306125164e-01 4.663274720112025595e-01 7.051756642402782216e-01 5.176480069715695409e-01 6.761682228383073534e-01 3.953906094671624794e-01
9.139547457482712911e-01 8.518440110201170867e-01 1.060052396469412628e+00 9.252321070681103210e-01 9.871180397942568296e-01 9.762302000494829102e-01 9.804930409027725613e-01 9.993350898464025134e-01 9.612390205911297558e-01 9.361463829070442166e-01 9.042886986727345366e-01 8.748726916224588424e-01 9.624517685778309906e-01 8.758543881223448402e-01 9.747270627622330874e-01
-7.035928426957886728e-02 -6.823595805127501135e-02 6.043418638049768976e-02 1.905115089895881991e-02 -7.711707708146981095e-03 -5.901109114143457141e-04 -9.827000609465710856e-02 -3.157617551037889686e-02 -3.853019120165255412e-03 -2.445886880908273997e-02 -2.793533761569459706e-02 9.089834864476031839e-02 1.516803473008969394e-02 6.045402811902647611e-02 -6.045608375523625622e-02
5.302615277554456608e-01 6.360648517308628014e-01 6.443371664779381502e-01 5.616707436592244251e-01 4.119474132761505314e-01 8.016120318598007888e-01 7.896423369683663873e-01 5.869790403402693757e-01 5.782974414797494855e-01 6.892037668658388405e-01 6.294777704693543807e-01 6.419346695705342443e-01 6.519386796379745830e-01 9.123600027583790295e-01 7.437512698540512668e-01
8.526449008391218110e-01 5.537319576836103874e-01 3.997799559173677020e-01 6.695939104092550886e-01 9.373541738785213795e-01 6.994595452919574186e-01 6.026202155287392337e-01 7.614560658039831731e-01 7.764069508603615999e-01 6.755435589839365873e-01 7.824897871798305315e-01 7.769938793949360267e-01 7.340101115706509916e-01 7.359984676332895770e-01 5.700568406416041123e-01
5.320148834297678819e-01 8.648854400429633049e-01 8.615582908327850120e-01 8.163840416191859850e-01 6.850720190771160123e-01 6.216553860997718894e-01 5.759477593975029786e-01 7.711355279181011380e-01 7.332472612715371652e-01 6.118666877082250544e-01 7.552605937889289578e-01 4.492524730352343010e-01 6.124300481532114482e-01 4.729812291109937172e-01 7.393699284962685914e-01
8.809541243222991369e-01 8.808928051913574864e-01 8.210546922381077861e-01 7.910534666253716818e-01 6.729644792018735222e-01 9.323947500369740293e-01 9.991306213711528272e-01 8.298916110238867549e-01 7.825623054394019729e-01 8.072207709906483730e-01 9.216842460315604058e-01 8.849645595095156914e-01 8.657977283704404448e-01 8.958370580269453542e-01 7.807751224039437554e-01
2.927136426833422678e-01 1.670589955521386838e-01 2.307248875528254417e-01 2.589420877708825675e-01 3.012921320036828776e-01 1.011587373962780922e-01 1.303715962646808529e-02 7.891657023809553473e-02 2.836814814267141216e-01 8.419428316414935554e-02 1.062664396330766231e-01 9.973471932624977665e-02 1.347815605886884538e-01 1.743020606698296449e-02 1.089936371163720275e-01
6.090829660267638168e-01 5.981027261083200486e-01 5.603061152305943704e-01 6.262438093906982362e-01 3.832333428316332391e-01 7.806657186217260680e-01 7.905750165654727990e-01 7.006606212408239553e-01 5.860907361734826182e-01 7.677029422553979243e-01 6.412806171720587534e-01 7.404486945584349833e-01 6.848302995348378719e-01 9.445925567867020645e-01 6.322779054367442253e-01
4.692065640931198933e-01 5.268786364327555649e-01 7.803197063355175045e-01 5.946143069412234139e-01 4.594075783767336829e-01 4.752992008530785295e-01 4.643271766140848467e-01 3.927532017322532543e-01 6.027483292741834253e-01 5.228491032937767624e-01 5.213195711139976263e-01 4.152562067373114507e-01 3.342965643909862061e-01 4.373346160337941435e-01 6.066372259007798418e-01
3.008778636298089504e-01 2.086511577454547850e-01 2.732914529770212875e-01 2.780386086217666586e-01 3.442329554400591629e-01 1.385804105655521479e-01 8.170792409745422646e-02 2.284513578738059936e-01 2.705240413750676920e-01 2.071658984561943750e-01 3.330631861381684322e-01 2.475955277887828543e-01 1.261316399788413867e-01 2.517297468144383266e-01 2.091108560935780181e-01
1.182584533790668468e-01 4.205410334637175729e-01 4.347940164808904440e-01 3.471880256454621949e-01 1.954144117240577960e-01 3.317311065320086017e-01 3.903445042200270332e-01 3.591679904668576007e-01 2.633333108819064794e-01 3.259321508918187060e-01 2.718287045471706187e-01 1.978774893455380324e-01 1.538154534975836041e-01 3.176174175739052141e-01 4.284009720439825308e-01
8.337714483846235813e-01 5.820818644744175652e-01 4.607570307754170758e-01 7.124282313080783080e-01 8.922251470470246026e-01 6.186907573749206302e-01 5.639776658251044461e-01 5.776009043614104277e-01 7.205041495972234200e-01 7.620375132359773485e-01 7.198185331758917282e-01 8.214589332532419297e-01 8.365291997896184828e-01 8.036226048057847349e-01 6.029698482111939262e-01
4.209634648880967167e-01 7.829979425805730919e-01 6.788498337173687336e-01 5.419091956033171842e-01 4.502771622978063437e-01 5.158724611680665095e-01 6.945111957263325753e-01 6.084490313123253058e-01 6.010200437336259416e-01 5.527871371981084581e-01 5.852011278581216169e-01 3.147250895871038234e-01 4.297653328287023844e-01 3.671585403096869205e-01 5.693402185692301165e-01
9.067161425008142261e-01 7.050979330661797384e-01 6.330704197715142367e-01 7.703383283327692732e-01 9.209942853604937696e-01 7.287792403347991277e-01 5.675944846966892721e-01 7.350888418900589638e-01 6.733428644558833165e-01 6.023926720167647186e-01 7.331887733827554543e-01 8.159436108176802982e-01 7.260450474873618720e-01 7.940330390192577026e-01 5.474580160584062716e-01
7.021533009027024486e-01 4.766596687095794871e-01 3.359809388154268994e-01 3.474070821326844527e-01 5.573349191599259456e-01 6.131299718926467301e-01 5.580073237986411527e-01 5.598976920156457648e-01 4.127472267497090397e-01 4.229179921209291759e-01 6.245436100511165822e-01 6.575103282628042001e-01 5.462913134234176349e-01 6.536708768114005697e-01 3.849762417516384705e-01
6.878806019676192429e-01 9.186505038794479105e-01 7.541843041198852404e-01 6.506791081767231422e-01 6.652735979839108360e-01 8.424046360937798017e-01 8.876140980981874762e-01 9.065644608029204132e-01 7.852421235364202001e-01 8.307615134388477429e-01 6.729414954816141936e-01 8.035214936204132519e-01 7.490934045071715452e-01 8.107314503646770865e-01 8.280466408960739377e-01
6.493168323303347700e-01 6.660604329058960049e-01 6.167961975006530650e-01 5.155443787084906804e-01 3.885805973956538706e-01 6.975725503370461267e-01 8.372972319806093466e-01 6.888397803064700842e-01 5.498023244068525051e-01 8.141224755757872078e-01 6.660086412918559962e-01 8.353692888652402004e-01 6.190408270472153029e-01 8.264756897629900179e-01 7.126276766166356191e-01
6.128580384409638704e-01 4.153295310034376131e-01 2.753405910751874353e-01 3.839865810216780417e-01 4.739790144885206447e-01 6.042341674459920098e-01 4.534908668965930145e-01 5.520422950910064408e-01 4.268265281454567961e-01 4.811044706710041474e-01 4.762461387493930887e-01 5.569597069767551201e-01 5.908893368661436440e-01 6.898537448912509529e-01 3.499780352497230407e-01
4.243347905601840275e-01 5.223239223948452636e-01 7.034153202367480207e-01 6.138768935457282749e-01 4.316887203617669755e-01 5.021596633762347439e-01 4.100434447374836644e-01 5.398968734272615588e-01 5.889406279325636318e-01 5.918295768516015354e-01 5.497317895590697612e-01 3.980219929639280951e-01 4.887411508581195330e-01 3.851094095020453079e-01 5.917945813381361164e-01
4.611855930133421655e-01 4.616702324770297627e-01 3.636776645374481531e-01 4.534377303789458025e-01 5.400132431692742374e-01 3.840165126245403959e-01 2.305982424860924529e-01 3.402101399628033596e-01 4.639723830477656130e-01 2.211111391180643482e-01 4.202429613517103535e-01 2.341621997751741902e-01 5.535612528844363611e-01 1.857278428706677920e-01 2.504231258693304651e-01
4.447677567005863253e-01 5.181789284799991346e-01 7.100932536184880739e-01 5.957580601578855717e-01 3.690364438682135484e-01 4.556544887533789945e-01 3.539887120147120481e-01 4.943734521767188528e-01 6.232352950861401730e-01 4.917079003193380315e-01 3.684852958070072293e-01 2.572000811924243791e-01 4.272321589512455553e-01 1.747102983657270181e-01 6.482375726273172933e-01
5.205331567127559067e-01 3.053665355405283388e-01 2.808312187149238914e-01 3.015795416853410682e-01 5.296611423586533585e-01 4.923758082514017032e-01 6.176009349707693996e-01 4.909184402883149945e-01 4.472246681937398494e-01 4.596041906412787759e-01 4.710447115173432286e-01 6.155968204746413708e-01 6.505262469455539431e-01 6.585135214115578339e-01 4.132268890125144201e-01
1.959129705176112513e-01 7.105969205170520331e-01 5.737821658909177946e-01 4.761304659547588303e-01 3.056396071411356941e-01 4.057546649614841017e-01 6.811729947692085618e-01 4.973266572473543090e-01 5.570198891953870302e-01 4.386681317939158387e-01 5.172012418637979003e-01 2.262099531747384651e-01 5.812796232434498389e-01 3.587917810735650193e-01 6.225783509335700572e-01
2.510680360560126889e-01 1.061468467104347835e-01 1.614912589092820372e-01 2.929148776519209241e-01 2.761017373327318558e-01 1.549555771605233834e-01 7.078469844488663454e-02 3.602925815429257328e-02 2.957656431080456505e-01 1.461920823712560824e-01 1.884153552768858542e-01 1.042602799316229012e-01 1.310407716162405589e-01 1.535841217298646727e-02 2.053550518993882967e-01
8.526376556150681019e-01 6.939723811034625989e-01 5.247771773189947586e-01 7.437773918947143681e-01 8.004472642961470985e-01 6.499057809101277394e-01 5.729726657008883395e-01 7.030170909023993886e-01 6.387837739599856457e-01 5.344164008551048894e-01 8.788474905796607173e-01 9.004648794050444938e-01 6.991888060360826884e-01 7.020874163693129333e-01 6.120322767822476973e-01
7.537316997333075586e-01 6.748062057895408694e-01 7.711028199981626585e-01 8.300827439892677351e-01 7.741550975095515819e-01 8.658899966431683470e-01 8.220242475351985378e-01 7.313069150806066343e-01 6.932106635729032851e-01 8.087015957982465197e-01 6.795442020519211201e-01 8.334715530952967466e-01 7.582161301377265961e-01 8.270690112386825943e-01 9.485637143181608888e-01
7.319959904430393127e-01 5.641266997379061898e-01 5.771089181888767738e-01 5.706153060425713797e-01 4.110066284184077379e-01 7.691376609869476910e-01 6.878231949361865993e-01 6.460966146544167010e-01 6.032213941748900687e-01 8.189781712724809593e-01 6.054120925473150949e-01 7.446706435380403555e-01 6.212925122055530380e-01 8.476970257914271389e-01 8.531005551775323603e-01
2.647397194289660138e-01 3.034169458653788176e-01 1.614435517292308053e-01 1.068480775923122544e-01 2.333219132761168990e-01 1.519975030032591490e-01 2.022645791551745398e-01 3.311791290542356880e-01 1.135544200628332834e-01 1.546431048386010532e-01 4.623355831111449765e-01 2.600971832217571222e-01 3.048701901239639911e-01 2.207341429117616882e-01 2.143164403907667492e-01
7.201173256142319179e-01 5.365324322927337297e-01 5.122505994114988637e-01 5.632965116645676229e-01 8.323994917627607348e-01 6.556899172012481403e-01 5.303121078797738974e-01 5.391398173552806039e-01 5.049340437975804452e-01 5.341514989059806817e-01 5.882450533383531965e-01 7.739145577103488938e-01 6.760989098258624042e-01 5.108261703725303082e-01 4.733724320167621014e-01
5.529188736501958745e-01 5.677449472176815393e-01 5.465333117035592325e-01 5.742038137223937078e-01 4.317074012934363214e-01 6.648959618689983531e-01 7.265204605227068013e-01 6.317465172568859089e-01 4.489293064154220581e-01 6.875939410939528873e-01 4.918493886917702507e-01 5.840422122186693654e-01 5.934271718841238608e-01 7.267028970865260229e-01 6.833908219056388234e-01
2.958669562489487093e-01 6.418251544091385652e-01 6.575507810087685145e-01 4.914050984220233453e-01 3.350763413680131197e-01 5.008248870315790136e-01 6.010177992985398232e-01 5.215483620218800409e-01 6.050949693042058097e-01 4.229273258154978010e-01 5.252511400957452503e-01 3.663273836008877904e-01 5.412156991732867128e-01 2.384092816397746506e-01 6.123117287625222671e-01
1.723349596527883332e-01 1.137852324385787706e-01 2.210763614448702993e-02 5.392331638925593196e-04 5.124841646303904263e-03 2.934239032306135142e-02 3.418184429317308592e-02 5.475416668347082849e-03 5.923831963844854859e-02 8.758549679165375523e-02 7.256669150703307092e-02 1.074775671962530932e-01 2.533995047156810398e-02 1.099256170483121353e-01 4.253147059069926211e-02
4.543064323509121150e-01 3.379306017493693970e-01 3.620968680102059079e-01 4.927674320291178800e-01 5.219882838442760908e-01 2.509921086071145724e-01 2.229203341286214168e-01 4.076171649481086234e-01 4.618959141839833471e-01 2.567009253224923904e-01 3.850597512275843459e-01 2.533925249969605220e-01 3.285850836277475762e-01 1.191388857296829112e-01 2.344866438260420627e-01
1.148005916784268499e-01 2.619351647282597839e-01 2.454234606696679699e-01 2.117278690503903160e-01 2.444602849028923719e-01 1.776792361172010726e-01 2.042187693755493361e-01 2.481499106996515047e-01 2.904105078576832977e-01 2.078955891175335302e-03 2.363149657098768119e-01 1.756986245372485211e-01 2.726401064107818462e-01 6.489268769566416961e-02 5.317970104992771063e-02
7.335506888231766442e-01 2.603982980649909851e-01 3.295336991283157047e-01 2.842268475994329524e-01 6.626597816880201997e-01 4.673996408352363297e-01 4.127179004235183579e-01 3.292983417974760241e-01 4.398601466391790504e-01 5.468046300838756979e-01 3.757010992939083249e-01 5.642043933965417146e-01 4.370174613296088917e-01 4.901551295810895326e-01 4.841832043611041803e-01
4.943389041054108146e-01 5.600174164490723250e-01 6.817491771189944094e-01 6.554499867641128130e-01 4.639519912273873392e-01 3.609037854962779956e-01 4.384618642837182501e-01 5.564358209757546136e-01 6.272943628806070260e-01 4.903806199265237087e-01 4.909682768807542286e-01 5.017417447924271690e-01 4.430417289802018321e-01 4.778863221284837537e-01 6.122080470330434343e-01
7.287060742257214230e-01 9.201355422452195398e-01 7.951049962106799818e-01 7.369435537138562253e-01 7.193215554570906445e-01 8.716932177537183302e-01 9.054100189226852446e-01 9.111245690237086414e-01 7.752728550678380515e-01 8.247059230066472457e-01 8.928143645832806730e-01 7.860325546329267610e-01 8.126941621608250177e-01 9.552254218116467133e-01 7.711965444153265903e-01
4.480923873117254597e-01 8.859284212742727371e-01 8.462840809081183524e-01 6.813490807538152838e-01 6.896057058044222643e-01 5.851708915736772987e-01 5.998898709160707110e-01 6.410744957774556774e-01 7.499493907303893536e-01 6.392767918402066929e-01 5.669254877294336303e-01 3.224379597517006424e-01 6.637986823509136602e-01 3.977893003018447282e-01 6.301689034756975394e-01
2.967750615384960877e-01 3.226706335488430666e-01 2.372278467320236839e-01 2.317862725468911589e-01 3.120018366810261012e-01 8.597278800213888073e-02 2.129425185374523022e-01 2.828052918592340870e-01 2.679598739709614375e-01 1.374778282904654536e-01 3.097982476370553240e-01 1.908585653307862950e-01 2.844702778740469951e-01 1.656026665463697645e-01 2.150222482989164741e-01
8.216725805601315935e-01 8.598554716791980690e-01 7.379340311432444066e-01 7.552701765147008528e-01 5.902366429724438257e-01 8.876524085925842078e-01 9.074085760804593281e-01 9.960748592253019229e-01 7.142844649055378747e-01 9.123510786205826228e-01 9.556310687566696993e-01 7.300655011005503514e-01 8.359535116682268452e-01 9.818782876754673650e-01 8.579221869245694521e-01
4.011194504810234318e-01 5.742460388833902085e-01 6.039729101055111293e-01 5.389809503961257020e-01 4.031357100138045491e-01 3.969204121483310699e-01 4.763866922748432597e-01 4.478849132579915127e-01 6.100831887606376069e-01 4.224469388414434645e-01 3.643003257140589035e-01 3.833226936245020533e-01 4.829126534714266450e-01 2.183627075696551179e-01 6.359836508535160471e-01
6.573190693235124726e-01 3.483497046588278634e-01 3.110582658013372193e-01 4.897270495593498141e-01 5.775563406232283592e-01 4.832082284900537927e-01 3.289644750639989512e-01 4.604002287126778836e-01 3.907896364133836009e-01 4.708533068508190533e-01 4.088976080407559222e-01 5.733843593841360109e-01 3.970247932195983265e-01 5.642262855192307081e-01 3.180018930692487533e-01
1.043676173320702283e-01 5.624691827769172370e-02 -1.886362511451007001e-02 3.632304047985074336e-02 -7.395227088591642406e-02 -2.822783464239126891e-02 4.732415896745326145e-02 3.281207339980585225e-02 2.103667986849266924e-02 8.672377556083014916e-02 2.163807001426648613e-01 5.279835369278395446e-02 1.037518187651082363e-01 1.187478513045496786e-01 1.071971598168860451e-01
4.662934869556942252e-01 4.765416840902311213e-01 4.622495331542244013e-01 4.886225510541111761e-01 6.052674979799594901e-01 2.335478260204789103e-01 2.235011771464772978e-01 4.382204474103164604e-01 5.166317088016666448e-01 2.984141972196288628e-01 5.799649369795480958e-01 2.925775623018477822e-01 3.829315942363145098e-01 3.725025965552573592e-01 3.416122414414595743e-01
3.185096938684278678e-01 6.879914051595746871e-01 5.772964640218868348e-01 4.720934594518077509e-01 3.781244814670735033e-01 5.276588657430082430e-01 6.375722658553092392e-01 5.529707928206002432e-01 6.407345037837468560e-01 4.287969352735835349e-01 4.654765896641187561e-01 3.690539113926896708e-01 5.249701703714143575e-01 2.664769968553897805e-01 6.228275480255686114e-01
4.240824187072430584e-01 4.340563011849608577e-01 4.120667398692661187e-01 4.629113268075392140e-01 5.851929813507236178e-01 3.016408927383190663e-01 3.467516380817722288e-01 3.966944114995051840e-01 5.558539400701294486e-01 3.081247722198954264e-01 5.321157622240156870e-01 4.538026781545738686e-01 5.277713330203811504e-01 2.117037936896960237e-01 2.589547996780787731e-01
4.137530784072834256e-01 4.408362275301762612e-01 4.121991886761904866e-01 4.698793811242855667e-01 5.835286995415899236e-01 2.728937480805765925e-01 1.873514177184705254e-01 3.693028510945637888e-01 5.324512505395998518e-01 1.809998688803812761e-01 5.223113524063153212e-01 3.538097142524517236e-01 3.255852542961261142e-01 2.259082515638059507e-01 3.442581644581049760e-01
7.121267594356703867e-01 3.851541544930593974e-01 3.645296370406371778e-01 5.756450600508570270e-01 6.100916963630762524e-01 5.245585159823702437e-01 3.915945902490837183e-01 3.780577076744263687e-01 4.182043140132435388e-01 5.610077315964012712e-01 5.837049301381210809e-01 7.045448935677868230e-01 5.045742421851120429e-01 6.915877736714797219e-01 4.098650026776935462e-01
1.206326006293288212e-02 2.004404474229536451e-02 4.582187686899742013e-02 6.754130115668251222e-02 1.738415451211437757e-02 7.361467131850758794e-02 2.020284650493682499e-02 -1.797347175929225535e-02 -1.565727775537962413e-02 4.527180154044571636e-02 2.494738909262618487e-02 3.675648449362076131e-02 -4.823052190706293707e-02 4.776155662155884968e-02 9.183420575215754666e-02
2.980701607704002720e-01 7.640443561208563050e-01 6.142305849192563061e-01 5.964365940630552698e-01 3.303603067725586762e-01 5.557991840465834610e-01 6.417533452516898107e-01 5.823307431823073754e-01 5.796059567258470269e-01 4.114756153160934460e-01 4.420504494355668168e-01 3.602331181948035255e-01 5.566440593776784684e-01 3.337335846833545117e-01 7.101332590693884006e-01
2.925210497295727685e-01 7.912353165306845737e-02 1.537334885375783167e-01 3.121964894730613893e-01 3.010553706942790675e-01 1.843496513387986591e-01 -1.801707161433463433e-02 1.897844140738539354e-01 2.446368485708025897e-01 1.997871478175914095e-01 1.032338606209125403e-01 1.176358753300706661e-01 1.152853354516424900e-01 -1.211566558737074001e-01 2.368704652323521953e-01
4.432429558989643414e-01 1.282635555503026659e-01 8.011288644428005146e-02 1.392230004328903759e-01 2.274913300895021195e-01 3.288295640403500197e-01 2.805038392181087858e-01 2.338366426470488979e-01 2.788550035164112373e-01 3.566785015919579638e-01 3.415594730413478164e-01 5.729688344136047995e-01 2.962332585752247005e-01 4.775589662564617699e-01 3.260012776022254144e-01
6.482360802922095822e-01 5.422044810770761947e-01 6.396825380310144915e-01 5.212113655988053207e-01 4.944605562002301613e-01 7.634749043072242003e-01 6.927093831972265248e-01 6.183524157239156382e-01 5.371132831269305186e-01 8.068362456683786377e-01 6.800939946308606210e-01 6.647289540760619175e-01 6.312505491448650030e-01 8.290066518318560673e-01 7.829853464023301957e-01
2.542955812429279483e-01 3.147792382949388124e-01 2.308583272220212090e-01 2.833508402172532081e-01 3.250286695277317395e-01 6.944891931413778308e-02 2.552578794747837887e-01 2.841897737525447276e-01 2.475795525689437060e-01 1.740508157010394463e-01 4.667368221264941996e-01 2.273084351452123453e-01 2.378432556962435107e-01 1.605849446694986304e-01 1.989778360305814731e-01
4.164200866851654470e-01 4.282921596985557189e-01 4.680866978308568238e-01 4.416677548841247414e-01 6.185653778534746516e-01 2.238092152293622017e-01 2.348320177510221929e-01 4.641300477077771047e-01 5.470726849525167079e-01 3.826597988734602995e-01 5.523791918665776901e-01 3.243830582245351146e-01 4.355296530326285831e-01 2.210804213688068731e-01 3.732187961773949514e-01
5.777370026659368607e-01 5.227495572147163871e-01 3.161819305878919573e-01 4.352609324853403683e-01 5.361106636147564553e-01 4.838441384408668777e-01 5.732614909590771912e-01 5.409973102340712714e-01 4.429955201843576162e-01 4.292052543965971800e-01 5.650656557036947136e-01 6.510054283927531049e-01 5.508749316601403434e-01 7.388026452091507323e-01 4.203610298144511148e-01
4.186710281406986200e-01 6.476587832393213562e-01 7.297765930240841525e-01 6.212536350953132835e-01 4.201332408218555470e-01 4.376303371612360049e-01 4.281119723422271428e-01 4.527608888857136415e-01 6.266603505115251327e-01 4.978801723256490175e-01 4.075284338166781928e-01 3.280210067199636481e-01 4.985893016611404049e-01 4.398930347006896335e-01 5.878078448725501115e-01
1.147251000314281066e-01 3.587590797327991909e-01 1.450854966035987625e-01 1.899841518056397394e-01 2.661757651710784378e-01 1.591224098602711245e-01 2.614992053182124687e-01 2.858690180094659583e-01 2.050399068516309820e-01 1.139664863362549463e-02 2.906960538395672589e-01 7.759109820736836971e-02 2.766783810560262125e-01 -8.592921078406048907e-03 1.153708849244255985e-01
8.863335634891620352e-01 6.278186309965703149e-01 5.795491419143671274e-01 6.170398546695712305e-01 8.966957734161424831e-01 6.308424021961452910e-01 6.041896557192045769e-01 6.453782034937098899e-01 6.938564876960282568e-01 6.212616580358308882e-01 7.842062621986892745e-01 9.269548765012890490e-01 7.341971487091641935e-01 7.540393758258473467e-01 6.879813923839561696e-01
4.036932191348464594e-01 7.218783318709268704e-01 6.757851135715379209e-01 5.787539196504393191e-01 3.729644757213335104e-01 4.981555223443495661e-01 5.783694255864633149e-01 6.171270598515088412e-01 5.619683710627288997e-01 4.703476206331671516e-01 6.850254065327543440e-01 3.889188402851384563e-01 5.911417804686207589e-01 4.265287395302115314e-01 5.064881350996492948e-01
3.511779038240818163e-01 2.656614350509576283e-01 3.450179872006591819e-01 4.993739720497368806e-01 5.666114758573852495e-01 3.092901056111829194e-01 2.801037720356881477e-01 2.397132101981547803e-01 4.417381816475914325e-01 2.837238788136774992e-01 3.566281739773521364e-01 3.068028066891988481e-01 4.389778111222428225e-01 1.312007800505527455e-01 2.919545224937308281e-01
1.012285299403390959e-01 5.054992046614608103e-01 4.614589680328611276e-01 3.592788053429654127e-01 1.699553628879622025e-01 2.759116908728815876e-01 4.266166826713911897e-01 3.112144163697905253e-01 3.467363455165253794e-01 3.261045654484735490e-01 3.415710847537193340e-01 2.916667260969996178e-01 2.534084422529368497e-01 1.675261358891959873e-01 4.478327039571641244e-01
6.546359425998403703e-01 2.671766543998934651e-01 3.883813767151133023e-01 5.508738278537715916e-01 6.377596728870188469e-01 4.442481407318119024e-01 4.381045863718280309e-01 4.038779905012673810e-01 4.424900548269233291e-01 4.992161804533161718e-01 4.727757125485440581e-01 7.046073901736003009e-01 5.248722438657902334e-01 6.683936623271231614e-01 4.246046297046393581e-01
5.768520526979279417e-01 5.783557222270324649e-01 6.685526493297196948e-01 5.428174500743760955e-01 4.644127160928023246e-01 7.989211992904856618e-01 7.689674381860387431e-01 6.686269855078716962e-01 4.597215394369861263e-01 7.274271780035466151e-01 7.280059310043727194e-01 6.267095052722433390e-01 6.048964979216477911e-01 9.081774297809765972e-01 7.149725118958026870e-01
7.611301747898359116e-01 5.414082795973745865e-01 4.312696766999991604e-01 6.159395001046074070e-01 8.949784773610721667e-01 6.910333375687629509e-01 5.373328225817788351e-01 5.467677733511010496e-01 6.535676743060051530e-01 6.007996913594072508e-01 5.641207098502662998e-01 7.085655699848059097e-01 7.344358124994413428e-01 6.216869375396847364e-01 5.830251426281727323e-01
7.766791900888346811e-01 5.147313685341070588e-01 4.872415658720514187e-01 5.917588839148787416e-01 8.017308336309987293e-01 6.348263844109817144e-01 5.954152852328342682e-01 5.044566417086249199e-01 6.343166971965896739e-01 7.137479670811630594e-01 6.056309143051761268e-01 7.493005309274805015e-01 6.525464258846302990e-01 6.321818288662909291e-01 5.404685192880124278e-01
8.207635738120460100e-01 8.152678327319059504e-01 7.851063815337062657e-01 7.242875228603669058e-01 6.806677414555697414e-01 8.596263530916258278e-01 9.202083653389191431e-01 8.544342699699231103e-01 7.190869153223118371e-01 8.927888159242136634e-01 8.840497461178847827e-01 8.374002202915429294e-01 9.160827884836604262e-01 9.803844501604089823e-01 7.567977837973016708e-01
2.147322409810819011e-01 6.282992785183326712e-01 6.183023409064208886e-01 5.604498405833193697e-01 4.128031940706939351e-01 4.052773284625465489e-01 5.213200386568299649e-01 5.088089726125805123e-01 6.296829144235701614e-01 4.696207019838016805e-01 4.859866639503078178e-01 3.179010784079824847e-01 4.887500755536195451e-01 3.091758025126645215e-01 5.139783660618088001e-01
4.220525466466067965e-01 4.487119680554693124e-01 4.029982178991182717e-01 4.368008634344858754e-01 5.782109832562962737e-01 3.465930307240364106e-01 3.122562041400438471e-01 4.107978627239010638e-01 4.634269104881779122e-01 2.800285500421300644e-01 5.376675196653650790e-01 3.310227939234257066e-01 4.132503600063666682e-01 2.528775773961321471e-01 2.638602882971331498e-01
7.608889547560201416e-01 9.296241569455065967e-01 8.291441394547960364e-01 7.178772953596593842e-01 7.333602939052357161e-01 8.843702640638685386e-01 1.000332799191684607e+00 8.740238772081846408e-01 7.477324903949738033e-01 8.532693776309882017e-01 8.459607668681230486e-01 7.866633911058887874e-01 8.759166807350803330e-01 9.086576346953044725e-01 7.783726718119193810e-01
6.388373583629000096e-01 4.628859010373417293e-01 3.321348948243031396e-01 4.042624190536791007e-01 5.413951245564518899e-01 5.801290224392837702e-01 5.992452151328824250e-01 5.072891672242673122e-01 4.931530808305810698e-01 4.601487331825773186e-01 7.067610343336567791e-01 5.872168753196282953e-01 6.433630241918261161e-01 7.329561489073845859e-01 4.262940421186749429e-01
2.581563745858874714e-01 2.016232816648023674e-01 2.936817589526688477e-01 3.185917207498796255e-01 3.548080208348141640e-01 1.550611319163474333e-01 5.194258743970960046e-02 1.395809765390699231e-01 2.032036757298828211e-01 1.230656299626974731e-01 2.955043795863356859e-01 2.946086068999136942e-01 1.870833063997401902e-01 1.767658507365449938e-01 2.708559721728704406e-01
3.642182310714941473e-01 6.481912242494322074e-01 6.442711097495817940e-01 5.201506705447814793e-01 3.636556398061999151e-01 4.562810029426778158e-01 5.465922394010961360e-01 5.905543273659289438e-01 5.694368368229840716e-01 4.453437807252071945e-01 4.815940425575218065e-01 2.821211044615524743e-01 5.073123349680794814e-01 2.520297056957499504e-01 5.277315694276266678e-01
1.074689197684507436e-01 3.843448445567693855e-02 8.748284822862710530e-03 1.306841556275267768e-02 -7.165916287901544224e-04 -6.694251241591625545e-02 1.561825424546432577e-02 8.798487470663254872e-02 6.427659228708840211e-02 1.198685523042782031e-01 2.028516903807096317e-01 5.979225681209297122e-02 -1.739559443681442524e-02 1.180591060040463991e-01 2.364978390594823024e-02
3.478085669881834652e-01 3.138666546893750242e-01 4.253104308687541968e-01 4.671725814133564914e-01 5.629878183214519494e-01 2.719775395062200563e-01 1.884280986510481481e-01 3.353079891973018145e-01 4.701274602477139020e-01 2.345176785064801150e-01 3.402543094312164840e-01 2.123781753122706006e-01 4.458424961187740232e-01 1.336354839282107299e-01 2.512311945422280868e-01
8.709174629080057572e-01 1.003959318886614493e+00 9.845923668721832112e-01 9.364319279171947619e-01 8.731181831788448200e-01 1.024304958966662848e+00 9.145667583979719684e-01 8.828468957832946717e-01 9.584023356900064350e-01 9.912279619951248621e-01 8.721726966338085862e-01 8.951632386913233042e-01 9.534951547415922990e-01 7.823259611446096162e-01 9.616935239772708144e-01
9.191036323468371183e-01 5.987414816326201983e-01 5.461513776683624144e-01 6.354359749241358379e-01 8.914856430880310212e-01 6.444398455816515714e-01 6.293024702888910804e-01 6.394600021768621634e-01 6.632773144271296717e-01 6.377806827289476121e-01 6.952392246107287344e-01 8.461944796551539305e-01 7.570676329921683934e-01 7.190413043565744289e-01 5.807433073946834945e-01
7.695203414602449499e-01 5.572598781247858346e-01 5.216550548944790533e-01 6.660471978529999282e-01 9.134160279100197455e-01 6.718093154968369785e-01 6.734977339111980488e-01 7.192216015053622957e-01 6.842206287208600912e-01 6.758910356077255654e-01 7.830310086702532146e-01 8.063308942336709917e-01 7.562024087930968586e-01 8.278611394976505000e-01 5.782079186936700532e-01
4.709392852562557241e-01 1.095222709934864508e-01 1.636852434436500969e-01 2.302544995582610499e-01 3.283897863723649890e-01 4.723364961911306614e-01 3.934211453752163856e-01 3.703463926329746969e-01 3.024131149278320718e-01 3.289532442021155245e-01 3.072329059519905980e-01 6.127844967311569802e-01 3.543539729029432372e-01 6.561132787801421395e-01 3.499904156828497759e-01
1.606824121994977483e-01 1.471331584431520567e-01 -1.426182639660267260e-03 -2.261213880399388920e-02 2.675079381713167670e-02 9.880118462551225333e-02 -2.696566133555163350e-02 8.393353688767463128e-02 4.147949361587788958e-02 1.562769533594928206e-01 1.285464207505533363e-01 5.988838068244896340e-02 -5.776568578143359556e-02 1.112325503734700877e-01 -8.069448035325410551e-02
4.253121860563315870e-01 4.095514584560081550e-01 4.189903075503063068e-01 5.279657555427912374e-01 5.976088831309289695e-01 2.727995165387269161e-01 2.607360331766057637e-01 3.245127742948945571e-01 4.303230445569221629e-01 1.980716923681775099e-01 5.366651869205911751e-01 3.713502227953215939e-01 3.949652974706209796e-01 2.404561487710914214e-01 3.020914212639852492e-01
2.403163504007457124e-02 8.979360179570466602e-03 1.230926716630275503e-02 -2.180931959067416992e-02 -1.092087715188135716e-01 -2.378402437429294122e-02 -1.445549463123552980e-01 7.737287603601546160e-02 3.778448158637495724e-02 4.734821929218425984e-02 -1.450968646944035849e-03 -1.018800404757560368e-01 1.182523221487549042e-01 6.077632238816106994e-03 1.543090657849552350e-02
1.816893643572343731e-01 3.043465967517748894e-01 2.251217651585564750e-01 1.851293178562772035e-01 2.854472336256833054e-01 2.218547255145978392e-01 2.513409543920518407e-01 2.539372029813732334e-01 2.964101479407877937e-01 1.341670460826240030e-01 4.450879889379439902e-01 1.111983309317021162e-01 2.759216858851185616e-01 3.258885027340834295e-01 1.417284644030282481e-01
9.528002629235899912e-01 9.809488583561728481e-01 9.666545173865978002e-01 1.020627145913272971e+00 9.502490729948467330e-01 9.451875344262653522e-01 9.456738649558742438e-01 9.045087740153466838e-01 1.002439656071895557e+00 1.085834424070807991e+00 9.145369587402688571e-01 9.626144002313503645e-01 9.301672595673438071e-01 8.918286537100214018e-01 9.245751532689652219e-01
9.159049295502892374e-01 8.548297240192078705e-01 1.041138711974750830e+00 9.910702382431234581e-01 1.025079757897723320e+00 9.248610574423845598e-01 1.021146342219961811e+00 9.254984641174940352e-01 9.095696829570529829e-01 9.331227483473273354e-01 9.531222029234678317e-01 9.865350209929960590e-01 1.033857452215664496e+00 9.104218335452305411e-01 1.003883291805321765e+00
3.449733460373746174e-01 9.172808194956401373e-02 2.011213524590433621e-01 4.169976903448820993e-01 3.413740895253747909e-01 1.477750101483247258e-01 6.679069876687314389e-02 1.373633660104204290e-01 2.928982354825388490e-01 1.656206956857176060e-01 3.771920648656346686e-01 1.021433873003415593e-01 1.900793408328388667e-01 2.971026878638668989e-01 1.940862843830652718e-01
7.691802515241921157e-01 2.398536062053376328e-01 3.105200294719336340e-01 4.658547016685671283e-01 5.525035670986419012e-01 6.703459228140559167e-01 4.490686404887934691e-01 4.498812343900913113e-01 5.505521647275941621e-01 5.007723256606286810e-01 4.636098399731303221e-01 6.714019128487717092e-01 4.980075872615842836e-01 7.204710147262379794e-01 4.190582291398420312e-01
3.586581107420439007e-01 1.510113623781475511e-01 1.176343149256978693e-01 1.920668842706854118e-01 3.227695560984069623e-01 4.762521794842499712e-01 3.833582257527974879e-01 2.541944957887864454e-01 1.234075729539392263e-01 4.010791768537839697e-01 2.557653904688720337e-01 4.845053007727448402e-01 3.266174748811042639e-01 4.775056485842654186e-01 3.446130599107535830e-01
4.787099839258430189e-01 6.042523943649626972e-01 5.649750209630785003e-01 4.282879540470703739e-01 4.977896027611287133e-01 7.299801572345354650e-01 7.566702147518890031e-01 5.214605517203345642e-01 5.581095804661719839e-01 6.790786209383464778e-01 4.993001065528466231e-01 7.266192405308682378e-01 5.361436250500278833e-01 8.673752981242637272e-01 7.213510274429723035e-01
2.292811038865019690e-01 4.119200660539411030e-01 4.889768039557375046e-01 3.028862613625378231e-01 1.199523299654209896e-01 3.788336140941328534e-01 4.071718479677686742e-01 3.421138421256331164e-01 3.701605682105341133e-01 3.977274885532884885e-01 3.854549604716996924e-01 2.839930364165463295e-01 3.104210422401758596e-01 3.622827210258593444e-01 5.462559413346985693e-01
3.378198750631650205e-01 5.500119904614240163e-01 7.222541709983490987e-01 4.935137007402904397e-01 4.033771651365528621e-01 4.099021674969441364e-01 5.008369683181865817e-01 4.505850401896586699e-01 5.737231200073161785e-01 4.991712743173919442e-01 3.042302632486558189e-01 3.510973951637099133e-01 4.622707438113913825e-01 3.955508105162279242e-01 5.685657978824188996e-01
6.349782629606423034e-01 4.445798212931041937e-01 2.230109996983337395e-01 3.268913016240030389e-01 4.712740353812811533e-01 5.013516598031952931e-01 5.113140596951509798e-01 5.465955288329050754e-01 4.111449398985042025e-01 3.718932824470681520e-01 5.163963240434540358e-01 6.374878516071060819e-01 5.389707138348555082e-01 4.822691314923514549e-01 4.728510601296319615e-01
3.508094314789439450e-01 1.114878226663995331e-01 1.452378196678273947e-01 2.746138128437610737e-01 2.818723046965713741e-01 2.831042777343416583e-01 2.906636026453784938e-01 2.684110398968536648e-01 2.267653407013810185e-01 4.790547110743635928e-01 2.467446809321195145e-01 4.718890400492844472e-01 2.800136539782936973e-01 5.121569848790845647e-01 2.542794382443235301e-01
2.550400538052759458e-01 2.871669470455769368e-01 2.120248202037359753e-01 1.688745402731344769e-01 2.699277094352142692e-01 9.918455896910532976e-02 2.553270319061319293e-01 2.267821378328395698e-01 2.994170781896930422e-01 8.969917375271757587e-02 3.524927327625883011e-01 2.003252444640050423e-01 3.268075237534828204e-01 2.149642480482585327e-01 1.694665780359183305e-01
4.607288825802597354e-01 5.612442309834431153e-01 7.933079311114111798e-01 6.313873218670402743e-01 5.052838688531794409e-01 4.934369244668589394e-01 4.969149949695135238e-01 4.025084879308198360e-01 5.978220796799988968e-01 4.968060948303176794e-01 5.107904204410254057e-01 4.298588482786744880e-01 4.568845088309437252e-01 4.055763730677612866e-01 5.337355188483441371e-01
1.506365641781083897e-01 3.369536136645197300e-02 1.972674944648533935e-01 2.437024562453964927e-01 2.791761443475363480e-01 8.412773471941964454e-02 1.040429900067508379e-02 1.294210963810239756e-02 2.234704732792282822e-01 1.283982577850640294e-01 7.355293969520509956e-02 1.177979975141660168e-01 1.639446696333566600e-01 3.373514910306017051e-02 1.071303516117445703e-01
7.488690761273417706e-01 3.549010434847916229e-01 3.663509194017008364e-01 5.816979276951658173e-01 6.280514838159764190e-01 5.489451785587787791e-01 3.408582226429323625e-01 4.211833086047531705e-01 4.337858423733584323e-01 5.978737197234029743e-01 5.363577331475216647e-01 6.782522180152662505e-01 5.227014828747451602e-01 5.061176480116622578e-01 4.286157812829989866e-01
8.089187190245139547e-01 8.343378300494257438e-01 7.908132493059775170e-01 7.625531364907428555e-01 6.698002162291135653e-01 9.560794081768828612e-01 9.263292195342760493e-01 7.973729804045679437e-01 7.156306999982826600e-01 7.762452017485655942e-01 8.917545497424145262e-01 8.202587845492658181e-01 8.121924069235323396e-01 9.623757349188535315e-01 8.595855653275870090e-01
8.999676232645905660e-01 9.436418746283753434e-01 1.037359165019881457e+00 9.813678837850262626e-01 9.551441949227249539e-01 1.057865216494092042e+00 9.819679608740529142e-01 8.831479291353355743e-01 9.654302388274184077e-01 9.918439358123825045e-01 7.653141500126938723e-01 9.032403687390848646e-01 1.050897746144597189e+00 9.079040850611630464e-01 9.484466347554207921e-01
6.368053520600059914e-01 4.865133247905324976e-01 2.684833600676178600e-01 4.124270075088743992e-01 6.713901245103636173e-01 5.319952156570439961e-01 5.955023182764982437e-01 5.410201325098311642e-01 4.029386598803990638e-01 5.841309083812643577e-01 6.372871904875387905e-01 7.598445505030820835e-01 5.545794150614579143e-01 6.678475119995754827e-01 3.860845452935687261e-01
6.332005926598149870e-01 4.136490276856853443e-01 2.604338961361712945e-01 4.468865073682359301e-01 5.085545914888678354e-01 5.178882030143362458e-01 5.187904326360108787e-01 4.896419892389261008e-01 3.814404638874529518e-01 5.080320673709046719e-01 4.750028546471998236e-01 6.188364740883242066e-01 6.035217504019493306e-01 5.413086662924725401e-01 4.031350979014611258e-01
3.460607103511847416e-01 5.093171336651562964e-01 5.647638914941575106e-01 5.399778396139837122e-01 3.099601376587816093e-01 4.532315123432327786e-01 3.765130868421406873e-01 3.613899658469238996e-01 4.470905603745498058e-01 4.607596582957154130e-01 2.736627772382901891e-01 3.179868564262021136e-01 4.802835487925907199e-01 2.858751101009699980e-01 5.957462951624155068e-01
7.149340827734145254e-01 3.137046384283850853e-01 3.543885523192910614e-01 4.946802633864891829e-01 6.878312576199085981e-01 5.094791143337636941e-01 4.216366676937482461e-01 4.212489812586545090e-01 4.472310716203506953e-01 5.092079729824284806e-01 5.607598361220107464e-01 7.540405657487948554e-01 4.714875923746041364e-01 7.641424069552122944e-01 4.818710069131760809e-01
1.461244248450416228e-01 4.586000935268754186e-01 4.849994204494832428e-01 3.432981857334397313e-01 6.472880774075154275e-02 3.252068431353011824e-01 4.223275404057774685e-01 3.888662411512746053e-01 3.736446040165478655e-01 3.028708945122290386e-01 2.566327865865033475e-01 2.070180830634526237e-01 3.250215205974056332e-01 2.747495154835076780e-01 3.757138056099078582e-01
3.742995446589365560e-01 1.509943759930364726e-01 8.915246535093243607e-02 7.549596300263940185e-02 3.497364867726149296e-01 4.482172749960275926e-01 3.460193651410946591e-01 3.490712547329972160e-01 1.249816272623155700e-01 3.646972649198584326e-01 2.311388845380007440e-01 4.430856159998158295e-01 3.138450666179405379e-01 4.594196720756670849e-01 2.352575461762458908e-01
4.607516455526646793e-01 2.158241758750425177e-01 1.062718723624940798e-01 2.383713319717989110e-01 2.516906820473783779e-01 5.033506114691101985e-01 4.290125776617252917e-01 3.117781052092399863e-01 2.584809193522774606e-01 3.216847174310052404e-01 4.834963736847222027e-01 5.245941632315789249e-01 2.778087457375079672e-01 6.933498663546024954e-01 2.749314506121484092e-01
1.013762150404869056e+00 9.173424117177473303e-01 9.532876055710449714e-01 9.681284265736697092e-01 9.919166392014039380e-01 9.584520474370150644e-01 1.044162143069309767e+00 1.021379668820472153e+00 9.173075806624715334e-01 9.795546270932824484e-01 9.943343859302653520e-01 1.047790293299313280e+00 9.674102912963244982e-01 1.059353896123640837e+00 1.020685098849408501e+00
5.875149908635809437e-01 4.416084793263958530e-01 4.277436350106411100e-01 4.252360191559946823e-01 5.404986894020447075e-01 4.126032759856153032e-01 5.290264062852297888e-01 5.668880919010715891e-01 4.542578872039663151e-01 5.283449154087161981e-01 5.840484670446742799e-01 6.954506572058013480e-01 5.044424922736543415e-01 6.170874414277951470e-01 4.740183771233850152e-01
6.439565956143369352e-01 8.669658909659194723e-01 7.470369232058401421e-01 7.298310229941744609e-01 7.537499001233660678e-01 9.305699516160960139e-01 8.511419519511013165e-01 8.485759823416966219e-01 6.697077953044463516e-01 7.964674393106697670e-01 7.007247260581347392e-01 7.377953930109921732e-01 7.374920947259865356e-01 7.771198819963410775e-01 8.488788658909928175e-01
6.985525336343095804e-01 8.605723768885933378e-01 7.115182622637306054e-01 7.306750339142175088e-01 7.057914944658099099e-01 8.472688789055665692e-01 8.984432818830632161e-01 8.429851784078384869e-01 6.892563159027160768e-01 8.088552436606283313e-01 7.203014123345025110e-01 7.827512727216368038e-01 7.634625647357511369e-01 7.576586633589801334e-01 8.841883865868742642e-01
2.626062537990037082e-01 1.416509810776735434e-01 1.682544053763080083e-01 3.664161593101552539e-01 2.807754513344691283e-01 1.555384953592867658e-01 6.850311357777599808e-02 8.243879209044316370e-02 2.114549432095912673e-01 1.563561974813182376e-01 2.638464572799628649e-02 1.802164119379255913e-01 2.081008332713948361e-01 1.359822645372285310e-01 8.056111131325945085e-02
4.867144254460074038e-01 4.328955661024790347e-01 2.992090483454969418e-01 3.540337559606966944e-01 6.408993456295986046e-01 6.352577593576653747e-01 6.054255091479705531e-01 5.452724874969259172e-01 3.796611976104016239e-01 4.897456573501115518e-01 4.487762701223232953e-01 6.678354972019726610e-01 5.648688498568446015e-01 6.256028018239555566e-01 3.922253236818037392e-01
3.733415036638858542e-01 6.579911577768196018e-01 7.250474495171587153e-01 6.836887034787724193e-01 4.752647887753144174e-01 4.926864666135957749e-01 4.221567539268911706e-01 5.392612459104668687e-01 5.573338546524850834e-01 5.986693181913518291e-01 5.489302069816504037e-01 3.586735805853066839e-01 4.059296091130748518e-01 3.863462531129314148e-01 6.049043698320625273e-01
7.915741415616252274e-02 -2.939765323486449172e-02 -5.706018848245043851e-03 1.134810326854948648e-01 6.691313171337995303e-02 -6.204144958079581273e-02 3.606325028549550726e-02 9.647971024693288711e-02 -5.099453692361365781e-02 3.531782449339601615e-02 1.742153443713757577e-01 2.260295294760440721e-02 -4.090464560587271647e-02 1.510664616482796929e-01 3.979498316493724347e-02
2.174526934704048009e-01 4.199636414008074969e-01 5.252487396180821611e-01 3.828602491239546657e-01 1.771599185177949176e-01 2.715763716337945555e-01 4.874255042360565726e-01 3.848435694124747730e-01 3.452103541015355548e-01 3.577093415180561120e-01 3.332543172507311802e-01 1.826378997944085314e-01 2.383526070880846448e-01 4.641738035268692109e-01 5.107109242105517533e-01
4.923431792315290378e-01 4.371324562386298962e-01 3.109020311149701676e-01 3.462807804079792717e-01 5.487166118440155449e-01 5.009276682071523989e-01 5.081580420779461260e-01 5.443384039438916577e-01 4.316838685269742681e-01 4.413842634736542814e-01 4.838880311801381229e-01 6.451980771398537762e-01 5.082442394896965476e-01 5.808866601596297530e-01 4.796245355435325708e-01
4.293365799551407402e-01 5.081315205426781834e-01 7.949600977445538952e-01 6.261199938166720491e-01 4.344928650992715413e-01 4.180427049496124869e-01 4.599105144748347196e-01 5.307784830896995487e-01 6.274731490276176382e-01 5.766810934598336491e-01 5.362927131030219563e-01 3.144737279602992652e-01 3.783082932419022382e-01 4.742981129539753371e-01 6.826087976260705181e-01
8.444460802096576124e-01 7.258705947639269018e-01 8.237109407694805929e-01 8.227198493983423067e-01 7.040720011354888452e-01 7.525438876084367124e-01 8.902380383607215730e-01 8.717211831186036930e-01 8.062174851879250204e-01 8.928362032457783926e-01 7.191667547181788134e-01 8.897809594234755703e-01 7.824397353428678148e-01 8.407088967055738049e-01 9.044500984618645267e-01
6.416529997411735131e-01 8.418924735132309323e-01 8.713948420532910966e-01 7.945174298437548410e-01 7.620696635374065719e-01 7.114387586292592047e-01 7.335593605491742553e-01 6.819696493366357304e-01 7.866311170515108975e-01 6.169791440272562877e-01 7.724828918198294314e-01 5.859472211474031633e-01 6.636176285252484153e-01 5.207916430469829994e-01 6.371775571043006847e-01
3.405251636711769114e-01 3.834300450018163775e-01 3.552518215324323991e-01 4.426169706839360174e-01 5.090023169217611221e-01 2.900525631792755799e-01 1.929566649880297136e-01 3.205849219489356750e-01 4.580874072659262830e-01 1.691776948400610658e-01 3.963739066767386632e-01 2.538956401250868078e-01 4.188592839034258053e-01 8.938729277888182723e-02 2.760961919462747161e-01
2.794343336545939693e-01 5.796970311453615299e-01 5.062322188769967646e-01 4.724969755548724670e-01 1.321188094322505446e-01 3.835148306828131681e-01 3.622245046909713939e-01 4.261011604632357064e-01 3.132268953818177493e-01 4.515455417848743824e-01 4.851977959412682173e-01 2.523890697542066075e-01 3.229016188710983060e-01 4.646587316452046035e-01 4.752275681730708246e-01
2.846448183240394836e-01 1.309329566164592340e-01 2.426424053633655931e-01 2.964175035693594751e-01 2.976788964505369117e-01 2.160204449068699462e-01 1.706094084651871290e-02 1.751821193042676639e-01 2.746561155010108224e-01 2.179125056230601931e-01 3.404715889885980284e-01 1.954299634816235032e-01 1.349136476386807171e-01 1.544726548751420292e-01 1.720533354280047444e-01
6.156622487627819718e-01 4.378757890927705287e-01 3.920050214392217791e-01 2.849864903302740116e-01 6.158779492839444591e-01 5.218378933439055123e-01 5.863731823503804952e-01 5.549710490628002590e-01 4.107958664916738223e-01 4.959643384992929449e-01 6.744945685334727825e-01 6.598428187359615116e-01 4.987398891248955302e-01 7.437581942776639865e-01 4.084606663585719777e-01
5.021171465048289706e-01 7.839241964152531272e-01 9.944760368341739598e-01 7.971269577649521265e-01 6.872322440401668064e-01 6.322156106724460267e-01 6.801173524172324791e-01 7.449980664392248375e-01 8.772995503041750576e-01 6.946731536378580874e-01 7.757748736366789633e-01 4.391621331658877581e-01 6.753632916949428022e-01 4.912138865110411978e-01 7.004257215919865720e-01
1.305234251460619249e-02 5.462040441078689496e-02 -4.064232056412502708e-02 8.599527342623780601e-02 -1.101538584414298722e-01 4.647268301373060073e-02 -1.555088126212389281e-02 -1.875295012715490206e-02 -2.369169690434884401e-02 -1.043858530487760082e-02 8.838623111589551107e-02 -3.513565077631428113e-02 5.085341273500079695e-02 1.224526765780750148e-01 -9.364383515997254381e-02
9.628377101586247377e-01 1.007620754965437238e+00 1.027469976751547165e+00 1.047030437712302975e+00 1.062770163917326816e+00 9.738246419702432100e-01 9.724231190415719706e-01 9.895793785636118889e-01 1.054697443598902273e+00 1.003863591682721434e+00 1.037028028490645237e+00 9.651384208603213111e-01 9.752032125068086366e-01 1.048093058083204854e+00 9.341639139369766198e-01
5.014203617186364648e-01 3.909753032163154618e-01 2.396695418961656276e-01 3.560297603176198478e-01 5.076258740313748241e-01 5.792109035701814568e-01 5.348808022069232448e-01 4.731962488435289549e-01 3.854923622961507479e-01 5.335064582383874932e-01 4.426627185242901774e-01 6.953130046339567327e-01 4.823583386856089006e-01 5.579130336154141112e-01 3.704875677203668394e-01
1.504339346026209445e-01 3.456049802126299753e-01 2.363630360518755302e-01 2.415031388123035638e-01 2.987745167885407782e-01 5.348119070414790455e-02 2.472897524052412033e-01 3.018138171538939929e-01 3.507756007787931618e-01 2.326948625847702345e-01 4.492458130622837276e-01 1.685286375425413818e-01 2.790390785821344477e-01 2.457257525584049251e-01 1.236580496394402151e-01
3.137148678801472412e-01 5.051740393046764144e-01 6.562406316833514497e-01 6.060501162414279053e-01 3.899028076110782060e-01 3.940948453117088524e-01 4.604665903955032502e-01 4.306753350809476300e-01 5.404450916881242684e-01 5.109447239183908529e-01 3.372123657977658118e-01 3.613384878029067271e-01 4.056088241763407543e-01 3.317026201493519233e-01 5.661853812331247848e-01
2.434535364253597178e-01 1.222911797152126112e-01 2.545002603405560060e-01 2.575702811090315181e-01 3.109951632763900964e-01 1.126539668703519653e-01 1.080470754889430035e-01 1.259337746046375328e-01 2.749271086125470998e-01 1.918032771342146336e-01 2.423705734148668411e-01 2.542108397561859690e-01 1.935023452159884139e-01 1.647805715088152545e-01 2.048062789728631317e-01
5.503006395521337080e-01 7.933279579620300392e-01 7.396850667049793548e-01 7.839491192705576594e-01 6.505256119621046773e-01 5.685389383436345589e-01 5.489002403706064737e-01 5.833979042179846530e-01 8.066767153214664532e-01 5.167957053450316085e-01 6.487558772167436594e-01 4.095380704333309585e-01 7.207500521913664526e-01 4.000363390719238743e-01 5.645278211796889156e-01
1.580197565404338478e-01 4.145886335088116992e-01 4.000288010626310564e-01 2.319091908910043132e-01 -2.307536031397981746e-02 4.161000669630532389e-01 3.782665336619548957e-01 3.234739709759175685e-01 3.846547646483462479e-01 3.469767442039284333e-01 2.061805332023780857e-01 1.854312649659401180e-01 2.451485126707449447e-01 2.990042415945775578e-01 4.361139956946994412e-01
8.102525061225742675e-01 9.402652599487341112e-01 7.740965936552727245e-01 7.069781566469913736e-01 6.929734322540828106e-01 9.128382033191735356e-01 1.004118425418921934e+00 9.127054152097895390e-01 7.960231358172925598e-01 8.751619336161907681e-01 9.424404575156566377e-01 8.343944328579008252e-01 9.048309519210803176e-01 9.426372856831023439e-01 8.585225972317824805e-01
3.997039394756177755e-01 7.839308272307404790e-01 7.836855690704130906e-01 6.109529561893022320e-01 3.331622220059836104e-01 4.688194629106630651e-01 5.427485577699052710e-01 6.445890376657955612e-01 5.890326478489510409e-01 5.483055196001980214e-01 6.300670009469243604e-01 3.507583635098462937e-01 5.129864046606622541e-01 4.931129879435275365e-01 6.888662678516345172e-01
2.108056149884664776e-01 3.469184588234500155e-01 1.945180870791978212e-01 2.287509217855971388e-01 4.046656030936621740e-01 1.253481109071809818e-01 2.158339376166274193e-01 2.719407858642765019e-01 2.746722994270175411e-01 2.995648142022838689e-02 3.696771606729140625e-01 1.789295857828180347e-01 2.587822654691225299e-01 2.440035285650555830e-01 1.723489749652502567e-01
7.863043897723742681e-01 8.354348309989999555e-01 7.851385201869234276e-01 7.755816951905110113e-01 6.672498936141613157e-01 9.612884861585097029e-01 1.015891118643283075e+00 8.290780526171142029e-01 6.652024449442095477e-01 8.983208381736645931e-01 8.977712188473997434e-01 8.972629752786397406e-01 8.055335509328894750e-01 9.187696001135604584e-01 8.297759674031119914e-01
4.240445533544297541e-01 1.745866642999695240e-01 2.616065884093553007e-01 2.207121103112397731e-01 3.409109373276882904e-01 4.423195543314821232e-01 4.019042213086091442e-01 4.017720225985451643e-01 1.929795519804430870e-01 4.808369446428006344e-01 3.462614508774757294e-01 5.416523515716784587e-01 3.791997560598876493e-01 6.061016639913527904e-01 3.470992448393688257e-01
5.924562673059864393e-01 7.713328340232807889e-01 8.498316456449771517e-01 7.878558589093003217e-01 7.147715067589828219e-01 5.713306943373457347e-01 6.100191038117838138e-01 6.785189065127974484e-01 7.840620878741622057e-01 6.847944800567978829e-01 7.956592158963636807e-01 4.526518357639486290e-01 6.338603701814716773e-01 4.747836185134116649e-01 7.839776194656624675e-01
3.283262202495464410e-01 5.711511335259128463e-01 6.473126150008555735e-01 5.985168140112638868e-01 4.746574665588484399e-01 4.860383863435187579e-01 3.775992793728829011e-01 3.755166632990389886e-01 5.611848765552488461e-01 5.331785194140988837e-01 3.405809267952704666e-01 2.943689259935222124e-01 4.958668405399678236e-01 2.685860883577781411e-01 4.201890392027820553e-01
1.972774569623469143e-01 3.831880585334806466e-01 1.613107733236803787e-01 2.151466673429639764e-01 2.097754245988882604e-01 1.306087666383051737e-01 1.189909492649114109e-01 2.180544723077383618e-01 2.536946747927648071e-01 2.119767316088826958e-01 5.220245733513741992e-01 1.306977274820152191e-01 3.024366132080448799e-01 1.558880344032213261e-01 1.237317180726498766e-01
7.890333053848570533e-01 5.100496463803763092e-01 5.588100961081708951e-01 6.445648410709891030e-01 7.868760946400531475e-01 7.300858737829930556e-01 6.733395084627105120e-01 6.830451603599105859e-01 7.628063660156798598e-01 6.244025720240846677e-01 8.056748483430526964e-01 8.084900883933774374e-01 7.654880103563816984e-01 6.696647071605957846e-01 4.875588672131550005e-01
7.936056934380588679e-01 5.782987725674337831e-01 4.481641610774347861e-01 6.145511498815526830e-01 8.151441133963930330e-01 6.705121695292556305e-01 6.245656118697744397e-01 6.104334333340095675e-01 6.498371400048055246e-01 5.570715977250505491e-01 5.689085400331364006e-01 7.803743589382253765e-01 6.768668918261370182e-01 5.985347884744189884e-01 5.041674279542338599e-01
7.039704781363880226e-01 6.103864811496501064e-01 5.239270777218094644e-01 6.105843022496250105e-01 8.694895855435852416e-01 7.168015120768710391e-01 6.313438673642551846e-01 5.938940909738863461e-01 6.251317624667290795e-01 6.173953134839943457e-01 6.015931223125106087e-01 6.498617876790067083e-01 6.583839747881633508e-01 6.579391565250836127e-01 6.018242405390779037e-01
6.352122703304505236e-02 7.824777925182067884e-03 -4.746491569925512938e-02 6.502451894365754437e-02 1.012284036346371846e-01 4.987703410036389839e-02 6.040268951918381646e-02 6.844253865974801732e-02 5.599734092563210530e-02 1.362012814810698719e-02 2.031098391074361575e-01 1.445599860465623387e-01 3.463044838902058775e-02 1.675553335311760761e-01 3.104784765077098219e-02
-5.181550422856904398e-02 -6.937192582104270699e-02 -1.921966422812429812e-02 3.891922644580960572e-02 1.207284878110277855e-02 -7.364132835293298041e-02 6.649553627461077254e-02 6.281014892644982972e-02 5.932477639474070114e-02 -3.525441620509294632e-02 -6.009180364566260590e-02 -3.859924454098526136e-02 -4.316960689578856758e-02 -7.372846062561727587e-02 6.400843293447723570e-02
4.555968000234847382e-01 4.487800712101063239e-01 3.734699896978273537e-01 5.134455424656805267e-01 5.881720452630723184e-01 2.495281661013581120e-01 2.393193759928706754e-01 3.715788409732976860e-01 4.601689702075742461e-01 3.197300250037661273e-01 4.491547103526411511e-01 3.075449814027409468e-01 3.436302916779767624e-01 2.374089516741990369e-01 3.460788709003908559e-01
3.021812066685588549e-01 3.235963685219246933e-01 1.901274395660738636e-01 2.579700819520812649e-01 2.887920932491355175e-01 1.165050964952708545e-01 1.792811459883572600e-01 2.778825560912861481e-01 3.003617866844721096e-01 9.282944233679296664e-02 4.477736742922034385e-01 1.084148432517619831e-01 3.132753563801085606e-01 2.218981778017439788e-01 1.245352250531412963e-01
3.436326517452972240e-01 5.015087566077838233e-01 6.959079098094155258e-01 5.589550540773402521e-01 3.906890569322078455e-01 4.895881514503400145e-01 4.491491372374073476e-01 3.998712902111561385e-01 5.466400692703697883e-01 4.907924087474597741e-01 3.577751644968608091e-01 2.885352514238953558e-01 3.959458884854285543e-01 2.363241824122727097e-01 5.199316880530649998e-01
8.551483486384634514e-01 6.502099095460136535e-01 5.492055322244823179e-01 8.056295827295503198e-01 8.753019048886503395e-01 7.387750488677227167e-01 5.664005764208477345e-01 6.763733482643257133e-01 7.491687422292965248e-01 7.453551360558523520e-01 8.323262206775066119e-01 8.560915408784488534e-01 6.698056104692704515e-01 7.143181832862256497e-01 4.891044341703887910e-01
4.107661349772968595e-01 6.828118383015426840e-01 7.198421567087539552e-01 4.793051774366001716e-01 3.857430033340841780e-01 4.402138483128677504e-01 5.696849823378385969e-01 6.624829973815580253e-01 5.502382498069557926e-01 4.714437190492754559e-01 6.243103501604113648e-01 3.585119723489541554e-01 5.158184036839466025e-01 4.323608159846326626e-01 5.983011971886044167e-01
-8.081969449325598909e-03 3.584589018104793468e-01 5.243837705420526518e-01 2.810749000707872258e-01 1.953171541244038967e-01 2.963700349646882781e-01 4.724558653389547835e-01 3.226832658730152681e-01 2.871662914866267569e-01 2.378685349385620262e-01 2.619717361420753621e-01 1.293688958282017409e-01 3.220830972601814723e-01 1.875810315173158105e-01 3.837194142050753820e-01
6.113093962416442650e-01 7.052502307125922965e-01 7.760083507883198672e-01 6.931461073633043979e-01 6.770262922404369776e-01 8.732692641615690254e-01 8.754023082654101007e-01 9.310275825963685303e-01 7.872079096987786295e-01 8.195968586326555227e-01 7.141012401776974938e-01 7.898651220142740570e-01 8.647651887480365396e-01 7.759571418385650121e-01 8.093131694422373013e-01
8.850190728020789210e-01 6.471324937861461235e-01 4.260596765599874991e-01 6.288030685100510775e-01 9.681861025592928272e-01 6.608537289369629253e-01 6.044367488957362866e-01 6.513869970319922098e-01 7.279832676893450705e-01 6.962792005430330500e-01 7.843805633083952289e-01 7.613331441706756575e-01 7.221726995515813652e-01 7.900514466586981976e-01 6.106760651100702209e-01
4.476624335530868803e-01 7.968889436731657616e-01 8.648730035188452181e-01 7.297482884948539583e-01 6.367350350462466224e-01 5.622919885073858204e-01 6.435341671918383133e-01 5.652754940900583946e-01 8.502196017597716260e-01 5.195873299548620095e-01 6.520918429468290922e-01 4.121982757345536985e-01 6.518552735562402889e-01 3.409886818479443971e-01 6.603267477598117052e-01
1.098572819860723193e+00 9.850962549284780767e-01 1.000848799197886940e+00 9.131383673626599640e-01 9.407605052127823164e-01 9.341360103723147512e-01 9.604119443485485963e-01 9.387794229584148775e-01 1.043485012599157935e+00 9.810325960517193300e-01 1.034032507144058588e+00 9.042940699340578092e-01 1.043557306851959243e+00 1.008030843878624072e+00 1.083651093966969459e+00
2.467697741768939135e-01 1.315123794550551173e-01 1.913437621146019674e-01 3.065269097434962786e-01 3.383037190761443713e-01 1.893068902395506625e-01 1.274612145276853292e-01 6.432997932190653856e-02 2.728723977320348659e-01 1.801083016197004560e-01 2.209695956011163975e-01 2.584792752953752881e-01 1.715483435626352637e-01 1.526117916895363136e-01 1.932220456047829271e-01
3.390756590806391357e-01 3.519165330668970193e-01 3.585187666861772704e-01 4.362496136895591126e-01 5.731743902483139586e-01 2.774902202694584652e-01 2.639883338482540420e-01 3.899671371270556630e-01 4.391755287010931652e-01 2.004893326520531538e-01 3.134100461495989420e-01 3.258748318803215138e-01 3.363087251813953737e-01 1.318070949646737433e-01 3.101368854572851830e-01
2.035594924492092894e-01 1.326537786396069785e-01 2.138605605207189730e-01 2.605976969993356041e-01 2.486712626452249331e-01 2.832416252739605733e-02 6.347503232873433210e-03 1.262203820572391777e-01 2.820377629227449612e-01 1.365249281760735345e-01 1.424961670909596356e-01 1.807270101803906959e-01 1.890639879786897848e-01 5.774943497338453496e-02 1.719184116773383730e-01
7.975040464110805249e-01 4.679910000706034023e-01 4.967789550946964394e-01 6.010505413834957844e-01 8.944239533867410774e-01 6.795478498216220853e-01 5.867851976040261430e-01 6.138339720677772338e-01 6.995152209115068631e-01 5.049726351233980726e-01 6.349946829508671398e-01 6.978679599729455951e-01 7.290281667562744650e-01 5.720064258038760618e-01 5.360113396281490639e-01
3.083841138129833070e-01 1.026311212110538607e-01 3.064112110240028164e-01 3.827373225862628625e-01 3.594119011995204893e-01 1.310030471665973584e-01 3.793346966138977372e-03 1.907533979500496135e-01 2.928753215287366873e-01 2.508818711157801973e-01 2.897372049765554181e-01 2.657664097005026371e-01 1.184486642617375990e-01 1.495441904323411009e-01 2.361030307590928912e-01
4.419865975831399063e-01 5.726692093384116999e-01 7.207634043642131561e-01 5.961168186403622560e-01 4.479346464369400316e-01 5.586919476904540494e-01 4.774350981905753355e-01 5.134671375293503592e-01 5.883623578277450417e-01 5.768945756995264018e-01 4.618472396780616829e-01 4.505667201854164361e-01 4.870408659270264451e-01 3.879000935144554241e-01 5.362146164891633537e-01
4.103749066414560387e-01 4.224686378724484825e-01 3.107406390986289790e-01 4.828299192478776591e-01 4.364843801525914446e-01 3.023321640676145394e-01 1.052293600905689491e-01 3.738250078113863895e-01 5.562755327290326290e-01 3.039428626464739103e-01 3.316478749061168574e-01 2.594327666134988997e-01 4.606051640110251921e-01 1.441148820222699634e-01 2.171468319734937702e-01
4.044656207080655763e-01 5.336774606769826290e-01 7.121686040258186079e-01 4.611666779554985940e-01 3.693920269354770691e-01 3.804575708325056427e-01 4.335771899269713625e-01 5.078037541376174691e-01 6.008650692248121983e-01 4.449176452875615584e-01 3.186192741526059913e-01 3.176948338155561324e-01 5.634197191975252039e-01 3.479834645577171148e-01 5.254777824364968986e-01
5.726645191958678049e-01 5.089359386759946258e-01 5.799085725165469274e-01 4.509289252422629124e-01 3.987773176324536095e-01 7.370693418567497712e-01 6.792899022912730622e-01 6.746680912048728107e-01 5.067871803794260499e-01 7.150858323633466629e-01 4.795357270440702147e-01 7.160184850406047241e-01 6.251587968472440693e-01 7.037262342654426739e-01 6.835701712530998231e-01
