8.619418932978895054e-01 7.660211596579810100e-01 7.991398854877210800e-01 8.953600560256570473e-01 7.384837831481783077e-01
1.296495941457909695e-01 2.363987614454601260e-01 1.464755002181701293e-01 1.011982467203409036e-01 2.225770233864211023e-01
5.905072932042875200e-01 6.140216691480580025e-01 3.784248271527504981e-01 6.949043552421937386e-01 3.669681583468573094e-01
1.181832840091585762e-01 1.927012757722052216e-01 8.574069734963149503e-02 8.946063521410550778e-02 1.784276227009927440e-01
9.091364583913381647e-01 8.239500063712328348e-01 8.683411772451035127e-01 9.151751441930219277e-01 8.162554651198694611e-01
5.779871174549811030e-01 6.209753075102751874e-01 8.118197760575157629e-01 4.438084650437273404e-01 8.319272674107431875e-01
1.078579109310172784e-01 1.781746764180562326e-01 1.498306162610994752e-01 9.175460345245550764e-02 1.920644715263132019e-01
4.110537741497186648e-01 3.810013719838100665e-01 6.104415566669862958e-01 2.939069211321877484e-01 5.781968414429168313e-01
3.960330712295666578e-01 3.588423156628893773e-01 2.474169463239292432e-01 5.370265152991614555e-01 1.365246381434417344e-01
8.829587170555451836e-01 9.237622775173613965e-01 9.406284118878330824e-01 9.680574420258922785e-01 9.437859622204398669e-01
3.399930109943138240e-02 -2.043891022185414727e-02 -8.870386302277846052e-03 4.007733486792384482e-03 1.085219847574925940e-03
5.070257207782123965e-01 5.715862615800569868e-01 7.290024714752659785e-01 4.083674433956362426e-01 7.510134900978329142e-01
5.884003235119532604e-01 6.653843373834728014e-01 8.056861723394074248e-01 4.629683708260184938e-01 9.038540421589376095e-01
4.574668625209594719e-01 4.508425956087034336e-01 6.785668680512040307e-01 3.746660533284936201e-01 6.628375818183644963e-01
8.135209436617990564e-01 7.373842849544672839e-01 8.250791391096425897e-01 8.759047503750395647e-01 7.563933304191656770e-01
4.221872516013187027e-01 3.443683935217549119e-01 1.653292420470789947e-01 5.739727397691809507e-01 1.215481443737231326e-01
4.653252069779379441e-01 4.231780303594174231e-01 6.558673758135999954e-01 3.896984458652029137e-01 6.545525980549915523e-01
8.087101827036043966e-01 7.654180038040409029e-01 8.060337586812482691e-01 8.813248476988129188e-01 7.373670441756331462e-01
4.986980455622813668e-01 5.198245560722334346e-01 3.434158302716299183e-01 6.482087564222532849e-01 3.383459706809654466e-01
4.577994627363379809e-01 5.740241412426830836e-01 7.276469477881686299e-01 3.963296725615431670e-01 7.569551482206431370e-01
5.128391237969039951e-01 5.561718290152019017e-01 7.246230165164957437e-01 4.143975909258045820e-01 7.702219645188584929e-01
6.280430323854817587e-01 6.432551078062347383e-01 7.545965620068001423e-01 4.732219359916863266e-01 8.718915817117720568e-01
8.175343341665766150e-01 7.594339288778477748e-01 7.976537104289530555e-01 8.158177209368328020e-01 7.425086365093765961e-01
9.874515531848245820e-01 1.010997048030690681e+00 1.018992477242315120e+00 9.985328573374361305e-01 9.778031142957561705e-01
3.920226145470140922e-01 3.480433698843938273e-01 2.301677237364460338e-01 5.699324270582475371e-01 1.653895131335191837e-01
1.162263925976452783e-01 8.956917967216508625e-02 5.544407498772391946e-02 3.851974001879704401e-02 4.456775172348933362e-02
7.880123093079607344e-01 7.632281680702178717e-01 8.056891123370361063e-01 8.605618382539869105e-01 7.524513900358482665e-01
5.043419599045867452e-01 5.804787504531779829e-01 7.351969314049977555e-01 4.310200739320018681e-01 7.636740091704424804e-01
1.090936831497343537e-02 -2.562203437662424754e-02 7.117805478031022370e-03 3.677252960142286115e-02 -2.501478661350314131e-02
4.749371523343954848e-01 6.022424951214742084e-01 7.360341202617705081e-01 4.178030620805053275e-01 8.016974089516462065e-01
9.054809419842173579e-01 8.080565174208669266e-01 8.564355438936420706e-01 8.824481155164163315e-01 7.845762648884965218e-01
5.904983475284610872e-01 6.207337835927756453e-01 4.021253467917417224e-01 6.727047478905874289e-01 4.436235140502012841e-01
4.909497602982703657e-01 5.667211367243585318e-01 3.442742408345429439e-01 6.578271588393338476e-01 3.322974140567910295e-01
5.230855512902027327e-01 5.824161441214344981e-01 7.514587964036052448e-01 3.992470013325805089e-01 8.051096520814117197e-01
5.129683937275806294e-01 5.557204536883023627e-01 3.452922529084149206e-01 6.334142812777487919e-01 3.648441400081208763e-01
8.083424261062420735e-01 7.543908002441293004e-01 8.278889065953605186e-01 8.885185999136203661e-01 7.688921828450584472e-01
8.285000367789268072e-01 7.264354139424309409e-01 7.939858580638646801e-01 8.501560716991707345e-01 7.502456860743031974e-01
4.044478095712612520e-01 3.475194233648233322e-01 2.316790776967785626e-01 5.409731647493415396e-01 1.430967295294181263e-01
5.792230626424106354e-01 5.515656539884098430e-01 4.773277874813717792e-01 6.690232253006398455e-01 3.761121443200536318e-01
3.867513329350171225e-01 3.641100575336842504e-01 5.937649566733215201e-01 2.966328374976059390e-01 6.397777029430464779e-01
5.024117564541239478e-01 5.426794090532885972e-01 3.324307811035879801e-01 6.383238692411283832e-01 3.286246847330687726e-01
5.279139755938736522e-01 5.413528445796397248e-01 3.481407928011829855e-01 6.457241966538480593e-01 3.237215353863940326e-01
8.933187013439458299e-03 -5.626055665132982143e-03 -9.172918454603809849e-03 1.162328165141992067e-02 -3.312063130635859581e-02
9.150503880846818650e-01 9.099058609280481491e-01 9.039354296531233457e-01 9.726281209518091719e-01 8.997116210290677651e-01
1.606908972934002755e-01 2.375885959654313595e-01 2.336895516933243933e-01 1.080620303446826747e-01 2.521134981034197087e-01
5.793616102388342570e-01 5.686949514633314884e-01 4.052484661856218251e-01 6.622847257934370013e-01 3.562530712189712068e-01
4.700635878694960912e-01 4.177942598755955417e-01 2.984461287135951046e-01 6.285694418713207998e-01 2.158946365729776384e-01
-2.280054369337670907e-04 1.949007236828524670e-02 2.930224346305689009e-02 -6.584059396935058352e-03 1.195902535243709326e-02
5.099482776900426950e-01 5.611619369791542855e-01 7.150000947390803274e-01 3.933608188030909836e-01 7.650179849334126647e-01
7.015461328741763591e-02 6.275395480667617099e-02 8.616697098659309439e-02 6.376245276179165478e-02 8.654529070782013278e-02
7.824675670299925390e-01 7.096490608617013196e-01 8.258062666919631090e-01 8.850045984885137607e-01 7.894920513755632197e-01
4.966535606419357762e-01 4.519642042493771106e-01 6.590946783973324896e-01 3.606749803729105142e-01 6.948775285274065849e-01
1.023125082185705859e+00 1.000952117163086186e+00 9.749003489239093101e-01 1.004993978859946901e+00 1.018220079588208149e+00
8.033123092095837414e-01 7.248733330869496783e-01 8.102467531268252587e-01 8.569491840069890509e-01 7.146405470692930306e-01
4.926803292945146628e-01 5.829944824757894439e-01 7.290960692440445756e-01 4.296800109136111323e-01 7.757848844395072163e-01
6.027384619183250303e-01 5.889865137609996415e-01 4.198734237986821993e-01 7.185617279788064637e-01 3.837584359732330030e-01
1.044890095002510844e+00 9.782959864981896070e-01 9.954429919588283493e-01 1.014317844839994764e+00 9.899850233951584810e-01
4.038973295077109560e-01 3.801900498916183646e-01 1.923645944801371244e-01 5.302004276460055010e-01 1.454423330087216693e-01
8.752356071139984206e-02 1.727189221574741418e-01 1.567107924941000263e-01 7.630204563855655375e-02 1.668349928131195037e-01
4.860129742010532161e-01 4.027035218855141152e-01 6.491108920076167355e-01 3.679134142241286543e-01 6.532211945623986882e-01
8.347395486021055300e-01 7.367874431467020813e-01 7.853375652709587706e-01 8.679047732763233158e-01 7.824283601798328602e-01
1.007111219289433368e+00 9.619102154027892038e-01 1.028545416976823779e+00 1.029161624917663831e+00 1.017271368732566517e+00
5.201295924620741307e-01 5.789274608957430956e-01 7.419046463400534863e-01 3.972140380043986396e-01 7.972948121898403295e-01
4.799795574635606354e-01 4.743291630801954040e-01 7.040372180086794662e-01 3.950176415844476319e-01 6.574439730048732278e-01
8.288958784732881613e-01 7.366923310894398780e-01 7.999707283978427785e-01 8.469462895028599947e-01 7.546341113356105357e-01
1.449631028280472522e-01 2.599803758378104734e-01 2.121904953945988048e-01 1.798761899270167330e-01 2.379074344357787474e-01
4.894135055472979556e-01 4.210001056627099003e-01 2.978970605125280113e-01 5.989653173870471692e-01 1.856943763512368395e-01
5.050120713850282383e-01 4.119695059044532481e-01 2.655476167211593408e-01 6.192577569137266424e-01 2.149126735039739722e-01
5.081574699874559231e-01 5.558931390748552692e-01 3.338955847286102507e-01 6.502934789550370853e-01 3.537102835829902814e-01
3.813745686568569826e-01 3.976702982093258121e-01 1.979392236266152572e-01 5.518873829735834180e-01 1.538993143124491036e-01
5.242848621927426178e-01 5.558975651620489122e-01 3.504539758756182177e-01 6.224833743546527298e-01 3.356641900081953067e-01
8.727994442042571466e-01 7.716683309781801059e-01 7.900072711172317907e-01 8.368032007057436550e-01 7.427870152793014658e-01
4.227189966821198186e-01 4.100098592466170921e-01 5.839687838364417960e-01 2.866205154609208772e-01 5.595572591406706708e-01
5.952961142287808149e-01 6.761420652949245991e-01 7.864196052230096878e-01 4.633725105677731215e-01 8.744535899608588680e-01
5.424269378412616138e-01 6.204696773018993916e-01 7.829629451874492441e-01 5.104113623883475004e-01 8.720677293553403819e-01
5.041270708722946914e-01 4.481478489734766479e-01 3.211083194337194247e-01 6.012121575105043858e-01 1.889621713483494170e-01
3.894704561182729119e-01 3.971819772361318557e-01 5.963378620307571154e-01 3.174927102469179419e-01 6.545326630379647570e-01
6.294567714765028077e-01 6.503965067682940804e-01 7.828579315431375418e-01 4.527970565397909652e-01 8.844024784493208502e-01
5.326659365776748034e-01 5.129681178603491265e-01 3.235490131807839398e-01 6.183355291346485094e-01 3.466783663264718651e-01
3.924628443850712300e-01 3.781931236587336431e-01 6.070085706440733198e-01 3.184507981294581458e-01 6.166038934238323721e-01
4.113947461183256604e-01 3.590498261630935550e-01 1.745985604614357645e-01 5.499513499737691546e-01 1.775778465547050988e-01
8.909283370653043876e-01 8.140590093807775762e-01 8.729850812998252163e-01 9.115097067622064397e-01 8.431552740498816645e-01
5.929949436857473444e-01 6.142829254222449409e-01 4.250908349840596401e-01 6.854963645832178321e-01 4.169031914211836498e-01
1.634581606320683334e-01 2.667067002393857522e-01 1.959493489536921484e-01 1.544406669819056166e-01 2.312552861754260669e-01
1.575809159549999006e-01 2.935807172337233650e-01 1.918063254755035529e-01 1.786673135151772285e-01 2.270931407380019917e-01
8.233141627957478725e-01 7.499980035596793826e-01 8.139611311734468169e-01 8.663273786756059414e-01 7.726265530117125691e-01
5.966602289983955476e-01 6.187457376858207514e-01 4.228779762883067561e-01 7.005265350325813323e-01 3.757041507941104030e-01
8.371936865914650361e-02 1.088753531610414105e-01 5.263767516989744516e-02 3.388197406401921574e-02 7.749466208462421624e-02
5.819130009986656082e-01 6.424510300625230208e-01 8.138091122377895115e-01 4.594065100865047935e-01 8.569276992167241813e-01
4.972752257578612611e-01 4.215768717980604152e-01 2.705519646224737174e-01 6.191221193562922442e-01 2.272172199746582688e-01
7.879874219328013574e-01 7.672283223816271924e-01 8.149600722723885360e-01 8.639866524304510298e-01 7.372554035106745340e-01
7.972397608676000391e-02 4.261536607672341409e-02 7.013074671761657108e-02 7.491823293250066129e-02 5.286826025510751176e-02
1.118043391469711184e-01 2.230529670081681237e-01 1.125202803842170196e-01 1.263615259429010373e-01 1.526545628416342837e-01
5.842739094555265966e-01 6.561575476129091200e-01 7.787461254323081450e-01 4.813283395204612791e-01 8.768547667082511321e-01
9.883087946616043729e-01 9.995745257391925875e-01 1.031470682056582877e+00 9.780517144336737800e-01 9.881959398168627118e-01
3.935847668790672937e-01 3.527021735798477886e-01 1.813714229433346647e-01 5.555172188716994697e-01 1.358043432960396035e-01
5.329406675509883451e-01 4.084736480942393055e-01 2.931918835857877936e-01 5.973129430555473851e-01 2.212058702344804617e-01
3.913382702931902379e-01 4.103589918207147247e-01 5.887874414593733396e-01 2.853279220753174861e-01 6.045722288969531677e-01
1.956571373636095956e-01 2.498671081888802492e-01 2.269416092477858915e-01 1.702193402684085421e-01 2.478444186151277373e-01
5.080674134243212681e-01 5.643447660064765392e-01 6.700484672539814834e-01 3.744768157466713543e-01 7.725419184021151686e-01
