7.435263548705560721e-01 8.611244127330461851e-01 8.370785416904941156e-01 7.133070647989732116e-01 4.847437591113144539e-01 5.065076285548659740e-01 7.149693525063006705e-01 4.308614194806354991e-01 7.255755524486338093e-01 5.543970504262267784e-01 4.032786920377129936e-01 6.801150894620563436e-01 6.440159031049790261e-01 9.212749189580731191e-01 3.131660470798905416e-01
9.153963147976262871e-01 1.052879109747768105e+00 9.599697172842489579e-01 9.868418337470954427e-01 9.288857822145704102e-01 1.024524314232807987e+00 1.010484284092284080e+00 9.562801809538116204e-01 9.182154458684804732e-01 1.036057018052212841e+00 9.486455399119577692e-01 1.014710764575908364e+00 1.060012726249697002e+00 1.000537969142726746e+00 1.019532811712864140e+00
2.043441117877354829e-01 7.062775354175646059e-02 1.625616907053590854e-01 3.277961009561051187e-01 4.557512165589773234e-01 2.934305319221466868e-01 2.014680446821279780e-01 4.446362406473853834e-01 1.634332024710229703e-01 3.311466226229446419e-01 6.246290715719704512e-01 3.067036234290207997e-01 1.563551295836188015e-01 1.362784944885345739e-01 5.498645703077087443e-01
6.672329366748744883e-01 8.119202097044599942e-01 7.822065334680474713e-01 5.291082814544475488e-01 4.794653233938260817e-01 5.981496602432608833e-01 6.604724678895715906e-01 4.830087190378373196e-01 7.156344840673622976e-01 7.094237968637441272e-01 4.095871471857839285e-01 5.715420271599302993e-01 6.479674782136675137e-01 8.941268777826993919e-01 4.153394381944567337e-01
4.424855835760110878e-01 4.649273543378197870e-01 3.631399247141381403e-01 1.442789361427219696e-01 6.476275473197667942e-01 5.005164163131556876e-01 3.960956882744194885e-01 6.153244977971336072e-01 1.819211893343095632e-01 6.807121697362057411e-01 7.402399742475395117e-01 6.917925981543185943e-01 4.577898750851538412e-01 7.155268653842797866e-01 4.580903288121165873e-01
3.621803748957431734e-01 3.044732867962864908e-01 1.623841106206988516e-01 -7.517717611884215667e-02 3.261060377229476059e-01 1.917764902230251201e-01 2.530259825741833501e-01 8.546945121770277431e-02 2.332238666505367930e-01 3.529837739807165642e-01 2.203925075341493511e-01 4.655463726004842040e-01 4.301058999126948779e-01 5.093945626804118332e-01 2.495752624624065219e-01
6.864939427336416156e-01 6.787192047347626600e-01 8.838580471588703968e-01 9.725096310118283016e-01 7.599758153313852516e-01 8.455253558934521241e-01 8.279106886980645008e-01 9.319827814250181142e-01 7.939072880899232798e-01 6.032987559510316622e-01 7.393175353600512922e-01 6.270300064871724421e-01 7.094978404851034481e-01 4.772235523486156872e-01 8.977215746552968945e-01
2.960397121066467296e-02 4.797887073692880949e-02 -3.539653428977744543e-02 7.190674321099094213e-02 1.140380364915127565e-01 6.086246440936348562e-02 4.259948747398677182e-02 -5.212489348424937524e-02 1.940726050570591166e-01 -5.803088151559471219e-02 2.401028380617321184e-02 4.473931869389986132e-02 1.058385245277552733e-01 -3.748911222154562711e-03 1.240421486618217550e-01
5.028808167432721188e-01 6.339075846844826057e-01 6.725688912365118677e-01 6.317617472771079878e-01 3.392797242472024299e-01 4.023265623332538121e-01 5.993816229460607881e-01 4.780654043537593822e-01 6.361509114232853923e-01 2.103648667507625469e-01 2.144308566745429800e-01 2.768673312397773589e-01 4.647033990079283972e-01 3.082584141600935301e-01 3.313317976341019211e-01
2.706875295773796819e-01 1.299861598734892154e-01 2.404544147126825016e-01 2.946883007606611038e-01 5.334443125363350635e-01 4.762169938331513586e-01 2.970670669802936148e-01 5.380081846617742469e-01 3.658365264922102678e-01 3.867456933761884152e-01 5.762279346961040050e-01 2.799604621350715306e-01 2.914296705832460921e-01 1.759764602703753900e-01 6.695560096843706788e-01
1.456017533505539752e-01 1.305226160780434963e-01 2.987153114511748586e-01 3.696711844407933323e-01 5.060494188122290904e-01 3.944856279558885959e-01 4.536862949998898831e-01 5.973119579139239965e-01 2.993724070241117197e-01 4.683334297623747422e-01 5.932209032505876278e-01 4.180709924576829772e-01 3.576664765822986092e-01 1.269712227800723348e-01 6.045213908436033456e-01
8.821691751673733650e-01 9.410615607395657056e-01 8.740496181606099979e-01 5.818074340112031617e-01 4.854526776923033804e-01 5.629773073809939410e-01 7.203065866681743756e-01 4.220913069507891136e-01 9.524334992024745539e-01 6.069134540041508652e-01 4.156749654322294263e-01 6.494717215289057544e-01 7.543854441828100610e-01 8.846348215573986984e-01 4.948908113878435766e-01
2.615128242224747379e-01 3.639130073922564601e-01 1.610798210220954763e-01 -3.426393240857225631e-02 2.385395543290966536e-01 1.653181320932534115e-01 9.753473005187421330e-02 4.447266332095881070e-02 2.412907589361153182e-02 2.578141222931161769e-01 1.352286267487770033e-01 4.367443376296710755e-01 2.806371734922400996e-01 4.303414957105007321e-01 -5.624469555342882787e-04
9.875014182598303991e-01 9.555788606707017463e-01 9.553362757019594476e-01 8.471931253757379876e-01 9.320646931398975932e-01 1.011400846949826349e+00 9.165054054831631714e-01 8.840660688106117826e-01 7.980725065054463663e-01 8.996910581850073862e-01 9.293449281291451536e-01 9.618091280831498890e-01 8.791090664016768530e-01 1.009337258763111089e+00 7.943344298006242976e-01
8.994594931425569095e-01 9.132443251816731999e-01 7.453439160064236901e-01 6.398863366164274646e-01 5.770631678119177987e-01 5.855221408668337402e-01 8.239643943896730605e-01 5.680324322787487779e-01 8.714815134428082199e-01 6.765213681558426284e-01 4.390589760061319735e-01 7.196711425663324668e-01 7.514441808666155742e-01 8.435113136059149141e-01 4.875720993184973207e-01
8.286855832168900093e-01 9.411742473281716759e-01 7.604048089724902981e-01 8.066719218089181132e-01 5.837673250006377712e-01 6.651989899784058746e-01 8.290249242202654134e-01 4.649061999572117188e-01 8.081996074422483911e-01 6.706299520100700295e-01 4.961009162571171638e-01 7.286411041078800777e-01 7.358862732754688496e-01 8.429209796408984046e-01 4.957834563112636372e-01
7.717548998491995382e-01 5.923316809124626880e-01 8.870776874614438867e-01 1.099165808232526631e+00 8.077218315340287669e-01 8.866001040063610228e-01 8.421292932562642886e-01 9.787796881938490845e-01 1.036321744578307058e+00 7.571110230754042325e-01 7.464820446412432364e-01 5.880494281118825439e-01 6.998444259303910897e-01 4.320807267697802656e-01 9.593323052079394397e-01
1.999752465662210377e-01 4.233560710541025562e-01 1.621823117910149992e-01 1.602193622698221132e-02 2.351979056179599181e-01 1.690681716385271649e-01 3.098812071261074219e-02 4.213443469526451102e-02 9.900716982493756868e-03 3.485466764187213906e-01 1.067516371502768846e-01 3.779033326564272821e-01 1.097884832127327404e-01 5.089294405288743439e-01 -4.346713280294499382e-02
7.817129150604744670e-01 9.028186032599535560e-01 8.238941624796287666e-01 6.867255400655851716e-01 4.660047143977897321e-01 5.888323051039006106e-01 6.701395918691656073e-01 4.733896506570456908e-01 7.047517139734805758e-01 6.285116141797452149e-01 2.971454526993821954e-01 7.664567379387190460e-01 7.699572287708751350e-01 8.219651582861101646e-01 3.290877255984236971e-01
4.435547223925462856e-01 4.582163682645331582e-01 3.163328898841071268e-01 3.109194786842039426e-01 7.747295708735488784e-01 6.012847687452522738e-01 3.557968759364770195e-01 6.187233673378880194e-01 3.082702103858877551e-01 6.922898199836849953e-01 8.083691511615048730e-01 6.488191867107551136e-01 5.310726000866169416e-01 7.042778961262922133e-01 6.198671048221204849e-01
4.305766546145481932e-01 4.880712995145853883e-01 2.874374199692109610e-01 3.857313670645222681e-01 7.160582133774338054e-01 5.577530694791698052e-01 3.693187563426292841e-01 6.373584835447068109e-01 3.634992549697850794e-01 7.299165077057918616e-01 8.048209194763705776e-01 7.617002451988813538e-01 6.459722007126663668e-01 6.859482636678353451e-01 6.967080272525825180e-01
8.870226357763076608e-02 2.240799046344600642e-02 1.305898931623650228e-01 7.065625817768325656e-02 8.144646016017531576e-02 8.830313707178369387e-02 1.868580757795347824e-01 4.648537165001940391e-02 2.517047791820441471e-01 3.369444507075713101e-03 8.749562746189108731e-02 -1.650603335984264508e-02 7.569451790998465990e-02 1.234939000925306118e-01 2.329036373953030092e-01
2.667034673621571650e-01 4.208637573525592090e-01 1.418335133420325911e-01 9.858335524117463333e-02 2.438305947994791611e-01 2.318495166523547313e-01 1.845605316473456492e-01 6.129567730218933586e-02 1.851287367128746641e-01 3.580564599343759591e-01 3.201026231682221335e-01 4.603718739397341664e-01 3.143231196797925397e-01 5.473412367443685200e-01 1.232960299085310851e-01
6.132443323953135073e-01 5.674905249631631010e-01 7.104463560528031518e-01 6.444456271175050821e-01 3.528264472921646133e-01 4.996073586940104061e-01 7.026299449795777585e-01 3.421907644748558019e-01 7.750083727188372684e-01 2.095876340909945956e-01 2.288224623825358128e-01 2.477168778165223795e-01 4.126916659667483889e-01 2.623412418500057353e-01 4.781206720674474053e-01
5.252184428625557011e-01 5.146202596459750200e-01 3.512742032676495763e-01 2.475618114911846135e-01 7.397157312872090218e-01 6.218256762824546646e-01 2.754985353199913001e-01 5.538874504280151267e-01 1.730978773220557265e-01 6.063830879891146663e-01 7.492043633653118206e-01 7.283260316522279787e-01 4.498055542756096981e-01 6.996952729128591564e-01 4.712890480060453191e-01
7.134437126887377412e-01 6.538913842498473850e-01 8.549271162889591213e-01 9.523420063767220611e-01 7.444708813621351284e-01 6.760495523746318236e-01 7.541305176864320226e-01 8.678380010353604623e-01 8.024982840694743214e-01 7.364678913936648641e-01 7.323248686209855585e-01 5.183216567614352677e-01 6.054209263298658827e-01 4.458244946428896460e-01 9.074162419128914969e-01
8.199374159041505905e-01 9.119769571306539646e-01 9.219896569133333442e-01 7.626941679706901178e-01 5.822087720533335453e-01 7.584623973081734416e-01 6.981801756382113311e-01 4.664391873361038443e-01 8.696292912414292919e-01 5.480783208642486803e-01 4.336481174266846872e-01 7.130234280854941264e-01 7.285209031464610074e-01 8.673948256259947920e-01 4.931132997860227518e-01
1.435954444777865491e-01 -1.309861866950035557e-02 9.511341438448638053e-02 4.038923612737922025e-02 1.565523534655813287e-02 1.228618612431665869e-01 1.558729293909422164e-01 1.123283077464553303e-01 4.889638290555545219e-02 -7.501121286142999056e-02 6.814096353130327799e-02 -7.725637420144376710e-02 2.958374116826435751e-02 -4.696339198905848805e-02 1.154173767923839938e-01
6.548291858884700556e-01 5.381286397969691215e-01 6.854128947219104706e-01 6.455318683561814819e-01 3.035182970771155841e-01 4.921788237711857139e-01 6.577436071654606531e-01 4.547479315175281811e-01 8.129168780375206627e-01 2.926511904354400784e-01 2.296176113584617873e-01 3.279807683651248529e-01 4.008591786807421120e-01 3.647818132182203410e-01 4.953172460279459122e-01
2.608779466853669016e-01 -3.846989099920801458e-02 2.568695935393476848e-01 2.913027422895009266e-01 4.967942158446075895e-01 4.379089099908652916e-01 3.591825679445719843e-01 6.035112267687324783e-01 3.315636344718265183e-01 4.473044394675027013e-01 7.088453087449746448e-01 3.600045927899074294e-01 3.557488608603635027e-01 1.684905142566517910e-01 6.035595617465789875e-01
1.949977531143533283e-01 -3.003794639767812941e-02 1.189846085244410101e-01 6.672172323451365517e-02 1.695990780703676704e-01 1.749251974059183312e-01 1.587416103049533456e-01 -3.369552189468343756e-02 1.854898175145758554e-01 2.202706673896911993e-02 3.728933591333773861e-02 6.689656094444536294e-02 1.629662384692716348e-01 9.211916710797901642e-02 1.654488361160169896e-01
5.412719455540337954e-01 4.565039762273116475e-01 3.538531464464028664e-01 3.603111739435477801e-01 7.827921084270206276e-01 6.859987836609733325e-01 4.721736615326939668e-01 5.843445832116584970e-01 2.443955582835831697e-01 7.395456068699290952e-01 7.944669658379659438e-01 7.395050071723967555e-01 5.000407362176935155e-01 7.461862277887258976e-01 6.521302589702042685e-01
2.240546821737761096e-01 1.157347454265149483e-01 2.345215602147183165e-01 3.676140969016139515e-01 5.082227926623308356e-01 3.529313595562978412e-01 1.757308742417476866e-01 4.762264185705545882e-01 1.272411586301636643e-01 4.497406648495460568e-01 5.786556557801493250e-01 2.949740639817017840e-01 2.280162258719423407e-01 1.395968640855296816e-01 4.021352809295443143e-01
7.892673292282342823e-01 5.738872367572541711e-01 7.041089054390332613e-01 9.024321365722007826e-01 6.862827350872712229e-01 7.496990324028549590e-01 8.268861594699246087e-01 9.219197220369731438e-01 8.293385209812240699e-01 6.652979701053933770e-01 8.029162420222174523e-01 5.364180848360374787e-01 6.608442059460566398e-01 4.862842606662329814e-01 8.700290123811751375e-01
6.067034740713089791e-01 4.815970967449507700e-01 5.835890890936465958e-01 7.765173699805205665e-01 2.880731957797986187e-01 5.012458468698250957e-01 7.657593151845935031e-01 4.203006985238896265e-01 8.952727445730497280e-01 3.163079567145861692e-01 3.232211916727097956e-01 3.069552361426814424e-01 4.532275054250873847e-01 3.899783301615872277e-01 5.464359378837035930e-01
6.134996495421907170e-01 9.054700022949856431e-01 7.991468241780400605e-01 6.625566426280569132e-01 4.703082333853115249e-01 4.397889593351415050e-01 6.607243443597042853e-01 4.382527715804381274e-01 6.563596893750025529e-01 6.386545270194867729e-01 4.069300644582263260e-01 7.345736905075413992e-01 5.558925227874599306e-01 8.788900370524813654e-01 3.647267194362772691e-01
8.968201042061241246e-01 9.104389806068429181e-01 8.939041792418845889e-01 6.617144503518309628e-01 5.770671852333973950e-01 6.333904201101950848e-01 9.217492363698105429e-01 4.351446078609957357e-01 8.222635147291226243e-01 5.742783690726347423e-01 3.638055167054332628e-01 6.534405511132375111e-01 7.796109926347120078e-01 8.369068394206398143e-01 5.188431304640302999e-01
6.220837869563200506e-01 5.731761099025870498e-01 6.712240751464080279e-01 6.893156592825712137e-01 4.205446077189225473e-01 4.183296657986265155e-01 7.185143340937968359e-01 4.037601470798802272e-01 8.774248511992138733e-01 3.379167727887845141e-01 2.734927696464805047e-01 2.558687037327854186e-01 4.975284265427067365e-01 3.810850403798979324e-01 4.234702457962080668e-01
8.639278955618634459e-01 6.975418674881987968e-01 9.056296775457238768e-01 9.781598285756539779e-01 7.498927472264256266e-01 8.570990309948335328e-01 8.436010044083652737e-01 9.162077709211114973e-01 9.937443437972980353e-01 7.247141779594532540e-01 8.790418235820924853e-01 6.320069609151364176e-01 7.621396461807363742e-01 4.087078827139589698e-01 8.920111858263222171e-01
8.714234549797059692e-01 9.417098561790049338e-01 8.721381265276941797e-01 7.679692095042689459e-01 5.507072745111114553e-01 6.262795371341264294e-01 8.757111094765708259e-01 4.919586492546327849e-01 8.403873715126208843e-01 5.930670050175091967e-01 4.836144078732711460e-01 7.211334525181719579e-01 7.981844173048050495e-01 8.225369931038184479e-01 5.850382767731590050e-01
5.702367027177215331e-01 5.018819228617525940e-01 6.599640569081096642e-01 7.351403253762405221e-01 3.739238941305251807e-01 5.240219241183728949e-01 7.664338071578080669e-01 3.934028626725476485e-01 8.433374868408407554e-01 2.792818622325577982e-01 2.380514803081230646e-01 3.667376686994964219e-01 3.820568656815372943e-01 3.661572771416646832e-01 4.763466786886491056e-01
6.782191265129214885e-01 6.270497757635530300e-01 8.857679143811035827e-01 8.750243291566052184e-01 7.855603486428301974e-01 7.251869255737044551e-01 7.577238232863428014e-01 9.020154842936688455e-01 8.518933461638309446e-01 6.835241365491994125e-01 7.588009789453843412e-01 6.303812525739279637e-01 6.607265039077359070e-01 4.765601860593917660e-01 8.013444195981715978e-01
2.394854991756399099e-01 1.838139408220258730e-01 2.860964142273795252e-01 4.001820592511905472e-01 4.229683380405583337e-01 3.747733065715975198e-01 2.796215804648675141e-01 5.394632561469435705e-01 3.477811098831447012e-01 3.724936894071959603e-01 6.662325706657139524e-01 2.485812748587542531e-01 2.998445935813726093e-01 1.897770215151936279e-01 6.270985659712866589e-01
6.428322313526324550e-01 5.968457516282564823e-01 8.093042960985646905e-01 9.264472368604395047e-01 7.436181718722703060e-01 8.161019782290287461e-01 6.796006788778268248e-01 8.165491575322647577e-01 6.710021646641458615e-01 6.876339808479644544e-01 8.813291049932758803e-01 5.704768725546109920e-01 6.980554203900296573e-01 5.348315219662740372e-01 7.513717584862277254e-01
7.987856605444122460e-01 5.609554047788156694e-01 8.434434159603424463e-01 9.801424685300088591e-01 8.820321792465584121e-01 8.992777606157291714e-01 9.141951882249711447e-01 9.151454660706183075e-01 1.069427817165759187e+00 6.936087756878345223e-01 9.170472051100174715e-01 5.707536500458135764e-01 7.621016214060998273e-01 5.051123582822393265e-01 1.025614521206960950e+00
2.464683797358034334e-01 3.329533599464350457e-01 1.603537759343869884e-01 -2.424883608314022665e-02 2.169248829147927826e-01 1.422410096801325630e-01 1.347561471982355874e-01 4.910294717281658838e-02 6.025778987625088345e-04 4.199691735130039461e-01 2.345393093746049873e-01 4.152890241316354314e-01 2.434409993569207620e-01 5.461660413685565096e-01 -3.324365295794055875e-02
5.969256893538749109e-01 5.146252199496387236e-01 7.966080349650626058e-01 6.753803497791708299e-01 2.796783759045885498e-01 4.172777818161579333e-01 6.310852626766846329e-01 4.090099288667443100e-01 9.018564074834799493e-01 3.256900328330575856e-01 1.705876987445548443e-01 2.683010899602131238e-01 5.195796467480183756e-01 3.048528619230155279e-01 5.432704321561817595e-01
6.100587461074394868e-01 5.747557905466087469e-01 6.563552168329197523e-01 7.419025717389438057e-01 3.919517933979668745e-01 5.756573227970493978e-01 6.693623213564259267e-01 4.258793623749771440e-01 8.914335451621155926e-01 1.989694324679321391e-01 3.028742052176982003e-01 2.661666021543651062e-01 6.368800304062857132e-01 3.155934175838272515e-01 5.005376038349316214e-01
6.256355679497427325e-01 4.809491493182090904e-01 6.896688527446935835e-01 6.310963546297241322e-01 3.892672193912580236e-01 4.959465123045251334e-01 7.366153096735438277e-01 5.990214200972199254e-01 8.287751366219954230e-01 3.360059947521361612e-01 2.122941667945620059e-01 3.484080637487736443e-01 5.962943021994714377e-01 2.858536217120807854e-01 4.558310044456277410e-01
3.992598971956712317e-01 3.407138594493829276e-01 2.583497907348414335e-01 4.045606360073891739e-02 2.038533613056191796e-01 2.211182674459422348e-01 2.508690716156247169e-01 6.138961988349419391e-02 1.796348721900740686e-01 2.877116206249467623e-01 1.963972484794954398e-01 4.111293531216237418e-01 3.699042090369198399e-01 5.107115225829241822e-01 1.599390445000322680e-01
3.456382103643685921e-01 4.479565272082591254e-01 3.055851082262340812e-01 2.878717898827575228e-01 7.104128723324735217e-01 4.471222263874746750e-01 2.912622696675762901e-01 6.190691300068894565e-01 2.128103843650018534e-01 6.589834825606873947e-01 7.117815654020926974e-01 7.238424091362652968e-01 5.262266033921894071e-01 6.892728255555640171e-01 5.283888237418822298e-01
8.825088684935165073e-01 9.279578664330938587e-01 8.604150838483152208e-01 6.609519770095505509e-01 5.129996028733563307e-01 6.818420596219537666e-01 7.808891402201849630e-01 4.209951061818538731e-01 8.352765500470014093e-01 6.358695558391755931e-01 4.182343168081351648e-01 6.822787999236775702e-01 7.721305433457439360e-01 8.963052154771329327e-01 5.021009918499703684e-01
1.195099875285334096e-01 5.891840314136773810e-02 1.525304540022055788e-01 3.559468444619364180e-01 5.082635671796418286e-01 2.617460691287006869e-01 2.618340381820332130e-01 4.319070964054242401e-01 1.215107607866750122e-01 4.246074825008135378e-01 5.819208274746714427e-01 3.600348426892454601e-01 2.759971499646137749e-01 1.707838353368602291e-01 4.869983978675461178e-01
9.640901064874067838e-01 9.654208182856379716e-01 9.088579630740426518e-01 9.697578659681045377e-01 1.025777580092649854e+00 8.739962986914573406e-01 9.315590765656391881e-01 9.824479079980310559e-01 7.956586515440526863e-01 1.065306272001972143e+00 9.356580854006059100e-01 9.934848133985706431e-01 8.375526046522387968e-01 8.928387245434012964e-01 8.747927504484758199e-01
2.414389278904148506e-01 4.256583177742745416e-01 2.395081452085146001e-01 5.758089398150278287e-02 2.010893106297462762e-01 1.569645342371052688e-01 5.619147707926798463e-02 1.003116117519999850e-01 -4.071383231153745397e-02 3.316793358545511161e-01 1.443690377710170614e-01 3.181645719630372682e-01 2.762464350479396646e-01 5.589220887834248641e-01 -7.848174450146988557e-02
9.703258332430717559e-01 8.897159831402009500e-01 9.377706307614150916e-01 8.698970671004537802e-01 9.579977944864797035e-01 9.545255029308883366e-01 8.834696094095227936e-01 9.561765350663913310e-01 8.049975593623704961e-01 1.032498433877190980e+00 9.831788765881713799e-01 8.676459746335249967e-01 9.741965926345654836e-01 1.006425081757192252e+00 8.801887618084792697e-01
3.703173992998397557e-01 2.855544581485203182e-01 2.277916027443034896e-01 1.440015427055735819e-01 1.955184052631248615e-01 2.235699968688021344e-01 1.386110584640778409e-01 2.782160648612538867e-02 1.591279362630468874e-01 3.519894665630050601e-01 2.131830697106656403e-01 4.929148284350997611e-01 3.226971244336166444e-01 5.383281455924426862e-01 1.451552131286385494e-01
1.030385528318528587e+00 1.011760818741155088e+00 1.058532643631288295e+00 9.942109890206104472e-01 1.086463435089732421e+00 1.026649454081324242e+00 9.543004076556392823e-01 9.848498725897725237e-01 1.105470319773961041e+00 1.006698326911882990e+00 1.012189466462667387e+00 9.952608806720943946e-01 9.946121368904754512e-01 9.757546276863130474e-01 1.033751257477173224e+00
7.005673442349217295e-01 5.892489381009673455e-01 6.903527072302961809e-01 6.198580895874574725e-01 3.750649161104099294e-01 4.707701262092669481e-01 8.274057518076145534e-01 5.667971904777420189e-01 8.354992640290525019e-01 3.729712032219575368e-01 2.683073224322681249e-01 2.794927784835159468e-01 3.912201941412318806e-01 2.950278803888915502e-01 4.894106254024082059e-01
9.673030714790522566e-01 9.837754668475843234e-01 1.017459055573869398e+00 1.022214580938003881e+00 1.015371512100957663e+00 1.030647748177504708e+00 9.462405989923983185e-01 1.006993327466407795e+00 1.065645539051435886e+00 1.070964442706080710e+00 9.480435181907321818e-01 9.229452156947602903e-01 1.033018287845383076e+00 1.019618058821056161e+00 1.050099370832474843e+00
2.768153164057153282e-01 3.254788495837551143e-01 6.317786671208186489e-02 3.162678740425077517e-02 1.077316235842747383e-01 1.104290479380814760e-01 1.600573299727887921e-02 1.069068981607432522e-01 9.827443816424450557e-03 2.746497958539910189e-01 1.371863502676329005e-01 2.876033974782746250e-01 1.432469551152480980e-01 5.404541713823318716e-01 7.266412989218475060e-02
6.534041739864802079e-01 6.919227806661671920e-01 8.231985340694178976e-01 9.815345570160771693e-01 7.416615172545177881e-01 9.590791841283475838e-01 9.358925397941046942e-01 9.704070355053300290e-01 8.965063585480578245e-01 7.211390422097948560e-01 8.820317665718131472e-01 6.728566643694688931e-01 8.499509540554720521e-01 5.450916541153763006e-01 1.001316407579754486e+00
6.931056278552137906e-01 8.486706052808500322e-01 8.853114970995756838e-01 7.550024441198914804e-01 4.896375443062097044e-01 4.941173412240624230e-01 6.672747782115789894e-01 4.109149737890307463e-01 6.426042475139176480e-01 5.297635117232003532e-01 3.250620298271506003e-01 6.265171741904144165e-01 6.024771353059998891e-01 8.494646680723804133e-01 4.804762035338029369e-01
2.975053660224136892e-02 -6.803718959101762165e-02 -2.522350695680530483e-02 5.135123377716967197e-02 3.027744065688651315e-02 -1.539664222915563575e-02 -7.317346487374186415e-02 -5.160798081800941489e-02 1.337525670155619018e-02 -9.799473623650476264e-03 7.937037371216118520e-02 -6.206926107209734950e-02 -3.008587021791554739e-02 -3.997823581804159365e-02 -5.164119666775655176e-02
6.230955226608819730e-01 5.186240623111523229e-01 7.033813541251319190e-01 6.699454108933432517e-01 2.794287077345337655e-01 4.574563447604801381e-01 7.024809660700351843e-01 3.598998057955122842e-01 8.799723694248583472e-01 2.619351735399950698e-01 2.187062893764970539e-01 3.614711977072442295e-01 4.977624327951182259e-01 3.196373815593021583e-01 5.421986786874698483e-01
5.145220225254257818e-01 5.567733096891489541e-01 5.039087660215345599e-01 6.498776477194363466e-01 3.028112509244718642e-01 3.838575733324915973e-01 6.086183441482813095e-01 4.164990633080384863e-01 6.953416510861503141e-01 2.412050036985697032e-01 1.731431196934024586e-01 2.252094525746735076e-01 4.285652610902861981e-01 2.671276693352656606e-01 4.745675507516733393e-01
7.408264304849450088e-01 6.879895776329569834e-01 7.417484337391605509e-01 8.870809961402215116e-01 7.575703523563365183e-01 7.044364390600749148e-01 8.095308437212106467e-01 9.023297935222213129e-01 8.980349757223400342e-01 6.884243553834605844e-01 8.134022417262821714e-01 5.857119644087358523e-01 7.023473472357855130e-01 4.606785459249946868e-01 8.087243224911605521e-01
7.066182077623250901e-01 6.697373011957064026e-01 8.011289838713701039e-01 8.722845743228235804e-01 6.637505473917408860e-01 7.693147443228761651e-01 6.898418043482850148e-01 9.873262765966046572e-01 7.978251429254363813e-01 7.592242270435056728e-01 8.947632883551857041e-01 6.595553342621716109e-01 7.661621036012492558e-01 3.878104128811920015e-01 8.516000923575455239e-01
6.808362065785890094e-01 7.918665166065860239e-01 8.431788214030968565e-01 6.895679292053497056e-01 4.971024385612418661e-01 5.494979785201362654e-01 7.016844473267666027e-01 4.329894039795102456e-01 6.241629376315778188e-01 6.478976815746688711e-01 4.054748185839312513e-01 6.511106457223350130e-01 6.590354949845963484e-01 8.459458464780638121e-01 4.048506208570653575e-01
4.646691116015274070e-01 4.853746021244403352e-01 3.577835215324461915e-01 3.540792754038583068e-01 6.973849809515212383e-01 6.003207736234755787e-01 3.633583051482098258e-01 5.665348609401441582e-01 3.044778201950337770e-01 7.790655085270314917e-01 7.577235020785501041e-01 7.953739512667403755e-01 5.251390849341474043e-01 7.122254949470875340e-01 5.412080663130862668e-01
3.220443202563507690e-01 3.525240027666677878e-01 2.758361496254915224e-01 -6.594515201808119620e-02 2.785700278497115212e-01 2.178842778433489058e-01 1.680397268361288332e-01 1.068745702810498521e-01 2.330797050382501512e-01 2.902654070945975273e-01 2.143533584705638040e-01 3.213062768440082539e-01 2.505621854122022096e-01 5.653625011132537015e-01 1.672693873775993045e-01
8.787031964278282370e-01 1.067591594965319413e+00 9.498384603876096621e-01 9.112171830849068455e-01 9.107490614807373097e-01 8.667878356074601998e-01 8.904900678132762204e-01 9.421906391536621905e-01 7.882869748511138752e-01 9.085939290278732816e-01 8.908690673175226893e-01 9.494631216662411388e-01 8.562626348749214911e-01 9.479748810649113455e-01 9.056688024256337455e-01
7.276852220481522249e-01 5.413337681158848502e-01 6.897909619519078106e-01 8.471938654123423174e-01 7.899645628270285380e-01 7.748931198556494593e-01 6.804585955844260070e-01 8.702510851825681071e-01 7.177430915458715699e-01 7.168653298198186530e-01 7.793782067772174749e-01 5.670973465067795649e-01 8.271168406022532116e-01 3.823460546377787095e-01 7.933939956828144346e-01
2.410786980924351230e-01 3.521472236221653285e-01 1.991562491998287721e-01 4.281757876906885918e-02 2.042764439369658680e-01 9.957148725039673132e-02 2.469978597277373844e-02 7.327129343221720770e-02 2.283755706608188787e-02 2.564561328058210243e-01 1.226006447197774685e-01 3.485931411515486578e-01 2.206587902576577775e-01 5.626964216118378603e-01 -1.420759226956956264e-02
8.906767808323895474e-01 9.544153982625973587e-01 9.600967517038448973e-01 9.638328434071259387e-01 9.429337881297512602e-01 9.888792899090322885e-01 9.109147223019561368e-01 9.191988920186725531e-01 7.960050465517536367e-01 1.004921534628690383e+00 1.017443483608941435e+00 9.135190792486617140e-01 8.565524818779836069e-01 1.009380936883734314e+00 8.297857258968248662e-01
5.373504536473587834e-01 5.872183240497736989e-01 7.169313765143815464e-01 6.854731617648047726e-01 3.731661177816740227e-01 5.784835215334184211e-01 6.683223300774773223e-01 4.460073291568671383e-01 8.186896883064002095e-01 3.451596335524912407e-01 2.126527143190903857e-01 2.677466972856546445e-01 5.123517319276926774e-01 3.041718793993289927e-01 5.356398827519518457e-01
9.202705174056687865e-01 9.299912086093344854e-01 1.005054416765317926e+00 1.031188215019770427e+00 8.641666098612997837e-01 9.162244948965382330e-01 9.108368888509065231e-01 9.359061039608848054e-01 8.714812656105042077e-01 1.016939162784365580e+00 1.027500876713820066e+00 9.468369126434050820e-01 8.742248623788277939e-01 9.576902012576988810e-01 9.063776298772924234e-01
2.833195530137093687e-01 9.984409440300404115e-02 3.493442044909779165e-01 3.474058650034065332e-01 5.217653825400707657e-01 5.346870460251335055e-01 2.798048916090647431e-01 5.545093856780098918e-01 3.228028916578154495e-01 4.781424214395171290e-01 6.623650053443967956e-01 4.621175104070581741e-01 5.023714020020801918e-01 1.728641960628845009e-01 5.756022262996236538e-01
9.432912393066098522e-01 1.039192451275941842e+00 9.659435825042775869e-01 9.704392126164809174e-01 8.899142321127256894e-01 8.914435360608725656e-01 8.823471005519355481e-01 9.715562179951591215e-01 9.046782266386108606e-01 9.684421585276700162e-01 9.026631331576115969e-01 9.945930918353692585e-01 8.249840707740279111e-01 1.002739464860329388e+00 7.661404604760345682e-01
7.129800251738724892e-01 6.804261381252727503e-01 8.285128470217079100e-01 9.728620049945790882e-01 8.137277318677420546e-01 7.031984433444730120e-01 8.315164512961612520e-01 8.206564296345426612e-01 7.864692617174174893e-01 7.026594041955011027e-01 8.315141157124640303e-01 6.066891955141314741e-01 6.708068161066278456e-01 4.585750957621471113e-01 8.178447177730455708e-01
4.492704276126045504e-01 5.431633654323675398e-01 3.344137867741617254e-01 4.027841878313614954e-01 6.945826456939645510e-01 5.484008210654424120e-01 3.447993545962240169e-01 5.180266188480746603e-01 3.873418667426888340e-01 7.288047129732339036e-01 8.745034844613616132e-01 6.585297813384638488e-01 6.072895779786591230e-01 6.551868980115014285e-01 6.449072758490985713e-01
3.385772216254088196e-01 3.850390920900064184e-01 1.034525546153632902e-01 4.959637734589378982e-02 3.144729362953512797e-01 1.719459909195987235e-01 1.940127886233231347e-01 6.896607072387983539e-02 2.663671011134001176e-01 2.541850937368549390e-01 1.692020405262364968e-01 4.298064568670439956e-01 4.245598753946815407e-01 6.387143373293219240e-01 2.393723119416919232e-01
-5.123636915940144032e-02 7.228322123981760494e-02 -5.239175392034609718e-02 -4.443889666257657550e-02 -6.335951942901772715e-02 1.083779581193149155e-02 2.311696481065200119e-04 -2.184172253092083599e-02 -3.577383246807933070e-02 5.648978351071257814e-02 -2.041230122095383931e-03 -3.689583214517896947e-02 -3.274016223679567655e-02 5.848790224310253076e-03 1.968950694340404831e-02
2.155917004922713598e-01 1.060810924618857537e-01 1.828646297849199354e-01 2.952817759671873543e-01 4.838125720530793150e-01 3.749028726129155498e-01 3.132062312077413258e-01 5.737658669310808923e-01 3.346482529088127822e-01 3.133090519873684698e-01 5.440418381297039696e-01 4.326913959501858531e-01 2.387263003554430663e-01 1.542466106995549757e-01 6.199743562024595533e-01
5.309100951952636649e-01 3.804202577858564749e-01 3.188680682587558546e-01 4.505231391660065032e-01 6.965306899508104665e-01 5.016375714549452525e-01 4.037566596886541515e-01 6.877972017189994958e-01 3.478069221799752198e-01 6.888970766332291884e-01 8.242910986600519019e-01 6.667430128915645682e-01 6.407442439134479750e-01 7.190516718678451324e-01 6.149448548953483362e-01
7.275378908386269661e-01 8.818215577748698131e-01 7.176919524021407870e-01 7.046511853101083966e-01 4.205687910775949834e-01 6.290470932221944311e-01 6.687599506206999278e-01 4.041082727778670391e-01 6.850457450850658825e-01 6.633122551062856642e-01 4.149944752676604787e-01 6.127388869580415731e-01 6.589214449334945822e-01 9.368530113950089833e-01 4.177444724000553000e-01
3.174784567716860129e-01 3.155185123329808383e-01 3.292712893289487797e-01 2.127645132062177397e-02 2.990432545660045016e-01 3.400699892056062712e-01 2.949181122447266379e-01 1.855292850845392805e-01 1.268814159436597033e-01 3.777887577306047184e-01 1.924244513352148522e-01 3.629861482041754073e-01 3.457934298824758557e-01 5.646540430529840560e-01 1.396487165354513560e-01
1.079946070728494911e+00 9.921981115315887667e-01 9.800719824549083414e-01 9.606957892524752296e-01 9.146773071061505833e-01 9.069971542172785561e-01 1.116429723544241748e+00 1.030283388110329046e+00 9.844177488061832682e-01 1.046719546092783171e+00 1.040911783098861454e+00 1.005797747724461066e+00 9.992626782974517452e-01 9.368632075216968280e-01 1.022554299910606979e+00
4.272644303941235400e-01 5.194688787857965062e-01 3.455184913899458365e-01 3.497609814442632636e-01 7.114871945185012869e-01 6.005430831921029222e-01 4.360944654641126794e-01 5.811512181651591336e-01 3.854915503434821478e-01 7.820618335748010796e-01 7.840259836185209386e-01 6.284588480960076051e-01 6.336903953833028513e-01 7.447092530461486559e-01 6.820770193751255484e-01
-2.580360000813052349e-02 -4.497203945903369832e-02 -1.631921624165990140e-02 1.393391069500207746e-01 1.515252927701165979e-02 -2.404071671897040074e-02 -3.951420939283271233e-02 1.592979178706072779e-02 -5.076717880144210326e-02 -1.704311037609075249e-02 -3.233830199447477668e-03 1.287021003027973703e-02 -1.251042837496524687e-02 3.711133911703679011e-02 -3.233620043954429230e-02
6.980509319151008141e-01 5.772504144367104351e-01 9.551136233142250020e-01 9.891574766869538626e-01 7.324636786294802526e-01 7.063645003090730512e-01 8.181460842834685776e-01 8.420131562558648142e-01 8.765528071093697804e-01 6.245855662007129272e-01 7.874697251101319129e-01 5.486425532525043280e-01 6.544236841909721880e-01 4.004566869329207468e-01 7.930453248430923141e-01
4.080072296602783588e-01 5.819702496946934644e-01 3.506427538487557061e-01 3.560942440809189424e-01 7.268635196777102347e-01 4.963030136279139581e-01 2.924489450595912365e-01 5.749758418945333238e-01 1.665628640241621494e-01 7.525826340933822189e-01 6.759951955443161964e-01 5.891778537392720061e-01 5.433534358815714782e-01 6.730909252919157204e-01 5.130751256548672368e-01
6.915035855621712857e-01 8.981955167135386997e-01 8.346778971027266625e-01 6.397356807225126341e-01 4.271224060020801794e-01 6.035780174236514695e-01 6.946373923430716468e-01 4.984122781242311673e-01 7.154475200224147402e-01 5.218360458752817621e-01 4.487105445806869319e-01 5.971018830193114413e-01 5.819605332412747245e-01 8.059471763297348934e-01 3.230732549841917600e-01
4.460351841800068717e-01 4.841270763885893724e-01 3.489753405872151881e-01 3.277570817737323061e-01 6.536999319362708505e-01 4.875697531114263072e-01 2.996389195333751254e-01 5.129269049128872826e-01 1.880698048635940922e-01 6.994169025455757582e-01 7.431102444833184162e-01 7.105300144027064668e-01 5.870205702267012882e-01 6.636450695696144431e-01 5.193440527781227889e-01
5.851522644007490781e-01 5.073979328039570635e-01 6.858745296880686126e-01 6.720085877995655155e-01 3.201852168666429743e-01 4.374280462374722234e-01 6.692912285104628545e-01 4.495163184735430084e-01 6.004920993490928671e-01 2.602862443282334959e-01 3.301285629094047325e-01 2.947139935240730146e-01 3.931121179681998368e-01 2.779260231246315493e-01 3.199298324038853947e-01
4.891474416564573491e-01 3.676337102521767264e-01 4.130587018417296585e-01 3.570370426765089866e-01 6.561186297388684752e-01 6.012557124945756559e-01 4.264967154013145079e-01 7.115508252741526984e-01 3.079793516035940204e-01 7.192991807638993151e-01 7.812304750027349032e-01 8.014666487182644516e-01 4.941405329109608835e-01 7.609611414149843878e-01 7.469234276599406863e-01
1.495747115634192270e-01 6.176764786760265136e-02 1.568543987549545771e-01 3.503610344539949684e-01 3.970581761444673674e-01 2.949684903601821895e-01 2.305777843636923063e-01 5.278494344909610003e-01 2.172283557213126048e-01 3.898549900888236275e-01 5.402492900698676603e-01 2.977249670938160730e-01 3.036143069190144761e-01 9.203696348569573304e-02 4.620534463847331130e-01
8.799337713398899252e-01 1.103096604327104657e+00 9.503369181584172543e-01 9.287657371438531317e-01 9.804332114098810447e-01 8.834333529409902352e-01 8.999923767369440997e-01 9.947105212084575987e-01 9.064265048505064648e-01 9.089769713691484565e-01 1.088389759247150534e+00 9.176211387630831551e-01 8.831156785526841357e-01 9.463303974534490459e-01 8.652385601864245324e-01
4.018091282986669399e-01 4.497091772043610991e-01 2.558140868354888964e-01 3.381666749635645619e-01 6.120225402567677220e-01 5.060841080395950264e-01 2.509733193999021394e-01 6.607766542665783893e-01 1.855936586021159074e-01 7.038543055177205465e-01 7.256162636638762153e-01 6.039042907268041827e-01 5.264833347190779334e-01 6.113559104864902949e-01 5.857022352950236321e-01
8.571862986851811472e-01 8.791182405838045000e-01 8.788096812958199333e-01 6.470296784986234728e-01 5.880843687354180283e-01 5.237316811573622388e-01 7.623545225053258712e-01 5.768351959440095600e-01 7.650897155802554028e-01 5.700620586993240257e-01 3.417855689501815286e-01 8.049532059103583492e-01 7.628377811036041178e-01 8.223961635220834454e-01 5.098047905710275662e-01
1.085816559428187666e+00 9.320657478408456154e-01 9.620338252463676021e-01 9.702243884463543910e-01 9.620855606518486924e-01 9.993397513687106715e-01 1.004398084272499769e+00 1.037820628533647760e+00 1.029423110666280117e+00 1.088149278834283695e+00 1.006023154925458796e+00 1.024534716521629196e+00 1.088746719683406639e+00 1.004348416565343127e+00 1.058250644039882005e+00
8.493886054606772373e-02 7.322619872538357888e-02 1.870193782946914518e-01 2.839985408841616543e-01 5.605371432258837716e-01 3.554487269606988464e-01 1.905732880819654973e-01 4.770509492203214852e-01 1.016082820222179578e-01 4.214875456354642558e-01 4.352356439849680569e-01 2.628550051699231616e-01 2.594641594671223683e-01 1.486940099618557221e-01 4.490325912224338301e-01
4.074847744986692666e-01 4.396088181115187510e-01 3.534906647455448025e-01 3.984178793109588446e-01 5.910272483357215112e-01 6.887748593143862008e-01 3.556048808044602882e-01 6.783133208944198689e-01 3.866011291478217982e-01 6.159396595574307964e-01 7.466415606688582285e-01 7.097268672276865198e-01 5.192111756663887467e-01 7.145586198863617122e-01 6.440738208995510083e-01
9.402202472750086359e-01 1.083843583602322358e+00 9.422883951495241162e-01 9.234651910689598564e-01 9.412807731509544862e-01 8.762883361435628293e-01 9.060254031611202352e-01 9.334671660805582416e-01 8.571931928499776365e-01 1.011504790577305801e+00 9.007559653086181228e-01 9.129135953045763863e-01 9.465616537334762270e-01 9.693721227687968067e-01 8.476055486845832654e-01
6.908475406672176522e-01 7.857693451197480528e-01 7.623431146352003251e-01 7.423445855571060292e-01 4.913359684363763913e-01 5.254703240942195652e-01 6.493951839660635494e-01 5.191675763997756210e-01 7.757695409325743308e-01 6.223134778792265287e-01 3.605209024033247389e-01 5.983808917523603110e-01 6.845065872110643879e-01 8.591225883719030287e-01 3.055763288201938654e-01
4.008466922002692501e-01 4.015702838876547554e-01 3.303269035501046336e-01 2.865732203613325368e-01 6.876902201326363651e-01 5.056617178248135058e-01 3.572979948750104606e-01 5.943496549661523298e-01 2.001679348624632038e-01 7.594109994035002087e-01 7.672712670572336968e-01 6.385578666674034398e-01 5.051945231359721289e-01 7.257139501079591382e-01 4.398152173281542066e-01
4.751698370641613822e-01 4.018326487573288808e-01 3.306475224002095592e-01 2.918092056023594560e-01 7.639584034709181459e-01 6.697887411588870910e-01 3.940761925058783866e-01 5.171937568527047446e-01 4.202214965760744936e-01 7.381361659885783411e-01 7.222220150450955334e-01 7.683750244917916250e-01 5.858863156970226527e-01 7.452691850813172314e-01 7.109970504974458816e-01
1.010299383473124202e+00 9.889250959761450854e-01 1.071120563944654824e+00 1.064156480062380172e+00 1.012417491601734110e+00 1.029140083052193511e+00 9.942309016799077970e-01 9.320907677585021922e-01 1.036618624992114324e+00 9.493120309918976485e-01 9.964036624220155014e-01 9.097910960252576507e-01 9.238891763071246377e-01 9.444173933980074542e-01 9.831658992917164941e-01
5.752805737943662567e-01 6.024932464979017022e-01 8.765392684094992504e-01 9.641299081095975332e-01 6.535510999625958606e-01 7.840861961827599869e-01 7.589328490053258713e-01 8.199336767472630294e-01 6.775617150275802247e-01 6.517164548015718095e-01 9.156574165599222770e-01 4.972683344620462687e-01 6.829610004986271798e-01 4.652333139082667768e-01 8.312626974583360306e-01
8.009113071276828810e-01 6.687085929711477084e-01 9.517056318319736530e-01 9.968076017561355862e-01 7.429685564987931201e-01 8.159522321768811759e-01 9.000165123142119805e-01 9.461330386474973153e-01 9.767285975952334498e-01 6.229399497104649575e-01 7.987730375318931042e-01 6.117903850891557305e-01 7.142022675984951441e-01 4.720235832704186008e-01 8.716582818883296113e-01
9.980873030233345933e-01 8.544063000616257675e-01 1.036192204146102469e+00 9.949451049203322794e-01 9.485129397692619868e-01 1.008398308374443220e+00 9.287082611111406871e-01 1.015299555058716718e+00 1.024265214236998789e+00 9.807160789548887703e-01 9.638785696468299413e-01 1.010772548389639036e+00 1.046938642274196862e+00 9.469453017073637957e-01 9.684256189059138320e-01
2.841130806040436663e-01 1.338848272388934446e-01 2.556559327754006627e-01 4.336760534973903014e-01 4.177965012837175918e-01 4.347398382898969849e-01 2.094087597240173459e-01 5.026819244082519900e-01 2.684522089264944067e-01 3.476551956309960612e-01 6.246294121857913773e-01 3.593842096602777869e-01 3.601633947098974997e-01 1.248490434101857394e-01 6.357818260756800122e-01
7.139549171082725243e-01 6.337650496759881236e-01 8.284378795107329996e-01 1.024217288406163329e+00 7.679229015926680724e-01 8.169068956329347264e-01 8.259056372883772923e-01 8.073876493276831434e-01 1.005622359653572717e+00 7.067377540615905618e-01 8.274257922588271752e-01 6.434586785575177048e-01 7.802084682829767415e-01 4.118675953532853207e-01 1.016024512874137198e+00
2.348674727539382667e-01 1.025640394893001239e-01 2.666581710147842843e-01 3.534570680468464010e-01 5.355427853927063886e-01 4.897771625846126242e-01 3.453231335555231873e-01 6.483053862502858866e-01 3.798934704825326358e-01 3.640740229153959784e-01 6.307823807802424021e-01 3.283191019661910182e-01 3.095272048801820386e-01 1.863837839313678413e-01 6.327876672256604884e-01
2.893150684250750948e-01 7.138060604731696901e-02 1.880717312593547796e-01 3.348648345613306487e-01 5.664082207840465122e-01 5.361729232703718040e-01 3.114763513576341847e-01 5.889850789880631821e-01 3.714107858992574673e-01 4.672158040328820983e-01 5.869169715145281518e-01 2.957407007757801853e-01 3.112974144298247259e-01 1.779360090589064414e-01 5.705286358628141041e-01
6.789137895909594933e-01 5.787413939104252281e-01 8.996912909257986923e-01 9.474489273532529232e-01 8.627723302414216366e-01 7.976419225311529582e-01 7.951185569138822240e-01 8.289468002226694221e-01 9.576650386884436594e-01 6.318694044490027473e-01 8.596589036905732950e-01 7.680328947588628274e-01 7.687098430114026604e-01 4.857012088296056018e-01 1.013347071079474082e+00
4.347636420661251666e-01 3.955317702172193028e-01 3.765913842352154872e-01 4.253575875467833778e-01 6.523358566718658880e-01 4.421009259192511531e-01 3.075127681139419589e-01 5.958033256831519742e-01 9.361664013388187877e-02 7.185512129129019154e-01 6.823321953953942476e-01 7.344560949454848053e-01 4.954217791136712457e-01 6.879519727532171780e-01 4.373096180925671317e-01
6.698310034453337503e-01 6.122484916854437076e-01 6.364685626928234807e-01 7.635050591327071645e-01 4.217229399117777278e-01 4.800188038287906966e-01 6.737293648822194614e-01 4.072278601813010268e-01 8.012820397586095655e-01 2.733673593137745383e-01 3.134608531619922922e-01 3.192983407334694101e-01 5.360475576902381523e-01 3.798572096102585949e-01 5.504730440553147197e-01
4.658000850811109816e-01 4.816211924837001668e-01 4.222565128540762824e-01 2.898966853365756990e-01 6.247151376419295410e-01 5.180003598795630548e-01 3.937101419015383019e-01 7.156335896725377621e-01 3.196149684184069195e-01 7.238255116629594976e-01 8.224527070213556446e-01 7.905983419701120285e-01 6.623019986483019705e-01 7.128613927505522696e-01 6.370031922311538697e-01
7.093783132861635199e-01 6.131936285054615521e-01 8.255542856645395888e-01 8.782999874805529350e-01 7.350568675848410116e-01 7.278250275170381478e-01 7.805405172937390779e-01 9.020313422028348738e-01 8.142970799063906640e-01 6.781354367126809501e-01 7.271675474306064091e-01 6.516727515200149146e-01 6.000789462809439367e-01 4.935357368363345598e-01 8.124011809366065151e-01
2.012162601518965588e-01 3.599636154329755588e-01 1.411622116911781799e-01 -5.632947461876917916e-03 2.965674888471164783e-01 1.717051529757906425e-01 8.733018580567085409e-02 -3.436427718615710225e-02 -7.303182097831101283e-02 3.794425757035821412e-01 1.480235641036783401e-01 4.260516960044849477e-01 2.214478893407643978e-01 4.910753948981760875e-01 -1.252476929988123946e-02
9.068762214050802850e-01 9.692209929861056450e-01 9.129363395486567168e-01 1.066367054361462507e+00 9.619528816676894412e-01 9.394018073629584187e-01 9.649746136577515010e-01 1.020364046942373148e+00 7.654348548006629782e-01 9.685439542595164486e-01 1.023746976938255893e+00 9.531802886334606040e-01 8.817528275773757196e-01 1.042424010630875530e+00 8.157863742600296453e-01
7.600826086644260071e-01 8.927811395594462684e-01 8.701830853616734363e-01 6.783281534646832256e-01 5.775132602954970995e-01 6.034688575375622976e-01 7.457057936396275233e-01 4.323194584832518172e-01 6.898168434724541997e-01 6.268137042667032421e-01 3.997397323753941190e-01 6.417870813466727276e-01 7.095786104283110518e-01 8.353559085947133145e-01 3.716057075982205360e-01
7.698902910146044887e-01 6.718052106295332448e-01 8.419309308111164736e-01 9.186933882461715273e-01 8.014555627495024703e-01 8.447602494865282807e-01 9.323173449641624089e-01 8.739173218302426216e-01 9.119493690841382616e-01 6.671535137434770890e-01 8.679687160942384239e-01 7.299785105296970888e-01 7.553752642713509324e-01 4.914480009863303467e-01 1.058022480360445217e+00
7.847884160734348580e-01 6.436282946257053661e-01 8.137195915029309390e-01 1.000896562824027392e+00 6.604095860789769290e-01 8.432800821866599517e-01 7.650761298065599236e-01 8.515634325586840525e-01 6.877437146987713801e-01 7.312000088758188188e-01 8.224877402543632199e-01 5.370369233299908673e-01 6.089017913775957025e-01 4.667978423577468505e-01 7.939028062239428252e-01
5.941337475962749082e-01 4.777747658315156243e-01 6.296904884461678176e-01 6.397719685906668730e-01 3.419810461089498044e-01 4.696726547022146425e-01 7.005575532177964471e-01 4.828643807957512246e-01 8.799992389235576917e-01 2.551337596759910564e-01 2.186884769320554811e-01 3.520288854342412121e-01 5.329119059506960410e-01 3.144373063331086238e-01 5.505723903332286895e-01
2.946174219808946337e-01 2.929540836229592715e-01 1.159146368310988578e-01 4.803820927545682240e-02 2.761557707250609228e-01 2.302281887843807551e-01 2.256001454874294598e-01 6.016094286919956846e-02 2.282501072616993087e-01 3.175633508123217874e-01 2.551076173131125446e-01 4.880579466161623081e-01 3.412623565782098023e-01 5.031598353309671978e-01 1.249093302656928417e-01
6.869682202238402979e-01 6.806594884266951029e-01 7.719845740277965218e-01 9.343650169469164268e-01 7.104126635265006762e-01 6.860629497558001777e-01 8.132585200533963832e-01 8.714458921163769078e-01 7.967142131116666803e-01 6.600028693147766967e-01 7.528815432893192217e-01 4.658273555198030325e-01 6.791744607349190499e-01 3.758484331221501051e-01 7.677128217469479932e-01
8.536173109428749073e-02 -3.747363861180372235e-02 1.506529838529449550e-01 -4.086211023135286058e-02 7.146040969226839790e-02 2.146052753049077499e-01 1.391022626495391212e-01 4.768529319904867003e-02 1.394350535628121335e-01 -6.768861288576764890e-02 2.289521807502116479e-03 4.278487059462547648e-02 8.161844816888084997e-02 -3.688709226168007671e-02 1.677243749962119279e-01
1.024402097104900600e+00 1.017917988701521281e+00 1.053866755688875223e+00 1.048340881493372789e+00 8.888265188006767570e-01 9.727944993265703610e-01 1.072732605333243994e+00 1.041711471729849237e+00 9.850478803684269424e-01 1.044376138708081436e+00 1.015320332777407852e+00 9.399047445467121342e-01 1.044486388389694653e+00 9.567955407391613987e-01 9.542331824974207288e-01
2.789839990892150623e-01 4.205245595004103443e-01 9.840723439289711383e-02 -1.073934491872072586e-02 1.951724132208930429e-01 1.208933065563391335e-01 1.118181696320541818e-01 1.622830878829239348e-02 9.678183460342006106e-02 3.293104143245900728e-01 1.828571371133404233e-01 3.343336753533781014e-01 2.867278182351150617e-01 4.999582622265648091e-01 1.322793919713134703e-02
6.053885971847694503e-01 6.770764034462565251e-01 8.167443841018572348e-01 9.612518000386339745e-01 6.946448154673124931e-01 8.031824358899245508e-01 8.048949714757970275e-01 8.105634652188900002e-01 8.283628090026011748e-01 6.286357831347950675e-01 8.479189808629201686e-01 5.938202121917320886e-01 6.880031412925400325e-01 4.333952116864258075e-01 8.298720753196922040e-01
7.536694522778498717e-01 6.612241446716328186e-01 8.400812541834685732e-01 9.431667036155446660e-01 8.204731047789948217e-01 8.335465301641719060e-01 9.402601110661493733e-01 9.174474230059689317e-01 9.700941851306048580e-01 6.629587644674754809e-01 8.780859538381491358e-01 6.621099998668475983e-01 7.294756509834668945e-01 4.177914709163732532e-01 9.516745626675063852e-01
7.049422295384546455e-01 5.783298045223836947e-01 7.951483165732557978e-01 9.843337606327953182e-01 7.789066440474463615e-01 8.435539363582141847e-01 9.255739923544764602e-01 9.504717949619604367e-01 9.370348544882965980e-01 6.232102195872979422e-01 8.254360005994240135e-01 7.248525256162732244e-01 8.206168270822596922e-01 4.414307323449777054e-01 1.071609340109772823e+00
6.980999381276549176e-01 6.016403740322615601e-01 7.922235966111746963e-01 1.038834838990002174e+00 6.998896225306213692e-01 7.015946040310886422e-01 8.101272084409756324e-01 8.434586116775932840e-01 7.634897490134326947e-01 7.010574549704942093e-01 8.428333922441866299e-01 5.461464884829467792e-01 6.968552601600127572e-01 4.927983004459671745e-01 9.162190242695258391e-01
7.441646944701381106e-01 8.956861781131504330e-01 7.216632862656164882e-01 6.277124996697087678e-01 5.453468575780311411e-01 5.510125246655744879e-01 7.463597600681730615e-01 4.717238228677708700e-01 6.773284657043746604e-01 5.778167982839678141e-01 4.165254812850693877e-01 6.870185524340811645e-01 6.340905867092025971e-01 8.794329941136643791e-01 4.457811778340015629e-01
5.384334480218732066e-01 5.571492801295656605e-01 6.470108851739168054e-01 6.166771480063248934e-01 2.236303159961823273e-01 3.155851148074880208e-01 5.905723643056431937e-01 3.656939100469492887e-01 7.133001062681176840e-01 2.958767090510567299e-01 2.093412612996175259e-01 2.512177435990772811e-01 4.402051666285163867e-01 2.589380437794124856e-01 3.469305475499533942e-01
1.001455280692931993e+00 9.743592570805860165e-01 9.624184257683725541e-01 1.035837732258643173e+00 1.023520982120043499e+00 8.942214679859823434e-01 1.000348261040733933e+00 1.055351861837053429e+00 9.818428589931849082e-01 1.032925010500363783e+00 1.043920297769324490e+00 9.684085636509796036e-01 9.855430087005121464e-01 9.869772838165442597e-01 9.840304451682201359e-01
8.666040671555047537e-01 8.671507963040179234e-01 7.685464721226057394e-01 7.150819284887202087e-01 4.917753795626698676e-01 5.885084580172778024e-01 7.725861091280382675e-01 4.296682929627316794e-01 9.038775077848371087e-01 6.400194398529757134e-01 4.681858803748943365e-01 7.028612627351231712e-01 7.232334370618361818e-01 8.585730987075479437e-01 5.078550824983930623e-01
4.586515676640772615e-02 1.085728337612235431e-02 -5.050519634539930858e-02 4.466277148069880409e-02 -1.227541090188176420e-02 -5.325996141155232844e-02 -1.419527450324141737e-01 -4.733285380468372355e-02 -8.005945183140437960e-02 5.042448446425123326e-02 -1.880939148757657109e-02 1.788571501263780672e-01 -6.179107189528351696e-02 1.112800840458584746e-02 3.804968421062673162e-02
5.305928088013676103e-01 4.653943662061463260e-01 3.142807043263681765e-01 2.447014591103035541e-01 6.586248707802928593e-01 6.419685249560351803e-01 3.846799639107071345e-01 5.789793087099103230e-01 3.150359256174385947e-01 8.076945215489844676e-01 7.554825801291453757e-01 6.865627313975715129e-01 7.197468943357898663e-01 7.053605957592045117e-01 6.278860350711413796e-01
1.000433105003937229e+00 9.813222763906117585e-01 9.849209082407938132e-01 9.730185186566804312e-01 9.319190246930034727e-01 9.882356142434945978e-01 1.018963383586509286e+00 9.895712376971745883e-01 1.013488403625743883e+00 9.359504473390967139e-01 9.720051345544915566e-01 1.019915796071512837e+00 1.094915145297406411e+00 1.051391826481178127e+00 1.019985229392732728e+00
4.221535855884535615e-01 5.625411311403716308e-01 3.590337465953736817e-01 3.434122098897715580e-01 7.234555250230219059e-01 5.494598632089557899e-01 2.482464340307290462e-01 5.250705111105027356e-01 1.618596176679342191e-01 7.140408768982317023e-01 7.471277078713465247e-01 7.092068347995608146e-01 5.089906897446403455e-01 7.006231709152270781e-01 4.386855716927012261e-01
7.528247253065065703e-01 9.542040674591267813e-01 7.975545366225096355e-01 7.479421303230713303e-01 5.542914955572826319e-01 3.939891003046159801e-01 6.877303544735545726e-01 4.875227319444627172e-01 6.375686270688430968e-01 5.863259273682998041e-01 4.318576066789374668e-01 6.382392378334990068e-01 6.358951557388498044e-01 8.961219022499418152e-01 4.385550479943530200e-01
1.024957176756707555e-01 9.457099511755984178e-02 1.635698584966475688e-01 2.854534093880443102e-01 5.141527717643040729e-01 3.215287397013205650e-01 2.466539268125272633e-01 5.124687899131787905e-01 9.671606259564617669e-02 4.016972204342809660e-01 5.008313039861606031e-01 3.488749589389581462e-01 1.532124650740383509e-01 1.698149255115898870e-01 5.424891887538626500e-01
8.540046917128389925e-01 9.127631888350967726e-01 8.084152187739804818e-01 7.435845692233290505e-01 6.227346308048300472e-01 5.470361819656854863e-01 7.601312706279422793e-01 5.041064409691176085e-01 7.990743483832710714e-01 6.141946816338081927e-01 4.435732199799566899e-01 8.089612704985953417e-01 6.689767309402112616e-01 8.938127888670537313e-01 4.807482175481271325e-01
7.433958483496539982e-01 6.067953756841324431e-01 8.903580934768596800e-01 9.447603775372602763e-01 7.203190599167196284e-01 7.867427590829444428e-01 7.880450583648183072e-01 9.078414716120727368e-01 7.256240486458327421e-01 6.161706838732482483e-01 8.401141968391085957e-01 6.154586165972213418e-01 6.393574997039336294e-01 5.608496257372782567e-01 7.933875244244884550e-01
6.692777862332083272e-01 5.740774042971834579e-01 8.851578570081629627e-01 9.673110310036970860e-01 8.387998708453392460e-01 8.866709881019987360e-01 8.965424053576633856e-01 9.479768932220863364e-01 9.408284495842416106e-01 6.772875683714321138e-01 8.390612865825812783e-01 5.823155940588038426e-01 8.181135419471574632e-01 4.819856771029296105e-01 9.602389684036233275e-01
5.836416214859220242e-01 5.303031164494824701e-01 6.636945150780323432e-01 6.802587881315332874e-01 4.868722853011470120e-01 4.790889940899809019e-01 7.536636760955424119e-01 3.724350670008415576e-01 7.820363633541151938e-01 2.715996328626522627e-01 2.377317058139848116e-01 3.131408034311971011e-01 5.157769094498537710e-01 3.820629872244925007e-01 5.103811594258721440e-01
3.662695539673092027e-01 4.922444479911512460e-01 3.241408090608303705e-01 3.220736591635607882e-01 6.495471305151291341e-01 5.781193785626483894e-01 1.946170479916108087e-01 6.259418957909862469e-01 2.281119238021261930e-01 6.108680016221704756e-01 7.239270916528037780e-01 7.461603328897098431e-01 4.705868145837230343e-01 7.390959285752262131e-01 5.408760845634975611e-01
1.087762105400319479e+00 1.041062460610968632e+00 1.051827457011368594e+00 9.907044952345105404e-01 1.137972195843806489e+00 9.633367052933207164e-01 9.396690275712861196e-01 9.613902722229004105e-01 9.431654974265570868e-01 9.203682282729657160e-01 1.082097368143144278e+00 9.467829836737696736e-01 1.030967157921717892e+00 9.448206635397207176e-01 1.058884439606755379e+00
5.047027500005260570e-02 -2.987080048111207323e-03 1.343960950132622005e-02 1.641151068884571726e-02 1.780770210547698729e-03 -1.602596517830091535e-02 6.512387377594253124e-02 3.005377761525290445e-02 6.024569634375205596e-03 3.730661089648820011e-02 -7.331965810333650191e-02 -1.372808290876261286e-02 2.827089560490013420e-02 -8.223673548402694877e-02 4.663291720168165344e-02
4.298825676283796748e-01 4.890552179830431889e-01 4.128265894203216879e-01 4.079642051773769706e-01 6.715027156446188306e-01 5.590521525153804294e-01 3.155370674295908673e-01 6.392423892667111751e-01 2.493747834642708328e-01 6.471411477436217474e-01 7.930376554138806044e-01 7.336184127265937827e-01 5.613571089642549472e-01 6.298065986992351650e-01 5.697297953157256512e-01
1.107895914393666192e-01 7.413623727731169510e-02 2.304612294248987447e-01 3.682934209736377085e-01 4.251330698712267875e-01 3.497182474816947773e-01 2.589299351133420579e-01 4.712358985760544128e-01 1.212027618916155652e-01 4.444707250650054009e-01 5.589517886313517536e-01 3.112088263335361371e-01 2.023225319456745108e-01 7.156988136167959091e-02 4.375183180581069808e-01
8.808182288521052561e-01 9.281972947078155345e-01 7.571380585364070326e-01 6.270095164998221726e-01 4.504207503255827638e-01 6.070424329848560507e-01 7.146265666641131720e-01 4.929712984859433988e-01 9.082077298205518678e-01 6.537360782209213905e-01 4.484150283125011294e-01 7.649350625401473147e-01 7.593245815675655486e-01 8.313172782678763806e-01 5.106971338836613361e-01
7.455366948114606762e-01 7.570494515971228910e-01 8.218721945912486060e-01 9.166032139437811921e-01 7.120281510467716402e-01 8.255172200926980119e-01 8.031561430883128461e-01 9.670774154441740267e-01 7.485925478982600190e-01 7.685830847907291208e-01 8.111562725032345211e-01 4.491886196935581665e-01 7.087482819960182479e-01 4.322630110183295904e-01 8.966996828949570508e-01
7.339522197597219133e-01 9.198373197307245785e-01 8.012062860438411427e-01 8.352617016808008277e-01 5.297225973856161119e-01 7.612041199722965334e-01 7.695068348243128131e-01 5.655123166555804382e-01 9.720140826426573177e-01 5.909085355706055198e-01 3.167873023428592894e-01 7.765588019320908142e-01 7.886849154474826484e-01 8.662964941223108006e-01 6.045736673025308150e-01
8.069178625540443517e-02 1.880254571160824145e-02 9.036451989359935155e-02 9.055819919813404284e-02 8.817859284767798345e-02 1.194854033786071773e-01 1.278737710723980847e-01 3.441050281017044021e-03 2.073518682931190793e-01 4.979754106058541241e-02 7.763229046238614983e-02 7.546007132038912157e-02 1.293921349284841149e-01 3.258188761507779807e-02 8.014308682094992142e-02
5.149770633100674289e-01 3.938081242795719028e-01 3.427856295677848553e-01 3.593935824952182445e-01 7.791655481708235076e-01 6.265299487566655667e-01 4.187069484740645886e-01 6.259157280012999092e-01 3.142668317664361055e-01 6.828845331008304154e-01 7.281245137349393604e-01 6.876156301422702288e-01 6.745584852791796093e-01 7.675933152079875699e-01 7.003097566165861210e-01
6.724382014517648054e-01 6.102284926349018646e-01 8.280098681480414502e-01 9.027597429946359053e-01 6.862939877105159736e-01 7.985585190638704312e-01 8.531649341210434390e-01 9.795603812146920220e-01 8.340025525221521630e-01 5.584664283239435534e-01 7.201732296860356985e-01 6.112053650715538744e-01 7.336583815204809067e-01 4.769396923110916786e-01 7.871522541070701262e-01
7.325750653857749928e-01 6.009538689542359702e-01 7.337066657058907149e-01 9.650096036349017359e-01 7.594789298375735909e-01 8.104762273047436683e-01 8.375334634201350159e-01 8.438996110268381923e-01 7.893074374099725565e-01 6.125003527864694153e-01 7.183438137751743113e-01 5.334516997229848956e-01 6.252651839336962336e-01 4.733904598344317316e-01 9.229073008586516913e-01
5.301999045960148482e-01 5.374453193051191846e-01 2.109323331759811737e-01 3.674665496722427926e-01 7.675492104420145179e-01 5.878293777177243662e-01 4.262559397079250800e-01 6.173442288891395346e-01 4.242108269394467834e-01 7.311365850561369895e-01 7.445602210918144115e-01 7.972233385717011345e-01 5.553027302525476161e-01 6.846844857907866677e-01 7.682731663899082797e-01
6.433992680244451368e-01 6.550808337179629959e-01 8.689827769806063307e-01 9.929416806429491871e-01 7.917175814716643778e-01 7.452404998789347035e-01 7.872166608465166471e-01 8.834020835620559620e-01 6.954434092212297136e-01 6.377208531315525786e-01 7.412393751060434299e-01 6.654498025825446028e-01 5.895685265181018764e-01 4.569772434498458602e-01 8.287599437109597345e-01
3.888779603902527970e-01 4.406614930100408722e-01 4.423698473339326420e-01 3.366084416767101684e-01 6.668168604619886253e-01 5.189308357321278375e-01 3.676714531420383625e-01 5.815338575974435820e-01 1.079719250111391138e-01 6.864236696594782083e-01 7.835068909665866554e-01 6.041096244067413190e-01 5.475191519484724489e-01 7.349748589375186825e-01 5.543706118514564185e-01
8.300566517370103758e-01 1.019575729389984531e+00 8.895699416369253765e-01 7.264960351704026209e-01 5.200583947947526875e-01 6.809671455486463465e-01 7.785001819064099049e-01 4.655330056526322258e-01 9.353912934725935324e-01 6.125765961261350201e-01 4.788715936182015298e-01 6.482654926029094433e-01 7.249353790521561036e-01 9.399130541371782943e-01 4.944792679255650691e-01
3.366911864205818783e-01 3.979391990629153053e-01 1.666955590761396433e-01 6.582578779645624489e-02 1.830710047542600249e-01 2.477759878141247429e-01 2.039613516866867482e-01 1.423196462219368241e-01 1.544059763662538609e-01 3.661791192243524229e-01 2.138170324152537105e-01 3.980542887531565155e-01 3.507211055481941897e-01 6.069027485436260250e-01 1.461997512386544185e-01
5.772147317281932644e-01 6.469222117045342335e-01 7.187986103164214491e-01 9.371415274141311480e-01 8.188277044047179709e-01 7.043311125431919173e-01 8.146069103399679046e-01 8.921504091504310896e-01 7.788383072864586421e-01 7.063092366009162681e-01 8.509919722245354867e-01 6.413593031741253725e-01 6.402847710607698639e-01 3.298049944394758626e-01 8.365729420697255447e-01
4.914022505354740389e-01 5.127581360824592371e-01 5.822619951088261470e-01 7.343715855049165464e-01 2.782461530618032253e-01 3.840800328043124101e-01 5.014857039632076852e-01 3.987818996089181334e-01 5.940937111162423179e-01 2.702399028213591237e-01 2.343832482134232398e-01 2.667474122321298324e-01 4.646267806132711176e-01 2.926260158110265408e-01 3.201832518013573714e-01
1.008627614341728096e+00 9.776846903508598086e-01 9.843895815987676601e-01 9.241113373224157934e-01 9.810038806566551139e-01 1.010280638757243166e+00 1.029391648585384678e+00 1.002603391538266386e+00 1.001209113767280723e+00 1.004261896168463508e+00 9.998090536160547659e-01 1.045494536124064400e+00 9.817788015513122524e-01 1.001511653302122662e+00 9.765514920206108673e-01
6.605927769772676483e-02 -3.006788821881344748e-02 3.627963025130326313e-02 6.120183747540904051e-02 7.148715866778718175e-02 1.162959780467965609e-01 1.009547529826683859e-01 6.754034097659300517e-02 1.629444217502705183e-01 2.547069737246068777e-02 1.174652770555597303e-01 7.452086553938529201e-02 6.241454168538237285e-02 9.173429206782915402e-02 -1.081801736792314950e-03
1.710211570966289341e-01 7.354663774389245956e-02 1.152422176116766617e-01 3.376937355577639410e-01 4.495531970072774719e-01 3.671963763365360678e-01 2.116297451799766249e-01 3.981431456506336342e-01 1.682245904416855287e-01 4.364191561069737380e-01 5.539856197002940297e-01 3.196770942166307639e-01 2.366670912154193174e-01 1.500524061727065983e-01 5.109584003740520464e-01
8.336549017318850563e-01 6.531680008945862648e-01 8.810384543971986337e-01 9.052564451045466143e-01 8.393614582832746862e-01 8.548274452539513790e-01 9.207415122172125654e-01 1.005971206830410969e+00 9.566021052489716014e-01 6.227916338361282333e-01 8.946020809230567084e-01 6.399609610249287206e-01 7.916603469784734282e-01 4.835254738499629723e-01 9.800815212513905861e-01
3.658342641020262964e-01 4.595334242302164252e-01 2.881794134705381039e-01 3.643303682763470164e-01 6.735890305407513656e-01 4.841927539721977425e-01 2.573222412573028528e-01 5.482733265925147093e-01 1.380142336870018305e-01 7.125190183201747240e-01 7.427056308370910687e-01 6.273943868683321545e-01 4.486732724552084384e-01 6.160950609212445528e-01 4.737928105568294246e-01
6.919060277357604871e-01 7.071000975905823438e-01 7.817194759118905045e-01 9.085022011516884488e-01 8.511774695766797239e-01 6.942324416566166834e-01 7.539468483222523387e-01 8.569348159024750000e-01 7.433753885994788257e-01 7.325845832198277785e-01 7.958631017553106091e-01 5.464995695033708634e-01 7.044886804810494008e-01 4.432879428026455515e-01 8.775572926835744081e-01
1.056493958921834064e+00 1.058926821172585964e+00 1.027774146833740021e+00 9.937531266177809242e-01 1.009478332581615234e+00 9.605233040180783943e-01 9.278654362942889700e-01 1.032827097315792475e+00 1.016523144019247704e+00 9.962745781953880053e-01 9.575975659638076287e-01 9.962103135487846428e-01 9.637807922487454659e-01 9.720675454652680791e-01 9.259499012015112163e-01
6.434035371452823115e-01 5.740940300661024898e-01 7.818838590538313982e-01 9.123515792811471847e-01 8.287835396624588791e-01 7.198582611194132008e-01 8.150512201914432708e-01 8.170826925431082799e-01 8.144860872415680131e-01 6.892719869368870711e-01 8.239158096154991506e-01 5.167485985045214836e-01 7.172673831593158189e-01 4.396815431434720201e-01 8.596090940320173512e-01
8.909681881840205708e-01 9.330018854232267067e-01 8.860709022119181988e-01 9.614660952438086605e-01 8.774876009622158968e-01 9.713230721676704427e-01 8.806049346438168390e-01 8.761346706436616838e-01 8.156746084312550549e-01 1.007663825056604345e+00 9.758079599121095571e-01 9.286959540623445086e-01 9.688161795255031405e-01 9.574735276867413214e-01 8.218732433892265155e-01
1.002660517955542840e-01 2.334252467279892412e-02 -5.813899486478882328e-02 2.952767940940293628e-02 4.087700971165884878e-02 1.011430364139090932e-01 1.226674897829724831e-01 -2.859531215613019678e-02 2.367607275641026854e-01 4.784469880895602517e-05 4.604987659997353960e-02 4.768603469875411227e-02 1.626744461805321729e-01 2.516607788442907362e-02 2.044664142167391674e-01
8.980249575159258146e-01 8.242528048149199149e-01 7.965314190777406100e-01 7.129500161096201660e-01 5.830586336391179181e-01 5.568189900564100014e-01 8.052933764069295508e-01 5.037226596373342025e-01 8.166997385624628070e-01 6.543110974391999068e-01 4.450721772999736703e-01 7.203437957623157750e-01 7.729874782419674517e-01 8.378287212144919227e-01 4.821056116832186378e-01
1.912585229091027239e-01 -2.084002656158509548e-02 1.038554140523379049e-01 2.707410808486853115e-01 4.302493143348226634e-01 4.283449772396445421e-01 2.774040297622531459e-01 5.707426519664096087e-01 1.819831324548363549e-01 5.278766119952598146e-01 5.708903766887434283e-01 1.827889244174860650e-01 3.437757493766593897e-01 1.189283406541402077e-01 4.688537445292301209e-01
6.286376793264825125e-01 4.761867084777626213e-01 2.944785242465391972e-01 3.956587343025039227e-01 7.171276940555773027e-01 5.997729144416132918e-01 4.497922063050175390e-01 4.856641889022057512e-01 3.938574948289583766e-01 6.624425743769172259e-01 7.893438996261253893e-01 7.505996195732717036e-01 5.961503691959116891e-01 6.010845069701931109e-01 7.157591964877585422e-01
6.265742239116900425e-01 5.821339529286900794e-01 8.634239790722628705e-01 9.503285270796342221e-01 7.481800387951688114e-01 7.368428604214332100e-01 8.202944176039130841e-01 9.254054672033449336e-01 7.855687576145619078e-01 6.826413703521448939e-01 7.565048327983103782e-01 5.500462923254342273e-01 6.742810686995458491e-01 4.541629369309033160e-01 8.260363205706239276e-01
8.839896350005416181e-01 9.580929802728869182e-01 8.692751580510124088e-01 6.855752913366619516e-01 5.536546324162635591e-01 6.529810206561301733e-01 8.637464979527996745e-01 4.290870820874087554e-01 9.322746819568584753e-01 6.052408226452458129e-01 4.368744423993823345e-01 6.925696212985852362e-01 7.358113357553814904e-01 8.459973488368697225e-01 5.300426202557350086e-01
7.735735065159887736e-01 9.196739029253637732e-01 8.800142027662622990e-01 7.232265602812613103e-01 5.928241732920743745e-01 5.870224456244492739e-01 7.682577721045019681e-01 5.254555009309238578e-01 8.004419282083100606e-01 5.972928230372260838e-01 4.155252937956576131e-01 6.253947216265670628e-01 8.099647704405534832e-01 8.420425178940238453e-01 6.348735853687501596e-01
7.288135544722755821e-01 8.892489490666861673e-01 8.581376634637548628e-01 6.315950830563956675e-01 5.045433131616886557e-01 5.757790939422654519e-01 6.084172117112986999e-01 5.114586659384551259e-01 6.456359714354156232e-01 5.939654522888001553e-01 3.967600462257375726e-01 6.947186356374269733e-01 6.679463507848784065e-01 8.229507058439022860e-01 3.403271228898188117e-01
9.364740280530746697e-01 1.029243230177838475e+00 9.497140376101476100e-01 9.351062094755705489e-01 9.356352320012794044e-01 9.950050123141365166e-01 9.789973045219172443e-01 9.421974224153731869e-01 1.022530172721993091e+00 9.906859252669859561e-01 9.894035719843821131e-01 1.062318166116203111e+00 1.002806700616610147e+00 9.956040093115454681e-01 9.467299901121194461e-01
1.795261229897568422e-01 6.112113431730575863e-02 2.571237935096694072e-01 2.557207954757336754e-01 4.696578091243830966e-01 3.041247046881254690e-01 1.751428277378305753e-01 4.521817878413338931e-01 1.132776843420049973e-01 4.525108448776201109e-01 5.213848642513840836e-01 3.649970707152859206e-01 2.329537159390610290e-01 1.272664503910626022e-01 4.306140400874851060e-01
-1.908456224081836114e-02 -9.689386475841357815e-02 -1.197482437451421994e-05 -7.696201607974467729e-02 4.303446619130533307e-02 -2.261333556862075989e-02 1.347234309243554307e-02 -2.350552607007739755e-02 -6.522822943400512219e-02 5.290814942422525369e-02 -6.131795435305489872e-02 1.088010179548078854e-02 1.982195634004732879e-02 -1.087113289022066491e-02 4.450384019947134506e-02
6.527834116159101363e-01 1.023192531416563966e+00 7.849405577031977055e-01 7.035270401042660326e-01 4.960840778051991973e-01 5.414696412071723364e-01 6.396884587170358349e-01 4.382465044982893354e-01 6.437883359336731282e-01 5.263367397691638416e-01 3.394051640277983006e-01 6.102334083520862817e-01 7.156395599440911193e-01 9.489419432167145452e-01 3.163755194529792591e-01
6.862383552750129789e-01 6.019677330036357077e-01 7.994394244673684868e-01 8.830267327085750129e-01 8.426520383303991446e-01 6.203868993008362365e-01 8.295442408568062254e-01 9.051496409636473617e-01 7.218545938105735971e-01 5.701052318577997102e-01 8.362236163576090009e-01 5.664189403067800832e-01 7.077329061876765914e-01 5.114992993187978954e-01 8.746411824599182872e-01
4.121753352246039781e-01 4.328907037975338601e-01 1.635920167244859780e-01 9.061163725728357821e-02 3.003512340646767864e-01 1.363574317072628883e-01 1.761851873488717857e-01 1.166759664814742414e-01 2.286943052662898934e-01 3.065243832056043782e-01 2.285169486058071797e-01 3.424346971437396414e-01 2.771982410649179163e-01 4.975342656972605027e-01 2.354559371836736914e-01
5.268483088749678078e-01 5.740647493308383975e-01 5.164652487065418685e-01 6.430745593910197622e-01 2.490808350793581039e-01 4.842119925618760257e-01 5.967247164516008562e-01 3.322820236814189587e-01 6.292856697736507465e-01 2.761932769453542824e-01 2.331778260783524959e-01 2.271377059758976635e-01 4.728822578528639187e-01 3.227964052434943443e-01 3.234033687334443297e-01
1.827893967674558695e-01 1.354999177279568590e-05 -3.666551207565177384e-02 -3.807835132194481442e-02 8.592639102122874573e-02 1.324768334528752256e-01 2.176206438235319118e-01 -1.960095654787743363e-02 1.654174103765624348e-01 6.756644178122757360e-02 -1.083141549535689835e-02 5.276551244438315580e-02 6.514902693686697166e-02 5.909750857206670649e-02 2.070007068968405251e-01
9.013187018163120179e-01 1.008480805609339059e+00 9.506668593241750509e-01 1.008409796262917268e+00 1.132768708074670450e+00 1.038193673718317278e+00 9.007432527079690665e-01 1.037765030246766029e+00 9.898800449089556475e-01 1.056291362985745774e+00 1.134863134203389690e+00 1.030748492717248554e+00 1.037404232562806339e+00 1.010772058333733181e+00 9.938552168882065496e-01
4.230614606876175743e-01 4.264514678765681244e-01 3.366455993915478118e-01 2.846580242175906772e-01 6.334164162669887466e-01 5.306909181326210367e-01 2.798652133197229164e-01 6.213578948629538967e-01 1.280003629390233100e-01 7.120400859025821649e-01 7.533628296990100282e-01 5.868869796493313418e-01 4.580866198386420729e-01 6.048590507800739591e-01 4.251949693521154261e-01
3.816504246448244875e-02 -5.566764226549071604e-02 5.474644136640802183e-02 3.925405878025659684e-02 -1.052359628909332878e-01 3.527814994350851607e-02 8.767839029390161673e-03 -4.483966290982496078e-02 3.237688541573063850e-02 -7.307966528290664454e-02 -5.801158253021244937e-02 -1.244467827303399193e-01 -5.276313658619185415e-02 -1.557949917680164810e-02 4.321103237971052335e-02
7.309163240451085342e-01 9.083668642561393280e-01 7.995689090764016571e-01 7.190763230869406941e-01 5.450751446671676659e-01 5.237358190960673676e-01 5.969206296629941955e-01 4.723897628183593156e-01 7.129320514791633867e-01 6.654047669411995436e-01 4.300963192111343925e-01 6.691130972189027748e-01 6.142669165178081814e-01 9.493866440682161567e-01 4.579742858513151105e-01
3.138304242544956990e-01 2.942374571584970289e-01 2.552249508588358973e-01 2.430376105071587953e-02 2.112327593273743975e-01 1.841851403687737587e-01 9.032405385089913030e-02 1.065433089047592430e-01 -4.888200484456661776e-02 3.175906406293728668e-01 1.850042264548540372e-01 4.659404571338492951e-01 1.657871074717640059e-01 5.857662469843974984e-01 6.932206412711076904e-03
3.190173391085236454e-01 3.589895762737352336e-01 1.986022239151845059e-01 9.350837585179676281e-03 2.730525115597705055e-01 2.205136002437248777e-01 2.327470500657169705e-01 9.912297700220179530e-02 2.493262383097939183e-01 3.902498080970950856e-01 2.159360640356116912e-01 5.095119273473190935e-01 2.968328604312890917e-01 6.220107721919203581e-01 1.085597301836955242e-01
2.190926364527387982e-01 7.603907031360403190e-02 2.209235813883717869e-01 3.167505363600031654e-01 4.391993294128074821e-01 4.864831493743621005e-01 1.854224869282364019e-01 4.486607780959750436e-01 6.636087669567036773e-02 4.491545317143843530e-01 5.749746215001212413e-01 2.763855620720521156e-01 2.120935081744719786e-01 1.292737899903773913e-01 5.137937217272201540e-01
