5.673718225457992093e-01 4.910563128216209328e-01 5.308520281073086933e-01 6.333759979039038646e-01 6.165952089866525432e-01 6.449608488129061623e-01 5.662443922901140292e-01 4.422317065231295419e-01 5.702499991188970663e-01 6.888870184668896002e-01
5.103130707931236021e-01 5.196420662168725890e-01 5.654917750137368193e-01 6.480978103802668144e-01 5.641911113711050030e-01 6.118631782877440584e-01 5.992873367936323303e-01 4.913768872924968445e-01 5.490757021472871813e-01 6.397025765005264208e-01
1.005672567889415447e-01 6.650890226894765056e-02 2.526945706868315433e-01 3.085493749755450349e-02 1.673604065447979738e-01 1.502970076293923263e-01 2.284264751212217726e-01 1.262081950788708773e-01 1.571525964642182249e-01 1.136986664171683731e-01
7.092944149759585759e-01 6.491424357953697877e-01 5.815604593107724929e-01 6.223948796046983034e-01 6.132679103414316879e-01 6.505366395348257669e-01 7.268025530016496427e-01 6.885985200060147360e-01 7.740333673611993204e-01 7.471864234629133072e-01
2.242264512246421385e-03 0.000000000000000000e+00 0.000000000000000000e+00 0.000000000000000000e+00 1.987733620279060268e-02 0.000000000000000000e+00 0.000000000000000000e+00 0.000000000000000000e+00 1.958330885982831338e-02 2.170382357609692940e-03
8.407875247807578001e-01 7.593304574994075296e-01 7.913525082316738013e-01 6.452935517244008379e-01 8.213494188797367812e-01 7.780368770510524001e-01 9.623255666272677589e-01 7.964019345442794329e-01 8.917230805351457068e-01 8.563461543618947625e-01
8.524292643675548398e-01 7.589481798341539687e-01 8.337530036144606971e-01 6.162564000718283586e-01 7.739908617490065534e-01 7.515041078423561061e-01 9.431404066885029636e-01 8.033134264021923876e-01 9.543849434872089255e-01 8.717782260338389211e-01
8.802219051692722340e-01 7.660038433254304779e-01 7.833405312359779105e-01 6.594701413138559509e-01 7.636756422312063197e-01 7.633671079294526152e-01 9.441317827293030929e-01 8.171736759476462275e-01 9.118061823588953230e-01 8.468372973517168667e-01
1.000000000000000000e+00 1.000000000000000000e+00 1.000000000000000000e+00 9.845128940667140505e-01 1.000000000000000000e+00 1.000000000000000000e+00 9.973643152930996569e-01 9.880014475751280889e-01 9.669737759884817763e-01 1.000000000000000000e+00
4.839173193042203835e-01 4.997847805138752597e-01 4.349202569149111519e-01 3.680795447124257658e-01 4.176784193109184251e-01 3.590674953437060779e-01 4.065166188323237617e-01 5.645208333179845273e-01 4.468714395359437708e-01 3.597191229336380025e-01
5.145754372638765561e-01 5.064348539761369672e-01 5.993017329917361691e-01 6.250942028945178919e-01 6.001057774836721093e-01 6.428695570214995048e-01 6.122067600323345404e-01 4.579183019624828432e-01 5.496292742269279774e-01 6.272806265496763123e-01
7.550263425932126626e-01 6.793563172310842502e-01 5.743698773753053155e-01 6.425406680067163867e-01 5.882859585087624188e-01 6.579392938192216711e-01 7.286647621826960464e-01 6.837884095298546461e-01 7.549818933462247861e-01 7.452744008835305856e-01
2.991254963765740404e-01 2.990145413730191937e-01 4.119332893704618637e-01 3.439652579642393238e-01 3.949254592807225350e-01 3.718505770571164937e-01 3.145876813568962982e-01 3.257578889281599333e-01 2.674448790819986543e-01 2.739731618489923415e-01
6.095481793334228682e-01 6.809222523709308472e-01 6.096687003743038735e-01 7.130780396391784848e-01 6.642003006542641641e-01 5.814897608363930326e-01 4.772083063251968960e-01 7.588415660159290033e-01 4.882264994964250482e-01 4.981763381242069744e-01
4.629303618646089524e-01 4.927282656987657106e-01 4.511850400310651876e-01 3.538926591044757042e-01 3.962969128607505276e-01 3.695227164141783871e-01 4.295574633427500788e-01 5.502455970646310535e-01 4.537453975057622602e-01 3.578634655148280053e-01
4.621469065676916399e-01 5.257517506283970743e-01 4.737796816763494845e-01 3.434892757611169301e-01 3.980201472109846650e-01 3.825863305642210888e-01 4.608257097724105522e-01 5.723967224870566417e-01 4.473319751609033390e-01 3.328047659022876359e-01
4.626890033236194522e-01 5.239442682944782659e-01 4.199693404323337487e-01 3.499691178942127001e-01 3.699523741378512032e-01 4.140886261387624057e-01 4.373492533252393288e-01 5.728996121860447932e-01 4.276612503979750901e-01 3.603423453167801105e-01
6.234385044428049083e-01 7.579990082171446097e-01 6.388016545107054744e-01 7.401771984163479923e-01 6.280815677637712202e-01 5.952664151195832254e-01 4.587891973611140650e-01 7.733851067144269509e-01 5.210652475576921239e-01 4.912794283681434226e-01
7.313595515820444648e-01 6.536143365906236236e-01 6.157981709308090190e-01 6.271745067375948945e-01 6.067404414299355508e-01 6.737056068574122092e-01 7.477781536401153506e-01 6.836512863249535332e-01 7.617310231152363276e-01 7.218036719826190772e-01
1.722279721886187942e-01 2.656226445202763964e-01 2.285901268037549838e-01 3.575272337535494449e-01 2.274236569171055322e-01 2.172946884678083890e-01 5.041693629060192000e-02 2.258767393391943601e-01 7.291801096348506095e-02 1.492177277579387618e-01
8.789049619833690929e-01 7.507165278827525601e-01 8.527037495721685456e-01 6.378610332761758261e-01 7.849130930988630350e-01 7.440207147887311079e-01 9.475813938171049333e-01 8.283765975613690546e-01 9.200929484178013151e-01 8.779620635935388995e-01
2.850081392233916322e-01 3.367253637722642523e-01 4.518227922719605383e-01 3.711310917598359960e-01 3.692780883986178098e-01 3.528160398094715711e-01 2.888949685971796688e-01 3.003696626270486725e-01 2.455352716044209571e-01 2.958207995115633149e-01
2.770749326637697574e-01 3.618332316977159735e-01 3.959617251176505981e-01 3.834711757364808737e-01 4.068917519266068150e-01 3.603342076510694936e-01 2.692683054872424542e-01 3.237922568269063772e-01 2.656591222825505638e-01 3.051134307176433524e-01
5.461231066161135184e-01 5.091964526026055982e-01 5.390055717940893665e-01 6.689880883491712282e-01 5.614745558802111125e-01 6.416071609364469852e-01 5.948919823238256743e-01 4.275244979868716433e-01 5.595036967384199311e-01 6.323693115595757641e-01
7.699580584067052813e-01 8.274423622057447414e-01 8.677947240885440783e-01 7.460432424039056265e-01 7.912183054452969211e-01 7.415767514040511044e-01 7.306501461348627879e-01 8.658568004805522467e-01 6.764365286812746847e-01 6.126935870196474898e-01
3.156021961350238270e-01 3.157279933683530548e-01 4.270352565012071611e-01 3.577460960843258375e-01 3.578951947311005410e-01 3.408965506874676588e-01 3.085828380430574169e-01 3.003441650928540541e-01 2.309813883769712695e-01 2.787843308391207420e-01
7.628061781437952549e-01 8.495367806588719484e-01 8.350716858559311673e-01 7.160024518429902729e-01 7.940428816814640856e-01 7.125243093182734855e-01 6.601240274856526868e-01 8.461146300277770926e-01 6.770164319480858062e-01 6.309918865132402299e-01
5.878737596700146506e-01 6.263785462073426791e-01 6.704663895685462061e-01 3.555802986889878281e-01 5.393239657703580159e-01 5.111262050330641626e-01 6.452768367819954332e-01 6.314814200745040296e-01 5.859706202377855666e-01 4.803267663767688544e-01
1.000000000000000000e+00 1.000000000000000000e+00 1.000000000000000000e+00 9.831891125474329085e-01 9.507680711401168550e-01 9.854550717121395298e-01 9.973152505629013787e-01 9.953122409722059416e-01 9.898151799278283036e-01 1.000000000000000000e+00
1.000000000000000000e+00 9.800359584472448926e-01 9.970478063710088712e-01 9.915089878095718623e-01 1.000000000000000000e+00 1.000000000000000000e+00 9.914286698927856634e-01 9.942469903803677900e-01 9.952039218972194012e-01 1.000000000000000000e+00
5.775544210479539586e-01 5.842711782975573698e-01 6.761259746440269058e-01 3.791565619085406902e-01 5.739173614101271692e-01 4.832998488924764580e-01 6.089712414487686853e-01 6.629346517655243520e-01 5.981597167489456357e-01 4.884592195291919681e-01
5.376198707969032098e-01 5.114920181868918281e-01 5.649086970594451307e-01 6.251265033446473662e-01 6.009780430661968431e-01 6.452923206075684703e-01 5.419511581538446476e-01 4.635134834672736126e-01 5.297319634655925924e-01 6.416765839629248180e-01
0.000000000000000000e+00 6.771306446490017207e-03 1.852787507037144529e-03 2.574906478503243175e-03 0.000000000000000000e+00 4.136259808648322378e-02 2.122125466653217510e-02 2.117128234021320790e-02 0.000000000000000000e+00 0.000000000000000000e+00
1.316110472660791120e-01 2.329208059936185293e-01 1.861799355523688637e-01 3.544178697815680845e-01 1.973516652014442874e-01 2.319104975060201079e-01 7.650408703544928080e-02 1.886631959802139713e-01 1.654028114340536787e-02 1.699766048557051490e-01
7.154841113911094563e-01 8.424877882389300021e-01 8.466658278038747820e-01 7.457325505384817532e-01 7.949576025681225344e-01 7.296899498447467769e-01 7.202644982740578072e-01 8.312290975938324555e-01 7.202538538833361814e-01 6.380399546003030498e-01
2.776573197786484370e-01 3.474988579835844860e-01 3.887602548014563730e-01 3.827493464871820628e-01 3.509728979363418988e-01 3.539712991023133970e-01 2.838367055391221028e-01 3.085073367026817670e-01 2.075898939793920095e-01 3.006989721524983561e-01
4.027852236364958260e-01 2.533154302215560594e-01 3.588306378226719939e-01 2.682260096418707107e-01 3.426387159869640486e-01 4.338458528474424258e-01 5.171396443431616197e-01 2.394678349057206279e-01 4.907249004686654037e-01 4.962590642160818466e-01
1.000000000000000000e+00 1.000000000000000000e+00 1.000000000000000000e+00 1.000000000000000000e+00 1.000000000000000000e+00 1.000000000000000000e+00 1.000000000000000000e+00 1.000000000000000000e+00 1.000000000000000000e+00 9.880039705935504957e-01
6.362052951640428944e-01 7.373960211434253953e-01 6.131029559485423608e-01 6.898464547631821819e-01 6.651177025549525057e-01 5.782400108131606764e-01 4.767413235424152185e-01 7.926102586568979369e-01 4.982848845847290264e-01 5.187153321081012791e-01
6.045442458492401583e-01 5.936355862873246014e-01 7.014979407496635400e-01 3.648163541039960434e-01 5.797711411486019539e-01 4.900505646799778181e-01 6.271157850634281328e-01 6.601016306577455195e-01 5.903160835734815315e-01 4.886064611990045270e-01
1.570390659090672159e-01 2.294845285569443449e-01 1.589419866495750677e-01 3.795991456296409217e-01 1.924095696869682903e-01 2.305324530257720217e-01 7.968907734431243672e-02 2.100843837019420735e-01 7.734574758373491399e-02 1.599919775159561186e-01
1.275409992514855428e-01 1.006058686791930640e-01 2.553924481868453666e-01 5.018921584190145016e-03 1.770288599621180903e-01 1.263787467607440651e-01 2.478479298669852282e-01 9.088255530803947269e-02 1.833940673979770897e-01 1.473985337734716461e-01
6.113715868183451363e-01 7.281265686320852470e-01 6.355840004299867507e-01 7.246956542082219066e-01 6.351658807592179823e-01 5.878060937616480519e-01 4.685131935159029815e-01 7.705049923278122215e-01 4.860413686606991357e-01 5.030198049827924178e-01
7.522787711073977146e-01 8.357891265276201631e-01 8.264086347621569795e-01 7.611122796116182032e-01 7.924023835196062349e-01 6.985431179420945602e-01 7.201543004373619494e-01 8.702594905990987950e-01 6.595185224982527128e-01 6.149320110955652785e-01
1.972411386377878051e-01 2.536424961690789681e-01 1.545829559925339103e-01 3.873033522514813254e-01 2.015386803756796241e-01 1.999737167332663879e-01 1.032424978918851932e-01 2.191335580399257077e-01 8.206154576820140489e-02 1.743575082585085978e-01
9.970325034900816563e-01 9.982443319134750581e-01 9.760199309646189203e-01 1.000000000000000000e+00 1.000000000000000000e+00 1.000000000000000000e+00 9.775753820458595866e-01 1.000000000000000000e+00 1.000000000000000000e+00 9.534279058788988070e-01
8.775253279516449512e-01 9.097499415468233153e-01 7.878507078436142175e-01 9.749044781327658171e-01 8.265472442205794579e-01 8.761927546840695413e-01 7.450402910207567508e-01 9.120124319629171472e-01 8.470103133881661250e-01 8.735684450489686892e-01
3.849713969861210949e-01 4.269081635716539536e-01 2.907219654841202705e-01 6.167700736750685309e-01 4.419138448413386655e-01 4.834330082594608391e-01 3.558825444669448390e-01 3.598000141687076603e-01 4.173046749911823450e-01 5.077332114222361525e-01
6.223601836848752233e-01 7.482933277213398293e-01 5.978043326011245329e-01 7.137306554726289276e-01 6.025845639892909444e-01 5.911052475383378191e-01 4.992281052327736668e-01 7.215134765234451075e-01 4.885448704654448693e-01 4.907028126358734532e-01
2.271309605641456397e-01 3.553202511026444799e-01 3.955461230850970122e-01 3.817797940335194706e-01 3.423631171008353347e-01 3.866068362862259966e-01 2.706805193244264385e-01 2.951568475225312960e-01 2.264026833312675069e-01 2.687234256196015525e-01
1.596431763379845825e-01 2.415971034219057678e-01 1.578289377520081527e-01 3.682684221436052230e-01 2.629668889679054322e-01 2.541345662318533760e-01 5.945792992400835558e-02 1.877551652471379229e-01 7.821881700446305097e-02 1.839128918370077914e-01
1.428788579608549769e-01 9.447891818555846644e-02 2.253639958939146759e-01 1.768178449635748883e-02 1.745234140282440616e-01 1.226705692212299303e-01 2.277915180605301904e-01 5.234311220423810973e-02 1.932418556802870391e-01 1.699604993779798567e-01
1.290653486902510194e-01 1.009431884611066282e-01 2.501704170281559003e-01 0.000000000000000000e+00 1.500558231286489574e-01 1.334900284826134598e-01 2.205674487635634895e-01 1.223727796880565433e-01 1.396747495631980862e-01 1.381769755374248898e-01
8.274571653144483507e-01 8.068287088961335618e-01 8.258175666976808049e-01 6.368226627001517537e-01 7.947046720789290308e-01 7.760151807942246016e-01 9.288146046127939703e-01 7.858738658915038755e-01 9.375689034108843911e-01 8.346975715118906125e-01
7.177490440628335744e-01 8.180707696125757433e-01 8.223618224459974257e-01 7.807127565851217366e-01 8.064949418910338785e-01 7.013383209158849940e-01 7.126597913918321092e-01 8.469061102722225121e-01 6.807140467119504601e-01 6.341649011115435552e-01
7.210812070004564145e-01 8.205289770225540069e-01 8.901801082304263701e-01 7.306164028410020439e-01 7.908280523637580828e-01 7.212057814774432973e-01 6.748191547840068916e-01 8.494893396944711572e-01 6.546504687288059454e-01 6.507065284094554203e-01
1.614974043691642103e-01 2.431988210527871175e-01 1.252807738374177027e-01 3.678092850404472980e-01 2.248021148499818045e-01 2.467782508103428252e-01 6.450744246572219509e-02 1.681698483588337789e-01 6.175444333955426579e-02 1.121855028292116779e-01
1.820253529712484442e-02 2.030403658769094205e-02 3.646335103373395115e-02 2.559665275923236546e-02 0.000000000000000000e+00 0.000000000000000000e+00 0.000000000000000000e+00 0.000000000000000000e+00 4.246186035878213305e-02 0.000000000000000000e+00
2.562062682306015526e-01 1.681960903122862450e-01 1.215815850458882991e-01 2.341403036099134749e-01 2.133921004099360308e-01 2.923675498462020572e-01 3.003490140333661684e-01 1.724372344374797417e-01 3.337053116225144334e-01 3.692532980982942137e-01
7.330730169836675580e-01 6.586736787715566921e-01 5.750451235632596525e-01 6.467629463180143423e-01 5.973676840213025807e-01 6.137242258296834452e-01 7.188133546672161867e-01 6.786428787650768957e-01 8.164920679307818840e-01 7.242657292753359455e-01
6.813468079915603326e-01 6.298801116340679851e-01 5.894273814357848806e-01 6.372599901607528539e-01 6.187200118524820436e-01 6.402932530582305937e-01 6.896138453621475373e-01 6.787779891144309907e-01 7.771523657358806458e-01 7.334073298237202554e-01
4.149663154685506172e-01 4.118049022577116580e-01 3.300028278061533649e-01 6.418386336144038529e-01 4.051671093923518985e-01 4.959392342301050527e-01 3.536904320449335004e-01 3.295745284883055959e-01 3.899568029647227929e-01 5.079862099245630036e-01
8.430278721203190440e-01 7.703177607495588219e-01 7.975987983798327186e-01 6.202772787917176789e-01 7.710238090599839111e-01 7.613809491252444550e-01 9.214268134198996263e-01 8.364877218386315150e-01 9.051113011509993589e-01 8.729648178926445734e-01
5.160547158535571111e-01 5.184365947702003208e-01 4.961160017843648795e-01 6.433542578441618920e-01 6.013424836600045342e-01 6.608146101932432792e-01 5.770623837911548204e-01 4.343253896847694695e-01 5.453653734604771985e-01 6.595256098740239770e-01
4.617844008747111761e-01 4.810289797012823332e-01 4.556946244210715036e-01 3.761049322173051768e-01 4.163962903154778683e-01 3.126818902206762729e-01 4.200188916521661597e-01 5.775291628358528717e-01 4.160919244427764840e-01 3.705531701805487854e-01
7.522378443884819577e-01 6.741800898513153895e-01 5.904294470877853307e-01 5.954877992203910786e-01 6.224686654744752135e-01 6.281745858376455161e-01 6.970338162518834313e-01 7.313968919900913912e-01 7.642081428704510238e-01 7.328810593685939345e-01
4.962557936369497713e-01 5.414513321419452963e-01 5.465810319435335796e-01 6.304215286669354601e-01 6.223507607373426342e-01 6.227513898343955967e-01 5.801124723937559624e-01 4.485322751728129109e-01 5.481241950829360832e-01 6.837397412390169293e-01
3.911271454867291109e-01 2.418166587221955710e-01 3.759019988671293833e-01 3.112270484395758263e-01 3.702546494788447884e-01 4.070848652367259346e-01 5.084588998694402617e-01 2.588623933441798752e-01 4.665165893480066051e-01 4.318792703758932428e-01
9.986677180608418691e-01 9.957244892581713636e-01 1.000000000000000000e+00 1.000000000000000000e+00 1.000000000000000000e+00 9.900177924270839869e-01 1.000000000000000000e+00 9.980536090740201871e-01 9.970012815302220499e-01 1.000000000000000000e+00
6.419611339415689510e-01 7.256455901368428218e-01 6.289276458796867475e-01 7.431197074189825891e-01 6.732266740407285566e-01 5.732891327600689868e-01 4.767897830601289799e-01 7.626556067629657321e-01 5.569926205175455003e-01 5.003002882578115873e-01
8.948542092479905286e-01 7.487935549461091078e-01 7.919990029488817029e-01 6.383990974293988208e-01 7.915743956334930775e-01 7.749894687925874548e-01 9.500565110256543599e-01 7.756588814513067920e-01 9.012510826709733136e-01 8.223074370258190990e-01
4.149466792636061774e-01 4.376413314118923759e-01 3.253707037370989763e-01 6.315835878389799429e-01 4.466594460308500603e-01 4.882028276520170018e-01 3.918126308170405414e-01 3.586974073249272199e-01 3.796975992144856482e-01 5.149431985842812809e-01
8.464279739517625023e-01 7.424811345560946574e-01 8.118225403193559675e-01 6.297039804412504216e-01 8.006125331675318924e-01 7.597245712532617601e-01 9.737020248673491363e-01 7.709475294691460201e-01 9.206065714262782196e-01 8.199102326695510978e-01
5.165433676038173605e-01 4.871603097198564658e-01 5.411600285622711892e-01 5.979640951011861993e-01 5.579359793323777073e-01 6.574464541978571885e-01 5.856765670680328384e-01 4.386696523114261281e-01 5.251545243265465235e-01 6.307037113173625809e-01
1.041648078841103664e-01 9.412700731005674282e-02 2.622274379182615855e-01 6.864876499242323488e-03 1.616786831992713946e-01 1.077487718168599340e-01 2.231543315326717791e-01 9.522105111353075524e-02 1.389389436010343148e-01 1.573056401241837987e-01
7.072085819475942836e-01 7.182285947745661314e-01 6.218979269660499520e-01 6.404467239747125840e-01 6.457740154729473270e-01 6.181572289799349695e-01 7.310653698747180407e-01 7.330908256427727254e-01 7.802327332274491267e-01 6.999773350333997612e-01
4.811596465674204404e-01 4.587285591972302679e-01 4.573274373610206056e-01 3.338998478690831662e-01 4.004712513268887664e-01 3.411444010657695980e-01 4.292271100030030651e-01 5.533229588199588544e-01 4.133909000026493308e-01 3.725176784399232832e-01
9.021388755405349014e-02 9.193445728806218242e-02 2.090811177801266407e-01 1.385989461436826220e-02 1.553755296855896528e-01 1.648417541065855529e-01 2.516903614073217610e-01 9.062661785455995711e-02 1.571071532600199216e-01 1.221955660159182860e-01
4.386892998710605895e-01 4.334404507383977645e-01 3.483598943707248985e-01 6.337406087695988122e-01 4.355915700487620335e-01 5.258813259837160636e-01 3.833347281494018932e-01 3.443252819101076390e-01 3.710551471077928043e-01 5.114342729280807465e-01
8.708551783101146082e-01 9.194582743910749700e-01 8.019927541081814937e-01 9.702451285426455518e-01 8.654836871473129412e-01 8.911338980060482529e-01 7.985878304938355265e-01 9.052951690700032916e-01 8.498618033953245776e-01 8.965454029505131039e-01
2.691497891907115303e-01 3.758778988581384928e-01 3.971818855940648096e-01 3.628193083803590846e-01 3.840721344714637109e-01 3.624988932826542776e-01 2.689880607610509733e-01 3.072618614073280296e-01 2.238424061904831786e-01 2.834002369756823403e-01
5.929569000125828326e-01 5.675087755997083594e-01 6.736067758271591099e-01 3.826676650349056241e-01 5.561047342895979462e-01 4.686129227984441870e-01 6.549479757689499193e-01 6.381669098921756156e-01 5.964792981035824670e-01 4.771485524032513248e-01
8.548613799888303832e-01 7.383086675602783533e-01 8.355376212608216502e-01 6.171556149065055008e-01 7.683484699118490191e-01 7.875916431582515864e-01 9.627783521402568656e-01 7.845971703468842540e-01 9.193038707309361124e-01 8.230807933103194696e-01
7.609107305103418595e-01 8.395368324355263479e-01 8.788746941594237638e-01 7.166953032432238357e-01 7.631402672207981963e-01 7.336558141060903759e-01 6.837884675221218567e-01 8.258708766928460898e-01 7.108836705615293461e-01 6.339743721623497530e-01
8.623020297922195931e-01 7.870540661152048978e-01 8.264678802446042694e-01 6.005733842310940762e-01 7.744857465686850739e-01 7.661405060205823681e-01 9.440398940843582887e-01 7.930570692654705933e-01 9.330195028552034087e-01 8.362082945041032778e-01
0.000000000000000000e+00 0.000000000000000000e+00 9.494083764015288918e-03 1.913889041111058523e-02 0.000000000000000000e+00 1.150374464050506196e-02 5.618656403999435119e-03 6.419424624279256725e-03 0.000000000000000000e+00 0.000000000000000000e+00
8.618890021952235747e-01 9.111857676959184138e-01 7.888456818038656060e-01 9.602542551955142169e-01 8.708410554886557575e-01 8.859239626856014738e-01 7.505967894464620205e-01 9.030151179978905818e-01 8.092095388902514896e-01 8.965739491823369045e-01
7.810122195611785001e-01 8.187013765307193935e-01 8.091592169207997287e-01 7.575482153757140402e-01 7.920992861743193503e-01 7.240745375323868194e-01 6.980924517034778898e-01 8.669642161329902397e-01 6.679939912014153380e-01 6.513158597033738006e-01
2.816153312611999193e-01 3.452997536597344763e-01 4.440466560962802456e-01 3.640270606687217025e-01 3.950999214753841970e-01 3.468560659875529195e-01 2.731893822907630609e-01 3.092281029464571951e-01 2.301417520253182247e-01 2.758950763410850104e-01
4.816466643127361412e-03 5.178239100489346290e-03 6.475987892267618187e-03 0.000000000000000000e+00 1.566834478436307521e-02 5.567444397790389556e-03 0.000000000000000000e+00 1.108194450265771736e-02 1.363059899464822908e-02 2.168399561622878433e-02
1.616204691606017985e-01 2.469192023180550033e-01 1.825636074244844920e-01 3.623741172541082300e-01 2.193396355414837795e-01 1.899665265607863307e-01 4.600206503971547567e-02 2.042178544245605576e-01 7.733714486646704744e-02 1.783935876398312081e-01
4.349232201563246747e-01 4.143712849642869345e-01 3.112443127707981150e-01 6.335935404316498376e-01 3.858918155258044269e-01 5.004186257192493326e-01 3.922253563626409978e-01 3.552972369842440914e-01 4.163101670564700041e-01 5.292837686969291688e-01
1.359785671220829495e-01 9.329962357810676898e-02 2.312305001735960597e-01 3.303276706352213654e-03 1.849109257231608128e-01 1.501158755117644183e-01 2.296154639850602752e-01 1.049577546473970252e-01 1.478531484718578204e-01 1.227291164811502994e-01
5.853685015091937283e-01 5.992402549236517384e-01 6.658698749988853915e-01 3.982899553113652402e-01 5.940571237206773159e-01 5.038897274072131616e-01 6.319600219542256259e-01 6.281659895079554357e-01 5.780879359412892660e-01 4.463863820933274829e-01
8.813326889677636222e-01 9.259424787601958640e-01 7.760154298569417186e-01 1.000000000000000000e+00 8.297221764123822174e-01 8.868176763417811026e-01 8.000959168795773735e-01 8.844104866356274908e-01 8.483199490171510204e-01 8.679607034906779983e-01
2.773772685676533234e-01 3.272403295862149064e-01 3.973029081370791360e-01 3.933956000319448476e-01 3.696921650174744833e-01 3.377410492209044768e-01 3.034643626166129149e-01 3.084215327591874889e-01 1.949739536174151799e-01 2.971846235414898896e-01
1.514505987516141516e-01 2.418033459630110626e-01 2.194256419445975992e-01 3.647998638729393339e-01 2.266766652818201777e-01 1.921819316218951468e-01 7.818741287499619830e-02 1.934693721709200009e-01 9.379912776699597665e-02 1.498141725484890552e-01
6.529163461308511440e-01 7.297637428307379714e-01 6.247335234461088849e-01 7.173681064116260719e-01 6.385206645467890185e-01 6.084795131173575955e-01 4.947748011290007963e-01 7.406794667778191510e-01 4.590455231470610409e-01 5.227734286243719275e-01
6.109409987578316992e-01 5.703529006884053842e-01 6.904712134135383428e-01 3.893242638961557089e-01 5.496119213051532393e-01 5.119416560626257606e-01 6.221546595025657655e-01 6.599770121127178646e-01 6.260248605779092923e-01 4.609944731885458613e-01
2.707238024863353187e-01 1.614497811446611031e-01 1.577288293723878021e-01 2.590617611407027288e-01 1.840092530935001913e-01 2.550562816936507438e-01 2.975421747976494391e-01 1.372516443294285182e-01 3.447570585641106522e-01 3.576559579246525455e-01
8.978094626045207693e-01 9.121929812304990781e-01 7.380868430951315062e-01 9.579299955944560185e-01 8.343335029538675451e-01 8.448087831261361647e-01 7.353431933782468288e-01 8.800411202940315869e-01 8.293045875754236906e-01 8.619112007580150836e-01
5.205487420898585738e-01 4.922043735432123923e-01 5.728481464134372869e-01 6.471253435899726458e-01 5.919419182705019100e-01 6.864619144483545821e-01 5.708160347173171223e-01 4.380815543911682486e-01 5.945042315725056481e-01 6.810017879453941214e-01
1.628174055066840820e-01 2.569615481812069779e-01 2.041989719955230043e-01 3.846450189413215259e-01 2.214222621448277417e-01 2.524652859182808240e-01 5.623269216424826161e-02 2.306445912926663178e-01 9.361909119803069057e-02 1.533937942409749344e-01
6.472268569106386371e-01 7.270987908425288193e-01 6.446637547287898951e-01 7.100089912269174075e-01 6.642107771064498234e-01 5.871939941724679812e-01 4.648728094253321563e-01 7.570110352351646643e-01 5.312870751586984408e-01 4.965846933509797667e-01
2.564876979114331101e-01 3.707610427786876550e-01 4.518609220888961109e-01 3.692367190715697967e-01 4.095100873541589470e-01 3.709919245554811895e-01 3.105387364210351331e-01 3.020537526393062278e-01 2.264093127356830160e-01 2.767010581519214751e-01
2.619892731323364976e-01 1.654252635514527336e-01 1.577034107963465326e-01 2.835503107126662314e-01 2.178008606138651382e-01 2.845967516775007589e-01 2.656331943368300252e-01 1.637016149767766271e-01 3.511086212080322122e-01 3.372731555876900544e-01
2.380225973218129953e-01 1.884319897870870564e-01 1.307418398695358863e-01 2.392803930350067276e-01 1.857786374881659486e-01 2.552248903680292558e-01 2.923236474477416968e-01 1.412159991329332565e-01 3.238237015490034176e-01 3.748606040216092006e-01
8.146385638558061304e-01 7.395338169701665132e-01 8.165908427971871886e-01 6.485391262170943083e-01 7.467772011948047295e-01 7.729898553176799414e-01 9.491647930659836696e-01 7.414312933117200854e-01 9.191138774806063561e-01 8.444861163451889974e-01
2.476350203469006028e-01 3.474814547741186255e-01 3.997569025374848040e-01 3.702060920266984634e-01 3.922436495590062577e-01 3.851202188729793141e-01 3.205026885377932899e-01 3.104805584041064326e-01 2.439952003165531125e-01 2.933439668588150306e-01
2.575266196203614966e-01 2.057591714913196979e-01 1.349563493486888033e-01 2.573878046286927068e-01 1.924793671233325509e-01 2.705369543253674514e-01 3.028173870143079927e-01 1.467988402306122098e-01 3.418891770443130418e-01 3.799396734190750857e-01
8.443584054495701929e-01 7.482590739698795623e-01 7.932316511858332753e-01 6.152676266261318805e-01 7.872563879770174688e-01 7.664697347595673671e-01 9.298885231329515610e-01 8.358413767731218691e-01 9.419188741568960133e-01 8.544104588852147186e-01
4.305429961836279573e-01 3.738008636342132762e-01 3.652749044130808587e-01 6.329463349170468822e-01 4.573432286255217916e-01 5.271786802912058478e-01 3.692257039668332963e-01 3.652744669823339008e-01 4.283175656037723766e-01 4.994303564467347245e-01
7.110491098969884405e-01 6.555270633390376522e-01 6.147581751087017876e-01 6.181951028405527904e-01 5.928489756684457435e-01 6.331501579165963456e-01 7.011527499206298142e-01 6.515115094647542238e-01 7.869130299852682420e-01 7.584433318441279326e-01
0.000000000000000000e+00 3.033590831338627003e-02 6.677535783095670842e-03 8.037946525494166217e-03 1.027160693112931858e-02 0.000000000000000000e+00 1.570547144537004156e-02 2.025100945647039657e-02 3.474145320983654250e-02 1.646146446375309352e-02
1.453475677484256379e-01 2.440875971836907743e-01 1.755807280408412385e-01 3.886164272129173924e-01 2.277863081995062933e-01 2.323582072081636085e-01 4.029722651254887683e-02 1.801215716592938776e-01 9.258237213270134602e-02 1.237086674482771875e-01
2.393418061054819190e-01 1.832307502126784005e-01 1.488722258739145210e-01 2.493667313327806445e-01 2.146790103362807844e-01 2.929626062794264962e-01 2.810679866291068696e-01 1.316124346049350746e-01 3.443061220336889328e-01 3.531128986631312250e-01
6.477000201800138246e-01 7.454936659001959454e-01 6.418019921235028624e-01 7.467363092936095681e-01 6.408540167016154587e-01 5.556871504207023804e-01 4.957475618313570420e-01 7.539537623015195589e-01 5.267248062625164984e-01 5.258356397762374845e-01
2.381857561429752135e-01 1.698530181332205957e-01 1.417630151871669131e-01 2.541544233672696773e-01 2.395450182735350819e-01 2.511565624010039244e-01 2.929334746941110734e-01 1.522759295105996502e-01 3.401824553129679796e-01 3.586332023418455917e-01
7.241211872295085783e-01 6.976069607854273880e-01 5.884145772126487817e-01 6.244368676996103762e-01 6.176673375368136876e-01 6.163811811350694558e-01 6.814338159011725793e-01 6.709481480370238504e-01 7.852841960028695834e-01 7.086001187531659751e-01
8.673387590497421140e-01 7.544032942928302621e-01 8.351810299509571101e-01 6.555314335603218412e-01 7.693065864125923081e-01 7.515278603216166697e-01 9.319394071613015251e-01 8.417493934686708368e-01 9.017477977175681891e-01 8.466770196902446699e-01
1.107047581277701420e-01 8.027162931300543813e-02 2.064145523497899481e-01 0.000000000000000000e+00 1.470065907275860950e-01 1.652571154096454109e-01 2.585655240200090410e-01 9.883625591373229602e-02 1.720731608378443245e-01 1.301330191830689376e-01
1.642388503452083537e-01 8.577481025023334094e-02 2.285576117084422709e-01 0.000000000000000000e+00 1.390678020384504554e-01 1.606558183963316955e-01 2.292961518235276663e-01 6.674533432031243274e-02 1.688560695353810703e-01 1.146743552127346966e-01
9.804363241886001612e-01 1.000000000000000000e+00 1.000000000000000000e+00 9.651905544078928090e-01 1.000000000000000000e+00 1.000000000000000000e+00 1.000000000000000000e+00 1.000000000000000000e+00 9.952794218316689534e-01 1.000000000000000000e+00
2.675237442923042441e-01 1.490674124587575977e-01 1.355824111777986785e-01 3.012479878785327414e-01 2.170704570395561583e-01 2.935273615362226640e-01 2.851569582123800184e-01 1.365172820196773606e-01 3.424092871115174685e-01 3.683063785294226067e-01
1.067535980551380104e-01 1.029923616191597280e-01 2.592605216635947563e-01 3.867558737597497076e-02 1.379222220061785964e-01 1.482065730940605175e-01 2.301630332710715987e-01 1.010330693598626428e-01 1.992579583572305912e-01 1.160899670662802474e-01
8.560238978620019479e-01 7.847977640302336022e-01 7.781261460246358119e-01 6.406397216597741195e-01 7.578475591269895340e-01 7.755118341303063323e-01 9.556170464451141378e-01 8.126186115125044740e-01 8.930622282978259996e-01 8.646190500094158571e-01
7.339144873586624929e-01 6.550580108268396762e-01 6.095328784494897789e-01 6.451107201894836773e-01 6.227766257099235370e-01 6.127341741591468827e-01 7.157985927112990865e-01 6.819758070228206792e-01 7.886423775027454619e-01 7.015935501119182627e-01
3.839009067165073952e-01 2.639780298120540936e-01 3.721526578624341774e-01 2.732556087103509279e-01 3.842493850007696610e-01 4.250133759302795466e-01 5.461797888682208280e-01 2.191949734382236392e-01 4.687173385127398895e-01 4.877413256869305158e-01
4.008775809624977593e-01 2.424771118796136549e-01 3.578501365413760404e-01 2.840720756329341845e-01 3.623653714443003659e-01 4.219441604563501369e-01 4.982128695035477062e-01 2.538517180617566038e-01 4.786384662090836239e-01 4.916748284970657301e-01
3.792082677705881921e-01 4.490728236882519653e-01 3.230037642718578406e-01 6.286820199784203256e-01 4.076707840192898002e-01 5.131697162526911438e-01 3.219863245273786312e-01 3.730139076580650803e-01 4.005386944798197124e-01 5.026174951057533757e-01
5.836386691680759409e-01 5.826067585310529262e-01 6.597344244436822436e-01 3.693335038709985030e-01 6.120490384222418978e-01 4.904388666932207874e-01 6.468473874546899482e-01 6.278488676818928527e-01 5.845411516295786480e-01 5.122135311893235565e-01
3.574817635875954802e-01 2.337144514940001638e-01 3.645565236239009521e-01 2.691992666472232676e-01 3.897474604982287816e-01 3.835101742522892820e-01 5.035406663938416516e-01 2.566609608142569332e-01 5.183737402791127602e-01 5.204483551083942672e-01
4.243225484898376920e-01 4.306260781042287600e-01 3.475683182598773846e-01 6.523526033295328208e-01 4.689423175496097440e-01 4.820208129821690335e-01 3.227852755501491866e-01 3.677774103643729475e-01 3.997034574316411515e-01 5.041964897274663349e-01
9.899072344079459795e-02 5.467211585567000043e-02 2.275104576580841698e-01 0.000000000000000000e+00 1.556491574131479705e-01 1.460598938451375672e-01 2.278236366555325410e-01 7.400474152726213561e-02 1.021105146743312153e-01 1.489855986097725349e-01
3.492858891757760764e-01 2.588460862136471308e-01 3.798184426337215536e-01 3.021043924450960705e-01 3.668909917795722397e-01 3.899359510708645948e-01 5.107634674252752305e-01 2.862931699623789683e-01 4.476566812562970954e-01 4.610513485882642981e-01
6.339760544534731590e-01 7.444696499312920546e-01 6.420429110726630917e-01 6.878230909204038346e-01 6.479435047414653370e-01 5.968361899002281312e-01 4.670849820653285578e-01 7.768192535083818795e-01 5.231938539144378453e-01 4.697725062486229897e-01
5.899835759315751327e-01 4.844521983724519032e-01 5.700613354327749294e-01 6.234238424999021255e-01 5.614387912549657633e-01 6.408771928823131514e-01 5.786991914140142690e-01 4.166726300885036371e-01 5.237849437731727509e-01 6.687196752428460345e-01
1.000000000000000000e+00 9.976961929817531605e-01 1.000000000000000000e+00 9.829960103645747349e-01 1.000000000000000000e+00 1.000000000000000000e+00 1.000000000000000000e+00 1.000000000000000000e+00 1.000000000000000000e+00 9.839440435828781251e-01
8.280489717764017987e-01 7.813780401954436572e-01 7.865077832804244773e-01 6.253541423360327034e-01 7.921601494487308104e-01 7.549665659905968607e-01 9.319321410929555238e-01 7.676628843530437507e-01 9.342178590626238899e-01 8.390159115321553784e-01
9.853190124693196328e-01 1.000000000000000000e+00 9.988375454213193061e-01 9.803357870614899383e-01 1.000000000000000000e+00 9.947182597912479496e-01 9.909190587946693496e-01 1.000000000000000000e+00 9.951067831111611861e-01 1.000000000000000000e+00
6.157367400959915527e-01 5.960201447158757215e-01 6.557080516386075697e-01 3.769135173640746350e-01 6.129807812482078733e-01 4.894683149481963702e-01 6.886264108491143565e-01 6.541032666411046304e-01 5.889016044822190654e-01 4.640281946141024960e-01
5.907042663298711638e-01 5.985256111043447680e-01 6.185435916884451935e-01 4.163338632170944242e-01 5.729227578917148733e-01 5.162044670391633394e-01 6.322552202553632927e-01 6.537253322291619595e-01 6.032022174965644412e-01 4.618269331568116698e-01
1.000000000000000000e+00 9.968743065651336499e-01 9.965649233546721719e-01 9.893617798092214644e-01 1.000000000000000000e+00 9.893573145138846447e-01 1.000000000000000000e+00 1.000000000000000000e+00 9.618585690292804635e-01 1.000000000000000000e+00
5.837723525113616141e-01 6.951917432418083242e-01 6.162457367261523489e-01 7.448861788065610501e-01 6.157868284692675775e-01 5.416526323133034060e-01 4.841830948591637762e-01 7.339778892246222597e-01 4.854386732903790969e-01 4.876142350183272356e-01
4.978737872183319757e-01 4.995885828752983371e-01 5.586197001634031212e-01 6.539588185805919052e-01 5.723756988668670109e-01 6.146138270974339513e-01 5.340517785769418602e-01 4.298534755095735904e-01 5.729938403993364293e-01 6.160861417903914505e-01
4.046454345193540858e-01 4.216145287275003817e-01 3.276777117185889487e-01 6.668447717928793761e-01 4.265058156824546032e-01 5.018938525658038774e-01 3.444549513052178602e-01 3.255964441440881152e-01 3.981214519076435310e-01 4.894397652172045032e-01
7.374214965981301662e-01 6.316323484214665385e-01 5.968458177322979452e-01 6.090797085442670733e-01 6.234485910825041666e-01 6.149832376840524972e-01 6.999480781441559385e-01 6.725830643275952925e-01 7.494471035416294669e-01 7.133297559102143026e-01
5.150152877264621010e-01 5.237104332906199478e-01 5.686585025698479567e-01 6.558741981243308983e-01 5.455726135781198138e-01 6.470113154100319841e-01 5.862938667005717086e-01 4.440232305816849689e-01 5.482525581851054319e-01 6.508745398650157554e-01
8.992160089485835561e-01 9.193319144225813311e-01 7.848087701066267519e-01 9.496866908443613031e-01 7.851412551335327228e-01 8.652116205839603946e-01 7.785701312049021494e-01 9.150912237604568178e-01 8.574481532228851455e-01 8.653151120527355911e-01
1.298860516478768934e-01 2.278927183483897001e-01 2.214456265968344495e-01 3.856697854761454436e-01 1.819781640641186249e-01 2.234097452723025623e-01 4.886304177028548412e-02 2.154307025891379901e-01 6.818300773575791673e-02 1.355017222593788984e-01
0.000000000000000000e+00 0.000000000000000000e+00 0.000000000000000000e+00 0.000000000000000000e+00 5.570566677799040217e-02 2.470877302945493487e-02 0.000000000000000000e+00 6.549935426936440847e-03 0.000000000000000000e+00 0.000000000000000000e+00
6.947008655743870387e-01 6.514740073572921064e-01 5.679348173231972829e-01 6.371123375931222466e-01 6.355634180082151419e-01 6.024182630720640308e-01 7.113071207844465782e-01 6.968731135629531170e-01 7.712538029611236690e-01 7.621178533992268855e-01
2.265171099123843568e-01 1.792061732322086098e-01 1.629115945275773636e-01 2.513236930640626032e-01 2.028168215136090247e-01 3.010835593203647909e-01 2.614440688146217884e-01 1.196801523145302609e-01 3.368732538541746035e-01 3.666698735548198362e-01
2.747280375439353217e-01 1.674092352408310669e-01 1.440776357662744978e-01 2.613590298038325210e-01 1.924035893997189106e-01 2.924399972106399570e-01 3.169783051791247308e-01 1.262907709535941170e-01 3.119236930327980994e-01 3.691501467905922707e-01
6.186145498221455874e-01 7.031359055073034270e-01 5.901924823941915310e-01 7.583344111424662470e-01 6.533930529506224438e-01 5.861999563372023436e-01 5.016753188228527671e-01 7.391293712308910635e-01 4.981450750595501353e-01 5.161469173920804066e-01
8.502878130720680216e-01 9.198664357496980637e-01 7.722401164066963197e-01 1.000000000000000000e+00 8.837728056842025781e-01 8.726114403702519562e-01 7.942492195882301376e-01 8.953685548141189221e-01 8.019872392943394601e-01 8.889814056209164317e-01
7.224338215763573823e-01 8.246579698113410961e-01 8.489734927994848634e-01 7.240672221769922645e-01 7.986256983603003956e-01 7.481570545424780505e-01 7.191006755105806558e-01 8.593983149204277305e-01 6.495833213812569618e-01 6.199294268983674971e-01
6.386437951063331786e-01 7.295001833428970128e-01 6.766810117227045618e-01 7.109354902749190908e-01 5.734389457688851000e-01 5.724212278578917346e-01 4.708152523437773573e-01 7.575871276129889642e-01 5.384503477122006831e-01 4.883915893160078459e-01
3.677344053000042856e-01 3.018740684312332667e-01 3.758860556212663684e-01 3.072005369299938837e-01 3.500036525187338876e-01 4.237436221538783965e-01 5.448829727696263836e-01 2.548577402404547110e-01 4.983614074369737690e-01 5.410857557239777682e-01
1.063658319325553603e-01 9.395141170912149620e-02 2.187651316268515167e-01 3.123029281486151831e-02 1.518225252259146618e-01 1.431978581009432649e-01 2.152945127710577666e-01 1.078349007004953952e-01 1.684854138458708739e-01 1.239139912514886505e-01
8.504432739002384389e-01 7.543025865193573321e-01 8.347751957710808357e-01 6.226359169800296245e-01 7.990391419824783847e-01 7.329674393408205368e-01 9.146145038874341493e-01 7.714032629251377227e-01 9.513355654654342963e-01 8.455485468162299290e-01
1.249179520829074297e-01 8.103146879762147814e-02 2.346836680080290338e-01 1.355169400571198078e-02 1.317338236383987782e-01 1.486952177764870042e-01 2.689151743231914526e-01 7.850336457418388703e-02 1.877279808560455288e-01 1.469951995512317477e-01
0.000000000000000000e+00 1.213536940677433298e-02 1.891884501587559608e-02 1.357721438304785623e-02 5.639332614326335834e-03 4.089552014038673466e-02 0.000000000000000000e+00 0.000000000000000000e+00 0.000000000000000000e+00 9.075899548423541074e-03
9.935857908722461884e-01 9.863383670205801979e-01 1.000000000000000000e+00 1.000000000000000000e+00 1.000000000000000000e+00 1.000000000000000000e+00 9.657412328859533712e-01 9.771426908678012557e-01 1.000000000000000000e+00 1.000000000000000000e+00
7.268246270496002692e-01 6.721814112056474499e-01 5.783008972749301702e-01 5.953194588049861569e-01 6.391251384436378302e-01 6.477857615728319640e-01 7.021218718998123443e-01 6.780605939089873191e-01 7.404019967492316834e-01 7.104463768532239820e-01
7.345068212624730197e-01 8.140545783325003892e-01 8.137929869510069913e-01 7.251837026127357921e-01 7.812488063448121967e-01 6.950560857186347530e-01 7.098256209505865444e-01 8.603365148703682186e-01 6.791563041446181392e-01 6.629892480278237743e-01
1.470443702382898676e-01 2.449519636548999901e-01 1.499812811319120309e-01 3.761726438676524231e-01 2.121325884814960760e-01 2.242594926266134603e-01 7.997836201790298194e-02 2.169659203071866993e-01 5.934074122720602029e-02 1.468656924183742996e-01
8.734691878187376135e-01 8.819813628242499925e-01 8.029209106139277852e-01 9.961258377321189350e-01 8.429372876752773136e-01 8.822585419075045232e-01 7.530887841347840839e-01 8.831685230786812113e-01 8.258195219308280821e-01 8.764496589475506694e-01
1.160567162687749787e-01 8.822056729110311357e-02 1.914974415698444399e-01 0.000000000000000000e+00 1.906919682172209252e-01 8.807129941967381526e-02 2.265200768455605529e-01 8.623330920150365508e-02 1.388044631034320020e-01 1.053262137355719941e-01
1.793561736811186413e-01 2.155907958723788931e-01 2.333332162093290640e-01 3.808359175537039953e-01 2.381906940164790487e-01 2.115727793141791713e-01 7.878125893296575311e-02 2.309026008970798682e-01 1.047011003878867141e-01 1.662094447911582340e-01
8.647340939976316809e-02 8.270600608390389630e-02 2.514635669473341273e-01 1.554754975553847979e-03 1.207963884536424892e-01 1.235231908008259660e-01 2.450683050536869578e-01 1.255885928666914675e-01 1.682695788584889218e-01 1.142433762143333087e-01
7.503784114628430091e-01 7.044928767490219457e-01 5.966764697052008293e-01 6.388315166251565813e-01 6.191057539388269415e-01 6.189273154957287693e-01 7.091692620369169919e-01 7.140745042410810983e-01 7.765973319676209297e-01 7.074946195923366155e-01
3.011557886490686120e-01 3.274559684166259421e-01 4.334278010737584452e-01 3.723940964909002171e-01 3.724186625793431960e-01 3.754424380248053139e-01 2.858439324465895104e-01 3.198149158318515650e-01 2.505528094553131635e-01 3.003020286901232350e-01
4.191839807206069746e-01 3.895508905706073222e-01 3.493028596093515903e-01 6.173035641999434775e-01 4.304046193441513068e-01 5.008004743787493052e-01 3.674566162264007452e-01 3.589469324445227483e-01 3.746305230614224713e-01 4.718441419420812966e-01
2.016862194134293462e-01 2.233598128911145064e-01 1.652559176509660332e-01 3.807800016171144497e-01 2.311158695422937115e-01 2.573029334902433574e-01 4.398236061139895042e-02 1.607180750614488340e-01 5.723407029209269525e-02 1.589594512791452641e-01
7.442101827442161310e-01 8.238449934128221352e-01 8.546490512406520468e-01 7.311545005990350843e-01 7.516675719634554609e-01 7.221353016636942179e-01 7.263912072112466145e-01 8.560289801033044155e-01 6.549367504310230625e-01 6.688470006134256129e-01
5.831178148332302191e-01 7.175415450416012808e-01 6.248393302902899293e-01 7.088140819891123323e-01 6.173701829641002892e-01 5.452065483938415280e-01 4.653752560950167316e-01 7.671441263937193167e-01 5.130907835873411704e-01 4.985681268283703171e-01
2.585006696555496031e-02 4.813296575190516985e-02 0.000000000000000000e+00 0.000000000000000000e+00 0.000000000000000000e+00 2.257053324275274525e-02 6.131845010205701219e-03 4.331260926076753448e-02 0.000000000000000000e+00 0.000000000000000000e+00
8.995453880639050492e-01 9.065472012786601752e-01 8.180030405963525375e-01 9.949993148896164596e-01 8.340131738274186857e-01 8.869983621233763493e-01 7.931841070141610883e-01 8.927417172368680154e-01 8.645419660721427313e-01 8.785417821089960277e-01
4.376365120102798101e-01 4.517803855590682427e-01 4.825044689467712922e-01 3.626857688113678813e-01 4.081722013938348659e-01 3.916887459590287501e-01 4.126184743300875257e-01 5.412246378057823382e-01 4.448202007018954296e-01 3.467250307663794495e-01
8.177244589848742251e-01 7.329506268091682264e-01 8.162461676657934984e-01 6.384735189031272018e-01 7.885466673555748818e-01 7.472036172930459630e-01 9.754944521987802819e-01 7.802851902208181034e-01 9.253231258252687663e-01 8.075052824886493896e-01
7.246212608509330355e-01 7.959053517522476362e-01 8.246446805357048326e-01 7.753530568915051324e-01 7.553061137101240163e-01 7.228031484394240591e-01 7.043920061077707517e-01 8.573148717974626853e-01 6.425182740616445232e-01 6.420875803266987703e-01
2.155033694016617041e-01 1.659860090079456896e-01 1.974447705294762045e-01 2.743852488918020471e-01 2.231129915303418920e-01 2.984520009792163697e-01 3.184963729203640903e-01 1.636695160160631934e-01 3.183379974738987928e-01 3.480693236914004229e-01
4.694149309072206400e-01 4.808468143007403883e-01 4.769928237403707749e-01 3.776990405251534066e-01 4.292548942571886017e-01 3.329364254896211572e-01 3.945889936411073329e-01 5.506246163671111304e-01 4.525261215652384150e-01 3.501571718554830626e-01
8.459246306671677207e-01 9.272294395835879444e-01 7.764703521784461770e-01 1.000000000000000000e+00 8.290089176707112761e-01 8.749109683981686203e-01 7.713935832117529978e-01 9.230753048581844533e-01 8.319076457632925692e-01 8.454337308231504311e-01
3.814627979646623146e-01 2.975707412656170558e-01 3.717689443269117655e-01 2.970590349869955960e-01 3.702340492315832066e-01 4.221206698545789116e-01 5.135796993983372527e-01 2.543775641448566271e-01 4.990090193158708276e-01 4.815722544237434621e-01
6.487655217065444457e-01 7.094350761165465480e-01 6.063369856436626737e-01 7.304270282854898877e-01 6.134499928852318318e-01 5.948712663952296920e-01 5.041241677540553301e-01 7.389604077070048849e-01 5.304142545369854300e-01 5.215205575270266403e-01
7.251002228697190910e-01 6.613840680585122422e-01 5.872940036406072428e-01 5.981777548868001393e-01 6.228560542698936553e-01 6.717996244320099120e-01 6.998591390767751053e-01 6.987601427111412855e-01 7.606735217894980972e-01 7.239418241820487765e-01
4.531688882538097984e-01 4.269534079090601675e-01 3.458236584404552061e-01 6.064871209881984582e-01 4.425145622394766054e-01 5.120531227415461295e-01 3.761149655857956575e-01 3.544527032152601231e-01 3.844582399233527070e-01 5.222447120489395189e-01
8.487930266932307566e-01 7.828159363733896425e-01 8.288019030757741712e-01 6.226057689918962357e-01 7.542756840526269047e-01 7.786003445863114436e-01 9.342716076483601473e-01 8.131715389486509071e-01 9.244911188948844449e-01 8.633006670233634994e-01
3.650081422240676887e-01 2.534272473091355726e-01 3.838145025934125987e-01 3.176519621064476939e-01 3.582612939699234555e-01 4.066143296901475468e-01 5.286793173818926661e-01 2.474229975313063379e-01 5.060646853664247935e-01 4.786578186918587496e-01
1.596163092007899832e-03 4.315719295005632228e-02 0.000000000000000000e+00 0.000000000000000000e+00 4.918381547208817289e-02 3.613169084513144502e-02 0.000000000000000000e+00 7.602781154822681013e-03 0.000000000000000000e+00 1.763401973420213736e-02
3.838727161599856941e-01 4.355704634486236571e-01 3.514330885891288059e-01 6.449380372242683457e-01 4.266135089814784287e-01 5.444499946923352374e-01 3.512085065397088091e-01 3.785803154914961777e-01 3.868381944024770758e-01 5.316597869461866521e-01
5.322388852767211409e-01 5.029305029786267367e-01 5.532592907047046982e-01 6.643654031236962965e-01 6.260877055963328663e-01 6.383054819018132431e-01 6.198133073567477780e-01 4.381822720234368473e-01 5.441498264826114539e-01 6.574982370470202619e-01
6.166789139665842523e-01 7.299059052868052122e-01 6.006660601447219028e-01 7.021769297866200521e-01 6.408568721955267833e-01 5.585200808869671407e-01 4.647940100615640113e-01 7.576999632596240764e-01 5.040748446376068781e-01 4.868733605528870467e-01
2.246963379516523501e-03 0.000000000000000000e+00 2.429375634465254577e-02 4.835521389293719399e-03 0.000000000000000000e+00 3.424395537441884073e-04 4.458479915720205827e-03 0.000000000000000000e+00 7.047574048130582879e-03 2.151000186319748653e-02
3.710513876795004662e-01 2.549758137819507775e-01 3.849940050670870306e-01 2.818128977706184091e-01 3.408514444683796718e-01 4.127039198130700304e-01 5.029203478076208489e-01 2.579208894462018398e-01 4.667494304342508227e-01 4.844304205817656084e-01
1.000000000000000000e+00 9.695394173974902774e-01 9.739843718781746595e-01 1.000000000000000000e+00 1.000000000000000000e+00 9.792914021624243848e-01 1.000000000000000000e+00 1.000000000000000000e+00 9.753408941223591366e-01 9.552204163673156945e-01
9.998174817340333975e-01 1.000000000000000000e+00 1.000000000000000000e+00 9.972955534152074808e-01 1.000000000000000000e+00 1.000000000000000000e+00 1.000000000000000000e+00 9.907634482731078052e-01 1.000000000000000000e+00 1.000000000000000000e+00
4.565553670604726166e-01 4.764146850211093409e-01 4.440133541648607074e-01 3.520050262490744819e-01 4.062810501078196745e-01 3.097895841644727200e-01 3.766973580137128463e-01 5.629711679800901702e-01 4.880975871785112608e-01 3.537530359372597077e-01
