0.000000000000000000e+00 1.341553720362145298e-02 2.990686426871444134e-02 2.327472320128233865e-02 0.000000000000000000e+00 0.000000000000000000e+00 0.000000000000000000e+00 0.000000000000000000e+00 2.691901940779588623e-02 0.000000000000000000e+00
4.210614358519625122e-03 1.793093103685359235e-01 1.354341156076336872e-01 2.674104083494254977e-02 6.366038423459821627e-02 2.337089308194630760e-02 2.496422433399743401e-02 9.795361249282980021e-02 1.020527771034749065e-01 2.659144618665712848e-02
5.194907190890454135e-02 2.277800613491146597e-01 1.128238667889623070e-01 9.967871832499336504e-03 8.970334451173420098e-02 7.105673872810371050e-02 0.000000000000000000e+00 1.122413611101706482e-01 5.612863422779034578e-02 4.600262035257048077e-02
1.000000000000000000e+00 9.886760710891779880e-01 1.000000000000000000e+00 9.824917680873084258e-01 1.000000000000000000e+00 1.000000000000000000e+00 1.000000000000000000e+00 9.966831096069210805e-01 9.908994701483517797e-01 1.000000000000000000e+00
5.848403792055572037e-01 6.338429257972174602e-01 6.720884618702033242e-01 8.319067733559459832e-01 4.155915918626812422e-01 4.577702384260645685e-01 5.666633996830877651e-01 4.265216075017756459e-01 6.158502028565053799e-01 6.203917173649372563e-01
0.000000000000000000e+00 0.000000000000000000e+00 0.000000000000000000e+00 0.000000000000000000e+00 0.000000000000000000e+00 1.127005602377439790e-02 0.000000000000000000e+00 0.000000000000000000e+00 0.000000000000000000e+00 0.000000000000000000e+00
0.000000000000000000e+00 0.000000000000000000e+00 1.293113680283487560e-03 3.224839172451475500e-02 4.235945578753218949e-02 1.060433284861763710e-04 0.000000000000000000e+00 1.114289592997719930e-02 0.000000000000000000e+00 2.430456450455827783e-02
4.848950744380156781e-03 3.205050698218970249e-04 1.027697599798880514e-02 0.000000000000000000e+00 0.000000000000000000e+00 0.000000000000000000e+00 6.760086234181564985e-03 1.647531946863595165e-03 4.185521278493311952e-03 0.000000000000000000e+00
5.894924300532058403e-01 8.228686234767181862e-01 7.594380214079862190e-01 8.822263735901628712e-01 4.688602061956602673e-01 5.625077611465465477e-01 5.940285954888087083e-01 5.527227481716873170e-01 6.812736568174764251e-01 6.242892741781936872e-01
1.000000000000000000e+00 1.000000000000000000e+00 1.000000000000000000e+00 9.820031273172754593e-01 1.000000000000000000e+00 9.907909699686495708e-01 1.000000000000000000e+00 1.000000000000000000e+00 1.000000000000000000e+00 9.687950887586508353e-01
3.572786868929728188e-01 1.674136921184237181e-01 1.995549707867004252e-01 1.340060515060118862e-01 5.059397768254774164e-01 4.306772487564012875e-01 4.017421071684487144e-01 4.558406145962387579e-01 3.287665294684032902e-01 3.653321678121434490e-01
4.077055978188003360e-01 3.486568001351971757e-01 3.282147453159716122e-01 1.455029267426602435e-01 5.616905969053280767e-01 4.877708699169415740e-01 4.346017832750047605e-01 5.640463946790105210e-01 4.055510521207151831e-01 3.684402493207928897e-01
4.037625432357172528e-01 3.619714021816198835e-01 3.626707308898116655e-01 1.139174098872937635e-01 5.751033259001031572e-01 5.486991756525396724e-01 4.532371028285253067e-01 5.838847160954928617e-01 4.207290135900350059e-01 4.010221567892693906e-01
1.000000000000000000e+00 7.970102658171340781e-01 8.707520274262682269e-01 9.652636126044124021e-01 9.335160386890987150e-01 9.506292416007059431e-01 9.645509952287979472e-01 8.785502109634552026e-01 9.163946422120180513e-01 1.000000000000000000e+00
1.177842608775029644e-02 1.730197284606264929e-01 1.305480321406594368e-01 1.013022332979745914e-02 9.627026767322517664e-02 5.614236363432155430e-02 3.159148609920455625e-02 1.104883988299289743e-01 3.941328162104100474e-02 3.059185094482168299e-02
0.000000000000000000e+00 7.027244747414053156e-04 3.786508916415647855e-03 0.000000000000000000e+00 2.884174596229912083e-02 0.000000000000000000e+00 1.622958958753596345e-02 0.000000000000000000e+00 0.000000000000000000e+00 0.000000000000000000e+00
3.898177030602832938e-01 1.976690482546336614e-01 2.502700602570728239e-01 1.008059849434239374e-01 5.023792593085065761e-01 4.456142307200123276e-01 4.114388948711438232e-01 4.192163333685119397e-01 3.630656558106490350e-01 3.868185642724599749e-01
3.705620943861181460e-01 1.874134621148022817e-01 2.412026626775039539e-01 1.654218668049553531e-01 5.189650957751009708e-01 4.365368876586219749e-01 3.804179698839065815e-01 4.680670667425085862e-01 3.572888099405224227e-01 4.077949512130826237e-01
5.927059635420347528e-01 6.623651388598141843e-01 6.127536351360307609e-01 8.546305105280017633e-01 4.247502861446664779e-01 4.672867375474598073e-01 5.765594806413160134e-01 4.626236169382683672e-01 5.712289696954567786e-01 5.631223303401794444e-01
9.620768057156047215e-01 9.875784900384848575e-01 9.842937506560687222e-01 1.000000000000000000e+00 1.000000000000000000e+00 1.000000000000000000e+00 9.651580047265024831e-01 1.000000000000000000e+00 1.000000000000000000e+00 1.000000000000000000e+00
5.665928404193174561e-01 6.224169203971957609e-01 6.457237112979504756e-01 8.748499484409754112e-01 4.513943788016232528e-01 4.873316272971570107e-01 5.183517247354145763e-01 4.016128890508483540e-01 6.150491888940371465e-01 6.048127920020782700e-01
5.913221498906093831e-01 6.140602791738207777e-01 6.522193378969907140e-01 8.422976703241403795e-01 4.335019310216028932e-01 4.533359954896817312e-01 5.826358321539568674e-01 4.446071361243428832e-01 6.081571663983529330e-01 6.222404925729489999e-01
4.111429110256629715e-01 3.719830317110190410e-01 3.621474163240724908e-01 1.380270583338885082e-01 5.940673951760185867e-01 4.971104451773113442e-01 4.306361834916200837e-01 5.803373993095550798e-01 4.182984838423390861e-01 3.944925542827360521e-01
6.302212780881429888e-01 8.348298310708567316e-01 7.961838627689320491e-01 8.657573852141282611e-01 4.916790835216555133e-01 5.739229903881496453e-01 5.689400118679110996e-01 5.632303159046899710e-01 6.717019888056180443e-01 6.331329642119916112e-01
1.000000000000000000e+00 9.767300404149591442e-01 1.000000000000000000e+00 9.740661504057174236e-01 9.904731096448207150e-01 9.912387014465217083e-01 9.709441804116556440e-01 9.810829252328472361e-01 9.808777522382734482e-01 9.873539987210758762e-01
1.000000000000000000e+00 9.735437942149279822e-01 1.000000000000000000e+00 1.000000000000000000e+00 9.892541103222347587e-01 9.878464456141382577e-01 9.726539191374554694e-01 9.977473790499430395e-01 9.735997972584280458e-01 9.743036757225953526e-01
5.988669443878046339e-01 6.552319029933402206e-01 6.571007971540525627e-01 8.596084148676196302e-01 4.541083114570876322e-01 4.426351115416100601e-01 5.646319221858677739e-01 4.490058039763413222e-01 5.627987989991167783e-01 5.673315657654021127e-01
5.896298231180119309e-01 6.452383781262041040e-01 6.531802365279625322e-01 8.367388699095449356e-01 4.593372518755894363e-01 4.405899478587104734e-01 5.243490667516846893e-01 4.282735092063214011e-01 5.641390315720757886e-01 6.345023175539554749e-01
0.000000000000000000e+00 1.150889814287808441e-02 4.580155910897997645e-02 0.000000000000000000e+00 0.000000000000000000e+00 2.754711960540717069e-02 8.914770434996470080e-03 0.000000000000000000e+00 0.000000000000000000e+00 3.113984502408310984e-02
0.000000000000000000e+00 1.725309650015975915e-01 1.474545849562624023e-01 1.971113806955284570e-02 9.173053292475996656e-02 8.730377902648037147e-02 6.856135548462549689e-02 9.656176380915874879e-02 4.917620283817291521e-02 5.848200038799953454e-02
9.873116597974713748e-01 1.000000000000000000e+00 9.942602938629497844e-01 1.000000000000000000e+00 1.000000000000000000e+00 1.000000000000000000e+00 1.000000000000000000e+00 1.000000000000000000e+00 9.887103962298601223e-01 9.730028739337464039e-01
9.755664773727558137e-01 9.962706717414302471e-01 9.886842896364033129e-01 1.000000000000000000e+00 9.439829824126576563e-01 9.864508606318068695e-01 9.688655581951796103e-01 1.000000000000000000e+00 9.593672700667819075e-01 1.000000000000000000e+00
6.133563321533147539e-01 6.603959559754846165e-01 6.603072384238088954e-01 8.451533486085268665e-01 4.444102613540437674e-01 4.462627262629557112e-01 5.500590042491707576e-01 4.459813696926510640e-01 6.155229103145806180e-01 5.886374096793737243e-01
2.380226801064886169e-02 1.919608387984373943e-01 1.468472511639659084e-01 0.000000000000000000e+00 4.917918308469308025e-02 7.045153315448940412e-02 7.329501019403997231e-02 1.301636154479746954e-01 8.947525016766633144e-02 4.969451485595313689e-02
3.888244395339898740e-01 2.108984895845318619e-01 1.888244473890384745e-01 1.360847734927518315e-01 5.070549076813719580e-01 4.531366808973305016e-01 4.236090301387089307e-01 4.623185394920777402e-01 3.149356312859492579e-01 3.934312550604642800e-01
9.993724876518988998e-01 1.000000000000000000e+00 9.574590227227762762e-01 9.841980177964121390e-01 9.786285973402838456e-01 9.602225870499653260e-01 1.000000000000000000e+00 9.951744926063698093e-01 9.695852014829454690e-01 1.000000000000000000e+00
6.474601722615765803e-03 6.122027105823552549e-03 0.000000000000000000e+00 0.000000000000000000e+00 2.165891346606184809e-03 0.000000000000000000e+00 0.000000000000000000e+00 0.000000000000000000e+00 1.602159869173985784e-02 2.495512694314380026e-02
9.618558865964930149e-01 7.929380177184105483e-01 8.573457165296168858e-01 9.958449659631557482e-01 9.521306014009053298e-01 9.243274687976987813e-01 9.306188928125743720e-01 8.711027665223797234e-01 9.111342394315709026e-01 9.846519641654654098e-01
5.907347614049542894e-01 6.249588241280862322e-01 6.763352692658115561e-01 8.442641865228407427e-01 3.996159616120165681e-01 4.440842472470177271e-01 5.449811006130720337e-01 4.423953405504991165e-01 6.261077164392186978e-01 6.167441650022543742e-01
6.109446450094471182e-01 8.253223523030297493e-01 7.880973919241419656e-01 8.657888023740657468e-01 4.887835414021898250e-01 5.170906308093455861e-01 5.774032086509099937e-01 5.578206837466633816e-01 6.801377423630710073e-01 6.299384699630726780e-01
9.890973777386795618e-01 8.575345702605117193e-01 8.611341151779371428e-01 1.000000000000000000e+00 9.123822524570357473e-01 9.086154134576051034e-01 9.743352672667383585e-01 8.831253092672680660e-01 9.361579704314286765e-01 9.952123727766507555e-01
1.000000000000000000e+00 1.000000000000000000e+00 1.000000000000000000e+00 1.000000000000000000e+00 9.853126266770591002e-01 9.913649437634236561e-01 1.000000000000000000e+00 1.000000000000000000e+00 9.487263543810222632e-01 1.000000000000000000e+00
9.944830052229332029e-01 9.906086239766291879e-01 1.000000000000000000e+00 9.774015678822350894e-01 9.923513688144728340e-01 1.000000000000000000e+00 1.000000000000000000e+00 1.000000000000000000e+00 1.000000000000000000e+00 1.000000000000000000e+00
2.348329340870258450e-02 0.000000000000000000e+00 2.892461226243623479e-02 1.158706418357002485e-02 0.000000000000000000e+00 1.210281491232889466e-02 0.000000000000000000e+00 1.298709830757752495e-02 8.404715732931075309e-03 0.000000000000000000e+00
6.299571415177909195e-01 8.067088982561417820e-01 8.302832183216132256e-01 8.423621564185709287e-01 4.940450891880899809e-01 4.992487836076895946e-01 5.351005218004453168e-01 5.423606411609271927e-01 6.581765502101422083e-01 6.097458782016405010e-01
0.000000000000000000e+00 0.000000000000000000e+00 0.000000000000000000e+00 1.913832174449384138e-02 0.000000000000000000e+00 0.000000000000000000e+00 0.000000000000000000e+00 0.000000000000000000e+00 3.892835139942811442e-05 0.000000000000000000e+00
9.833210477706126884e-01 1.000000000000000000e+00 9.834775410928183748e-01 1.000000000000000000e+00 9.755041727490829651e-01 1.000000000000000000e+00 9.947974052184056504e-01 1.000000000000000000e+00 9.934652554925985646e-01 9.715493571262623362e-01
6.077755663292236932e-01 6.641900434490576322e-01 6.633285223458422752e-01 8.967914087391193334e-01 4.530659776515098547e-01 4.506690729840285847e-01 5.808811398248866498e-01 4.602971874549884879e-01 5.608226992700544589e-01 5.644740116235009708e-01
6.332638691520174890e-01 7.973076423420600856e-01 7.259118851427414087e-01 8.740231090984094120e-01 4.808006445435314413e-01 5.276417211955544140e-01 5.508357971565445155e-01 5.342803912673056432e-01 6.984882160380434524e-01 6.068431251073215238e-01
1.000000000000000000e+00 9.956030867465175405e-01 9.907525954819070835e-01 1.000000000000000000e+00 9.933164925502481202e-01 1.000000000000000000e+00 1.000000000000000000e+00 1.000000000000000000e+00 1.000000000000000000e+00 9.862992664685800159e-01
6.067186482089355071e-01 8.466564234545158607e-01 7.704060158827941152e-01 8.508906207872881655e-01 5.002664661755419351e-01 5.754131781566085291e-01 5.934751300615267455e-01 5.331197987965718976e-01 6.436634200361344149e-01 6.206837921005474712e-01
1.634892219911268652e-02 2.033303441690020169e-02 0.000000000000000000e+00 5.046932925382693891e-02 0.000000000000000000e+00 1.644295490321402362e-02 0.000000000000000000e+00 1.163110104894552084e-02 2.880434020549178104e-03 2.089412656268857874e-02
5.804154200802469354e-01 6.414707769185894470e-01 6.536206860421555076e-01 8.854151971481748484e-01 4.375763113186331155e-01 4.779498858125288407e-01 5.667937446874440344e-01 4.023181130647885961e-01 6.016901731220898331e-01 6.085036966864227903e-01
1.000000000000000000e+00 1.000000000000000000e+00 1.000000000000000000e+00 1.000000000000000000e+00 1.000000000000000000e+00 9.523100675071874965e-01 1.000000000000000000e+00 9.859692771495327523e-01 1.000000000000000000e+00 9.803215175875147347e-01
1.659357810131355943e-02 2.130837016461781530e-01 1.450606763187040349e-01 0.000000000000000000e+00 5.868640254294411884e-02 4.628291765895581333e-02 0.000000000000000000e+00 1.049811253249160470e-01 6.471257308229304284e-02 4.474569488573506421e-02
6.035521738179292495e-01 6.375832768587798016e-01 6.472099168740406139e-01 8.267908420369576294e-01 4.414223875157477495e-01 4.711479744321719898e-01 5.697649436612420848e-01 4.020520489010451781e-01 5.859681986964492273e-01 6.249124684419700149e-01
6.342170434526084311e-01 7.950209061820452394e-01 7.792808788538537756e-01 8.370332449411883591e-01 5.316281083470073554e-01 5.485260745127148452e-01 5.713971478437682716e-01 5.480671893055011346e-01 6.576844309019387325e-01 6.551796759347328081e-01
1.642071808804641125e-02 2.040271369438705906e-01 1.510336457652313169e-01 3.626567887716568468e-03 8.626794675828391989e-02 8.300234128578813653e-02 7.094688406661175950e-02 1.005352346604996561e-01 6.580696874285836551e-02 9.699064503366834622e-03
0.000000000000000000e+00 0.000000000000000000e+00 2.738867379753580703e-02 0.000000000000000000e+00 5.038225649498839602e-03 6.962179310807260768e-03 0.000000000000000000e+00 5.058857146816487724e-03 0.000000000000000000e+00 3.163155668126273884e-02
9.804422577124576321e-01 8.398918892018804039e-01 8.421020162454786462e-01 1.000000000000000000e+00 8.922973390354190792e-01 9.238935663408398558e-01 9.610184092595883687e-01 8.672078370928381075e-01 9.536223535761234604e-01 9.536981290324748617e-01
3.639511418282666000e-01 1.836048311907253205e-01 2.267872678915298368e-01 1.066842926107369888e-01 4.727201073185290925e-01 4.593367805084491162e-01 4.307815830569501347e-01 4.574442224088696163e-01 3.231727602491107909e-01 3.854692146435500510e-01
5.988846088062224071e-01 5.995424943559192199e-01 6.537525067456845251e-01 8.340604362488821533e-01 4.100870284635490526e-01 5.027083830080519844e-01 5.442344289748977104e-01 4.358775939919005138e-01 6.184988963869038070e-01 5.975440375322255138e-01
2.742059972767094816e-02 1.629377178084126521e-01 1.321515606389931097e-01 0.000000000000000000e+00 5.929274947280870067e-02 7.617487410436810102e-02 1.048818623696023966e-02 8.329552495188721761e-02 2.543180171444694299e-02 3.223980713626423827e-02
6.074766232341458627e-01 6.382106711720488823e-01 6.253552424602624171e-01 8.459856787440854786e-01 4.281385684122825941e-01 4.771513163720043638e-01 5.663478672061367236e-01 4.207697006471364798e-01 6.012227920277215532e-01 6.483777375057251380e-01
6.511757803335364025e-01 8.418701656894299612e-01 7.684454867971137748e-01 8.347455825432138488e-01 5.208911027306757369e-01 4.977436411453180498e-01 5.836941790783540807e-01 5.459995606016865288e-01 6.467873607168529437e-01 6.171227942062884608e-01
4.251141623610822928e-01 3.735322626922129574e-01 3.519579793665865708e-01 1.397221670830205709e-01 5.785267048980278215e-01 5.226496280365050540e-01 4.611960878154640064e-01 5.667801493551007930e-01 3.931053626981604876e-01 4.101920974507362039e-01
2.317644772303515191e-02 1.969165035846965062e-01 1.284292929908633363e-01 0.000000000000000000e+00 6.495146006165120056e-02 8.071225856034262847e-02 0.000000000000000000e+00 1.057708260447397797e-01 6.835758976508221618e-02 3.475250769710385573e-02
1.969079584137217037e-02 1.912769548410797049e-01 1.414827646425693142e-01 0.000000000000000000e+00 8.154378278726405471e-02 5.185857035916217883e-02 4.451935988063135397e-02 1.390221156546657955e-01 1.128131757032679316e-01 6.426943537816777463e-02
3.713749309253967512e-01 1.942965248889227947e-01 2.250507911817042350e-01 1.099704505288709167e-01 5.339411430800423686e-01 4.537195644366825431e-01 3.826966967187575563e-01 4.890902891571441424e-01 3.080935000419438019e-01 3.541691907566234532e-01
9.638354824699603141e-01 8.110738270490458479e-01 8.464474940985997620e-01 1.000000000000000000e+00 8.954761558004646904e-01 9.457438477638180352e-01 9.794694928590172989e-01 8.854073630805301409e-01 9.601239640716439094e-01 9.593692102629807206e-01
9.931791201536008806e-01 1.000000000000000000e+00 1.000000000000000000e+00 9.540426998326256847e-01 9.758282953047577868e-01 1.000000000000000000e+00 9.873872638483844888e-01 1.000000000000000000e+00 9.964360834238964459e-01 1.000000000000000000e+00
6.179656953417219656e-01 6.162470936253080511e-01 6.065900972730020602e-01 8.362292024015494096e-01 4.450562969189905127e-01 4.393667868412373112e-01 5.806065316941466659e-01 4.528880888344909428e-01 5.944494177982135863e-01 5.910059334854564916e-01
6.403335531086825627e-01 6.387264057195568556e-01 6.353240651650515769e-01 8.454014184801574849e-01 4.490734603122706337e-01 4.717079453044488724e-01 5.731274569625038895e-01 4.125733043401763611e-01 5.916141573426784150e-01 6.276929912600121009e-01
2.981972036095387885e-02 1.708257711608995033e-01 1.075773768275377212e-01 0.000000000000000000e+00 7.168581794192854795e-02 9.508325158838382141e-02 3.698455630751312784e-02 6.978763448026231719e-02 7.465214428457826734e-02 4.092624782518166499e-02
3.690758521802818826e-01 1.745605086961746488e-01 2.064322949047615041e-01 1.189933206042782798e-01 4.934333638959030877e-01 4.674113744042588947e-01 4.156185915028844935e-01 4.445448368617940793e-01 3.565511959965001476e-01 3.635300556980068376e-01
6.024442505271447867e-01 6.155575192258198047e-01 6.256376329883396314e-01 8.495403502114741157e-01 4.495398417902491395e-01 4.751377833308913501e-01 5.452496227842440479e-01 4.357039424929932681e-01 6.395238079016288824e-01 5.904021960659324719e-01
2.437691631575500742e-03 0.000000000000000000e+00 0.000000000000000000e+00 2.440198379868746895e-03 0.000000000000000000e+00 4.662932389364048830e-02 0.000000000000000000e+00 4.024665510670021040e-02 3.530995548564160990e-03 8.659799283655473384e-03
1.000000000000000000e+00 9.854060894744338661e-01 1.000000000000000000e+00 1.000000000000000000e+00 9.844263517140796615e-01 1.000000000000000000e+00 9.894784427593210641e-01 9.870670457708137224e-01 1.000000000000000000e+00 1.000000000000000000e+00
1.333321468616213874e-02 2.053750138175528539e-01 1.578089625308300159e-01 1.552019552889755214e-03 5.811803069757397189e-02 1.095155851760531429e-01 1.121489367394817166e-02 1.242053788969721961e-01 4.623698939700951471e-02 6.673532661503733115e-03
1.683261880123719523e-02 1.874910267745298897e-01 1.522148330745003442e-01 0.000000000000000000e+00 5.412152484992732715e-02 5.664130348971598006e-02 1.775408486933632846e-02 8.354131123383952418e-02 2.658629157964704365e-02 4.614686023610183041e-03
3.892738351390067630e-01 3.711532845328329167e-01 3.116048302495244560e-01 1.536119086240947396e-01 5.701068339610960711e-01 5.181774506073598685e-01 4.510046429596957784e-01 5.364873555040603481e-01 3.770814551372459467e-01 3.815212890407634339e-01
2.155388280793495842e-02 2.279341807201089865e-01 1.094570512797194972e-01 2.025612188370872965e-02 8.717217738584272235e-02 5.148143667942937929e-02 2.015866613976264807e-02 1.411839967308700650e-01 4.635844235519466505e-02 1.750300555866782237e-02
1.000000000000000000e+00 9.984163645736355841e-01 1.000000000000000000e+00 9.922953784168235813e-01 1.000000000000000000e+00 9.921019893485538699e-01 1.000000000000000000e+00 1.000000000000000000e+00 9.916023315176628605e-01 9.781484320247670894e-01
3.446133511290720430e-01 1.825053183512134469e-01 2.186519717448518196e-01 1.293584268455695574e-01 5.029647510736381388e-01 4.720693235928747900e-01 4.315181349639119479e-01 4.451439237951406169e-01 3.462699035266046943e-01 3.291510014005212259e-01
6.146754132927847447e-01 7.889250192147573282e-01 7.763861651417909293e-01 8.541569617790195634e-01 4.914609813923946358e-01 5.489774905607825994e-01 5.952318634066291470e-01 5.600401200446152306e-01 6.655211601788511011e-01 6.246669091586170008e-01
4.219121351109791918e-01 3.852842630312678929e-01 3.266749913242489867e-01 1.388876277043394059e-01 5.588253710602055779e-01 5.253783170297111615e-01 4.132720676908694379e-01 5.736325473982605283e-01 3.866730045332458232e-01 4.098274544030110489e-01
6.295412383502735354e-01 6.505441925842773143e-01 6.680131579230078609e-01 8.589754132267009012e-01 4.298369542477367133e-01 4.620722935150354260e-01 5.642610301259183281e-01 4.278927518029731480e-01 5.984569959062590039e-01 6.216090165697969461e-01
9.850837535879739537e-01 8.242845231478644896e-01 8.457179604376147131e-01 1.000000000000000000e+00 9.400336916976003154e-01 9.580798203235150190e-01 9.689774764598598766e-01 8.795866504933000929e-01 9.639795494580407631e-01 9.820501069034314190e-01
2.242122838448146888e-03 2.106633651751811387e-01 1.508556167670600245e-01 0.000000000000000000e+00 4.266418172001031073e-02 9.439492454904445384e-02 6.285487600225704574e-02 9.594155908942597621e-02 5.257549674230505010e-02 5.120551522287922208e-02
6.625178911307871843e-01 8.364088848858066694e-01 7.621404334181072215e-01 8.566142923987944968e-01 4.869098254947750171e-01 5.370358231193335108e-01 6.089562808176619546e-01 5.452621575098681728e-01 6.624160335690086887e-01 5.774286479851176157e-01
2.633875130413907903e-02 2.086925228068312044e-01 1.698984687245574388e-01 6.623223818340983650e-03 6.242708094226664256e-02 9.071901525666099808e-02 2.862156376406132380e-02 1.124203473947078119e-01 1.104596736655418521e-01 3.978974676694935209e-02
3.764700646706314879e-02 1.486398912603805189e-01 1.183244150521092219e-01 0.000000000000000000e+00 6.202728694926098324e-02 8.254813856128498384e-02 3.696957621199946364e-02 1.444935007595860299e-01 2.912964221703518569e-02 3.473476225312463472e-02
3.269926851355012265e-02 1.637359933577832993e-01 1.307588615661483544e-01 0.000000000000000000e+00 5.625795921289727247e-02 8.057242503155508107e-02 4.242292079284290529e-02 1.171698049161239152e-01 4.380209861334913302e-02 1.413973297219998405e-02
5.892398412746971958e-01 6.352027645759308339e-01 6.015897812555445201e-01 8.573737947217343613e-01 4.328341607786405643e-01 5.027572748173110284e-01 5.590921474704514393e-01 4.531883072036030913e-01 6.064943651201298858e-01 6.103557816192415331e-01
9.703653490581571894e-01 8.105352039363638017e-01 8.608782124218875564e-01 9.920998234804497828e-01 9.202344385543171912e-01 9.522324843157994323e-01 9.841455432734184106e-01 8.749988703327077344e-01 9.254927564415159624e-01 9.794119393314284494e-01
9.673581892354938816e-01 8.038074983352797576e-01 8.551595650206890165e-01 1.000000000000000000e+00 9.289892282200655771e-01 9.849236947098296557e-01 9.266335260785214523e-01 9.118506827439284423e-01 9.223919142543425265e-01 9.618035841351781912e-01
6.012533716184181865e-01 8.021167849422731200e-01 7.579521448048087695e-01 8.363231942522378892e-01 5.204426447159228308e-01 5.266067728760098765e-01 5.641566262202097892e-01 5.423027654074827897e-01 6.496170828015273013e-01 6.370334990623285343e-01
2.861147893760491653e-02 1.759608317353939522e-01 1.252140729361081173e-01 2.419100596734559318e-03 5.806197829489543466e-02 5.137662300140816152e-02 4.762540818933307801e-02 1.026766628218072214e-01 8.171429164971755199e-02 3.824352534680162258e-02
5.833511600680633125e-01 6.412776066349737958e-01 6.712993397068041102e-01 8.811284408683514036e-01 4.339508445060039077e-01 4.279526313183846242e-01 5.490048470159148986e-01 4.325972938745869523e-01 5.472141579162651537e-01 6.177538853301772770e-01
9.885569369674220841e-01 8.465964126276172008e-01 8.593662780898617681e-01 9.798523869598598779e-01 9.531630717964442168e-01 9.373481944113444264e-01 9.209997127125941763e-01 8.496131067351878619e-01 9.737595058157951788e-01 9.840559014180056963e-01
