4.544934504041935885e-01 3.745762647207515617e-01 3.764937105265200867e-01 3.754029859970716143e-01 3.509042412576837133e-01
5.195125338145631932e-01 7.303570676321359256e-01 9.229397599863158330e-01 7.109213107219352068e-01 6.003737551924954730e-01
9.477995573815143349e-01 9.853456605355569442e-01 1.012298097587289503e+00 9.819359226567572208e-01 1.098572338305179308e+00
5.199741335907670514e-01 6.363030759476910880e-01 7.002304131461327685e-01 6.592541160001027523e-01 6.562463375689728817e-01
6.891826719763350928e-01 7.723606788374663967e-01 9.255325702031295121e-01 7.018521391832326373e-01 7.937417236564010548e-01
8.690398412874037470e-01 8.064510874740448143e-01 1.078893226948712147e+00 9.338189754634328432e-01 7.434321377381871709e-01
5.039777767009469001e-01 6.334260373453393100e-01 8.270021538680242257e-01 5.821204126873442686e-01 6.733116827255772874e-01
4.159889363544549412e-01 3.869017945325126107e-01 3.105968558536945645e-01 3.681538729163316703e-01 3.224013751778421755e-01
5.626499646205350702e-01 8.066405814303254651e-01 8.925351820151377069e-01 6.057614611817859762e-01 6.307837286926484266e-01
6.918539104279539664e-01 8.808550520139482032e-01 9.165688542985720444e-01 5.804263059633424371e-01 7.397220992984212540e-01
5.257742335780952736e-01 6.548716664698702727e-01 9.292259188407128168e-01 6.699601506399710527e-01 6.522243679150481199e-01
4.223617415515565354e-01 1.113621629552037917e-01 9.398606314822134655e-02 3.641459777899005434e-01 2.404471625096552267e-01
3.268048089924943667e-01 5.224965793643033818e-01 6.597408134165366755e-01 3.181039439059389906e-01 5.278441410737343409e-01
4.307979909618543934e-01 4.080190113269515084e-01 1.852354836186445586e-01 3.387938638639557687e-01 2.964856638724001070e-01
4.612581816316353445e-01 3.933330657126857255e-01 2.057102037397486038e-01 3.279277819574277775e-01 3.615918704876632250e-01
4.115422274062559005e-01 3.442972518572587348e-01 3.208074344727261662e-02 3.572065346423799470e-01 3.263423917834467614e-01
6.924942707921259988e-01 5.399492426220410257e-01 3.879755231872832333e-01 7.172143839924974840e-01 4.623274063895353447e-01
7.114135598927309179e-01 6.190890519581732088e-01 8.014253989305877290e-01 6.740349804186737126e-01 8.791468136070100803e-01
7.300340648844064750e-01 5.973871402270091169e-01 3.446898685175852073e-01 6.927469781612913824e-01 3.766194389040852797e-01
1.002831580708145820e+00 1.031064300973755232e+00 1.031753374124816824e+00 1.010187256492902641e+00 9.541007330783795037e-01
4.928550999020377965e-01 2.371533202657756800e-01 1.165128355556318690e-01 3.488420972868470082e-01 3.593362125321748479e-01
7.985652141861382391e-02 1.556120285555855909e-01 3.346661309804068590e-02 -7.096120355237593713e-03 1.461378991895293245e-01
3.258088624315458870e-01 4.247490816505064548e-01 7.276930289130749685e-01 2.730961670265019681e-01 6.451100386755217464e-01
3.389143208293834975e-01 1.165373139185464091e-01 1.210264867059955146e-01 2.191060166776347684e-01 2.446051660930647631e-01
1.971910523961727113e-01 4.052898617174398588e-01 6.524148000881511145e-01 2.266085705070993161e-01 4.739776688854100417e-01
2.166052441727037425e-01 3.098073132260252271e-01 7.058465840130524471e-01 2.746819356038158744e-01 3.514917108568362258e-01
9.028676215652423620e-01 8.581046455181758903e-01 9.855095752071590942e-01 9.081687985821904618e-01 9.056226606091651865e-01
3.609808419731644347e-01 3.490748468452403164e-01 2.624331889528551676e-01 3.654841896548055580e-01 2.233037694576066046e-01
-3.598494815230814797e-02 3.401165559648444171e-03 2.631568507813107638e-02 -7.955431964958775692e-02 5.507391184046153687e-03
8.006376369949670391e-01 5.468710670659825412e-01 3.475455113579650201e-01 7.751578004004591183e-01 6.277941613358184458e-01
7.494148786232099901e-01 7.951702964841976806e-01 9.016758189553520930e-01 6.689597380276931515e-01 6.793948075454853130e-01
3.016858131487378802e-01 4.366509478282568080e-01 6.762878603232356234e-01 3.011282965820964441e-01 4.520925734245760941e-01
6.256782042714000847e-01 7.879872388047313159e-01 8.070262480778185310e-01 6.724480661831584438e-01 7.645398293149417990e-01
9.848168706702595809e-01 9.137579131111258635e-01 8.507385587109128622e-01 9.816386053883857654e-01 7.933916054139764640e-01
4.312574205339718136e-01 2.860796179142800488e-01 8.518138951606345211e-02 3.862524099016245160e-01 3.323486669583092246e-01
2.258646618408423346e-02 3.414876869692799743e-02 -6.534763516488363566e-02 -2.756633026352473675e-02 1.648523379817317877e-02
5.328776567574734502e-01 5.793594750138337801e-01 7.575086019914692992e-01 6.988899968657622530e-01 6.882553815882507253e-01
5.221794815898916919e-01 5.913224244776014160e-01 7.639488919374558540e-01 6.973191841586068307e-01 7.289381287358500661e-01
3.176987809447604505e-01 2.291235297425684159e-01 1.150187010106419883e-01 4.595451200362349331e-01 1.370768530401453855e-01
3.407737539915397518e-01 2.953160863450777773e-01 8.596665395074516713e-02 4.148237190193747592e-01 3.578547179578098758e-01
8.651592087537119946e-01 6.346309441349328173e-01 4.334402101973234833e-01 7.782688594107679547e-01 5.015700102825575435e-01
3.867743937505917495e-01 2.578404354954196842e-01 1.034469493304037147e-01 3.969156818618266858e-01 3.501336203362458988e-01
6.311950413962263973e-01 6.489733757376506817e-01 7.461576294968316203e-01 7.285723410105693354e-01 6.947091283668452855e-01
7.013179473062093328e-01 8.407026167397750882e-01 9.383283633963117598e-01 5.880491134827083854e-01 8.119960201173385128e-01
5.602842460521016976e-01 6.423927041415974371e-01 8.731865512879364299e-01 4.682161933413780397e-01 6.691102843538017098e-01
4.783437259565905264e-01 3.306097780489090643e-01 1.500675961857492191e-01 3.891734987602448737e-01 3.180717158954617374e-01
1.117158736171108835e-01 7.816508342783824725e-02 -4.926333792535161210e-02 1.680588961251295449e-02 1.490409135657374540e-01
6.229708618386352592e-01 6.528139863622822725e-01 7.078947471782148781e-01 7.039832774441429075e-01 6.682843778363020126e-01
5.467258526385028183e-01 6.853796723526852652e-01 8.978080690653831297e-01 5.980053423931599443e-01 7.016922619804181194e-01
4.516204274081229292e-02 1.453000653203137017e-02 -6.757063704649783620e-03 -2.103340814722943000e-02 -3.503812979345759249e-02
8.798718102421584364e-01 8.493934786422121519e-01 9.284460085493700943e-01 9.293526690400470969e-01 9.569804119359649475e-01
3.140355255957288927e-01 5.056087038501273501e-01 6.941605984043395239e-01 3.132362190255447154e-01 5.591904200629049804e-01
6.756491718192215723e-01 5.625031585897354303e-01 3.799991737580866724e-01 6.730604272994972215e-01 4.274292624951127606e-01
2.454222671689624546e-01 2.863106992461175171e-01 6.304668396500487937e-01 1.710093515342922532e-01 4.561016854374815299e-01
-7.081821756702379178e-02 1.334554350025952407e-01 -1.126191326178622304e-02 1.542041837385721426e-01 -1.022183900805770096e-01
4.282435451930592940e-01 2.274031284748488368e-01 9.486581036652447230e-02 4.353537431376165445e-01 1.846626102941719694e-01
5.678651249208023222e-01 5.109799011876923203e-01 7.788990607920414089e-01 6.701483825181940857e-01 6.930647533167103580e-01
6.617816333085727587e-01 7.705771823940024134e-01 1.017976204518656891e+00 7.035780483241456107e-01 7.595850542575851572e-01
8.126037374994237172e-01 5.680627659999800683e-01 3.870336432131840088e-01 7.225062742616126243e-01 5.272903878320722715e-01
5.592715981234354095e-01 6.620503170742915167e-01 9.517218399004893081e-01 5.524011243349932210e-01 7.187332790550269301e-01
9.471886489857627156e-01 1.016175075992758803e+00 9.917884566748778052e-01 1.053832927411899822e+00 1.006748503536760930e+00
6.483939423448994432e-01 7.089983320729850158e-01 8.653656977396562144e-01 5.022886012378409148e-01 6.533099363661110104e-01
4.391298033519912547e-01 4.150000700945932208e-01 7.123274085821509338e-01 3.495244639931141539e-01 4.959707676267375298e-01
1.487937704459171562e-01 1.524994730148916400e-01 1.052647938449942019e-02 3.309557060453966609e-02 1.056973817681394479e-01
3.390599032002152291e-01 2.576148566900745562e-01 6.258188409715963185e-02 3.285335487982363745e-01 2.543463982872852802e-01
-9.982732516368678088e-03 2.593874417273112770e-02 -4.308500308353055419e-02 -1.657409888422058108e-02 1.895244593609940464e-02
7.406879879162359126e-01 7.362455637119847962e-01 9.757213560685539244e-01 6.588060822199550692e-01 7.625836080812038453e-01
6.319298589521804566e-01 7.659659970412064922e-01 8.339773876453097090e-01 6.828443981378059524e-01 8.642557107098162161e-01
5.805712961625306701e-01 5.742501720762289708e-01 7.485299420358242362e-01 6.120727347535110940e-01 6.528766338763567489e-01
9.456954506815804518e-01 9.450942295106846691e-01 9.367904587717944542e-01 9.826580091428203101e-01 8.762319608096518220e-01
3.762077970650908876e-01 2.491623552376899253e-01 5.367571091584363852e-02 3.253502440647620397e-01 3.553128629658807158e-01
4.457052142693194163e-01 3.248688858890043663e-01 2.925143898101888462e-01 2.928897488140596028e-01 2.255309748954727744e-01
3.660309949779659844e-01 1.735249175389421972e-01 8.179259697338962798e-02 4.179268746650542932e-01 2.219870209002143824e-01
4.052695794831009946e-01 3.228926001933103973e-01 5.602934376765652397e-02 4.260007929310620223e-01 3.335709355112115859e-01
-5.161333080030244130e-02 -1.567572930086838859e-02 1.058300353725010468e-01 3.499925041081743127e-02 -3.556691794997570572e-02
5.898402086404621603e-01 5.673428727450640086e-01 7.426450994220854529e-01 5.772800823297543626e-01 6.663466982051322596e-01
2.077761179488014920e-01 3.156700667887645251e-01 7.146547832105845099e-01 2.410322795890394443e-01 4.081553577669541077e-01
4.621559059112882450e-01 3.917529269624878685e-01 2.172800625661741314e-01 3.922349632782386464e-01 3.142487214583129518e-01
3.459263196952928610e-01 3.141258098527189846e-01 3.025328456688530232e-01 3.648133385843455034e-01 1.999444415069396574e-01
5.792450358198042437e-01 7.192331708226803455e-01 8.962131096255303575e-01 5.979637096170196120e-01 5.990541101669654145e-01
4.285552084254119487e-01 3.710382572551936264e-01 2.622860979078916466e-01 3.515315005022769945e-01 3.737564832154931516e-01
6.350494169900743335e-01 6.485772621186380871e-01 7.938609394422204701e-01 6.870232455870807220e-01 7.971665445330722299e-01
5.057300245768394653e-01 4.714999608318690139e-01 2.987723047419608147e-01 3.771809133311460616e-01 2.772048622645608695e-01
2.686666869709090633e-01 1.715584474720448227e-01 3.827205719109803145e-02 4.258219184380603872e-01 2.686922591316175390e-01
3.965176380340224571e-01 1.979436221669601537e-01 1.890829334548904672e-02 3.002559531959174688e-01 2.089457045034362470e-01
4.352488948195636920e-01 3.351811678063573718e-01 1.108926716431673787e-01 3.764936595049638846e-01 2.842602710557698975e-01
6.628314941929446258e-01 5.182375495380749930e-01 3.977390840187797205e-01 7.870654510334870180e-01 4.118935688065646916e-01
3.643629649089772937e-01 3.695531203818598898e-01 3.652775873227153136e-01 2.976206501534356952e-01 1.842738547417474004e-01
5.173431481255386100e-01 4.042316470598078526e-01 2.438159504268338496e-01 3.371552821076319040e-01 2.957056909118943588e-01
1.894090720367356817e-01 9.107471700549332749e-02 3.276169172974346955e-02 -3.450602977732786236e-02 1.733888878545101486e-01
5.656406935842631795e-03 -1.959167690205570588e-03 -2.522141279186265132e-03 -2.226245237300138180e-02 9.509380905973530140e-03
6.524060372548401432e-01 7.432038632818593893e-01 7.167425073153036452e-01 5.822674560595435533e-01 7.780958220071108045e-01
7.877503147669102646e-01 6.306333415583108559e-01 3.141221827052078641e-01 6.818465943269393925e-01 6.229054788186774161e-01
5.088110189737390376e-01 5.774535277924157661e-01 7.552232743300304474e-01 6.453300450328257609e-01 7.122928735255906751e-01
6.987460213536150766e-01 5.400021073078726808e-01 2.479740043238397029e-01 7.252413692032837478e-01 4.173929282506849692e-01
-4.603741655090781704e-03 6.483284039794609543e-02 -5.648216408246715253e-02 -3.521889462594506026e-02 1.811326974400462586e-01
7.962195368685814900e-01 4.225372913321077117e-01 2.450713522071141792e-01 7.179290577356678416e-01 4.267734075836016605e-01
6.855429602429589098e-01 6.508326290238316547e-01 6.973679602736012617e-01 7.111383143349172542e-01 7.590324982127080178e-01
6.726257270558331225e-01 7.448894922333038071e-01 9.065525063892553304e-01 5.718969927457475677e-01 7.469272479158286515e-01
1.591961183760945142e-01 8.763599275864727978e-02 3.400513830398835258e-02 4.082737586736243096e-02 5.055018538981070897e-02
5.880879713576541157e-01 5.585026239712346241e-01 7.210634957849283433e-01 6.548456490169388688e-01 7.779646167944848090e-01
6.154290092139528268e-01 5.844822441469380570e-01 8.134835883062213613e-01 6.724383060305102466e-01 7.008090759465419595e-01
5.898498707034566246e-01 5.233027589765896215e-01 3.208349977974898071e-01 7.467511909271140613e-01 5.204407621237678860e-01
7.693825265527549639e-01 5.799247693013135363e-01 2.689186952491667837e-01 7.872767181149193938e-01 4.560346504965163139e-01
2.433650514304956380e-01 4.453384513577209880e-01 6.941852624528320748e-01 3.058695292384233655e-01 4.830715840885277945e-01
6.816968507540061006e-01 7.301439483154422705e-01 6.999859425639438637e-01 6.178792517235960347e-01 7.715276960957830887e-01
4.835866033498470995e-01 6.901431186941801021e-01 9.601524908678572556e-01 6.591228562404921609e-01 6.519260168083532703e-01
1.058484542369970693e+00 9.890153271284450875e-01 9.793798170654420820e-01 1.006322567998160222e+00 1.100949547858300015e+00
4.296335550754971089e-01 5.487793595710902528e-01 7.623702839608843540e-01 5.781899470138094355e-01 7.176770968857199007e-01
1.308753200051392673e-01 1.375971226392515012e-01 1.255874389977386027e-02 -2.618146547409310604e-02 1.485423221542794825e-01
1.975290090654485409e-01 3.923933729654976998e-01 6.696073260870569754e-01 2.220996091956030372e-01 4.779048259100083240e-01
-4.074132292249497272e-02 5.559664365064413000e-02 -3.751690645008946140e-02 1.453696009232524969e-02 9.682954910090277312e-02
3.817931487947449076e-01 2.038477867397171517e-01 2.985327682464884447e-01 3.058064812300380630e-01 2.289357129498386101e-01
6.548161209337538535e-01 8.180642164273147499e-01 9.519865482482156027e-01 7.377845168858059299e-01 8.083217023571799276e-01
1.959006296412372505e-01 3.990615964729820053e-01 7.057868543864770361e-01 2.796269198305654236e-01 4.339477246898656992e-01
5.682580550811505704e-01 5.667084186338899876e-01 7.094638430358631842e-01 5.560091745301649624e-01 7.964604584651535646e-01
5.455827381555466982e-01 4.472274487967209944e-01 7.991349609616746896e-01 6.112064370836359783e-01 6.614061534175186274e-01
9.096064950721856057e-01 9.303108523089103077e-01 9.202595718586933371e-01 9.837760097465692022e-01 9.065154650745751441e-01
9.007478220295876969e-01 7.881483621488180047e-01 9.965697080939585062e-01 9.444317802001311879e-01 8.914439123757021965e-01
6.870758509592159724e-01 6.090891116509828951e-01 3.322527605712605747e-01 6.515170765486090199e-01 4.654000558872054549e-01
2.138380061614492400e-01 3.734112738538192255e-01 6.029254194125432953e-01 2.639498280121245766e-01 3.672867425834308031e-01
3.534339813407650355e-01 3.350817271542194109e-01 2.523895446477875115e-01 2.556200951779235009e-01 1.943443103628413049e-01
4.507775240582961862e-01 3.588021584291384292e-01 2.845004675010987527e-01 3.633922107201963403e-01 2.182594615413668282e-01
9.949422987511659100e-01 9.953700178552559175e-01 1.025968959007137471e+00 8.961691870057244547e-01 9.864271599276183133e-01
6.021947381230069452e-01 7.867537772034326471e-01 8.587528347894328729e-01 6.221923358167819051e-01 6.323457183499113787e-01
6.578124951780721652e-01 8.052160117533636585e-01 9.561799283787676407e-01 6.459487594370130203e-01 7.737341683420870808e-01
6.542514811633395322e-01 5.025437184451545525e-01 3.592379264799206440e-01 7.223648313164218182e-01 5.090519795767878275e-01
6.945384752921535121e-01 6.849372983225402445e-01 3.672003748809816170e-01 7.560528356241559278e-01 6.148102332399681957e-01
4.504457471454068607e-01 3.229744186243251880e-01 1.235291102006423475e-01 3.167212880576513179e-01 3.896983179511056550e-01
1.415889946749391837e-01 1.216178476330937591e-01 -3.901155171059423471e-02 2.132738751060792026e-03 5.709126024474252964e-02
2.331498483350859519e-01 3.689986978293329778e-01 6.301262378702668920e-01 2.433153745519279487e-01 3.318144684179266668e-01
2.194069071286942896e-01 4.844380590044281565e-01 7.152455033293518838e-01 3.213395064935958279e-01 4.027976343940059545e-01
4.085142657780022057e-01 3.474982190854258302e-01 2.178738179437512135e-01 3.626727441530345208e-01 1.848407590129240163e-01
2.631999514290725081e-02 -3.862469683570230253e-03 -9.620000945281450416e-03 6.186263161567611552e-02 -3.259643789520250828e-02
6.500906162938908661e-01 6.681613810235004225e-01 9.994508018843217823e-01 6.241500589333127680e-01 6.181536922524076827e-01
7.518947190341573883e-01 6.446205385834401502e-01 3.215382208965140154e-01 7.417269026992792114e-01 5.889344859380427621e-01
3.591586424231700270e-01 3.463844677754377432e-01 2.499479943256820713e-01 2.744684613464367651e-01 2.701048469224124893e-01
5.331773212960491115e-01 4.136269507413144475e-01 5.469195016007737803e-02 3.596872343911381442e-01 2.939189577409717646e-01
4.243929649560483908e-01 3.458552493194180233e-01 2.514115771937429633e-01 3.247010602680625579e-01 2.434950701338703394e-01
-5.670323043887795858e-03 4.585582987595419185e-02 -2.916408907596493988e-02 1.233595117368574065e-02 1.775583145593346082e-02
5.229354853108596490e-01 6.689932580184058120e-01 7.354817034938661013e-01 6.887979640996120256e-01 7.386554944141988654e-01
4.908070639523741119e-01 3.225286028224053081e-01 1.592138628128379751e-02 4.845035418444529896e-01 3.960046719268405790e-01
9.927874295959960849e-01 9.429562211318824883e-01 1.011877112437546522e+00 1.080544855979033603e+00 1.027342556398710416e+00
8.848904189668003184e-01 8.407534320173484232e-01 9.912172646311632196e-01 1.065070294288672281e+00 8.353695407374048809e-01
3.590900482323102771e-01 2.527627037494253326e-01 3.171584811731078535e-01 2.683091748206569149e-01 1.973868529751094392e-01
6.059544992674503749e-01 6.855319304362259558e-01 8.803261836764740833e-01 6.246503489518536734e-01 6.490734580382579999e-01
8.277470543073116582e-01 8.580004406408998641e-01 1.001836808419446223e+00 9.661201881404419822e-01 9.401739819426879752e-01
1.101315492816952110e-02 3.007476105647817477e-02 1.638161923994805799e-02 -6.897694413507059197e-02 -3.560638376283350309e-02
5.502738370722339845e-01 3.331425938996708247e-01 2.380259212268651947e-01 4.614933189975051198e-01 3.364743709535613636e-01
3.842966178646570197e-01 3.239629147410680865e-01 7.907653554037837040e-02 4.165701869878946084e-01 3.287929118900388414e-01
3.484545313868916971e-01 3.056546571158468284e-01 2.136293473739334647e-01 2.691523401502592394e-01 2.714228068454233589e-01
5.981525815417026992e-01 6.893968625902763270e-01 8.446251065082328591e-01 5.770648810298660836e-01 6.714591539050500657e-01
4.665356260027899160e-01 2.439778191406868635e-01 1.870237041612455853e-01 3.596642390875881001e-01 3.487406630612732150e-01
2.093746527441245689e-02 2.135001700680704342e-02 -5.152894235510807608e-02 -4.026271736427062403e-02 -1.027289064474368463e-01
3.302913210534765276e-01 3.712502469146140571e-01 2.769041785038521275e-01 3.530603062610822573e-01 1.375213967981479823e-01
4.086316029877419820e-01 4.433709456061303289e-01 1.178859216919859593e-01 3.340690460136079842e-01 2.726670940607411886e-01
9.339399094598421769e-02 7.630326794212978492e-02 1.756113519651531993e-02 1.001985992866825381e-01 1.709822680066445597e-02
2.086221348970108691e-01 3.284123383764348536e-01 6.399836261001129456e-01 3.054509408818117389e-01 4.689785394600280988e-01
3.885615457152272884e-02 -2.228904423108249780e-02 -2.273106287441360729e-02 1.629599345609384145e-02 1.821401015690725378e-01
4.588135615111728072e-01 4.634326627460303438e-01 3.758025260261507738e-01 3.491668364701332461e-01 4.265318513066780892e-01
5.626168685856385299e-01 6.110767594149678628e-01 1.003735601968316793e+00 5.760026437758803963e-01 7.509959883120082003e-01
6.928287500711257652e-01 8.054723789365286768e-01 9.361447855788217476e-01 5.531310998447818150e-01 8.006348485425701655e-01
1.008378971287743786e+00 1.041397107090182850e+00 1.074497609647927288e+00 9.919406375464815406e-01 9.815330005003078950e-01
2.967251919970088636e-01 1.575049037130479279e-01 4.904997912640701729e-02 4.552762656554409371e-01 2.098944269824132292e-01
7.282260790237048420e-01 7.114623547622590527e-01 6.906441602514512557e-01 6.076251025111213400e-01 7.887393600577837782e-01
4.087050840745122815e-01 4.331282848915371519e-01 1.850848888407033987e-01 3.744910401857128868e-01 3.568538804191018210e-01
6.089620121558600996e-01 7.969211556679014485e-01 7.781742391935314584e-01 7.214133735472458842e-01 7.906386202141209019e-01
3.927601529662758106e-01 2.931878893944297459e-01 9.757173468813026829e-02 4.853530762994341385e-01 3.991409238591919206e-01
9.630431018797520615e-01 9.087445921168377794e-01 1.018284322809964504e+00 9.942136806406103311e-01 8.704922115686096751e-01
6.958487247409128607e-01 7.327933714582801628e-01 9.485155754816396723e-01 6.568707950284716768e-01 7.811937544186194904e-01
4.355782713753799662e-01 3.559490201072577076e-01 2.623899990183026221e-01 3.524316072023398472e-01 3.203373314958024576e-01
1.500611877324208032e-02 -7.079444552856903328e-03 -2.820783429815124088e-02 1.167282921631190712e-01 1.454817257652236268e-02
7.191481818954503780e-01 4.193202514474106413e-01 3.695718992532540104e-01 7.937219637054664378e-01 4.086069236107432445e-01
6.161834857756008921e-01 8.385172640108833342e-01 9.444520524729614896e-01 6.105859563752149555e-01 8.196264937217074831e-01
-3.581166826486546773e-02 4.558823902967271829e-02 -4.137731693780011960e-02 3.794198547328361121e-02 2.823187307745095298e-02
9.685166868876765589e-01 9.669459353841518556e-01 1.022537496756609876e+00 1.004623941584272817e+00 9.256725356908105384e-01
5.173710961019447607e-01 5.839794006724013942e-01 9.200621487310060020e-01 5.394870830512964455e-01 6.039171667569726010e-01
2.108662884067934729e-01 3.575170253749114790e-01 6.001572122781708707e-01 3.151304221076056677e-01 4.365642084335885631e-01
9.871602990541876732e-01 1.000808071300880231e+00 9.367071364191255078e-01 1.086273380754582352e+00 9.949772445790047160e-01
5.353715616704867175e-01 5.901823626992949157e-01 8.278782214622311120e-01 5.822549121490917523e-01 6.626388578875108681e-01
6.039363917320987873e-01 7.298848350360490622e-01 9.569799838349400956e-01 6.695589764189631143e-01 7.330957703346713261e-01
4.951510098350200284e-01 5.826633039812558756e-01 7.575681011975967660e-01 6.845986895009322781e-01 7.383297015015564124e-01
2.113463716665510139e-01 1.897764054336914530e-02 -2.774272752888655436e-02 7.818975026946424836e-03 1.998527534725602073e-01
4.797941188177484717e-01 4.547961733447534738e-01 2.702530721498049848e-01 3.937543092168701020e-01 4.972454931836793879e-01
5.110568085965107032e-01 2.430387292845610503e-01 1.760419318470836103e-01 4.410350155894056101e-01 4.200077149677558519e-01
3.270514122946239222e-01 4.994707798593562842e-01 6.994444284285274982e-01 2.891453850232569289e-01 5.235336621749390185e-01
4.686540035315331365e-02 -5.936782509129140406e-02 6.001185011553166609e-02 -2.214855623166311904e-02 2.219246483717470658e-02
8.875147500081783658e-01 9.054732433023578997e-01 9.962672609100828858e-01 9.306969216504474840e-01 9.045327722866933762e-01
3.962900936242023109e-01 4.206997099631399339e-01 7.592397766156447347e-02 4.703924464027445240e-01 4.013020144018941693e-01
4.257824090531159289e-01 3.191884307167547896e-01 1.101946827783100297e-01 3.480156249321103012e-01 2.917038108647478367e-01
7.856991881427671798e-01 5.745159391971719209e-01 3.523263772534025451e-01 7.369246144954723077e-01 5.316639333310863025e-01
5.134395509278482095e-01 3.988192368202665983e-01 2.555892888061546686e-01 3.655260176150199602e-01 2.824272625560771965e-01
3.279233939094191586e-01 5.440018616417019448e-01 6.068968303059381064e-01 2.634660461849223645e-01 5.669799059725585400e-01
4.384383387174835556e-01 1.740568380631763445e-01 9.901618341666756917e-02 3.152562589621752953e-01 2.345288732066427018e-01
3.482847575006782215e-01 3.556038197066085926e-01 5.674647377331303727e-02 3.507692882675370605e-01 3.018698730657958240e-01
2.519600966592900476e-02 7.536676964690146308e-02 -5.352149386028499586e-03 1.533023989598533525e-02 4.048323913906199528e-02
6.258425789163879482e-01 4.746299463284400222e-01 3.223863834723266208e-01 6.786554204334648288e-01 4.497531571653781146e-01
1.943720654620088861e-01 3.599082058227625058e-01 6.881976566129974771e-01 2.502203114074340595e-01 4.295584475135471036e-01
6.783304788740570634e-01 8.326567214783222592e-01 8.888963045368621918e-01 5.452868727773452218e-01 7.705695158078191831e-01
4.324751215217595424e-01 4.027964254713682912e-01 2.782645060711501639e-01 3.370433174875825388e-01 3.716353253064455520e-01
