5.817956801260288913e-01 6.246782859709428815e-01 4.639495984819366203e-01 5.782732551692598699e-01 3.766699841660017256e-01
5.732763756300767177e-01 5.380000798581742183e-01 5.637348591059671010e-01 4.693032506976670959e-01 9.144650515478199848e-01
8.659661792330818342e-01 8.391472934966012209e-01 9.167569681183609376e-01 9.663863127506193695e-01 7.579486037935133647e-01
5.733444332217032535e-01 5.040537331108283503e-01 5.965318336946476840e-01 4.280895927653211586e-01 9.009112329097039851e-01
8.876697093385290671e-01 8.817349762871511398e-01 9.802001104276917287e-01 9.627505916541841957e-01 7.439067235060725647e-01
8.455156845210644034e-01 8.444956472325390040e-01 9.358036939598028958e-01 9.849521431298751128e-01 7.494409937910473385e-01
5.820901977579806541e-01 5.814843199080493852e-01 5.950107898238308213e-01 4.741054330751253154e-01 9.279078591464089421e-01
8.794389670336532072e-01 8.103255534475546362e-01 9.723786781871612828e-01 9.750584301899861694e-01 7.304590016746383974e-01
1.015634180528658614e+00 9.579543663602232417e-01 9.945273882564035217e-01 1.022616537789909019e+00 9.891912946458459865e-01
1.135776788190028530e-01 1.225958147641685869e-01 4.830441821473006186e-02 3.294578755532217434e-02 2.580988907917616260e-01
1.721271058580580715e-01 1.451523535637312956e-01 5.216075336196569767e-02 7.565533222519212064e-02 2.627452762037894018e-01
4.048093045952295133e-01 4.834348957275345082e-01 3.862365931993779755e-01 5.965542094972972054e-01 1.133087564522783919e-01
1.159703717813716402e-02 -7.163269933927671196e-03 3.229119618776709472e-02 -5.223606070620868957e-03 -5.552102871866351416e-03
5.766116644609068365e-01 5.389941601656138559e-01 5.985946730975506558e-01 4.544241156945061921e-01 9.092022033818564219e-01
8.748026629987954994e-01 8.623942463245900525e-01 9.508037951914307673e-01 9.526132790087693536e-01 7.314489569186107820e-01
5.443844806031037376e-01 5.100914915126630866e-01 6.278866023810639740e-01 4.528796204533681591e-01 8.979660081464935217e-01
1.500887290860319911e-01 1.329440781439866770e-01 5.807686709107154344e-02 5.066143307522369410e-02 2.814138738956613039e-01
1.025200156418022646e+00 1.019623142698777185e+00 9.800636201310564122e-01 9.849365814587486279e-01 9.800807538129340246e-01
4.278636348736579720e-01 4.404420644650842709e-01 4.079632782404203906e-01 5.233154257468599635e-01 1.193547562714419030e-01
9.869258064746513348e-01 1.013489031920487671e+00 1.010929166564984438e+00 1.001163947657196962e+00 1.002084907480738085e+00
1.008006248804274474e+00 9.802529557426375995e-01 1.037499189162480517e+00 9.917558306599821849e-01 9.702519688153459221e-01
5.465787512923193647e-01 5.526021081467223928e-01 5.819812200048727346e-01 4.189547070786747707e-01 9.045557527664641606e-01
1.008241413103637019e+00 1.017824735796136970e+00 1.020412169693064364e+00 9.810469411798731221e-01 1.024561230823783253e+00
5.882470664884821288e-01 5.256532471325613409e-01 6.083251815229416826e-01 4.488299325737392098e-01 8.882834861205706201e-01
8.391250414473848673e-01 8.428971690663328298e-01 9.740785802671121374e-01 9.837093718456775271e-01 7.296407778286696511e-01
4.993515171230307297e-03 -2.624647495844456904e-02 1.151827413171721895e-02 -3.299588990570388736e-02 -2.221596842523734100e-03
8.771298127701498970e-01 8.427155631342346798e-01 9.555254316657850744e-01 9.655118699501245016e-01 7.354037719242035864e-01
8.363804450896473730e-01 8.690853766666410962e-01 9.222123991267177079e-01 9.701077755881458708e-01 7.356662814352732394e-01
1.007815712925869689e-01 1.691114753052676001e-01 7.833486116217250328e-02 2.090762485335419599e-02 2.438861158450456867e-01
5.436588349398970843e-01 5.063234744051994252e-01 5.892100718664418091e-01 4.430003749679176650e-01 9.128036149786186160e-01
-3.228043350320113081e-02 -3.812335878189800423e-03 7.356579664057829801e-03 1.952185476851884746e-02 -2.374161516671307107e-02
5.851450648352699568e-01 5.321431932705104062e-01 6.195136989105881620e-01 4.187933768992245231e-01 9.165426688114506337e-01
4.590721878717812232e-01 3.904944115378216063e-01 5.497602372477704558e-01 4.189573964988716481e-01 6.211821251967806212e-01
8.900941065556550180e-01 8.533122096456613459e-01 9.463650516132022794e-01 9.490598062215677144e-01 7.362133277742218818e-01
1.334460489399634242e-01 1.354348057974353037e-01 6.443186894956846877e-02 5.671036840660962502e-02 2.860764541972663499e-01
8.360004300672551070e-01 8.574385944861574460e-01 9.285392854138089236e-01 9.679770379334793340e-01 7.476479915631367712e-01
3.012064054208120345e-02 -1.337627801024865275e-02 1.574114317675233410e-02 6.798946518091878582e-03 3.475595377215984216e-02
1.290536797431964533e-01 1.673619591480215441e-01 5.349922368010918972e-02 1.516240015991508934e-02 2.762763040294846650e-01
5.667534403110540131e-01 6.360632738092906191e-01 4.227970355359612631e-01 5.922269920981105829e-01 3.312488351075904003e-01
4.293971382122462321e-01 5.097156552040027488e-01 3.974089275935843157e-01 5.544277628374133515e-01 1.137747280947253581e-01
5.589923484346994709e-01 6.072603656156202456e-01 4.193892346953029815e-01 5.696544701272373556e-01 3.651167619373194007e-01
5.575863065043278333e-01 5.710278990624330087e-01 6.208064974315380402e-01 4.462561413404148025e-01 8.855882678593560708e-01
4.341982199915667695e-01 4.661535420501936589e-01 3.817797526434889566e-01 5.411985204979242736e-01 1.189323443854597845e-01
5.855266376194490086e-01 5.631016201628326057e-01 6.108395955442864622e-01 4.365717795085581332e-01 9.157551638723976373e-01
8.725087611277961841e-01 8.307494479892892913e-01 1.016130568001569534e+00 9.730446402410243278e-01 7.683007612598843350e-01
5.577988014112230664e-01 6.103390025135811969e-01 4.552100721062416477e-01 5.613240005127873022e-01 3.516426014226445851e-01
4.343474378313380568e-01 3.608533831390714486e-01 5.768749191206693494e-01 4.217618332498139222e-01 6.521638761381128857e-01
5.395583967970598582e-01 5.005770580190906927e-01 6.349650500531163200e-01 4.682056401201074580e-01 9.344808833216747823e-01
5.487951063791739470e-01 6.296023041840034251e-01 4.473665085788845475e-01 5.814283962438071551e-01 3.534070568091153830e-01
8.458234440911122087e-02 1.468387948749463046e-01 3.268108919697801373e-02 3.551695846789778427e-02 2.344560003633435197e-01
5.907517598590731334e-01 6.167424104675020002e-01 4.581880850462778931e-01 5.662280316040552153e-01 3.577299222457749894e-01
1.021732768226125021e+00 9.925659708702674333e-01 1.017214216409239258e+00 1.039890913061937150e+00 9.965809033787186300e-01
8.403034104028691553e-01 8.572497205564693079e-01 9.542130765753817911e-01 9.804131296380167448e-01 7.461303825001648349e-01
8.857838926700662974e-01 8.223269702964179917e-01 9.502400357777209816e-01 9.717832007553508511e-01 7.410688092183882469e-01
5.446923499849170014e-01 5.088596062520870378e-01 5.719917283295697930e-01 4.378687627609076372e-01 9.249266491119255695e-01
4.637358083414084287e-01 4.046603119848063423e-01 5.579786065990415267e-01 4.514955636072807699e-01 6.232731760298751977e-01
6.062264644031407634e-01 4.960673974363635219e-01 6.328063625210953447e-01 4.613094805266821918e-01 9.220580001588349894e-01
8.802965393161626961e-01 8.625160867876696669e-01 9.141650678846111600e-01 9.887573915777044808e-01 7.685130646390950782e-01
1.280548789955411083e-02 4.296081144706309640e-03 1.154303766981477561e-02 -2.188000263325419470e-02 1.609211824728059431e-02
1.008479435950758590e-01 1.631021785913267519e-01 4.891465245827255476e-02 2.366475383102293814e-02 2.496418740581570761e-01
-1.671007246797809320e-02 -1.933720322617167933e-02 -5.605722418847419036e-03 -2.645950323387728093e-02 2.762291184449016009e-03
4.052901157120492037e-01 4.772595865524163483e-01 3.987245006208794407e-01 5.675571825065189868e-01 1.007651820300940332e-01
4.005470754023848778e-01 4.674392532484180629e-01 3.855333186782388677e-01 5.686464511910463981e-01 1.000216568382626681e-01
5.583669106204345312e-01 5.611000640601869760e-01 6.011570862933927062e-01 4.368624802023363118e-01 9.201660726325435746e-01
5.536823509533959076e-01 5.527748120902287177e-01 5.847617688041790718e-01 4.613192389213093270e-01 8.543446885075897113e-01
1.224460652421329593e-02 -1.739691277816149059e-02 2.018733644393542331e-02 -1.534094777472149937e-02 2.121919558209950374e-02
1.001179326579987761e+00 1.017730722911236896e+00 1.001272553254269670e+00 9.758556668400196754e-01 9.961374147141545121e-01
4.072848750372950466e-01 5.031177549766652213e-01 3.712988553287821514e-01 5.743787186529983879e-01 1.284281673750857500e-01
5.670901926525414583e-01 6.242328905068842415e-01 4.033839462720936742e-01 5.654486970150768288e-01 3.361832075288883614e-01
1.309969645477687128e-01 1.098383505137907473e-01 3.366745926708179792e-02 2.638029524523269331e-02 2.470894562367503267e-01
5.891797238842521045e-01 5.629376907880336844e-01 6.120750220280523068e-01 4.431528855519959453e-01 9.101213143680103590e-01
4.096500878010433944e-01 3.400372867562284629e-01 5.780419798553222410e-01 4.030062144166952631e-01 6.384648518046457388e-01
-8.550278472524886972e-03 1.774012923562295202e-02 -1.514528374598543038e-02 -9.925224879922554810e-03 -1.123688735886657630e-02
4.160584370847327240e-01 4.314233242092273546e-01 3.978096477716452917e-01 5.792467147875079991e-01 8.434820749402209550e-02
9.806802896768749278e-01 9.936162336174541032e-01 1.048451636169652756e+00 9.854633598397672944e-01 1.039589899042820953e+00
4.493649661811257023e-01 4.970164681521789807e-01 3.675802236292757263e-01 5.176106967676665782e-01 5.374429629596123859e-02
5.736223424948889704e-01 5.614371129355453238e-01 5.765016553869758420e-01 4.500078288510503399e-01 9.159203333852403706e-01
4.529082636742245982e-01 4.811264525283256988e-01 3.735558380514200083e-01 5.254580280404846926e-01 8.937216498915037666e-02
6.177627810511671091e-01 5.520098671648840938e-01 6.022822561065687141e-01 4.542133456505877964e-01 9.089469726562837693e-01
5.971341101852297717e-01 5.201573117166231608e-01 6.228879778580806992e-01 4.570273791119509599e-01 9.059791191107027242e-01
1.002113360371935213e+00 1.041720247832507162e+00 1.016548267587372489e+00 1.035732059883072820e+00 9.950595214149643430e-01
2.864192474866357474e-02 -1.999918582501738692e-02 -2.011580078605256991e-02 -9.172185830282406430e-03 -1.340203993036432652e-02
1.007235857702837079e+00 1.020952118752831872e+00 1.006538790118945759e+00 1.002323938057595898e+00 9.759205203930593209e-01
1.010040485419704259e+00 9.947262492173061244e-01 1.011790663229839016e+00 9.850941543478709539e-01 9.979335714550398029e-01
9.986305172267853081e-01 1.038062876152445968e+00 9.870897352268253044e-01 9.921889375479270301e-01 9.730385046672699323e-01
8.703065151870711391e-01 8.312598423631923916e-01 9.165214650530577600e-01 9.824552602733903628e-01 7.659714388536597029e-01
4.900782504006273577e-01 3.856027519239968449e-01 5.429167156261212046e-01 4.197693081479492716e-01 6.424594076957348410e-01
4.657943300326753411e-01 3.764839735438196278e-01 5.784373528052710878e-01 4.582858290184425032e-01 6.215870082062280311e-01
5.715197952941437620e-01 6.722917453960925993e-01 4.295675401553478157e-01 5.926257403873490537e-01 3.473496359279578116e-01
5.415541911681125420e-01 6.438176055427985434e-01 4.380795491763045946e-01 5.686779167485913611e-01 3.863975635036822065e-01
4.290358157434976949e-01 3.489758742436560035e-01 5.533638129988242005e-01 3.987464735264860671e-01 6.495146078442052273e-01
4.333947584156911392e-01 4.794802181009100162e-01 4.074916509363552541e-01 5.713883060837374739e-01 6.821996284975249958e-02
9.844910011924395965e-01 9.982995361739359641e-01 9.856699108396196340e-01 1.009768518763755729e+00 9.683324931999713892e-01
1.073673708669895949e-01 1.608254005896901373e-01 3.226453263318630749e-02 3.573611058498205040e-02 2.616907249058234575e-01
1.057631598846251048e-01 1.303561978532621901e-01 -6.520121754054822305e-04 1.677617871800107102e-02 2.556037463384003283e-01
5.519038918578289543e-01 6.564342919531669374e-01 4.657747365869386869e-01 6.068813059599010851e-01 3.492670622865429175e-01
2.182337691287616205e-02 3.234033136256769109e-02 -2.305011900400747490e-03 -1.745361660198040121e-02 -1.897433643315526650e-02
1.687360473810440090e-02 -1.088570419909848722e-02 -1.870085419561950610e-02 -1.596773865666748903e-03 3.255120275616830289e-02
1.522933877678254444e-01 1.765061203035430404e-01 5.892639274118091630e-02 2.757135150094059545e-02 2.686150160930523834e-01
-1.389681602606904513e-03 1.744518786425762469e-02 -1.874386046978987128e-02 -2.452760743884439473e-02 -1.707782706119925038e-03
