1.079040658246635642e+00 9.098423070709945604e-01 1.001106431980777867e+00 9.356518611844548694e-01 1.014568505783299379e+00 1.036685758096262067e+00 9.867631499171587439e-01 9.954590898861843673e-01 1.056074166062144659e+00 9.952923762106049566e-01 9.578790732446826883e-01 9.960781487301965109e-01 9.349524187946689491e-01 1.015854601279197356e+00 8.708141979520227505e-01
7.155805670141648367e-01 4.223146368647666127e-01 7.023478665263652720e-01 3.467564408622952898e-01 3.493831966228860275e-01 6.304541885525716260e-01 2.443428998793710227e-01 4.953889261300039037e-01 5.907548817199448354e-01 3.660488910966318010e-01 6.050627902512737410e-01 5.751841587403395684e-01 4.736095654650753772e-01 5.156615334175360665e-01 5.450455816289075939e-01
7.908901351886383768e-01 3.537805350648865477e-01 8.570841147129711901e-01 6.094991093765704804e-01 7.740699017487390199e-01 7.848699349442014306e-01 7.937351031532746681e-01 5.819871060401470286e-01 6.173231189507416561e-01 7.596641890947594122e-01 5.875960257984170765e-01 6.764114124670561612e-01 5.793638871621652475e-01 6.245561222012626645e-01 8.056645477315200754e-01
5.419284262168638788e-02 -1.521454650545818812e-02 1.223490724225267806e-01 3.104226237018186674e-01 5.062698239402247946e-01 8.826224443271857290e-02 4.560632232008957065e-01 -1.564180484340957356e-02 4.086527017529526656e-02 3.104057055234487050e-01 6.017148131581458864e-02 2.737106922256741723e-02 1.254513596931347563e-01 1.688941786500177678e-01 2.870918860678847717e-01
7.801429196158015111e-01 4.422579166390857575e-01 7.278617593080330961e-01 4.002214648042472511e-01 4.638817228019909145e-01 6.706932750281274780e-01 3.473377536839289959e-01 4.571571027123577657e-01 5.692419161513295744e-01 3.658821811031973681e-01 5.277039323960575068e-01 5.621058788728928723e-01 4.692023598450653088e-01 5.446061636435619580e-01 5.377040871610448969e-01
3.086577456834350697e-01 5.548641577075487108e-01 5.936227847618980036e-02 3.282541443015983829e-01 1.429041336291636821e-01 2.432534167308153250e-01 1.372824682480673630e-01 3.106881977793832239e-01 3.468453754114378951e-01 3.207958952724335733e-01 3.619018507769802828e-01 4.747939161868411917e-01 5.021003536743968709e-01 3.300192714933891103e-01 1.682495357983217199e-01
-2.632817919341314677e-02 -3.083338013934555297e-02 1.592487880193836913e-01 2.780873632198859191e-01 5.297699915021345518e-01 1.302588407616681043e-01 4.215359257465127740e-01 4.557745005082328160e-02 9.821002419009484952e-02 3.792377080675675693e-01 9.643890598838980588e-02 4.486929081679994630e-02 2.696141196875359580e-02 4.266632422223724103e-02 1.966232882455137831e-01
9.575775020586324571e-01 9.584394017856717740e-01 9.524430151488260110e-01 7.229397087019917567e-01 4.746506491674362671e-01 8.457185524099996021e-01 5.303325888220451478e-01 1.087404537055468134e+00 1.036065364363769614e+00 6.410377153896680280e-01 9.533988613076650465e-01 1.008420163157513372e+00 9.336688814641547207e-01 1.015922576527818588e+00 6.891772218678517969e-01
2.478962026905345145e-02 -1.654957163175771158e-03 6.903070381322216897e-02 5.205670925184139458e-02 7.534993008959615934e-02 -7.770432118925534037e-02 -4.028831296683761665e-02 3.420429170878617336e-02 5.011614856818973757e-02 6.131573452911776197e-03 -1.132143893576431637e-02 -5.286927457451950224e-02 -2.682764283311035725e-02 2.937376099740457436e-02 5.953059764568777168e-02
-2.820764594664268432e-02 -4.324196140673304371e-03 -1.898824487824960633e-02 4.930193009720808955e-02 9.076627342697161926e-02 5.371793163512509489e-02 -5.515234113078399010e-03 4.001159016869077628e-02 1.363894459644060357e-02 -5.739871911440805330e-02 3.033045119980579823e-02 -3.654168429055664608e-02 -2.232414006905553833e-02 -6.733030150975022506e-03 -1.250889639234267076e-02
1.556361614685444067e-02 1.111886784922154134e-02 1.735395017034193632e-01 1.836350362350242515e-01 5.865228274790577068e-01 1.221853305754178332e-01 4.264327509075087619e-01 5.350497896010459470e-02 -3.192557024744434313e-02 3.396130574589395490e-01 3.493007811078455149e-02 -1.879498761410845417e-02 8.571978763894977371e-02 8.857849888108060288e-03 2.548860485628771100e-01
3.022879678253172497e-01 6.217593212754288778e-01 3.232374767766758028e-01 6.884597174993959401e-01 7.153536607521009394e-01 3.439414071981662935e-01 6.820491111651010296e-01 4.325929606799593374e-01 4.111450567314794413e-01 6.498707289281621113e-01 3.853610969954716081e-01 4.834091074855291215e-01 4.850536010311069512e-01 5.407977215796933024e-01 4.679424938433047743e-01
9.129611420128165289e-01 9.806572633506068781e-01 7.740434383559224862e-01 8.350001270083499127e-01 4.235008750140892286e-01 8.740747795350390925e-01 5.920857142205943058e-01 9.374289078164608213e-01 9.681004708205822595e-01 6.436345693547609326e-01 9.312755821191773808e-01 9.461568638103499129e-01 9.524324966499545519e-01 8.813996946493590778e-01 6.928754273085148130e-01
-5.632849637880741819e-03 4.360789001275961613e-02 5.842128608453936445e-02 3.718195642117361199e-02 -3.371365458847157964e-02 -7.692787565184543153e-02 -7.217159500866708599e-02 4.818360989817156714e-02 4.239633005677820310e-02 6.948267282469196282e-02 6.034095549585184737e-02 1.577238256453071183e-02 4.920636551576496737e-02 -1.400307603747766132e-02 3.244276839617925290e-02
7.888925918385617519e-01 4.004491694135521862e-01 7.778595151845428823e-01 6.348893982869987518e-01 8.773278399347800294e-01 8.062996102489691230e-01 7.800542566394734756e-01 5.853772481618495505e-01 4.602810805218983115e-01 7.646834722406822271e-01 6.244442600676195498e-01 5.290944079340048622e-01 5.070327622761643394e-01 6.661288788196626509e-01 8.410987915992728103e-01
3.066168145722395488e-01 6.139625457691388899e-01 3.250941215229267711e-01 6.209826707934249512e-01 6.092676700349187735e-01 2.546850852133794585e-01 6.801778721202703659e-01 4.237801049745356097e-01 4.347401615306210054e-01 5.428636534987455464e-01 4.467548328650666201e-01 4.509290358658564202e-01 4.283617468374038562e-01 4.531813395773821029e-01 4.301594018090769689e-01
1.053219145746736807e+00 1.082238459712438372e+00 9.190957340819727595e-01 6.260952759943337886e-01 3.501501489231852449e-01 8.512447171075493424e-01 6.233915984935586296e-01 9.906217320584359554e-01 1.015890462596041655e+00 6.566831512523750858e-01 9.369166849339337633e-01 9.310102994292714929e-01 9.508854251695443294e-01 9.423785780181586080e-01 7.103561966539010397e-01
2.091899828164046904e-01 5.514109912081301967e-01 1.000163511803575378e-01 4.138167355692577987e-01 6.877165686766539832e-02 1.941803763513538783e-01 2.592801147723012845e-01 4.467840704771414706e-01 4.625147326267100567e-01 3.326678459063886484e-01 3.151697451300082831e-01 3.276832035668203469e-01 4.060822178680703054e-01 2.576615285993868465e-01 1.706952490042465131e-01
4.106845671881169391e-02 -2.341909350546162241e-02 8.148301484629083546e-02 3.111812823118397242e-01 5.985169446568554541e-01 1.940764527392347949e-01 3.809043640398549480e-01 4.842751900910128443e-02 1.373827177567683161e-02 3.600984554424399575e-01 1.071951151811385838e-02 9.010318470733134910e-02 -2.244988553089229816e-02 7.730176086143636383e-02 2.551240230890433613e-01
-3.912402676389374612e-02 1.239791891313132138e-02 -1.207267188227594962e-01 -3.676360105101146580e-02 -1.054719551102975550e-02 -3.355676856984603218e-02 -1.265260892696500744e-02 -6.646399387656334867e-02 2.851616679250094932e-02 3.519271715203712431e-02 -1.356367368251385278e-02 -1.272852800764505687e-01 8.316703252771524141e-03 -3.199509488917209182e-02 3.785687169280922693e-02
2.164302904883883827e-01 6.413886600606252264e-01 1.846086526182893484e-01 6.401258315150856193e-01 6.323067491386600292e-01 2.896256311651067006e-01 6.522495278709719013e-01 4.141796883725447076e-01 4.310481370559911540e-01 5.574214373530392841e-01 4.728179240770070679e-01 3.981808604017219033e-01 5.494624921513496796e-01 3.636356247466331904e-01 3.958705260805190917e-01
3.257105357175597016e-01 6.593769333247759823e-01 2.389820802768213570e-01 7.639915754349317911e-01 6.322138997579490605e-01 3.789163473637958690e-01 6.455858114602617270e-01 4.024172337326115678e-01 4.585948609602344961e-01 6.373465001632012683e-01 3.603390573080643700e-01 4.445160744600565317e-01 4.797874182335201687e-01 4.281466237718527523e-01 4.589143829983938772e-01
7.471550598622384021e-01 4.109400594591267053e-01 8.018975805631706200e-01 5.369417095732419432e-01 7.980399956912647141e-01 9.070625543464876372e-01 7.791289590217118644e-01 4.961988909857827368e-01 5.997726673957701760e-01 7.890122224579690924e-01 6.845809909596803911e-01 5.537572143937126157e-01 5.773719060126089042e-01 6.569542668057642976e-01 7.677023821667005032e-01
8.389089203457023025e-01 4.855836378404636000e-01 7.510218529814314259e-01 3.898732248712727388e-01 3.677117329796709688e-01 6.551504936971707105e-01 3.332417126178637279e-01 6.400791550254222306e-01 5.432163706865602570e-01 2.625144370458056819e-01 5.525498244233770784e-01 5.923532583468906765e-01 4.011414225737499617e-01 5.738891322418541163e-01 5.763634458595655596e-01
2.198513871014459442e-01 5.927884331719462940e-01 6.775662989504147027e-02 3.355577989372822700e-01 1.231003031857803715e-01 2.387475932626385022e-01 2.530768863693544923e-01 4.917396201607896478e-01 4.237492118790485707e-01 3.174507200936609874e-01 3.045355467889740986e-01 3.845000956798108604e-01 4.978422062079660426e-01 3.343399241928347587e-01 2.928726831722929247e-01
2.625469354862579596e-01 5.993782574494539439e-01 2.384318230781078130e-01 6.687876726297369290e-01 6.807471967992310136e-01 3.046915204073509797e-01 5.977904834379302867e-01 3.877673150287340165e-01 3.943743967989408183e-01 6.217559249853245040e-01 4.203012920927275409e-01 4.349152342627422008e-01 5.824020671755154588e-01 4.732549339171838731e-01 5.199749844639796059e-01
8.085982211916606932e-01 3.348938498177323475e-01 7.971552939144700423e-01 3.448105476321810525e-01 3.412926752940516062e-01 6.284677201498557464e-01 3.508493571010640744e-01 5.682820720773780199e-01 7.107673932761424673e-01 4.108197686763607193e-01 6.099085998916246032e-01 5.399571690159213899e-01 4.050153631819334299e-01 4.806299180870500232e-01 5.657853484344014250e-01
-2.890391143569163296e-02 5.306982041934441702e-02 -3.863410518876694844e-02 -1.121636944529382299e-02 -5.016874754616269805e-02 -1.130024180502678388e-02 5.750512810533985747e-02 1.433404197611636011e-02 -1.968758684353836327e-03 5.079787261878509347e-02 -2.165689029827009508e-03 2.017785061748504291e-02 3.048695949739507749e-02 -7.286120423579679761e-02 -1.122782605891334100e-02
7.112455056292720235e-01 4.479876476647028927e-01 7.043175050575417595e-01 4.147559657448399162e-01 3.837695502391275104e-01 7.216039577665951388e-01 4.116742490240343222e-01 4.625320375762606018e-01 6.121198989578161553e-01 4.555111510076448322e-01 5.300598486936221043e-01 5.816058271848527639e-01 4.586194662068591166e-01 5.319558117924705343e-01 5.033554774575073054e-01
-1.453989302892751828e-02 -8.583429436027611992e-02 -1.521650521834932469e-02 8.892088510216679398e-02 2.329316836420600861e-02 -4.029669610383531525e-02 -6.648776728165206595e-02 4.964952022528254516e-02 5.261862705130342793e-02 -8.952658616203026595e-03 -1.454985336565454805e-02 -8.481508639253001677e-03 -5.343162880436857359e-02 8.749544840799181045e-02 6.672680700204422499e-02
1.001977867007601164e+00 9.748911304183048854e-01 9.015048246104743201e-01 6.444055246843494178e-01 3.874977547358827157e-01 8.429185945192783080e-01 4.764351738779235568e-01 1.022519437336540715e+00 9.998887014715018839e-01 6.851651721384033333e-01 9.178645358528049192e-01 8.834276222575809800e-01 9.171738577647401414e-01 9.129416463996636866e-01 7.064710657638220148e-01
2.350576420882497242e-01 5.019013919433691351e-01 1.630836273255056312e-01 3.702612631595687542e-01 1.927011427575284208e-01 1.529483730818264886e-01 2.242028324740763245e-01 4.678274100872122920e-01 4.186335156813575931e-01 2.229215243960473436e-01 3.521270256634781437e-01 3.283505396236073848e-01 4.587259011325972580e-01 2.697577265592290829e-01 2.284840634799688575e-01
8.243415619222693724e-01 3.423968403885305767e-01 8.612763124928509706e-01 6.222464396027395095e-01 8.323065682271483245e-01 8.010826794032588349e-01 7.965887013728798483e-01 5.862542659045860693e-01 6.405713595486450807e-01 7.624081172084153923e-01 6.275788856186472753e-01 5.499170808614521899e-01 5.592598053498523125e-01 6.062397735490988593e-01 8.054501707704363467e-01
1.820660015888895533e-01 5.542717136383243925e-01 9.004555823273330262e-02 4.202950890732771727e-01 1.335924548170108195e-01 1.690064948373151965e-01 1.489265160704784929e-01 4.991840717322572063e-01 4.598645512423187309e-01 2.880586664391222573e-01 3.399900149970584984e-01 4.264789591771446786e-01 4.227872966657317266e-01 5.089531255206711791e-01 2.242038835553015197e-01
9.257582121628522565e-01 1.006820433656950842e+00 8.537516426721049045e-01 7.581153391249906282e-01 5.047030673630134023e-01 8.465042903903720051e-01 5.052934492697016555e-01 9.971035064904049117e-01 9.763029788867186864e-01 6.435692284492680049e-01 8.638963686670413367e-01 9.767838428785975413e-01 9.002186550782418362e-01 9.449076007092129803e-01 7.831983160447696379e-01
8.794269003856011735e-02 3.781520620949256617e-02 1.391873048372279653e-01 2.663741238917258225e-01 4.854621072626098544e-01 1.846112088045052668e-01 4.736800866917208475e-01 7.232866288452831360e-02 -5.648058298071213790e-02 3.026624544890222923e-01 1.015471517592857059e-01 4.307281149790526814e-02 1.197330220181608285e-01 6.184663683217996033e-02 2.830853104489561289e-01
9.837689303736854018e-01 1.023448611288692023e+00 8.704437173719800080e-01 6.644330708420446152e-01 5.177540427818585478e-01 9.300037498996220897e-01 5.991974902572412276e-01 1.001081829048427130e+00 1.074665737460100301e+00 7.068457099978620040e-01 8.553475096385239063e-01 9.902102374268619833e-01 9.918021951108640932e-01 9.444642844167231432e-01 8.035506941456146413e-01
2.230957499934416444e-01 5.791705561422266779e-01 8.982293771585900255e-02 3.917496993023631968e-01 1.541973359815011491e-01 2.649025979720742718e-01 2.324058098229937752e-01 4.091083191226455029e-01 3.009819076892080725e-01 2.714086913881233465e-01 3.298039486569099843e-01 4.554020180015554420e-01 5.303627921966523884e-01 3.735951614455445546e-01 2.461659379668579561e-01
3.085347204643870134e-01 5.336823513895446736e-01 2.121551421748543720e-01 6.893169197347664978e-01 6.214396679348229702e-01 2.428397596317105611e-01 5.303474792845269681e-01 4.179156258573089588e-01 4.619964399224222307e-01 6.489450189454056828e-01 4.544445227907262241e-01 4.650652898033563742e-01 6.284886735674241054e-01 5.410026532996513593e-01 4.883487923241169870e-01
2.288525270630439590e-01 5.405114484401654096e-01 2.268707684275502179e-01 4.150604955893962278e-01 1.344844105636719134e-01 1.149108092938263270e-01 1.931961690396216402e-01 3.285953915368808320e-01 3.173135502427278931e-01 2.191775776501407591e-01 4.342504762707303789e-01 4.289588703977379458e-01 5.340608514966891374e-01 2.754837320525242994e-01 1.835347946933022223e-01
9.970738882875147535e-01 9.905526163106080917e-01 9.462874739431529347e-01 6.269902597401389999e-01 4.884458120035712891e-01 8.264343711738383336e-01 5.755157233055058219e-01 1.103677366176409880e+00 9.638001488024678931e-01 6.835786305997488821e-01 9.463489724450985241e-01 1.018304262658071613e+00 9.875811554829639904e-01 9.469212748411021119e-01 7.289151558194886249e-01
2.176384103519411195e-01 5.292464426483683981e-01 3.326726807891963178e-01 7.101104692387476547e-01 6.499837594009909569e-01 3.678825687255465882e-01 6.895841334410810486e-01 4.732597542313893291e-01 4.192458847940632172e-01 5.243119643240071737e-01 4.627268364296462377e-01 4.090978572129946866e-01 4.262427503419530250e-01 4.468411710349571297e-01 4.442655772032660377e-01
9.748643728944735853e-01 1.010533035211308883e+00 7.742598282289610001e-01 7.018920607689267399e-01 4.626258806657159717e-01 7.417981080270944494e-01 6.759493662294588923e-01 1.035911606801513507e+00 1.020540100028881403e+00 5.999549748876189526e-01 9.584234078958689951e-01 9.550836560219839733e-01 9.277112471633968127e-01 8.229869172681991696e-01 7.076269110091593095e-01
1.021648693043506695e+00 9.183697394138625736e-01 7.924224135825106430e-01 7.093186140995033639e-01 4.685949454230696753e-01 8.538212265332615347e-01 5.260203710243817055e-01 1.017954896418314936e+00 1.026715876549586293e+00 6.297041628563344595e-01 9.283428836141502938e-01 9.906386550877819275e-01 9.511149282510932279e-01 9.410004361153102570e-01 6.912447124328455761e-01
-1.730611639818514791e-02 6.590393901062175340e-03 -4.211452129028341040e-03 6.534016586312561825e-02 3.686347625733388256e-02 3.643259688501268578e-02 -8.619085324071660420e-03 1.505976826082482123e-02 -5.625274247139129546e-02 -5.184893892431929191e-02 -2.008775481107817271e-02 -1.109068450804501782e-01 9.409167474504183740e-03 7.340512956937204903e-02 6.365035212144654064e-02
-3.386057543871322933e-02 -1.022159980744580254e-01 1.145574214539912469e-02 -1.604766881749012941e-01 1.490927510912280762e-02 -5.018507858636055835e-02 4.158006721647797277e-02 -3.758732156846616296e-02 3.615967987378725969e-03 6.655218005685051286e-02 6.051619311292805170e-03 1.064246942462822726e-01 -7.604698951871100010e-02 -5.706148808794359907e-03 2.675616517344191203e-02
2.307419056240210264e-01 5.494494356181609529e-01 1.741083297270253905e-01 3.224383348202839450e-01 1.096454925266131114e-01 2.302067944057110405e-01 3.028025595790630464e-01 5.229017254987400332e-01 3.480054042494336031e-01 2.477934033497743715e-01 4.083960265265856315e-01 4.332070117310292123e-01 4.479397398235850369e-01 3.950347471368563790e-01 2.667166512029388037e-01
6.793091742356590634e-01 4.115543659117408826e-01 7.650800697967300446e-01 4.353840860098296961e-01 3.640313933526639900e-01 6.564628315982568019e-01 3.694660455678416833e-01 5.456323535221128118e-01 6.245142952203371900e-01 3.578453029701865185e-01 5.250040208574193734e-01 5.591881987882235672e-01 3.848536379518120443e-01 5.246821138096796622e-01 5.231735848242183851e-01
6.938730783929824009e-01 3.466381936149800502e-01 9.240870001565824055e-01 6.372993360182012124e-01 8.212788578982931353e-01 8.765060613197923622e-01 7.513841239266561001e-01 5.711773739271579498e-01 5.683906635036356514e-01 7.388866178539210683e-01 5.948219083044138378e-01 6.526601729560950194e-01 5.093338368499796820e-01 7.140720752696317897e-01 8.414244395015115785e-01
9.215317327711534112e-01 9.813943261299880039e-01 8.859679062552346940e-01 7.314226872021560855e-01 5.548059623379254512e-01 8.858992750605675370e-01 5.826883116274828023e-01 1.010180957204032115e+00 8.889489200161124760e-01 6.069738096055493637e-01 9.457775543648588856e-01 9.228915343266186344e-01 1.028192474560023717e+00 8.593008825214362156e-01 8.062404670812240992e-01
7.464216856188230498e-01 4.361936320246022625e-01 6.868382588869293981e-01 3.573166447445589311e-01 2.941647281093214827e-01 6.695747426389546675e-01 4.076753492929843237e-01 6.297756208445666193e-01 6.449618380360346848e-01 4.918329636622288392e-01 5.694450091262728275e-01 6.558962082930392956e-01 5.051523439457461517e-01 5.878791787159615145e-01 5.251797344056868821e-01
-7.110237198647413603e-02 2.651045406720512615e-02 5.393658173990448917e-02 -1.802605931776682163e-03 -1.576238907058553559e-02 -3.726735179679251803e-02 5.199443390008630372e-02 -3.254436972260206506e-02 -3.160806971047668001e-02 2.762108698752247654e-02 -8.755983098392236541e-02 6.862208209181221152e-02 -5.379472838967743094e-03 1.936134256826993862e-03 -3.265933877578264949e-02
1.130085448472213927e-01 1.561566319662836475e-02 1.304743266835982074e-01 3.113717369821951131e-01 5.392894938097725355e-01 1.274574494014701909e-01 4.465392943401904069e-01 4.767735911027757428e-02 -2.422623802998066442e-02 3.146460396250715941e-01 9.224567345240461402e-02 3.321630999300725223e-02 5.519201453008437674e-02 3.094955253516163546e-02 2.595884415254664512e-01
9.365859609139928210e-01 9.516839546960998986e-01 8.407589901344291183e-01 7.803110666493704439e-01 4.774198605359091241e-01 8.571837663406833840e-01 5.729947727459809848e-01 8.924223156914843358e-01 9.234618274204429156e-01 5.615889414944336133e-01 9.546786756402020346e-01 9.662180820578893936e-01 1.053661241559703532e+00 9.320841191164797035e-01 7.196117279899840735e-01
2.651444406042763324e-01 5.593446403471394879e-01 1.899523501323839292e-01 2.724811960999191651e-01 1.017383903163118775e-01 1.878083416502992486e-01 2.111902363526976800e-01 4.969116573531512371e-01 3.697353179978508653e-01 1.905359486931544055e-01 2.704669032765809611e-01 4.403985499283011862e-01 5.581573471753462634e-01 3.545753224398907610e-01 1.273867285525098203e-01
9.672298472252237600e-01 9.806500953931208686e-01 9.583201938242791318e-01 9.416455235506450139e-01 1.050884084354317238e+00 9.805741814589938876e-01 9.607411865663998407e-01 1.003203576494324345e+00 1.032101796407772332e+00 1.016020458467089105e+00 1.037269074174823169e+00 9.924694501644815148e-01 8.832768520390313904e-01 9.971973918625082201e-01 1.050811338452380728e+00
3.679940256837387902e-01 5.898660366951843370e-01 2.067308859264277154e-01 5.722491147738406614e-01 5.924498604453084516e-01 2.803175218069384189e-01 6.585680776192871511e-01 4.884258393556569211e-01 4.306524327877979674e-01 5.823628398093734226e-01 4.753639975569908249e-01 3.805818320394889764e-01 5.572343411222164811e-01 3.850794550413800810e-01 4.627586979117524479e-01
9.919198530912295420e-01 1.048745182170299328e+00 1.048848923838124447e+00 9.962903466917761852e-01 9.932472457992223003e-01 1.024952747816094689e+00 9.874848265085770516e-01 1.060617906211326122e+00 1.114495725511763791e+00 9.615527712622311540e-01 9.992639193674085485e-01 1.000565281506700099e+00 1.119660748122615068e+00 9.720468637833463710e-01 9.885131070068059467e-01
9.420915579529995920e-01 1.034426766648350871e+00 1.011435706341939689e+00 9.946055661293797812e-01 1.059037942455207437e+00 9.929023796186549067e-01 1.013598212396786602e+00 8.804013922454410057e-01 1.021884180740513681e+00 9.877247794258441349e-01 1.007590596049261711e+00 9.364730356521235866e-01 1.033748551608381305e+00 1.018664064825714366e+00 9.043295345504709370e-01
7.553858710178212865e-01 4.680473833090358360e-01 9.298831278640199427e-01 6.411308743014996203e-01 8.742283081336176265e-01 8.567221577700363522e-01 7.212871874268050876e-01 6.383956560987809059e-01 7.441420895360810750e-01 8.185096888894449751e-01 6.355508915975022211e-01 5.975806555554483701e-01 5.663412602136600471e-01 6.387818110341209055e-01 7.973494182795743956e-01
2.468155349410615651e-01 5.574738089930861840e-01 1.292924444176266063e-01 3.538063648697082897e-01 1.492682194447526312e-01 2.188467553910291019e-01 2.384715620409176284e-01 4.042436123318764452e-01 3.254920442085793564e-01 3.639934679428539210e-01 2.853969503441656785e-01 4.203775011316430166e-01 4.390966603075411312e-01 4.305723021167963682e-01 2.558521280416704569e-01
2.652757966765524889e-01 5.795658257421324455e-01 2.000271256469904335e-01 6.817457805831568241e-01 6.367886630546478743e-01 3.332540267136502865e-01 6.665256254974735173e-01 4.823574122347524806e-01 4.298940989921388178e-01 6.030147415375622932e-01 3.984646540259944025e-01 4.674699971967148371e-01 5.430547345172405116e-01 3.963181258151430297e-01 4.310001843827395707e-01
1.184859802549181537e-03 5.092281633076650715e-02 -5.566576313097694462e-02 1.779385918383217732e-02 1.384147036871110487e-02 4.077387424845748537e-02 1.269233121092019079e-01 -4.173697098161734120e-02 -5.385117335392955451e-02 1.302954141620995578e-02 -1.043163580456449441e-01 5.529952229474185965e-02 1.842899746359545274e-02 -4.149550958318448668e-02 -2.207580092814712125e-02
9.344811018251073520e-01 9.344590810715609486e-01 8.274352586882003369e-01 6.697715190124194917e-01 4.474987786587683036e-01 8.440103266890934819e-01 5.770730170940737702e-01 1.008247654969510965e+00 9.066534331992076590e-01 6.959400217453860504e-01 8.533984915606471766e-01 1.026201032389465917e+00 8.778129920074027037e-01 8.601173427348163258e-01 7.991462590935578536e-01
8.215310787787697411e-01 3.431273671530238323e-01 8.894924248628655050e-01 6.844443278869454250e-01 8.396646191994355801e-01 8.396511626828938590e-01 7.390896305744195649e-01 5.434704433561265979e-01 5.099775867900078197e-01 7.922357978853523663e-01 6.151608458993599315e-01 6.156671646540134990e-01 5.885033704061592985e-01 7.029946141510950985e-01 8.333346646548797088e-01
8.694673954835419050e-02 3.232711303559702640e-03 1.292442480487018819e-02 2.153216080699905111e-01 5.638010888203969229e-01 1.920357800410799343e-01 3.586480447773403024e-01 -6.816282589668614181e-03 -3.093780071402010487e-02 4.336384838180271650e-01 4.783792384712708123e-02 -5.475552354177964931e-02 8.773953728069741609e-02 7.450439662360915094e-02 2.840888490040332504e-01
1.131941726204126197e-02 1.272388233940180934e-02 1.755169013590841820e-01 3.422199373895689067e-01 5.154370767257805408e-01 1.177450477612203561e-01 3.914767436777285559e-01 8.155529671298140937e-02 6.323242831595823205e-03 4.617542899690610936e-01 1.571437483601904050e-01 5.302135323769655018e-02 -2.517332475430019562e-02 6.747331557542367297e-02 2.648311064454730857e-01
1.064740618791389482e+00 9.732529121822686147e-01 1.040610153103249669e+00 1.088827302108202222e+00 9.829632842864739484e-01 9.708299312375217038e-01 1.060306234149816618e+00 9.125894503083400444e-01 1.041921224988092032e+00 9.590896336379686193e-01 9.728630676065712635e-01 1.028790485503134899e+00 1.018909628362939079e+00 9.301979044003684249e-01 9.724221562408680297e-01
7.409350294555009375e-01 4.313601074811664327e-01 9.389093381960320617e-01 6.346133004330959393e-01 8.733966592325980161e-01 7.731982896629909785e-01 8.134568004369175931e-01 5.335175636249028797e-01 6.263116509443654722e-01 7.183013090777224940e-01 6.521267836039245092e-01 6.446537291417676618e-01 5.888985302238387565e-01 7.006971666165433543e-01 7.139522293395621499e-01
9.666787731888549784e-01 1.039967370649425904e+00 8.815418526048743875e-01 7.553416894367858125e-01 5.550151766692767996e-01 7.930786426776028630e-01 5.120611464815791880e-01 9.063385764117309895e-01 9.638732197043373695e-01 6.891111843622459432e-01 9.149449482099293318e-01 1.026743084988239740e+00 9.772613637960190225e-01 8.618358865805609836e-01 7.022070192532792188e-01
9.583711102415427563e-01 9.598998789696917555e-01 9.139194506097897408e-01 9.981052409296378158e-01 1.055484452233803605e+00 1.092351065812226629e+00 9.211263531261132398e-01 9.851768196720139814e-01 1.008990166885302076e+00 1.032112859965705010e+00 9.855940081148033549e-01 1.066527841403057675e+00 9.555051888047890740e-01 1.010819331585981251e+00 1.021812219257678400e+00
2.766389736063356031e-01 6.746605961262948092e-01 2.111199107323368795e-01 7.382620316967409835e-01 6.880276814593683232e-01 3.722251175997121075e-01 7.318391770014003317e-01 4.185594477768077581e-01 4.290680802415936523e-01 6.911311216320380479e-01 3.964489060136291987e-01 3.318287018760690543e-01 5.582467724132650355e-01 3.476269718250737384e-01 4.312746691701430657e-01
1.063540142771354668e+00 1.055632408525888133e+00 8.766197187922861733e-01 7.007906600475161119e-01 4.941598502064321052e-01 8.745349669176167851e-01 5.303251336312106989e-01 1.011380919085249852e+00 1.017987523291902008e+00 5.540248698593338572e-01 9.020837350231306617e-01 9.562978761596997446e-01 1.040324883780312515e+00 9.298336913441048734e-01 7.587292085292925981e-01
9.353547447393381065e-01 9.855357228847353435e-01 9.360135835413568861e-01 7.334052550295685480e-01 4.400212367451400985e-01 8.680304298552052877e-01 6.121325176421519298e-01 1.064543327876414924e+00 1.051349454674284978e+00 5.969267996775079466e-01 8.976005545482218517e-01 1.004597685871077228e+00 9.067480482585534851e-01 9.810436240947267850e-01 7.208679077134014790e-01
3.124506961791466697e-01 5.422664351241559544e-01 2.317279991489846758e-01 7.054305443505353157e-01 6.404583223688787852e-01 2.613118844064530322e-01 6.396823026612182828e-01 3.566036401498915986e-01 5.312692871045570087e-01 5.404892180074261088e-01 3.451924986424970143e-01 4.226893264697529906e-01 5.025054878516609369e-01 4.929645856471532861e-01 4.654272673603411237e-01
7.791948698704390663e-01 4.572377633259692153e-01 7.742362973259913073e-01 5.821844970421614640e-01 9.464952313511016957e-01 8.285657285702784369e-01 8.203944853763357470e-01 5.724792824164832705e-01 5.871190510680943664e-01 7.550861284505110405e-01 7.029823714322384065e-01 6.211788281095801389e-01 5.167200880320435008e-01 6.215918512496951820e-01 7.820364515653954740e-01
9.709047111929611784e-01 9.461152793311213838e-01 9.976829195261998073e-01 9.639231848331162311e-01 1.010673678831913946e+00 9.473561449858221017e-01 8.763091593699072757e-01 1.072940572340436383e+00 1.086060769200291931e+00 1.048350854533138365e+00 9.958559537726340283e-01 9.731198090980899273e-01 1.031839808121549407e+00 9.983771155589281632e-01 1.055103140087970459e+00
5.214464293653361948e-02 -3.704150474186021502e-02 1.102045976508165409e-01 2.423088656548699482e-01 4.293617132766794353e-01 2.023414085960675846e-02 4.494444635806669752e-01 -4.243986417347795151e-03 3.841164834090891878e-02 3.692443900928178424e-01 4.393925633305821588e-02 1.341655697694522920e-01 2.450270042065205711e-02 8.251743698658388360e-02 2.440324785439682287e-01
7.352414042848320896e-01 5.174188110599527990e-01 8.177174310140299385e-01 5.805456864887170720e-01 8.613568932084835206e-01 8.394013376871065635e-01 8.120216673780559224e-01 5.024033561700368411e-01 6.945073154156145012e-01 6.705797480410418121e-01 6.595428359462939261e-01 6.308794606054425325e-01 5.577591056157253924e-01 4.869311322681854071e-01 8.281631647833421761e-01
2.286022800298030677e-01 6.039327300969384860e-01 5.232310002073005395e-02 3.772560529889405490e-01 2.186050394092188265e-01 1.262755492817110858e-01 2.439421961420343843e-01 4.065820389909886590e-01 3.859095429688449430e-01 2.612638677903337814e-01 3.506162136979489863e-01 4.221006533381340686e-01 4.409121634120320432e-01 3.600518898855518124e-01 1.972679311605023689e-01
9.997153603463730942e-01 1.013412083293324439e+00 1.077588316580322614e+00 1.083115325282238084e+00 1.020506141865843652e+00 1.089959666709800601e+00 1.014064563142403230e+00 1.067985312627616201e+00 9.806665520039397066e-01 9.586262504688022323e-01 9.486248504995006270e-01 9.657334445687026925e-01 9.732076457046840989e-01 1.062942082438666835e+00 9.982343481064344104e-01
3.644719124653211795e-01 6.513144626074779397e-01 2.528718847958978944e-01 6.492277825307379846e-01 5.800362530360242408e-01 2.988108432484903876e-01 6.830111545140280516e-01 5.229334096554976163e-01 4.638810974940357212e-01 5.045948955257515411e-01 4.947155410766019834e-01 4.126673426297927105e-01 5.734267051499695178e-01 4.500988918691329332e-01 4.845355404515140907e-01
1.000508332699002467e-01 4.625235392765014719e-01 1.030913049279393590e-01 2.941678603052647611e-01 9.913513995792971878e-02 1.470882917472829954e-01 2.138279901545819539e-01 4.458877705957675630e-01 3.642326771796330354e-01 2.137930263752528537e-01 2.775792888430647087e-01 3.629622416546290919e-01 5.150556477173965364e-01 3.214521796772351059e-01 2.327016933559244716e-01
7.894198980049250691e-01 4.752949064470028961e-01 8.731691424927101597e-01 6.354139434945506038e-01 8.681702474658363755e-01 8.274522632204897032e-01 7.604994611709618990e-01 5.160504347299647021e-01 5.821120849985120804e-01 7.869913065139131358e-01 5.725456338653887034e-01 5.772883933343888607e-01 5.065509336748533764e-01 6.696642963863869147e-01 8.233633001451525768e-01
-5.175234076566407465e-02 -7.140446165443899151e-02 1.363163215557226526e-01 2.049859416072818408e-01 5.796730756352610481e-01 1.552051585247872512e-01 4.843589041711571785e-01 1.142098024691547697e-01 1.193796686092564174e-01 3.836798712729502792e-01 9.748615052033170192e-02 2.956597189493977845e-03 1.046626060148989762e-02 3.787492220721904584e-02 2.208861682225130019e-01
9.760893488171015209e-01 9.991151813214057542e-01 7.842871108121856061e-01 6.960559117391708073e-01 3.935172723210782486e-01 8.110231864839274607e-01 5.751131418247317217e-01 9.907504596998832902e-01 8.944749500823145905e-01 5.775353980727226944e-01 9.514851981710464868e-01 9.777028378096963568e-01 9.985540819090807929e-01 8.928774826818564048e-01 7.232719475942627207e-01
1.078205271420061171e-03 3.466898003026885888e-02 -1.070333786296251005e-01 -2.265246514387818377e-02 1.195366140929565724e-02 -6.409963670669438507e-02 4.182329249480512025e-03 6.887434254924690302e-02 -8.337203297446398043e-02 4.621763519743880139e-02 -1.027216268807524396e-02 2.784299333681857294e-02 -9.924464883820321992e-02 2.591362348531329324e-02 -7.521727150374880877e-02
-9.864582937894927905e-02 -1.647298309011691747e-02 -7.274060270503936165e-02 2.049587088255623579e-02 7.369877908433532243e-02 7.493403959774095312e-03 1.652126541685979694e-02 -2.742643478489366696e-02 1.685121639983828620e-02 -5.711752628517089564e-02 4.002831149799504495e-02 1.232954162943341453e-02 9.692727272683562822e-02 -1.540187015978540866e-02 -4.341363362198390891e-02
6.942437869497400937e-01 4.162856892401626818e-01 9.484684684404460775e-01 6.652576753801060505e-01 8.073944854924888226e-01 7.463293153061471008e-01 7.581772076770223467e-01 6.270977306685118213e-01 6.299376398514306974e-01 7.226306135363347316e-01 6.910624023471416688e-01 5.270983157716190304e-01 5.138880537390765335e-01 6.186129884629689712e-01 7.908865679353408451e-01
6.440781613406353356e-01 4.572673886000968024e-01 6.466127361402996820e-01 3.027975804976932861e-01 2.823322808417213503e-01 6.213533855676460771e-01 3.409262607176670734e-01 5.691528455989095514e-01 6.189447284295395146e-01 3.886832618822010366e-01 4.887731603590060314e-01 5.970301544857437026e-01 4.449523610469974244e-01 5.652695654727862840e-01 5.035663024008353306e-01
1.065560450299638494e-02 5.833728384776910685e-03 -3.668945014644370978e-02 8.399468604283829784e-03 3.381162830464364694e-02 4.753905867040800204e-02 8.419229084012483030e-03 2.745846405012798610e-03 2.649400203021096828e-02 -7.847960854257285401e-02 -7.554310894305753254e-02 1.022389404287179322e-03 1.882673355225510103e-02 7.316616904338378580e-02 -2.098587513210061536e-03
9.872397717598894173e-01 1.065403909121489079e+00 1.021301337348281102e+00 1.064062893857142145e+00 1.005914689177676680e+00 1.030768129801912902e+00 9.651138548858496646e-01 9.915693311539364174e-01 1.017907782921649851e+00 9.564160097026354057e-01 1.106796103130418318e+00 9.447943113922404601e-01 1.001862962713001348e+00 9.041864028591994895e-01 9.448631695893268123e-01
7.079918080108030809e-01 4.335228352770577054e-01 8.308317629309499575e-01 3.457960441311052624e-01 3.492354120235267589e-01 7.418270564895368402e-01 3.073643012439348787e-01 5.749107988880687303e-01 5.797406072627701024e-01 4.219296375244214747e-01 5.313229397325152092e-01 5.232370688336352993e-01 4.671088532425438644e-01 5.505949926584047249e-01 5.469151554897041523e-01
2.309643569640268124e-01 5.684560964039979680e-01 1.331994986255133351e-01 3.808929864122418962e-01 1.490270322216716292e-01 1.825453053369779921e-01 2.893060035551750508e-01 4.553954794873312784e-01 4.179936229239174517e-01 1.970945512446317938e-01 3.352257949289094152e-01 3.942724067463790338e-01 5.389554076680729278e-01 3.448549780839794687e-01 1.941840681129400059e-01
7.912716503727075246e-01 4.182798366410856450e-01 7.708827591938056667e-01 2.533346733192516353e-01 3.280300387336764212e-01 6.834660827851369858e-01 3.064579366010519723e-01 5.794519469910874854e-01 5.741628546289677670e-01 3.315886540352184220e-01 5.846080470339150015e-01 5.409750944712916620e-01 4.670471242656247246e-01 5.551840178289101368e-01 5.380892530464947976e-01
2.678104378538138097e-01 5.410090796184191531e-01 2.912915960800243620e-01 6.891030011832245394e-01 6.630176612182614448e-01 3.721203408296713255e-01 5.851943339837005764e-01 4.741098124308700257e-01 4.493431466355065074e-01 6.017128430608406076e-01 5.028733510971467036e-01 4.397133544649999282e-01 5.079240476125256309e-01 4.639370389476759060e-01 5.148361361740654285e-01
1.572981179023573775e-02 5.290242756240392391e-02 3.299899009062436106e-02 -4.387349990699119010e-04 9.327209466105121360e-02 4.533502900201926561e-02 -4.728670687913422155e-02 1.501118037028790000e-02 5.703292488181676417e-02 1.151378669173434670e-02 4.872858116889314251e-02 -1.002806244737057366e-02 3.027022982551999530e-02 5.437976142972316546e-02 1.695598639135276545e-02
2.942243677902912080e-01 6.451352624263624325e-01 2.756386310866546507e-01 6.919643902906077448e-01 6.901677060900076599e-01 3.112424345892325084e-01 7.146589232254765278e-01 4.515047149452802167e-01 4.492071799951345978e-01 5.747224163406405850e-01 4.462096498949292278e-01 4.232839534230376510e-01 4.327000040294228800e-01 4.438223678555580087e-01 3.172097785243050971e-01
1.811106250794131123e-01 5.380432638413710222e-01 1.345915736028269472e-01 4.075820325670383992e-01 1.489767537341347148e-01 2.169854276696952800e-01 1.646905561461530776e-01 4.690948793089346203e-01 2.970235957469046784e-01 2.419137311345990748e-01 3.912509690246090410e-01 4.307611450471272585e-01 4.065234571217445358e-01 3.538506302008504467e-01 1.682075777358400526e-01
1.999561935052420192e-01 5.408742626375276918e-01 1.868757792745057433e-01 7.480193957755213452e-01 6.389894586523147124e-01 3.371588501450479280e-01 6.008681717666944921e-01 5.147442845956072821e-01 4.875089457715718333e-01 6.536680762896148744e-01 3.827990661938187045e-01 3.775437135619528206e-01 4.751576113183286765e-01 5.035099407025883655e-01 4.387546170909955023e-01
7.923866556014992346e-01 4.620562521303363535e-01 8.631762953530598415e-01 5.921741248630594256e-01 8.474599773322846197e-01 7.855414591590164086e-01 8.526077512199740083e-01 6.308955297506192439e-01 6.251573130296342873e-01 7.815282827225920048e-01 6.181483736318653666e-01 6.226223378919617524e-01 5.813710842303578819e-01 6.111088119006096164e-01 8.922368926569159697e-01
6.568579066360788477e-02 -6.648668123965653654e-02 1.130086451562017646e-01 1.847876675744507535e-01 5.812086115990009461e-01 1.122126228892740135e-01 5.018815102652821603e-01 8.651596995771172749e-02 -2.045812527682480328e-02 3.032394070440460609e-01 6.061747466797842016e-02 -4.846021868033002777e-02 4.162011754831268506e-02 4.968839140826813300e-02 2.769831930418922838e-01
-6.120174767411578481e-02 2.871282923196307249e-02 -2.205518353029244094e-02 -3.581057785763529927e-02 1.384296490996358812e-02 -2.420582591408407605e-02 6.583805678957549423e-02 -8.184646033543971355e-02 -3.150833542146234262e-02 6.785556976185053678e-03 2.401805819189284028e-02 -3.467365815686897224e-02 7.042793292786712900e-02 -8.213588991964559938e-02 -7.958717506939695652e-03
7.250027029860285355e-01 4.081266317268871235e-01 7.102683056297859343e-01 3.877128602216092235e-01 2.716010526974856898e-01 7.360044121604426559e-01 4.077609963339811627e-01 5.786471561890306203e-01 5.827516396842934432e-01 4.796811682319655490e-01 4.904367262850732878e-01 5.784332183575553454e-01 4.894288114566990311e-01 5.437848800110269831e-01 5.632461062732582180e-01
8.089031216155635473e-01 3.106754186575353960e-01 7.935502360598400973e-01 3.387268538225154946e-01 3.158721401563962528e-01 6.624469016717174918e-01 3.256310528995506881e-01 5.116493758738368536e-01 6.351518110935605588e-01 2.809078064677779651e-01 5.252081544130428048e-01 5.543818641016338145e-01 4.847623897977264007e-01 5.690367830390963277e-01 5.309429396373764876e-01
9.520962495318233687e-01 1.088945694725820479e+00 9.532918601278140835e-01 1.022803840962357658e+00 1.038613242661165836e+00 9.812084691682787518e-01 1.077823888251078888e+00 9.766931313436458817e-01 9.723225366592953556e-01 1.017605703287265406e+00 1.068301112861744562e+00 1.021883764869725431e+00 9.535830638134332737e-01 9.669134951656336296e-01 9.673153036240363933e-01
3.229562954476393466e-02 7.964299512855085861e-02 -1.092887374477571893e-01 2.927433740950163843e-02 -7.820843289754138283e-03 -1.842220172690719679e-02 -6.059835726727649807e-02 -2.442100435727737398e-02 8.128546320297910799e-02 -4.653108680566171024e-02 -1.825125215273434159e-02 -1.651941104280554296e-01 6.883968148843339074e-02 4.769951929279500624e-02 8.477807326646709385e-02
7.310502734215152953e-01 3.512928325795756090e-01 8.609232799509246581e-01 3.900411822672822382e-01 3.041901324304455700e-01 6.997817935154782010e-01 3.411663037024033618e-01 4.862589534684861881e-01 5.718196706964174814e-01 3.598919205742451277e-01 5.693428116498029379e-01 4.975767024554665352e-01 5.412435638950413574e-01 6.283886652140895368e-01 5.075926766638583221e-01
8.477289865973093308e-01 4.607100676721157528e-01 8.599308953972837344e-01 6.939195597836093077e-01 8.994188613937641463e-01 7.819448490658258422e-01 7.809380368551411822e-01 5.767944663825939067e-01 6.131099157880788297e-01 7.176798832417743412e-01 7.088027332070840902e-01 6.516890972840254648e-01 5.753708379780542170e-01 6.989825798397018009e-01 8.708065674972286230e-01
9.539192506675312488e-01 9.915668648612894209e-01 8.550423690012323164e-01 7.524360760598153286e-01 3.102437959494830366e-01 9.248834281158901938e-01 5.812942842715598246e-01 9.529359245262054579e-01 8.883165021158839769e-01 5.977552795485948645e-01 9.424260641383337411e-01 9.438174707562217991e-01 9.678939732402648266e-01 8.792461863546885414e-01 7.244751978961158079e-01
1.418043829702250735e-01 5.202263334591875621e-01 1.614709393230952805e-01 4.089621766826514460e-01 1.162188095757778483e-01 1.905612895711657206e-01 2.289870207043536443e-01 4.157766071930273921e-01 4.234435893670593920e-01 2.127730282657077365e-01 3.991875774353277895e-01 3.727351788236044072e-01 4.822762600692029888e-01 2.799491397552091310e-01 2.382655102560858329e-01
5.648369908673934146e-03 -2.771353339829731033e-02 -4.816341130819131594e-02 9.180513743659002301e-02 1.160071556612177548e-02 -1.394460987395800856e-02 -1.009522618548977339e-03 -9.476576520362406386e-02 2.402839278504390053e-02 7.867064625402986344e-02 -1.324627360341468565e-02 -4.522789044730182728e-02 -9.091340612408158744e-03 -2.528196623916811880e-02 7.485056962795755796e-03
9.888929681898731561e-01 9.858998895527546491e-01 8.598617307859374170e-01 7.089256362163275371e-01 3.911735740462202737e-01 8.869746683015137245e-01 4.819930844440220019e-01 1.013810065267325422e+00 1.057347063276487420e+00 6.377495887956876608e-01 9.138917969847649703e-01 9.252946098440706368e-01 9.864129692293684970e-01 9.201922463981631051e-01 6.562975967442385983e-01
9.961744903877925994e-01 9.730397807573970548e-01 9.997562570721101327e-01 1.050959236023886856e+00 1.058484379800805897e+00 8.862217412576485209e-01 1.086794243715392350e+00 9.679290459911935596e-01 1.005870677577821670e+00 1.072189173814253493e+00 9.942119125447135275e-01 1.016330414912510305e+00 9.914627049976814099e-01 1.138298427502343779e+00 1.000148677883929027e+00
8.812753530829479098e-01 9.012883636521731301e-01 9.432652051147624173e-01 6.663790870288832657e-01 5.077165676626507196e-01 8.519147518870207048e-01 6.068791066393230960e-01 1.033464485225002338e+00 9.308907466996061419e-01 6.758379631711799451e-01 8.638485577536499926e-01 1.011499700070467078e+00 1.002969696660600318e+00 1.009966187358322776e+00 8.126542214583634127e-01
1.065052583886441362e-01 4.144408689828922576e-02 1.322125226024563338e-01 2.338442223255660646e-01 6.463466287204205907e-01 1.983442156662510725e-01 4.253976804830123526e-01 7.433147529350606075e-02 -1.783616806462453089e-02 3.473262105328374094e-01 1.454076848470982897e-01 1.220624436364167037e-03 1.076456946670563408e-01 3.668260297064265818e-02 2.620727954016944250e-01
7.354565462793354325e-01 5.164820014363840084e-01 9.023181296781004335e-01 6.158793099844479535e-01 9.767377270813574208e-01 8.144115650720515909e-01 7.583061353031645968e-01 6.010726219195354769e-01 6.122554477724378996e-01 7.451746499315240468e-01 6.916066824195742369e-01 5.878521424134514062e-01 5.032160440900711462e-01 6.357411353306892110e-01 8.515553538538457312e-01
9.757497011673417209e-01 9.803756663171289132e-01 9.360046496591299947e-01 1.043410026760355658e+00 1.024405433058397374e+00 1.009503528127337013e+00 1.003414820191532275e+00 1.000295788326359681e+00 1.003493876961951692e+00 9.690316722880247813e-01 9.508057428232324915e-01 9.820947280287370962e-01 9.857088980328641004e-01 9.616767562233677902e-01 9.820439737898088994e-01
1.979113197527402335e-01 5.816731707728820533e-01 2.237810461128820205e-01 3.947946842593611505e-01 9.485106157480044375e-02 2.468065974403979568e-01 2.164519059662183276e-01 4.254177214482573466e-01 4.088908663334734350e-01 1.560100014815738456e-01 2.809447292365851445e-01 3.905650639591835560e-01 5.025863116535066455e-01 3.225233299017232769e-01 1.688256261558797877e-01
1.676153627080921582e-01 5.097405314538203669e-01 1.092605511875031632e-01 2.750734008451147239e-01 2.154064631195606871e-01 1.507275347383940090e-01 1.859730895768383907e-01 4.497749387460142079e-01 4.002881570022999158e-01 2.487314586233657643e-01 2.466899346691666661e-01 4.042973168377556048e-01 4.038772514221843357e-01 3.975328309340107058e-01 2.081892597989034033e-01
-5.253857917302321573e-02 -3.875832673707102494e-02 1.142386601104190130e-01 2.383291306090959405e-01 5.859533687209120822e-01 1.446867919557471016e-01 4.453713670223446996e-01 2.154606915319268526e-02 1.617457578933441109e-01 3.199221278986806860e-01 1.100161285339714967e-01 6.706456585322079222e-02 1.936184878795002562e-03 2.167025526327781004e-01 2.014415470448890355e-01
7.535365448610138461e-01 4.573551622691990892e-01 7.295825874680758050e-01 3.640831817535947201e-01 3.979262721796692492e-01 6.827231861121191292e-01 3.658603293180732186e-01 6.544022757272978108e-01 5.198639877469538595e-01 4.008025373076258280e-01 6.245609879106782669e-01 4.943041582284158908e-01 5.598121387484635836e-01 5.969381211085669214e-01 4.106562081153133370e-01
2.475347700906626036e-01 4.719256377961030813e-01 1.992388229321838400e-01 7.100700170853366799e-01 6.183676658074668264e-01 3.573955532127265911e-01 6.909486381566924962e-01 5.178758073054144928e-01 3.789328112744431154e-01 5.033949717221438691e-01 4.106679237866355248e-01 4.692571978281293021e-01 5.291128371020200616e-01 5.364699171215836504e-01 5.070562539419978254e-01
2.326350362970125152e-01 5.082898782142141192e-01 2.559128098531400219e-01 6.317235498454687459e-01 7.123472653087723483e-01 4.810947535416488785e-01 6.276274296473630665e-01 4.199407373312242786e-01 4.217814162976104009e-01 5.751804246094819328e-01 4.104799803975240913e-01 4.060028556727282023e-01 5.332305331949628302e-01 4.410067865924359731e-01 6.388614044615047449e-01
2.594562871921667901e-01 5.231637279240258787e-01 6.178083335682817145e-02 4.033323366834374868e-01 9.446465091650380064e-02 1.307235725446712626e-01 2.387660275293182754e-01 3.911465525090944695e-01 3.246737358079492264e-01 2.711450413590726360e-01 2.640876129342514256e-01 4.135318332742182745e-01 4.104541914355212540e-01 3.477825411044248027e-01 2.702034654387288071e-01
7.642235198747602265e-01 4.768538587920865823e-01 7.761799457606666230e-01 6.666988568891946132e-01 7.842433566357176478e-01 7.944452443848744050e-01 7.804828264762286860e-01 5.827654412104603665e-01 6.316975112851426211e-01 8.053149190175735717e-01 6.286925499104150106e-01 6.241196958043773169e-01 5.324003998171152885e-01 6.638502074493008998e-01 7.947958041121305772e-01
9.280395098148045419e-01 9.297892709868997851e-01 8.150983329895853391e-01 7.232210251613747642e-01 5.027650972332052826e-01 8.469480098130833801e-01 5.654874505191063161e-01 9.471137991230216269e-01 9.752607331931867352e-01 6.750973695500271932e-01 8.737350050954535430e-01 9.446989152308435944e-01 1.011437984422490999e+00 9.261914043623195036e-01 7.232600230840239286e-01
1.011457329766505708e+00 1.023747534798747028e+00 1.107905974791391968e+00 1.073688075920043561e+00 9.875017197673321423e-01 1.018444902707397182e+00 1.040962215016542736e+00 1.064355692677296350e+00 9.203669405050897145e-01 1.023449316749513782e+00 9.313083311711460865e-01 9.513749055043636549e-01 9.427009444326320819e-01 1.005198705880206989e+00 1.041756522610666647e+00
8.302233140292486491e-01 9.453590723626851267e-01 9.285148815105814801e-01 7.085087862733843167e-01 4.141449512922524279e-01 8.837834716313702765e-01 6.090497606049209978e-01 9.255256462266636674e-01 9.926435299071253437e-01 7.775691855520135976e-01 8.834328460495590729e-01 9.149058614098559694e-01 1.010052145938511226e+00 9.763475032227730832e-01 7.533375828372346206e-01
1.000342191540511072e+00 1.004793331499101994e+00 1.136479279916849938e+00 9.827673205147118285e-01 9.731092608500205854e-01 9.484042949425948166e-01 1.028989944757422892e+00 9.938470457334779296e-01 1.028935738833116176e+00 9.963842350207174903e-01 1.040091381133281923e+00 9.626287824554392580e-01 1.049967856671246480e+00 1.033224795700891097e+00 9.506091050951784860e-01
-1.685789559433898202e-02 1.083616227264571318e-02 2.693098595634400155e-02 4.557473089598165772e-02 -2.943885201851167976e-02 -4.087205620049835786e-02 -4.963452943700567138e-02 -3.067256215202480985e-02 -3.306880466403846336e-02 -4.548599942901754289e-02 3.576711867800321659e-02 6.169091531726322158e-02 7.906295485188413741e-02 2.185611401999363115e-02 -2.390282829391357847e-02
9.352207979995686982e-01 9.846455214267785250e-01 9.251369383578890160e-01 6.804422107085912330e-01 4.735942364100586000e-01 8.985013777862608242e-01 5.377849498528609606e-01 1.063231250199415001e+00 9.855307751758575208e-01 5.736633322041521099e-01 9.042225958646201711e-01 8.638482122519907103e-01 9.073584006835312410e-01 8.791339130459012718e-01 7.342596254838743564e-01
2.620284523612135819e-01 5.084973546348601214e-01 2.260970499829016434e-01 6.697407109581702267e-01 7.353596921462906000e-01 3.564999687884647939e-01 6.359756958423053996e-01 4.379638952090609827e-01 4.396619875691730739e-01 5.270366025561592505e-01 4.764685568719746467e-01 5.138092948326019593e-01 4.713410739822617712e-01 4.435114332530137871e-01 3.910656195513351197e-01
9.446381788048262562e-01 1.006409275988430663e+00 8.769286296471472397e-01 6.361781652601324888e-01 5.031249872389101929e-01 8.682096739720632783e-01 5.902397021206332584e-01 1.027102492612029794e+00 1.017775265154152731e+00 7.020063304722248265e-01 8.522467090917209553e-01 9.548912900829212846e-01 9.326735045317122719e-01 8.814949658538665522e-01 7.293587886072209203e-01
7.666307065055150138e-01 4.421858774712988938e-01 7.105305721359910232e-01 3.557688675272847045e-01 4.453616759864226782e-01 7.075400112769534289e-01 3.719211152637916240e-01 6.019429612595655898e-01 5.334731675495554271e-01 3.520621723527810887e-01 5.814785361069866321e-01 5.587147969852166440e-01 4.482876609709894322e-01 5.590156971692646914e-01 4.695872727341102171e-01
7.213378233685689978e-01 4.797716613252854256e-01 7.585130958114782995e-01 2.972631207053537672e-01 2.995234499747284618e-01 5.470660688655786252e-01 3.831146873602301328e-01 5.730643526020642309e-01 5.788665401042516478e-01 4.157966194267008198e-01 5.417029985890406962e-01 4.843847777436717794e-01 4.557300726975002103e-01 5.653534547561659407e-01 5.804507526690872998e-01
3.501275529434261791e-01 6.779977133339591955e-01 2.613194506390574268e-01 5.468739740524191095e-01 6.011670991408369913e-01 3.120300253056877970e-01 7.648921644501489592e-01 4.160152331043373009e-01 5.018888146694873154e-01 5.889089101456901343e-01 3.685094234969306104e-01 4.685972405234384852e-01 5.145077742795123310e-01 3.610870038465956999e-01 4.868043764725029643e-01
2.136367714449647903e-01 5.368618353601967152e-01 1.013348668340215974e-01 3.641505427597011568e-01 1.059703865455117328e-01 9.129869689887168405e-02 2.172415264568482440e-01 4.513983646164959618e-01 3.933027967933104829e-01 2.309919002638417540e-01 3.182249426080059895e-01 4.794931713000317175e-01 4.767630776162944395e-01 3.733988695565863547e-01 2.468555518971541074e-01
6.752184746479883426e-01 4.388039170585404380e-01 7.867867361129601278e-01 3.689836975330154645e-01 4.289934473444328988e-01 6.369182273655029647e-01 3.740625021336460021e-01 4.982494873223471954e-01 6.376792500808297071e-01 4.615754172226689822e-01 5.689625446408951293e-01 5.159635775442901195e-01 4.422426905719050172e-01 6.891149935731873954e-01 5.684906459239601473e-01
5.411544790396493471e-02 -2.098676248599222818e-02 -1.864956127760989887e-02 -4.800803567990109821e-02 3.421242671391397372e-02 -4.227331720766890066e-02 -1.117162816287296453e-02 -6.840268502593498112e-02 1.182375524369828207e-02 -6.267633324880521328e-02 -1.555149369620166880e-02 -3.648531089592141341e-02 7.400368569320920319e-03 -7.103379793335488912e-02 4.181171431043508024e-02
7.407054400983598130e-01 4.632846528616806348e-01 8.371614571893128964e-01 6.503723010916591107e-01 8.499732679540178415e-01 7.550173675782064775e-01 6.973625023765523956e-01 5.709357734441534715e-01 5.680372617233857557e-01 7.469319486111156703e-01 7.371334812608758558e-01 5.800216299258755814e-01 5.050200571371759040e-01 6.097728271851975412e-01 7.844453656272692976e-01
1.908584190175167672e-01 5.895287108844771140e-01 8.974823520401414845e-02 4.306551682452909313e-01 1.416743305098550065e-01 2.382371974083497823e-01 1.889711178757154664e-01 5.082031963248775375e-01 2.616590330853809654e-01 2.759375730724171194e-01 2.918118218165728917e-01 3.097441841508802307e-01 4.814659725305058813e-01 4.346148197635251176e-01 1.884329643845998881e-01
1.006413581305923621e+00 9.955373268019070965e-01 9.583966603198781353e-01 7.448598911774515496e-01 5.177561816963922592e-01 9.051846040980799923e-01 5.667347259309639673e-01 9.130455704632176595e-01 1.013885767272792116e+00 6.450718376008373056e-01 9.344512271610743159e-01 1.028959076469456280e+00 9.695918647837625803e-01 9.253093377619959758e-01 6.227654624639658021e-01
6.796699306879747104e-02 -1.764853702225270202e-02 1.311135825198040394e-01 2.685097617552049121e-01 5.872044673879188714e-01 1.756849365298338572e-01 5.207245033010549085e-01 3.529659574600300248e-02 8.164872233429952553e-03 2.790270272000996976e-01 1.123749026373977444e-01 -2.080695318266548993e-03 3.872242765855084951e-02 1.305176502665160443e-02 2.485521097668114965e-01
1.038299684881030860e+00 9.336345544311219768e-01 9.729599118562802795e-01 1.018622497216744360e+00 1.002801910149558884e+00 1.018070076392105783e+00 1.052145811377405815e+00 1.039587044089848700e+00 1.014335984248402323e+00 9.675401220449879602e-01 9.783362385404976713e-01 9.939796088985149991e-01 9.487633858576849377e-01 9.649692853182607610e-01 1.094957724280370304e+00
-1.112972876917775293e-02 6.613133849395788633e-02 -3.279327018050090525e-02 -6.035071395384579429e-02 1.590475187388337014e-02 3.167141767089428489e-02 9.147341787370779492e-03 4.534017524658240372e-02 -7.789427208413846060e-02 7.265989991636332551e-03 2.217527500907635896e-02 7.330732614157425830e-02 5.047962841823416119e-02 8.205713461927005656e-04 -5.940415165450103896e-02
2.611790746443994893e-01 6.250286875056115798e-01 1.554724155613049219e-01 4.070250267681052581e-01 1.046918978186027888e-01 1.624895375706663092e-01 2.096302272088284846e-01 4.930078216242346212e-01 4.337144967945920082e-01 1.014820504556359637e-01 2.728362380480341409e-01 4.103346934404302204e-01 4.656059412472840497e-01 3.344770055128590824e-01 1.873655848382998479e-01
2.434681642502128651e-01 5.609238612565579096e-01 2.756827583597261100e-01 6.849632493924223686e-01 6.910977101479570672e-01 4.002423463780627189e-01 6.151026155925299888e-01 4.234608531366444439e-01 4.958744111809121891e-01 6.033859850072107456e-01 4.851270392811811716e-01 4.424828967987001760e-01 5.243011012803857618e-01 4.426199742240410351e-01 4.467775331706069775e-01
8.475944879725436643e-01 4.215842943797993292e-01 9.214631282451417604e-01 6.288242171380178380e-01 7.835767111778177973e-01 8.333704629338057890e-01 8.541378664783654262e-01 6.067288912559406500e-01 6.172797958978926136e-01 7.146501628293265851e-01 7.434739207450365983e-01 6.158077693028444211e-01 4.726567312968421031e-01 6.600465424876187370e-01 7.975540528076467961e-01
1.154747451636182892e-01 5.814436246516621054e-01 1.916552883555388553e-01 4.426953624768091844e-01 1.634733014056395095e-01 2.741208531950767302e-01 3.490752646171939588e-01 3.969814862805403632e-01 4.719227698862883957e-01 2.775816374078088344e-01 3.832728457676574108e-01 4.722642152396382964e-01 5.372738533384502357e-01 4.522470282667284680e-01 1.955341910710613473e-01
4.796692361649500247e-02 -6.284226443191317374e-03 1.081159052988018843e-01 2.963629773677145529e-01 5.512138490190159335e-01 2.604078204690155607e-01 4.109933778862874254e-01 -3.678131308779956921e-02 1.067898923074327433e-01 3.700552756253701059e-01 7.379270296131873463e-02 9.623619665974119525e-03 3.140259368519059124e-02 1.326679551242290200e-01 2.431169072393437880e-01
-4.618236823542592150e-03 8.856491137322436424e-02 3.849796711466010879e-02 1.229786833917628948e-02 1.210580348895180791e-01 3.804729168646339005e-02 5.167882176456289195e-02 5.346026020743119972e-02 2.334625601397921288e-02 7.147879308324109338e-02 2.385948923699925117e-02 -1.572786983399553085e-02 -3.730539720908068735e-02 -2.771514891345123327e-02 1.266018239954833091e-02
-7.608743669682015154e-02 -1.008643509622282330e-01 -7.664428991040429795e-02 8.312862530335343725e-02 -3.626253560938593606e-02 -4.283601390421815786e-02 2.158960226067013766e-02 -1.976921687761430332e-02 1.397683784250411398e-02 5.139283480236294527e-02 -3.404144099649962507e-02 2.628634456539969549e-02 -3.347179166016114524e-03 3.521188784681607981e-02 7.036241839609312654e-02
8.152941076145928667e-01 4.264831003483314786e-01 9.245623088347302287e-01 6.197857631174953363e-01 8.721377358241108046e-01 6.879470310475338524e-01 7.595116120178601049e-01 6.564221025469840765e-01 5.712334182955203232e-01 7.510797516982684607e-01 6.449268793784697085e-01 6.277276897883884432e-01 5.020121039746054947e-01 6.241732680099691954e-01 7.520899063036500243e-01
7.614111458142177602e-01 3.695003136388102516e-01 8.629775362236947744e-01 5.760178369799378029e-01 8.637793811342667771e-01 8.079649879860624218e-01 7.531644849320782154e-01 5.943344797680375491e-01 5.192546782130634808e-01 7.830609132716379595e-01 7.325697193470795954e-01 6.406194378548037971e-01 4.988665013386365810e-01 6.333495129059192319e-01 8.025163324363863149e-01
-2.562872665288550705e-03 -1.278319262780648093e-02 -6.835770661689585803e-02 2.493105926180319565e-02 -4.543706129119474274e-02 3.549502395733940274e-02 6.801867622612138564e-02 7.305838947295044405e-02 5.064230673550601525e-02 -1.427632765234895101e-02 9.917679186438176087e-03 -1.809182684556285767e-02 -4.402086453517634404e-03 -6.717705157842526753e-02 -3.846917722752404845e-03
2.038981789454889504e-01 5.944925314309057462e-01 1.377226360975464803e-01 3.648214470715563373e-01 2.158914967969115528e-01 1.477429279075861412e-01 1.981087673405689809e-01 4.097332590045067446e-01 4.530893185316661187e-01 2.249429731059802429e-01 3.170176198897025621e-01 4.294431319329941044e-01 4.400512929901876369e-01 3.965443271463211516e-01 1.625061489684060112e-01
-3.681927817532775621e-02 3.142369934427250572e-02 4.581648229865975530e-02 -8.049157048593230668e-02 1.584539549824572069e-02 1.858017605554964161e-02 4.298877137233623330e-02 1.537533869275175408e-02 -1.621767804828953830e-02 -1.036258770220843256e-01 -1.189506298459243287e-05 8.778214511321780211e-02 5.883337170204618050e-02 -2.089711841940859044e-02 3.163707357937693460e-04
9.772165325663159097e-01 9.837616242188027549e-01 9.605129265062978261e-01 9.921397356147195756e-01 1.031582335758960411e+00 9.693084354260074198e-01 1.014628636176284404e+00 9.040471198987012347e-01 1.029069522833853556e+00 1.070698618043649519e+00 9.496056642611884202e-01 1.017016827355584851e+00 1.076699952280975925e+00 1.020201857564517756e+00 1.024112656836887902e+00
3.243638370116905811e-01 5.269913942069349710e-01 2.870793930147574891e-01 5.759176352745234428e-01 6.078296204343681675e-01 4.095711682208034166e-01 6.744143022634465634e-01 4.642238490844604049e-01 4.105513369334399809e-01 6.259468850584329891e-01 4.430324768436111893e-01 4.603883200036356094e-01 4.222373406970768017e-01 4.137167377580148742e-01 5.060359588116559726e-01
7.556865005777678723e-01 4.095438471737106734e-01 9.326614015553360559e-01 5.433205867557273638e-01 9.608407659457871564e-01 8.354332307475245134e-01 7.825435891668357513e-01 5.880175534861860065e-01 6.483772384762526153e-01 7.594157348638429506e-01 6.178138541901178060e-01 5.674928807751600246e-01 5.629041390859913507e-01 6.436365033386145518e-01 7.628112731861941276e-01
2.373716975712313881e-01 6.023376647840688047e-01 1.555991147480752235e-01 3.103932379575334854e-01 1.609895921968260701e-01 2.388970403558365319e-01 1.852410724526240282e-01 4.703012982130864716e-01 3.966012794281341125e-01 2.939103778448080573e-01 3.014457879707801435e-01 3.127580125727205118e-01 4.591983525195790783e-01 3.647479875180489883e-01 2.119035496657561135e-01
2.213000813496449407e-02 -7.282600376848739898e-02 2.822743995891449295e-02 2.033620955575478340e-02 2.813775784424223103e-02 9.311641841959397703e-02 -6.197884140647034329e-02 -9.373779537863157277e-03 5.604800762898947547e-02 -8.596038192103816478e-02 -6.072631133550135396e-02 -4.410901201748268496e-02 -1.026213247778777482e-02 -2.970743047728442027e-02 6.236865944342423473e-02
1.025106862400225971e+00 1.039499043484003682e+00 9.514462129452596617e-01 9.504265002945374574e-01 1.053742881706001722e+00 9.953229182301546185e-01 1.023291274885202329e+00 9.603645072448208087e-01 1.068684802059427508e+00 8.796645412836139322e-01 1.030712259456534552e+00 1.057373333804963789e+00 9.473973339723845699e-01 9.586680463397205809e-01 1.041545642162932994e+00
-8.278479109976755179e-03 1.678480864025809760e-01 1.044252287382815836e-01 2.459157823762756490e-01 5.221095985597878908e-01 1.613870454136137333e-01 4.189635297503471745e-01 6.343691196324026393e-02 -1.074996240238956513e-01 3.239906982963717819e-01 4.311323372579767971e-02 -1.707012465084167471e-02 3.118803882141210973e-02 1.675096944644977048e-01 2.221394662386645680e-01
7.565983378979880269e-01 4.591751897987350062e-01 9.607496394517659466e-01 5.865745949929872527e-01 8.258467857503444254e-01 8.188012234663606392e-01 8.179977815661987339e-01 6.026933348604116558e-01 5.953369537107474629e-01 7.988374598809966365e-01 6.383746846384351636e-01 6.479895642041105797e-01 5.960943062426516947e-01 7.268947511741354894e-01 8.087166542680952475e-01
8.136637606543366541e-01 4.016452280447795897e-01 8.904375207980886886e-01 7.316208341541056148e-01 8.305549496220928640e-01 8.290800958661677100e-01 8.104532509072310820e-01 5.636244327480146588e-01 6.253487560209185503e-01 6.879555316589995861e-01 6.349473148768490782e-01 6.100994184540662335e-01 4.811831673341467330e-01 5.730100194304782457e-01 8.743913635785617311e-01
2.503745499659303375e-01 6.077639248098721803e-01 7.415640146224676543e-02 4.461422443621755329e-01 6.141163473231300851e-02 1.820591814065214142e-01 2.813159489169143601e-01 3.780194866127759012e-01 4.458903950513567471e-01 2.133888927624034981e-01 3.355920601306251472e-01 4.134858793417818257e-01 4.485498894829571537e-01 3.978136796419076693e-01 1.478878277174374145e-01
1.046334187852212771e+00 9.857582614135126375e-01 9.117096352034300688e-01 9.520718029036985275e-01 1.090863112213843245e+00 9.892977819057817701e-01 1.019454307206625332e+00 1.000438297154991441e+00 1.020764001800634091e+00 9.500531568310466302e-01 9.908688833333622048e-01 9.529988536779320230e-01 1.073685764494796135e+00 1.018250604943382154e+00 1.012843704845656223e+00
7.649307266137549410e-01 2.936459692094626206e-01 7.779709464367013938e-01 2.996099464043596172e-01 3.693559104961129380e-01 6.554498075499701759e-01 3.861545332239705308e-01 4.635551265463599968e-01 5.537189706477981810e-01 3.874020143302810415e-01 6.237317568349254326e-01 5.983651721977085725e-01 5.242855504949265333e-01 5.387671434457004249e-01 5.022375443314045507e-01
6.896757205644846733e-01 3.088471300671492004e-01 7.484034024358235948e-01 3.771556703988307446e-01 3.491321492474865895e-01 7.357074293230583262e-01 3.334139400675019682e-01 5.383351226964382397e-01 5.700195066739308647e-01 3.796204968099020083e-01 5.506204689745844982e-01 5.047753632445300953e-01 4.453874588989701899e-01 6.022801093610650192e-01 4.832821773310349567e-01
3.371587643477693685e-01 6.692664374617698364e-01 2.243778681142162557e-01 6.866105302572653724e-01 6.959706120099866666e-01 3.141205057587233007e-01 7.188457239527000775e-01 3.829163456548575484e-01 3.501934516335932779e-01 5.845634879374798087e-01 3.899487675362946493e-01 4.450111929588008164e-01 5.234344086294315801e-01 4.574826389399720972e-01 4.882413873193496845e-01
1.887831152440150317e-01 5.490737425134196714e-01 1.754103039785873674e-01 3.484778528278218990e-01 1.785209112309008306e-01 1.756419741113881550e-01 1.651930344436404741e-01 4.032382267964901845e-01 2.944596544826248996e-01 3.386375694715917373e-01 2.993703354507720182e-01 4.443794055461529613e-01 5.209926087971866737e-01 3.259230508972243423e-01 2.400624770331203917e-01
9.614610500932060932e-02 1.423685022080646220e-02 9.491499164534789035e-02 3.745374161237229882e-01 6.050086135651725483e-01 1.390460595229880136e-01 3.765687180306690474e-01 2.136736574134759023e-03 4.025888264402922856e-02 3.263584088004647388e-01 9.794983415899426171e-02 2.337728608836697058e-02 1.035124316918575316e-01 1.258298719206949190e-01 1.747696714728291800e-01
7.468660566262179668e-01 4.748352288066942650e-01 9.035739830026205954e-01 5.905867704116364303e-01 9.053369686459314947e-01 7.912903420067977089e-01 7.130254488532734580e-01 5.227188279409097360e-01 5.966588740407998692e-01 7.360948570431375959e-01 7.067123191200596066e-01 6.359234596371674542e-01 5.283107676465216285e-01 6.514025935152965019e-01 8.281458700095569725e-01
7.554094502298976943e-01 5.739046693058755810e-01 8.756910857400846959e-01 6.830699913515411170e-01 7.997516879326316275e-01 8.469462301872228149e-01 7.476986839430471710e-01 5.336734393556051836e-01 5.596215627839367102e-01 7.070359454248241748e-01 6.879345530619335181e-01 5.973151168165086178e-01 5.130712712558934685e-01 5.762831831951824579e-01 7.827418986726442096e-01
9.040134827030250619e-01 9.799212330351738665e-01 8.770158480994871830e-01 6.773674414729613513e-01 4.512767301978836132e-01 8.714279445670101154e-01 5.577357292833681202e-01 1.058018133379135639e+00 9.937039271149891162e-01 6.356793599088491620e-01 8.505803762846676497e-01 1.008561594104119497e+00 9.040566040663913228e-01 9.001420293085016233e-01 7.072379357312437165e-01
3.624315633099710054e-01 6.351769907009837679e-01 2.365701679958137349e-01 5.831619174027233843e-01 6.125374706976949302e-01 3.587528537043530030e-01 5.881838707544824185e-01 4.528702199409340157e-01 4.124220789680685395e-01 6.170565125232341241e-01 4.330054758605109688e-01 4.124991958181964957e-01 5.169085265086272862e-01 5.379727178301116908e-01 5.133645778022758455e-01
7.165777184252040133e-01 4.007978836379416099e-01 7.503701218528128214e-01 3.984818754424561682e-01 3.694337747300886488e-01 6.490517696153023097e-01 2.651683676722988992e-01 5.103606907316703412e-01 6.258450814140157359e-01 3.757893506231013703e-01 5.074610146693644408e-01 4.798944667729105329e-01 4.152299252599803148e-01 4.929904483495763934e-01 5.457378827938829113e-01
8.489289887812402347e-01 3.529990049854407896e-01 8.299146526733408580e-01 6.200312293656314866e-01 8.454198877927250333e-01 8.505780309345436496e-01 8.341636395413671856e-01 4.580089698381415442e-01 5.917326640872264676e-01 6.998909056777334881e-01 6.016832502650104608e-01 6.593070567530177062e-01 5.766387249527600289e-01 6.142209185552094386e-01 7.267583457722947005e-01
7.611731804752679409e-01 4.579895430925538524e-01 8.731182035641669170e-01 6.886202464212047847e-01 9.251514042745632160e-01 8.628119053415710393e-01 7.451917700806131029e-01 5.930133422360081008e-01 6.420047481770059239e-01 6.801669181330671776e-01 6.513289140590984294e-01 5.719725004577317362e-01 5.807758158948171934e-01 6.044188229538195456e-01 8.576368323619459888e-01
2.731330615193794942e-01 4.451036344074965623e-01 1.873676855684251186e-01 4.072856329902876382e-01 1.596258144768452070e-01 1.968256732107616092e-01 2.347465332252664516e-01 5.073120596523982284e-01 4.507692701969004956e-01 2.781923722525925236e-01 3.227824065358075867e-01 3.889917940300888777e-01 4.614150078119939047e-01 3.448470494952632359e-01 1.383367344871399562e-01
1.029952511605676690e+00 1.011245696039163589e+00 9.568057523462001335e-01 6.492155850370592285e-01 4.838929036938737771e-01 9.163311783822872814e-01 4.657151191608915330e-01 9.336281436359229469e-01 8.833716057337780425e-01 6.508205186319110380e-01 9.890421145252098478e-01 1.034283077399980044e+00 9.969934815230394598e-01 9.136268684160016029e-01 7.062604574533980495e-01
9.368583234582009700e-01 1.035756668128315017e+00 1.026220894554358498e+00 6.677465246641473007e-01 4.662733225952436222e-01 8.616709654298758680e-01 5.996154349323340460e-01 1.008670804440076063e+00 8.976237768572891129e-01 6.137809832691434320e-01 9.299008547837213090e-01 9.413301689685404927e-01 9.442556270729647316e-01 9.238982353123239566e-01 6.810199213604605228e-01
-9.824984576545134698e-03 -5.207891881119635497e-02 5.500778612365515505e-03 7.282824926628493623e-02 3.537585723300735487e-04 6.608170709722277492e-02 2.353443998033959150e-02 1.102949291816820304e-01 3.128305291375913649e-02 -7.152747862361834297e-02 4.706572011487256124e-02 -2.687019992983299618e-02 6.422057771230582635e-02 -5.489261679273053224e-02 -8.373648268307244680e-02
2.411334587117346939e-01 5.285825204861027693e-01 2.525992587418618429e-01 6.340130060162817438e-01 6.726200759334760582e-01 3.518864151619845448e-01 4.745600922421031598e-01 4.795772569622842041e-01 4.023588273724283959e-01 6.234532585279379813e-01 4.964874095927458431e-01 3.492915418789164783e-01 5.951390174866870719e-01 3.305065614943883956e-01 4.628108847714486052e-01
8.785178577090456686e-01 9.354144344578926296e-01 9.230113365140417692e-01 1.037855849176070988e+00 1.049694093646679871e+00 9.020398980109748388e-01 1.014213254841681344e+00 9.145613930555978044e-01 1.096619730849129448e+00 9.913770699572008738e-01 1.042542758352210441e+00 1.007347343191777655e+00 1.086624064677670143e+00 9.536240075684851991e-01 9.785597235890280965e-01
2.277820909550816175e-01 6.239340416486200969e-01 1.864615875254872490e-01 6.547718841275925739e-01 7.026654410539752149e-01 2.916346868022109962e-01 6.628569548298296477e-01 4.024183505752710888e-01 3.778104139262368211e-01 5.819260985482888060e-01 4.406600614228239898e-01 4.116742884537286651e-01 5.312717254065673078e-01 4.622405411416526944e-01 3.921456866751090176e-01
1.001183632443477745e+00 9.720685285592373104e-01 1.050270199163171769e+00 1.040867551829149029e+00 9.516273340748132581e-01 9.947458328974825292e-01 9.734200904340675198e-01 9.831831075519815721e-01 1.012845739169179415e+00 9.659939506628190120e-01 1.055549832134268895e+00 9.292762269606114067e-01 1.036192422595909157e+00 9.125546602887357750e-01 1.012770819181198156e+00
9.485208818167006894e-01 1.031333012097342960e+00 9.236311001483297201e-01 7.133839621084737681e-01 4.169144480853931856e-01 8.556719243127552943e-01 5.289701687578707290e-01 9.733731887638094049e-01 9.611633900479743531e-01 6.047435634007767291e-01 8.929989338120779552e-01 9.030225789944550385e-01 9.234829609533308226e-01 9.449185436948982497e-01 7.004385738524320226e-01
4.592562722492793403e-02 -1.551115276247959016e-02 1.484280300993525981e-01 2.891070411889449798e-01 4.874612399717719868e-01 1.094474707183158702e-01 3.221804176523778707e-01 1.494462097914114884e-02 8.733689075435643184e-03 2.698851635884481626e-01 2.214072391489054492e-01 1.244336740422898741e-03 -2.176199290516183521e-02 4.913549112540483571e-02 2.642393307966197091e-01
2.078978874477595828e-01 5.223853049918047997e-01 2.536363313605135561e-01 4.108701396341405410e-01 9.209297549303518959e-02 2.381721747445367521e-01 1.977367509839080550e-01 3.975216638344759579e-01 3.692931198498161094e-01 2.963577745083628701e-01 2.974466463261536409e-01 3.916115341563295438e-01 4.531100394278783638e-01 2.495200552482887968e-01 3.075984758661254315e-01
-4.548366660058424105e-02 3.171585006741464707e-02 -5.110651898730705217e-02 3.464673482066667892e-02 1.555202803888448143e-02 5.410894225467204749e-02 -4.811074640356019505e-02 -3.650957030030662492e-02 -8.522647624512855223e-05 -9.144900866299689938e-05 -1.385947846384514015e-01 -3.448477450328590876e-02 -1.489201720031962765e-02 3.150802979681652238e-02 5.309300563756409741e-02
2.632694023538096895e-01 5.611881727844912904e-01 1.189983963081769069e-01 3.540622982682216646e-01 1.140575783692074630e-01 3.022844878013393743e-01 2.652272707095580384e-01 4.326760017825165838e-01 3.542412632755360113e-01 2.593633598583139355e-01 3.208934010158849270e-01 3.974482097156724625e-01 5.254916332103867216e-01 3.774851206646102630e-01 1.160107892940250573e-01
2.777266906737960173e-01 5.168100077091861699e-01 1.976633455824374219e-01 3.838403867085248833e-01 1.441565204438832459e-01 1.722951748793328242e-01 1.957326127843715124e-01 4.127572000738346514e-01 3.635245039084283869e-01 2.859443281031113226e-01 4.388865187162387937e-01 5.235422233922680801e-01 3.740984752382114920e-01 4.160239518820863514e-01 1.874580728158840859e-01
6.992711336604500172e-01 3.926736588609528456e-01 7.290902826219635147e-01 3.884335759739200866e-01 3.343858549170248828e-01 6.373563736344473041e-01 3.137379805223229345e-01 5.671536129292812367e-01 5.473467398100159143e-01 4.367404614740560409e-01 5.412037371745362924e-01 5.420513157231470203e-01 4.594191122736743238e-01 6.098875516044719447e-01 5.779145707458835934e-01
1.954439460297215936e-01 6.218238628187092720e-01 1.728897354543322828e-01 6.184055905889326299e-01 6.477010858989498132e-01 2.564365274945619722e-01 6.234897198683788666e-01 4.439829054105927097e-01 3.805297796998706739e-01 5.781953214025759014e-01 4.774817427031611272e-01 3.884185646630121669e-01 5.320641243328426695e-01 4.520591816623903969e-01 4.261207452000994600e-01
6.751143382032867013e-01 4.644449559017935769e-01 7.889095875195060170e-01 4.499038113047533760e-01 3.296297076418514549e-01 5.922756907901726153e-01 3.164135093613053562e-01 4.694010709080244093e-01 4.956081416709796073e-01 3.398914076176026144e-01 5.393239917579699672e-01 5.160281368723724782e-01 4.530286717248208639e-01 6.059473057443796051e-01 5.387746014476761935e-01
6.052710229277548371e-02 -4.839794192408024276e-02 5.446796504457112470e-02 -2.399449645192372124e-02 -2.070672071718799093e-02 1.682480397751510634e-02 5.568921510013794679e-02 4.261657191710568199e-02 2.371637756003859912e-02 -6.633782773181903791e-02 2.827707312996192296e-02 -4.753808587454343842e-02 5.987484959951222541e-02 -1.683207253198535161e-02 6.901271100981186402e-02
8.441741170619726509e-01 4.672919640904765748e-01 8.630588417037725613e-01 6.115826012472524997e-01 7.452115709753569517e-01 8.704165659470051164e-01 7.978919703723645895e-01 6.776577984762589546e-01 5.680640161788436115e-01 7.651944595360234969e-01 6.184359051628117721e-01 6.390144656313564431e-01 5.076915335238776361e-01 6.163786421611995303e-01 8.059336238292927890e-01
