4.894566773207741361e-01 4.332663492255510174e-01 2.337117661828339577e-01 4.163088967657495032e-01 2.984555495987780693e-01 1.531449349337021815e-01 3.814792314469632739e-01 4.653366843543136344e-01 2.811897141283400403e-01 1.937056903833443422e-01
7.392675772344116103e-01 3.575114387775867320e-01 5.560496701810142550e-01 3.553023352358289366e-01 5.047750704392049981e-01 5.059548474749765434e-01 5.989291675693217964e-01 6.657862730914911875e-01 5.634565173160553941e-01 7.765469266032883899e-01
1.349551594087615158e-01 1.221854462956061815e-01 1.019042526043849456e-01 1.565429505395167231e-01 2.105105456071324765e-01 9.033267562943056439e-02 2.673839339964302342e-01 2.887111895340758738e-01 2.636950075286248474e-01 2.604442656243435295e-01
9.693647394151148067e-01 8.949624688106212478e-01 9.075992914066607353e-01 9.219095108226088575e-01 9.811273691599581293e-01 1.001668470091710672e+00 8.096383051724860280e-01 9.314296905121709491e-01 9.741268567402744383e-01 8.465036910229798428e-01
9.491991002464645888e-01 9.252214440879704682e-01 9.059779711682725001e-01 8.997729194204708847e-01 9.747052724075759844e-01 9.001808503690562624e-01 8.774167381248790809e-01 9.004113082916890276e-01 7.864427222080540014e-01 9.612131354913389103e-01
9.206354800175485520e-02 8.617972275225271872e-02 1.223094565811368162e-01 4.723502815750166284e-04 1.461986450267379889e-01 4.761275973356293018e-02 2.141980949314945259e-01 1.134193932281169631e-01 7.085849156624077216e-02 7.742400315130945621e-03
5.683406596961276813e-01 5.109561173969622283e-01 5.592821773912480809e-01 6.903828440159193169e-01 5.226449624987258291e-01 5.430021636748955105e-01 4.539535041666986626e-01 5.166806774571490735e-01 4.048318916485112995e-01 5.845235123009873135e-01
6.651266846395000876e-01 6.314678547536797248e-01 6.901521429303972832e-01 6.904099322865268062e-01 5.929535303889350573e-01 6.023615981860518387e-01 7.710233061998612580e-01 7.336938369759038459e-01 5.972267549458023517e-01 6.733189110983951453e-01
3.436714450072484994e-01 4.684876588676318843e-01 1.732072314314975214e-01 5.148439068167471877e-01 2.477403905518726357e-01 2.421459691442132134e-01 2.419615244412139377e-01 4.051473923005786681e-01 1.842842047409826156e-01 2.719015526715247155e-01
2.503772074632455436e-01 3.737686096621336551e-01 2.218213686650916672e-01 4.562899415047176332e-01 1.165369636171588730e-01 2.140418256439388656e-01 2.552896516147170614e-01 3.438171190887139295e-01 2.762497457950738866e-01 5.432736652652475628e-02
5.952456434261926832e-01 5.900811079769889833e-01 6.798924272024611248e-01 6.031714110954838892e-01 4.354782811008496290e-01 4.776589976501460777e-01 6.361429165210847891e-01 7.183308998200550466e-01 6.479598991047780254e-01 6.336677030976899383e-01
6.695522703838163725e-01 8.827742124719399897e-01 5.259755753895162256e-01 6.593167741761754019e-01 6.659138164558312534e-01 6.779072606511655774e-01 6.346502418450229444e-01 7.073173626179936058e-01 6.747415679991062287e-01 3.600711290186573987e-01
3.067058015896459433e-01 2.077664234691056488e-01 1.292137767883403399e-01 5.298825074163420606e-02 1.195411355909177242e-01 8.530289846699853906e-02 3.204048787613836269e-01 3.411471211901069833e-01 3.060082482799469372e-01 1.766468499813078075e-01
3.595058809463678173e-01 7.645515530780883084e-01 3.840482996062584142e-01 7.017475456395403377e-01 5.889393574536486708e-01 5.794950266257448135e-01 4.354172167534582361e-01 3.718811599241741428e-01 4.098705283660742382e-01 1.507458197002991274e-01
6.189250848796917781e-01 5.432580700047686673e-01 5.956663762574058163e-01 7.587778547353010161e-01 5.412729542815963857e-01 5.663436904173499986e-01 4.884527311592479770e-01 5.664301143034146113e-01 3.576910412217391699e-01 5.992174252576032423e-01
4.631052652108752499e-01 5.215816504405715870e-01 2.797265342426314971e-01 4.600089318494707813e-01 2.330586877562737524e-01 2.172014465089956714e-01 3.831301769631089149e-01 4.278139973484055836e-01 3.940413056196547803e-01 3.061509663564312422e-01
8.403712724774927700e-01 7.017250723015575620e-01 7.815908552551696920e-01 7.220951231096947032e-01 5.568029383238082275e-01 6.516414735836795202e-01 7.530109282348292910e-01 8.554116874748602939e-01 6.858098936562935233e-01 8.015024650253588234e-01
6.135895767083942021e-01 8.448509334367155788e-01 4.246702565575107835e-01 7.011429710764365275e-01 6.186096627302251072e-01 6.332760800080874386e-01 6.281911214083919504e-01 6.680452058711465746e-01 6.941943101065354282e-01 3.924486574182751708e-01
4.799021054929259456e-01 6.464295028327192716e-01 2.132127331275208149e-01 3.394660727192065908e-01 3.059861262252724923e-01 2.682533849681496552e-01 3.470489665943967128e-01 4.958972481563748147e-01 3.320688803828316105e-01 2.712671157531300614e-01
7.930725823281441211e-02 1.138037539703865425e-01 1.220170300337894143e-01 -3.149587833687732957e-02 3.852880871296738424e-02 -7.212830648586431026e-03 1.718275115518333729e-01 3.625402290562978330e-02 2.655373240658013279e-01 -1.133862210783716240e-02
1.129394311926779082e-01 3.503683020361492151e-01 3.888895401651798478e-01 2.712216982599034432e-01 3.605045552274236398e-01 3.124857026113594394e-01 2.803872212851328816e-01 2.124567128121430948e-02 3.699594452557942170e-01 1.640591090992482293e-01
5.102915702156117783e-01 6.826135220589415464e-01 5.528220865164941156e-01 5.957520999305132570e-01 7.317118638807262876e-01 4.898877404199157848e-01 4.165661560192237545e-01 4.953483629525180509e-01 4.068370689298063669e-01 5.022562263263785631e-01
4.848682200148423660e-01 2.839482374989132918e-01 5.412957574955459261e-01 3.663291732132445411e-01 3.615172613219873043e-01 3.721259349154663054e-01 5.583467599313058916e-01 4.964225466136928944e-01 3.890327710951318463e-01 5.800766492230373661e-01
2.721795086542706521e-01 5.093125468835356662e-01 2.859731187747461267e-01 3.607905036964205725e-01 4.650095195975805784e-01 3.847959268856665505e-01 3.981173771135985695e-01 2.432690913309108471e-01 4.116821066214554348e-01 3.311217199116776033e-01
3.497516573674189916e-02 4.163911963733707422e-02 9.985460753222752395e-02 -1.043408795006681433e-01 6.781417637588486869e-02 2.338170605339127961e-02 1.248237290084107665e-01 1.350906693568690864e-01 9.270279333301371938e-02 -2.610044287471932623e-02
9.238268421657300777e-01 5.632052935057046961e-01 6.256355425516387792e-01 8.762072130130122982e-01 6.765256125623184680e-01 5.589768103995319537e-01 5.018358179898197990e-01 7.541528235373833322e-01 5.078455584959077340e-01 7.629987039574892549e-01
8.861038393315909811e-01 9.267069356712041017e-01 9.383183839703184148e-01 1.046610788005825743e+00 9.672710026016952956e-01 9.490696948528355437e-01 7.800842531810159297e-01 8.978646593052419522e-01 8.090761759495095351e-01 9.447526625198525707e-01
8.654291315649108585e-01 6.907937153351783044e-01 6.648678260330509460e-01 8.277809216895322120e-01 6.703523245485234483e-01 6.389098715208499923e-01 7.387098006702440545e-01 8.564051057556573143e-01 5.967772083149511797e-01 8.420740402910665834e-01
2.148256440393823408e-01 3.795027579969138531e-01 1.917588982608639803e-01 3.864874800126653076e-01 1.200828673615550457e-01 2.261539075490507367e-01 1.445177216303293322e-01 2.023241628186703833e-01 3.563060669504773681e-02 5.234599094248866546e-02
6.935491185900392042e-01 5.472390766378146809e-01 8.473326706159891586e-01 5.593665704850772080e-01 7.159518400148907613e-01 8.941224703936315743e-01 8.984746960965435125e-01 4.170074503079346240e-01 8.357066912240950218e-01 7.782576000562851926e-01
3.042447784132139010e-01 4.032104323830634218e-01 1.027205395572926283e-01 5.432084403485191171e-01 2.890509683005441088e-01 2.639196683035573976e-01 1.213396801398896746e-01 3.638045242805122426e-01 2.166381752672843497e-01 1.809783183405470897e-01
7.814808818207139574e-01 9.268662334285963089e-01 9.493617123552391401e-01 8.287963425083728630e-01 8.508512115518138685e-01 9.125902124198286280e-01 8.403506077814550945e-01 7.907862071837368223e-01 9.143746358438838984e-01 7.636823684965484693e-01
2.895962517072121489e-01 1.641289205162139442e-01 7.651890032033628608e-02 5.109440809324704291e-02 1.343505864598460720e-01 1.642457606898509170e-02 2.585543892818172318e-01 3.836999177247352177e-01 2.060112977032011461e-01 1.422391367567012455e-01
2.725873153218551503e-01 4.543965208705020298e-01 1.495349134932361657e-01 3.986430490790238146e-01 1.724153950947381608e-01 1.491045073625379691e-01 3.232913678334582430e-01 3.472176429315612656e-01 2.916394450126075233e-01 9.892680016426722012e-02
7.394200828588017860e-01 6.107471546109597416e-01 7.001318013015176422e-01 5.853642939452943228e-01 8.086504172517097189e-01 8.209035930843968654e-01 7.288692389448716558e-01 6.045955384667640597e-01 7.195975269698886567e-01 9.364267994697753617e-01
7.526579692168799962e-01 8.602564226184570284e-01 9.872746687741895677e-01 9.514794653172555794e-01 8.175178239489967469e-01 1.001711813191269229e+00 7.460817136552945206e-01 7.650202151561829034e-01 8.359853027454743346e-01 8.268321328995921204e-01
6.867629716677353668e-01 5.730205450874789053e-01 7.020866616661241011e-01 7.178721665664468121e-01 4.418009983738182544e-01 5.913125604090980758e-01 6.117045472088462610e-01 7.454990685002277351e-01 6.359195698419404241e-01 7.694918817429607927e-01
7.793834623671179740e-01 8.310657029239018057e-01 9.162669711015751783e-01 9.400593209864713806e-01 8.923441656119502907e-01 8.967177908112231588e-01 7.307781028965139036e-01 7.914608683861121818e-01 8.448953267055472338e-01 6.682452686292298383e-01
3.280091187863035107e-01 4.341607330705604118e-01 1.167164002340408957e-01 3.623740338862209143e-01 2.176468010451361457e-01 3.261188569380630842e-01 2.549691172841266340e-01 4.286055108210080067e-01 1.791366805947077756e-01 2.518180704101790068e-01
4.929771428949654699e-01 5.153868184317529355e-01 8.107329516899606237e-01 6.369705230136203378e-01 6.124237061743198485e-01 7.066366641517676239e-01 6.446589250665412107e-01 5.237469863364309086e-01 6.541363892707841021e-01 6.800353552679423430e-01
4.379612987178064243e-01 7.434414924133302405e-01 4.432049527092369878e-01 5.821873561787346274e-01 4.676522748458968870e-01 4.223238850484414275e-01 6.666960765985471271e-01 4.581412081979104323e-01 7.008880442644720432e-01 2.634452106819179518e-01
3.587285774776016178e-01 1.275445853494179271e-01 1.946889709012235570e-01 4.126975766198101581e-02 1.011846153293175926e-01 1.226889609171174789e-01 2.148603732208497763e-01 3.094611474420003727e-01 1.707970122307621574e-01 1.543434279734401393e-01
6.425636308991781176e-01 5.669645700213393757e-01 8.874832895636539654e-01 4.731940866559816716e-01 6.524750280383327938e-01 8.355432350228804150e-01 8.110003408746258025e-01 5.391147639181620432e-01 8.080317445948917987e-01 7.626294543885152599e-01
5.630598131449759958e-01 4.981256724647578071e-01 7.086199686139053044e-01 5.905465749482156079e-01 6.785004179377152056e-01 7.818891366244150598e-01 7.344797026883402857e-01 5.612083115374371101e-01 8.165849096652842976e-01 8.089779134692670626e-01
3.312639799057325307e-01 1.555197793022618791e-01 4.413789183029601104e-01 3.009830245810308780e-01 3.200402414706183807e-01 4.309047862205939161e-01 3.113372594862647835e-01 3.255813501426984002e-01 4.562393024171380596e-01 5.324949985154057153e-01
9.047860557816558291e-01 9.663292106437315621e-01 1.020358178431845841e+00 9.566154846606471640e-01 9.780389053609490624e-01 1.039403767689270897e+00 9.976970772860797032e-01 1.002493037472098836e+00 9.882294455399834865e-01 1.005711688722737529e+00
1.901416292235930117e-01 3.864476533512506973e-01 4.002778818198862165e-01 2.426920287499989282e-01 3.523368360308499203e-01 3.281727666833745838e-01 3.420436621520818177e-01 1.018273098462562504e-01 3.671782801969505350e-01 1.896983269204253753e-01
5.041829716515514592e-01 3.815211174939466821e-01 7.960476962637370590e-01 6.505601527574222942e-01 6.072515445915629417e-01 8.807769340359420385e-01 6.086601709259504833e-01 5.179108780444788840e-01 6.928131993553591217e-01 7.383344327879578506e-01
3.654875278252192050e-01 1.139540925631743751e-01 8.655890002021926488e-02 8.735696434995846027e-02 1.455237329195068208e-01 7.566498642085904558e-02 2.818280205392510451e-01 3.044720619175371179e-01 2.402399564744450433e-01 1.051893284472786294e-01
5.181156529116648368e-01 4.823407393566814250e-01 7.734796945096482634e-01 5.525140134983550499e-01 7.792803863953812193e-01 6.862274169208902874e-01 5.284978211205058063e-01 5.499436983327076200e-01 6.951547412048104668e-01 7.283002641168294655e-01
3.243915791293091599e-01 7.607792561800838516e-02 5.382535104725499897e-01 2.669621471665064583e-01 3.856919390484497279e-01 4.733129028146237927e-01 4.251690305525272495e-01 3.304865902531787802e-01 3.870476986521965146e-01 5.190985633821623146e-01
5.742727454482005056e-01 8.540004599912769390e-01 5.857900624189341654e-01 7.314448461630170817e-01 7.104216294809215793e-01 7.016692136491894383e-01 5.944715226701126065e-01 7.460226736987429774e-01 6.672911302106545595e-01 4.025479117114938443e-01
8.860677920326869295e-01 7.300721029540657714e-01 8.709473655209797327e-01 5.905812897186373256e-01 8.408705458214440487e-01 9.160000886651301633e-01 9.192010490483440988e-01 8.272043116552109110e-01 9.281797840178802605e-01 8.695831311415435083e-01
6.292272080111845911e-01 6.048577723648315141e-01 8.206257976072830473e-01 6.863729692736920684e-01 6.595746615682076541e-01 7.839412405736522205e-01 7.623406094001673461e-01 5.730584571755310552e-01 8.200475933269659734e-01 7.014636228284359953e-01
7.139296752656523193e-01 2.935843214875098472e-01 5.251491127123883995e-01 4.028587141681038708e-01 4.989468606205842427e-01 4.582886306251379716e-01 4.184564955219259308e-01 5.228924772352506745e-01 4.652501654824847677e-01 7.330566102159651320e-01
6.833454091539130637e-01 6.428486513265968538e-01 6.701467042638661331e-01 7.502396561639933514e-01 5.685186658166860862e-01 4.571411929550448505e-01 7.261152143195095388e-01 6.202263004774926092e-01 6.549403766729160470e-01 5.853642500915814395e-01
2.451419757908605834e-01 4.253498339001556827e-01 1.193073932760907313e-01 4.860358903388460328e-01 2.270821126942579871e-01 1.476024378810269211e-01 2.880135015718864877e-01 4.527040844059151414e-01 3.689245067041232451e-01 1.146658721759826055e-01
-1.682666962265408350e-02 3.202551109212191105e-01 3.401232551674935323e-01 2.569692928564322187e-01 3.894965718387366493e-01 3.064276603487598449e-01 2.272525623283193075e-01 8.424671385289864145e-02 3.239389514682413651e-01 1.358573979065194892e-01
1.089079818874313932e-01 4.112093265181293589e-01 1.766236299011169630e-01 3.498903102198644421e-01 1.700237215879026598e-01 1.713602649373672515e-01 2.918611371162337376e-01 3.571822404575598631e-01 2.128204437655596415e-01 1.153549424310095217e-01
1.026610484564028480e+00 9.923262056845606471e-01 1.117925706113835238e+00 9.836047548581092759e-01 9.721871973660258792e-01 9.255839657685059896e-01 1.029937562499195769e+00 1.011683771298789614e+00 1.083899734048071162e+00 1.038717880348445810e+00
7.128445135561437551e-01 8.985966101524943683e-01 9.614450777179274210e-01 8.955080670951696131e-01 7.746630602242362551e-01 8.872794390575029500e-01 9.191656426742297326e-01 7.961896561366675895e-01 9.540441518894309247e-01 7.828307781425289935e-01
8.748009567669429165e-01 9.363212846576710602e-01 9.014226092606053564e-01 1.024985535964789474e+00 9.804241978430561222e-01 9.403967025940176416e-01 8.216545414524529800e-01 8.883732636098341517e-01 8.871268087430075333e-01 8.836682770220175565e-01
7.277630632447752435e-01 6.068866937497054970e-01 7.340345106303618472e-01 6.595930590850050956e-01 7.615613790628004143e-01 8.135284926367358782e-01 6.875051021876513735e-01 5.966334539285125249e-01 7.265729332302792720e-01 7.985181551999077643e-01
3.487320102257857601e-01 1.273918546259683315e-01 4.254046018172389920e-01 2.609880261469060270e-01 3.007278192791817406e-01 3.925769354184255877e-01 3.411548612577329220e-01 2.970886086297873097e-01 4.009107473687986145e-01 5.927737181036705216e-01
2.890395157205704613e-01 2.422579880252675455e-01 3.535538099623417030e-02 1.302402938692923395e-01 1.030901710960634432e-01 2.246115234336282240e-02 3.144350223804715516e-01 3.663184808429913453e-01 2.695245450434550771e-01 2.412637739177735663e-01
8.386660381849253554e-01 7.175424321566966634e-01 7.419474526356323318e-01 8.171046964397572498e-01 7.339160731301173080e-01 6.572723837611706976e-01 7.136067677714240665e-01 9.054811811859608817e-01 7.011857401683904145e-01 7.841185532166669026e-01
4.952875582140984778e-01 2.340866199848123386e-01 5.866125332324575448e-01 2.211094332016286801e-01 3.200425004767708526e-01 3.991578095291806738e-01 5.717333079496622616e-01 4.535425807034627055e-01 4.787224337737686630e-01 6.357110990725564070e-01
1.769237711497608223e-01 3.713161065166034613e-01 1.235194696095030381e-01 2.672001553973336052e-01 2.020642163838027583e-01 2.835091992355268653e-01 1.189205130828815959e-01 3.278281940997307409e-01 1.260022710527954615e-01 7.665455224044176452e-02
3.885040533310908373e-01 5.478300711550305735e-01 4.145151476263089774e-01 3.493531585390343142e-01 5.147886683710438671e-01 3.815327588902088229e-01 4.605239652701140773e-01 3.540004995491982664e-01 5.197235453321608079e-01 3.277567545374079905e-01
2.454564474215593095e-01 4.373261299829364068e-01 2.251066680128863406e-01 4.183477507130514139e-01 1.769413356213234700e-01 2.702805241543823067e-01 2.545079147663142916e-01 3.161282717069874293e-01 3.361275177637765843e-01 1.471719593014074456e-01
7.724167362570948381e-01 8.022207297770862500e-01 9.090598826680327260e-01 9.569414666246625067e-01 9.042210501916393417e-01 9.212238648056946255e-01 7.532215942136056830e-01 7.420257608607631061e-01 7.897397396782591672e-01 8.788510456696582152e-01
5.965061198943436560e-01 2.650230452447928653e-01 5.038638941184597764e-01 3.377819206354304438e-01 4.027573021563157774e-01 4.928422464491054589e-01 4.337969143863384391e-01 6.597608483617123376e-01 3.460224793221029493e-01 7.126757535593322146e-01
6.891877680286886410e-01 8.574638586957259445e-01 8.533231476497777912e-01 8.702078909667354534e-01 8.002501132548252016e-01 9.586281594874155321e-01 7.872356778929876508e-01 6.653313590893413787e-01 8.215795090654024468e-01 7.603363710758745952e-01
7.428137609870378855e-01 5.399054602340975784e-01 6.584719077670440068e-01 6.870886798531427031e-01 5.372581384705391594e-01 6.117593183329473883e-01 7.138955220555736059e-01 6.994854023287735423e-01 5.885310694168941481e-01 6.769450379080291791e-01
6.258557172673657742e-01 2.928809323105177054e-01 5.261852991140619773e-01 3.045511260058584857e-01 4.683200914679672144e-01 4.007453767724459270e-01 6.982725819330614092e-01 5.963917600715203937e-01 5.822601486591436615e-01 8.612681223316172030e-01
2.610180956681990017e-01 9.008227792854589522e-02 1.285513320161521533e-01 8.788090305065771046e-02 1.650169502518820108e-01 -5.491259638138219767e-02 -5.624229761521735982e-03 1.778420225790139086e-01 9.734263544534009494e-02 1.225263457249014531e-01
6.647164125929648781e-01 3.287904830478830531e-01 6.292190457411521720e-01 3.661682685738474885e-01 5.058475577602590256e-01 4.673599586441741782e-01 4.970086464112991598e-01 5.676591361437715033e-01 7.023480750566570840e-01 7.483923003409203023e-01
6.277727672040509521e-01 7.864819414218274796e-01 9.307720683301908826e-01 1.025631899801054514e+00 8.898388966165965419e-01 9.324288858287270720e-01 8.195770066795434738e-01 6.465648722510015656e-01 7.619644415206617838e-01 6.954282771324152845e-01
4.292569267732258553e-01 7.709773813374092288e-01 5.284649283677840259e-01 7.136054251699435191e-01 6.541476324609619697e-01 4.546239538864271235e-01 4.110294482116840786e-01 5.336905149262554104e-01 4.676681240681055396e-01 3.982781570300371055e-01
8.208864696672228956e-01 6.312490812083537683e-01 8.817199749965380917e-01 6.116453073173884203e-01 8.607751655095599030e-01 8.226184388511307288e-01 9.853189027076871831e-01 7.576031936972291714e-01 9.339738813469428136e-01 9.920343599195157180e-01
7.557982974129383580e-01 8.604697726295605920e-01 8.450819393238032662e-01 8.803848912998734066e-01 8.688438263713552656e-01 8.808447852765628472e-01 5.714084472182462404e-01 7.741311594126760731e-01 7.705727436280521703e-01 7.671372740790198819e-01
7.198103449563565404e-01 9.111858937805084047e-01 8.927000504030595529e-01 9.533747046707929940e-01 8.044856387690768607e-01 8.334404563866375515e-01 6.855920008006418653e-01 7.021069356944574791e-01 7.985261979279165701e-01 8.521940309389631762e-01
1.419335121623120088e-01 3.538058522642343884e-01 9.430425576290041301e-02 3.442721002503558725e-01 1.652877227166195673e-01 1.257322129885929118e-01 1.154423975389863993e-01 2.160896736206176505e-01 -2.521916744074445549e-02 1.042375421358752996e-01
4.374674975083079342e-01 8.117865029728131843e-01 4.959192760692397450e-01 7.022569798980907718e-01 6.275866439383370743e-01 5.402828480450321269e-01 5.561723595408991638e-01 4.489624009291126039e-01 5.997843573005723350e-01 3.053630974179282753e-01
4.143383774819625609e-01 5.497641086480571371e-01 3.077507638757819297e-01 4.505226310529009126e-01 3.630860847798957347e-01 2.288594821692974124e-01 3.921974296933756765e-01 5.218483699279470311e-01 3.867098298305471360e-01 2.905292353011582063e-01
8.006466026578362705e-01 6.468390435308454256e-01 8.522526393319134197e-01 5.686903342870196498e-01 8.454764941106315268e-01 7.955841565872651122e-01 9.760334359901677859e-01 7.556733472278085451e-01 1.041717205883793795e+00 9.547777851092705825e-01
4.735869563106910873e-01 7.048620845599155027e-01 5.223186688320483606e-01 6.764486360977234325e-01 5.282724784851559052e-01 5.542132116664388874e-01 5.922117065222525234e-01 3.917078953837503374e-01 5.986205909855198959e-01 2.508905638935448601e-01
3.941298048087570338e-01 7.701721412888430374e-01 5.255999885667156368e-01 6.271831508669595268e-01 4.877752723213042985e-01 4.220642680166696303e-01 5.249018425888964945e-01 3.805285289463298248e-01 6.449016983976876283e-01 2.342990878840965907e-01
2.202750275677721470e-01 3.914124191433405731e-01 1.143048814080507153e-01 4.362799118842605184e-01 2.216777395148234187e-01 1.783017515758135441e-01 8.596067894221524897e-02 1.323807129539545935e-01 8.877838220206060726e-02 8.514963552641666156e-02
6.017496525727643597e-01 8.828064483065820589e-01 5.222482612278993575e-01 6.711658712948861405e-01 6.874380132696007450e-01 6.632998054378376196e-01 5.989511852549956883e-01 6.235059450213102927e-01 6.678882051090218042e-01 3.418072806404453545e-01
8.893512180290199520e-01 6.298697948778130273e-01 7.166691440356470766e-01 7.820217266765971953e-01 5.838080426045506588e-01 5.763581767136595202e-01 7.695532726335047036e-01 8.853760953243469123e-01 6.266944801769620543e-01 8.274497667480467111e-01
5.916404784560587160e-01 5.259177761872659840e-01 8.071964972294203289e-01 5.486912297055019927e-01 6.322604850423535483e-01 7.299306980493921460e-01 8.189666318518663557e-01 5.748881124227893658e-01 8.228064173320821517e-01 7.333355939939590895e-01
3.513148884417490736e-01 3.564855375444003216e-01 2.586569736642389539e-01 2.578603664447917665e-01 4.407002601415104803e-01 3.291730486980942727e-01 4.123699626642848282e-01 3.379520501803179311e-01 4.447998928659192552e-01 3.445111343140472848e-01
3.705947136835233691e-01 7.506387044399384090e-01 3.540260648844706370e-01 6.714680236431737059e-01 4.779459253442310263e-01 4.964215824723237080e-01 4.006737310327346813e-01 3.049622813913030472e-01 5.225275316062776287e-01 2.021391944888629721e-01
6.633242862253831973e-01 6.153727864825064842e-01 7.502026234055803044e-01 5.843153283432159784e-01 7.643354595275247965e-01 7.671572689077535978e-01 6.525154188112264331e-01 7.168522897763164314e-01 7.237237826774300942e-01 9.500676835020444022e-01
4.298924016587184482e-01 5.010581878785786980e-01 2.162087208199840460e-01 4.520771451553129427e-01 3.243432147412300126e-01 2.810736631658434237e-01 3.654259809535422843e-01 4.816453817196809095e-01 2.716856768752066720e-01 2.829129956607443486e-01
2.276950333415765360e-01 4.150125690093440789e-01 2.388297575817914797e-01 4.103237379653852379e-01 1.427728322889510182e-01 2.557828333235055984e-01 3.086662512093273358e-01 2.672443180165474663e-01 2.185739582415841542e-01 1.841754707319503415e-01
6.167391336307741501e-01 4.860189244427806643e-01 6.435742207660098968e-01 6.131954233378258401e-01 5.061599448769422693e-01 5.784948897881521113e-01 7.718751675050595784e-01 6.338654256865464687e-01 6.487904169386018438e-01 5.446009842776645682e-01
1.856737914566682912e-01 4.330898486258840108e-01 2.562511917294174046e-01 3.473644021843497187e-01 1.343001756961787474e-01 1.722300270459380389e-01 3.810804038107650227e-01 3.897478846717493117e-01 2.484066373997064481e-01 1.231007721939017252e-01
9.732978529754580110e-01 1.012232134596265043e+00 9.557594241124741652e-01 1.009262483200183302e+00 1.033580764041795108e+00 1.036164896799713686e+00 1.038940043060562868e+00 1.026240771445005251e+00 9.631797689889360914e-01 9.180399042721941738e-01
