4.507068006200328214e-01 6.544178336786926620e-01 7.660309414179641285e-01 6.620929957098610208e-01 8.569603890162292847e-01 5.704722011933545112e-01 4.646936273013443919e-01 5.141145511118143663e-01 5.971899654618140207e-01 4.744002738407121500e-01 7.081986477373285460e-01 7.912781244198475727e-01 5.065619696972915031e-01 7.044856657231223229e-01 6.878994294217445349e-01 5.591429047187501666e-01 5.983087140013241267e-01 6.343665247429864928e-01 7.768327769914171732e-01 6.865983409570475260e-01
7.636265894318481351e-01 7.743652550758837183e-01 4.801018651237282109e-01 5.115144943248763898e-01 7.536698095200220493e-01 6.887098821709751739e-01 8.728328240648949299e-01 6.481936514367043767e-01 6.500563440461800679e-01 7.605408132611221061e-01 6.806815643510497615e-01 7.185647399183789918e-01 7.388220808670418194e-01 8.901813345274074418e-01 8.636338579942025584e-01 8.585730116095399156e-01 7.263269986810351186e-01 8.241495321059260082e-01 8.285673667256074904e-01 5.921312656428840970e-01
1.065544303105337542e+00 6.829769480494126688e-01 8.421551035481968928e-01 8.997175119266538346e-01 8.045019156981149111e-01 9.373232151165028503e-01 8.488965948607329892e-01 8.417374356786263556e-01 9.134014968626239517e-01 8.699154069713211923e-01 8.655672995076914011e-01 7.563558553038219889e-01 8.801542210113229014e-01 8.174819105812830555e-01 9.306321298799915542e-01 7.370157338545384462e-01 8.221915159871890921e-01 7.575292556219465068e-01 4.469477097735822246e-01 7.532256593292430136e-01
1.880746342831493556e-01 4.571477942061617505e-01 1.923608712314240354e-01 2.875547491022623636e-01 5.742125861659103103e-01 3.094104671953534780e-01 2.951146115594265873e-01 1.208782217706891732e-01 4.143162727167384318e-01 3.179293322234286734e-01 4.489183406990069902e-01 4.659192443421788510e-01 3.240414795739394171e-01 6.351088506504766196e-01 4.477253334081035541e-01 2.374546905561719934e-01 4.156295545519639312e-01 3.420701077921193822e-01 5.462486251476208476e-01 4.903069329466385740e-01
5.437999922191842639e-02 9.152522536363445760e-02 7.893564244780322536e-02 2.276200797453068470e-01 3.748395299718595419e-01 1.204844633284803401e-01 1.380748653595472442e-01 7.573913284126407297e-02 1.988270492301610348e-01 8.241961561735358655e-02 2.734621429621484912e-01 2.610827021176158613e-01 1.536282990560699224e-01 3.647418734633623982e-01 4.697588853748794757e-01 -5.938824321951363672e-03 1.208376474371166409e-01 1.429190340515328339e-01 9.621226880958830274e-02 9.587420991404256576e-02
7.218250698748925054e-02 4.374606377602767437e-02 6.361382543987781531e-04 -1.586681357499594713e-02 1.408041672317673354e-01 1.484886022084096480e-01 6.969375613738899855e-02 -9.925182104335149302e-03 6.621616907826281817e-02 1.970271011427249946e-02 -1.455785584802379157e-02 2.260259107100454079e-03 4.580174662662443025e-02 2.266017783098305538e-01 3.541125524985556938e-02 2.065149482302648665e-02 2.567430604274528738e-02 -7.888811118532514099e-02 7.562870428882058349e-02 3.512070787777128722e-02
1.082219299693149894e+00 9.837871074219014522e-01 9.501903011677571564e-01 8.976084599064779734e-01 1.002706338064723424e+00 1.060155199948666915e+00 9.953168323700010145e-01 1.049666527120403092e+00 9.346653021757905799e-01 1.078946379433430414e+00 9.764564943461243596e-01 9.312683966911028399e-01 9.364893232327881067e-01 1.027383393471002160e+00 9.845732651257403933e-01 9.357884949615815628e-01 9.605627623619706901e-01 1.057242811750662703e+00 1.049394760540079963e+00 9.865935313480825863e-01
5.534685942295269889e-01 2.619959978709702764e-01 6.626162209879910003e-01 5.996160500292286866e-01 6.416505519996364981e-01 4.302243701278205545e-01 2.677584862692161116e-01 4.279654098351981517e-01 5.541897066739839284e-01 3.363369125701414775e-01 6.593040981359604702e-01 4.665755948873450132e-01 4.635320409060877944e-01 5.579425405703906105e-01 4.098364354287483691e-01 2.264371806877366888e-01 5.764975706350391471e-01 4.104772721600263852e-01 2.957853576692463515e-01 4.785187116811926988e-01
1.742501197528901757e-01 4.858369978249162113e-02 1.082903812385367925e-01 6.666203510554866152e-02 2.144413422356732657e-01 1.566787369898074433e-01 2.214279218765857760e-01 6.495137266335802850e-02 2.195502234896539173e-01 1.109899614690188774e-01 2.614315001141203076e-01 3.049982883410103929e-01 1.804488778654134151e-02 2.449561045778420598e-01 3.617350093380254927e-01 1.186571499635377808e-01 2.030874436121288817e-01 6.747372854713352963e-02 1.106413210059669916e-01 3.234749548164713578e-02
9.836762702533303759e-01 9.738783734743746701e-01 1.023629889770325985e+00 8.951419787636598624e-01 8.252832614748389917e-01 9.601687138539589661e-01 9.508522739428272308e-01 8.875124887379389760e-01 1.031440394284089734e+00 9.614114092370660281e-01 9.929416009771657725e-01 1.049674630308095935e+00 9.531819085390289548e-01 9.203632649365501850e-01 9.509151697003004333e-01 9.000935169595449814e-01 9.466630051718131211e-01 1.006790413491697622e+00 9.481209117776776552e-01 9.657073471121667696e-01
5.360108776607730441e-01 6.919511341934285742e-01 4.300644287595957183e-01 4.517107295325809568e-01 3.250189412312590731e-01 5.681458395194107780e-01 7.399404094351015315e-01 5.610156866251267971e-01 6.115293068649340080e-01 6.884475603399794474e-01 3.791944862315567155e-01 4.581531972222390725e-01 5.573815508734545343e-01 4.095603877955330541e-01 4.425747199598518700e-01 7.554145012739458265e-01 5.489808623381993158e-01 6.746213918875798576e-01 6.853429031231924595e-01 5.187074599491259264e-01
1.642246038845446010e-01 -1.487020518828943705e-03 3.819083788347400754e-02 3.895412822694896415e-02 3.380047483493289207e-01 7.715289777213710232e-02 2.042804276602736002e-02 1.459168084166826210e-02 9.402951010019613975e-02 3.261923763827984102e-02 2.295396357714036828e-01 2.591732259020387286e-01 1.614923817350670809e-01 3.052949221932926838e-01 3.093061964385079854e-01 1.190894114731067821e-01 1.392520719336179380e-01 1.316187544083467498e-01 2.694661814328329352e-02 -2.140080785363649221e-02
9.896849043365261167e-01 1.040169635971173401e+00 1.003850879808774632e+00 1.060266713010273421e+00 1.016989591794289050e+00 1.051302226494314818e+00 1.048509339559974718e+00 9.670384042024899873e-01 1.113393306736606636e+00 9.767238070358797986e-01 9.136654308663402224e-01 9.778405336383956259e-01 1.091655575021227564e+00 9.638533359159752179e-01 1.056401214953549772e+00 9.603888807323751609e-01 9.211184654904426283e-01 9.601537743140868830e-01 9.714332513710869366e-01 1.045957066262230617e+00
2.620965862274473590e-01 2.961566977921849531e-01 5.085300070153597751e-01 4.448053533245018842e-01 2.703574106809950583e-01 2.925797740706718164e-01 2.102538317803136214e-01 4.330102614123911287e-01 2.096121830957501098e-01 1.973160663937044146e-01 2.911792259471994160e-01 2.691036868044909269e-01 1.673765137109745060e-01 1.139930120453410967e-01 6.830514491362887908e-02 2.239152597530673361e-01 2.987230130402975803e-01 2.376317914899985229e-01 2.403145026146688568e-01 4.518203813818547077e-01
2.011640644571132952e-01 4.388465805880227277e-01 2.839480507287190925e-01 2.005470642779647039e-01 5.798865792364822358e-01 2.182912391262959995e-01 3.186271379058017161e-01 2.804642287138493506e-01 3.663542083069366573e-01 2.005015609883725181e-01 4.149049434063656339e-01 4.945885646716678408e-01 3.153184966082700491e-01 6.414869880104823174e-01 4.657950072182381329e-01 2.859513654170959818e-01 4.013281854005121274e-01 3.202063473856807674e-01 5.107891820774222991e-01 1.861664698591320999e-01
3.089547469762113363e-01 3.674095357849823662e-01 2.496813828468769370e-01 2.477624810414068846e-01 5.742942754601220168e-01 2.191353172885256717e-01 2.244325640286423118e-01 1.070461192648966553e-01 3.627345133409668465e-01 1.842263708881576589e-01 4.111661674248576204e-01 4.944838980053092303e-01 2.779226478145064849e-01 6.359407387556290647e-01 4.626888440979239903e-01 2.074461000776822994e-01 3.300256990935987456e-01 4.014535937986687397e-01 5.897197277400755278e-01 4.036491496873787499e-01
6.395705110989614584e-01 7.050722244932975391e-01 2.755788121887632336e-01 4.462687057626921194e-01 4.435695140892514932e-01 5.681920462895733159e-01 7.630958485791407009e-01 6.068853969417591365e-01 6.205546003534224697e-01 6.612494268619013571e-01 4.520585312573272563e-01 4.880995600286666125e-01 6.781897726614625199e-01 6.073582990962339556e-01 5.600895753779309150e-01 7.398270424225057429e-01 4.917131634835938403e-01 6.484606770442695733e-01 7.935007990068689843e-01 5.646601215480629987e-01
4.234716364552576495e-01 2.904215142247220105e-01 5.560964073449820022e-01 5.570845419744285820e-01 5.099770088210676677e-01 4.145992499751521287e-01 2.337707101685796707e-01 3.981255521698966460e-01 3.953622108210045338e-01 3.614443843997866002e-01 6.980691989182629120e-01 4.964424264381778196e-01 2.939295543915246278e-01 3.944068181126947348e-01 4.058962207314546489e-01 2.361776438366023634e-01 5.221648206135039993e-01 3.853696821352871060e-01 2.860963385322446428e-01 4.461191404544257444e-01
5.390075603025425988e-01 4.032169191566417621e-01 2.208487760291152069e-01 3.629165916123529567e-01 1.944196108747559548e-01 4.440821780994309576e-01 5.710848705199949027e-01 4.096926811692663817e-01 4.462151626446684838e-01 5.592248127117208645e-01 2.652510457689740697e-01 2.304572963458079160e-01 4.654124516229837250e-01 3.989844237050946263e-01 4.135979120455965941e-01 4.567052775683481669e-01 2.582403230926617055e-01 5.031479976732378123e-01 1.848841437206431570e-01 2.843461196439002192e-01
1.599754696994886427e-01 9.763221792845681868e-02 1.603408187461732304e-01 1.706178273115403210e-01 3.757105377120997236e-01 2.585251920370092160e-02 2.173426560506024618e-01 8.020236427258554956e-02 1.491253733990877128e-01 1.900171533197056728e-01 2.634100277934720014e-01 2.853295904477384792e-01 1.603370805536099009e-01 5.049860571305321288e-01 3.426757015803298945e-01 2.006885334161370715e-01 1.269699073527678079e-01 9.289337027635433119e-02 8.662170085344371440e-02 5.380382812738493392e-02
4.369403836962689747e-01 6.326937176893321357e-01 7.252467279772459863e-01 7.069743881172947386e-01 7.351857250689584067e-01 5.776143693526678558e-01 3.924623549190567329e-01 4.661197802053823613e-01 4.820300090614411115e-01 4.624300163335703928e-01 6.202445989938673021e-01 7.021204030337453439e-01 5.543837796001487295e-01 6.649235503649512102e-01 5.307476691461854301e-01 4.525590241122097734e-01 6.062644062828665970e-01 5.868499130377766715e-01 7.454462508176280533e-01 7.147748979944142933e-01
8.821275181381585950e-01 8.979736128985156274e-01 8.829486083845906608e-01 9.892342385345306299e-01 8.401059522261655754e-01 9.281873029754081905e-01 9.907033703057550600e-01 9.503182071668149211e-01 9.004405967728051907e-01 8.698526652752023303e-01 7.553364567589432310e-01 8.213721972973043739e-01 9.163110728321526288e-01 6.816424572201573717e-01 7.040374470957275754e-01 8.052001319268720092e-01 8.171824974372311479e-01 8.506793760747176636e-01 8.525378587259063723e-01 9.062680052870903946e-01
3.256454528949971339e-01 4.275498625676164011e-01 2.770578638252867432e-01 4.142956649718309015e-01 5.488006311170801066e-01 2.691441126118793714e-01 3.349411564613854475e-01 1.876278371385456945e-01 3.580416292195072736e-01 2.651423511265852406e-01 3.746372231694848898e-01 5.782206276954642288e-01 3.054496881562100974e-01 6.843603140799510154e-01 4.297686035327798471e-01 4.046173347276584842e-01 3.696313611060960125e-01 2.775041576788474518e-01 4.807006732357823608e-01 4.137032793776556638e-01
2.903024088679323489e-01 3.953699569383254953e-01 2.566656733429560910e-01 1.883157843848826118e-01 6.271518141493772625e-01 2.519754040856009847e-01 3.329988493656306781e-01 6.089097678316245099e-02 3.088778459770522566e-01 3.192668705197906354e-01 4.642283837667219859e-01 5.560725414525139465e-01 2.953389943681575813e-01 6.457863034517996592e-01 4.641994936606188005e-01 2.540269466586551617e-01 3.821878689809337093e-01 4.219428844363999342e-01 5.853343345492997285e-01 2.473808026048637532e-01
7.555530799662104613e-01 8.264679822340836868e-01 8.246681005578385681e-01 8.753399622331125007e-01 6.819077495287325652e-01 9.355941808199352838e-01 1.012897026479916196e+00 8.218480495377239459e-01 7.283506682062426130e-01 9.293283096330173798e-01 5.910471244582473638e-01 8.400346829627096668e-01 8.832528607844911672e-01 4.576280168752397959e-01 6.271892750180863008e-01 9.755931648428263214e-01 7.962324701833365381e-01 8.333058245050837254e-01 9.306226198702544083e-01 9.266813277430165918e-01
3.157570766979336252e-01 5.568256067890416938e-01 7.234809882593495889e-01 5.088998647070592796e-01 5.438967824430023246e-01 4.433329996193015043e-01 4.662159438479934193e-01 4.816537316209120734e-01 3.437424634983771154e-01 2.714182850333903829e-01 3.834520098437002034e-01 4.531710713751403441e-01 3.324316842216498702e-01 3.772425979903952786e-01 3.203255137804816854e-01 3.474467285021144991e-01 5.032788327350108393e-01 4.577039334587568731e-01 7.333112051322396852e-01 6.860591520846163194e-01
1.048477074991839009e-01 3.554487718180351363e-01 1.291229928252237702e-01 6.023666743040867466e-02 2.256335194555672830e-01 9.686130684241663069e-02 2.349755510311342666e-01 1.459757725493096014e-01 1.190196483399956207e-01 1.563962587151681016e-01 1.169664427363332482e-01 2.674975508312810168e-01 1.364668565645815179e-01 1.897224062534454692e-01 1.731461031842732035e-01 3.814820420410240942e-01 1.845175872897391878e-01 2.577248805687599176e-01 4.766141069086551885e-01 2.664801179028420397e-01
8.311773480197387487e-01 6.435978006968970933e-01 8.674419727629140153e-01 8.995218302843166480e-01 7.707676027011687303e-01 8.930362486687398738e-01 8.048951531683791183e-01 9.630374871053564156e-01 7.684938567462344938e-01 8.604374716746683305e-01 7.454824696930004713e-01 8.674223304565700232e-01 8.899286231999969932e-01 7.705407771262020589e-01 8.857559942360292426e-01 6.849976222872241616e-01 8.570612813646775185e-01 7.574141166684414950e-01 4.256267094475187918e-01 7.184924600236097803e-01
6.115168548967990780e-01 7.145782957503212796e-01 3.926385407403266692e-01 3.985154244358600217e-01 4.093222014100304507e-01 5.824161442871749195e-01 6.873278648224872001e-01 5.680996373013685874e-01 6.048764316713692857e-01 6.129987327052626167e-01 3.244562577050962293e-01 4.984213237936137020e-01 6.088249056522824221e-01 3.914513845830843164e-01 4.982516470014914933e-01 6.907341305169538703e-01 5.397685592838042945e-01 6.607173381532960299e-01 7.876379208793184983e-01 5.436240453515179816e-01
2.491597013902031588e-01 3.985330481671535141e-01 1.755164963644530451e-01 2.676853631705679026e-01 5.660674363522533170e-01 2.140665077781688519e-01 2.464680249307016902e-01 1.479899741974967375e-01 3.897854992985829714e-01 1.731609086457258917e-01 3.973746004214375183e-01 4.809151922479612540e-01 2.774961190523674293e-01 5.398076777272668991e-01 3.625309222301795753e-01 3.275487674281978845e-01 3.138708352965922099e-01 2.927973789269592286e-01 5.730529931664091192e-01 3.027685759849417790e-01
6.992068461550760006e-01 5.684769014951466248e-01 7.578343617470234550e-01 7.786572663337050226e-01 4.305551939377654236e-01 7.598288508286078491e-01 7.845889520098482395e-01 8.322582403289480180e-01 6.037697585031994718e-01 7.992655501836313237e-01 6.502088452673617791e-01 4.162929943382454034e-01 7.058568932355270276e-01 3.342704848341308543e-01 5.146070717015833740e-01 7.554704444207548386e-01 6.172013265128071247e-01 6.123060672722849818e-01 4.211795514887062275e-01 6.896375747119529720e-01
3.712658944641621384e-01 6.281372886006779677e-01 6.416816948758796713e-01 6.086077555790828653e-01 5.353931097006829898e-01 5.421664740799660986e-01 4.340215796849400398e-01 5.071419127258658399e-01 4.747729466426277023e-01 2.997702145393471573e-01 3.917739585045426076e-01 5.839037912464590807e-01 4.388804498675648036e-01 4.597108829436182265e-01 3.807333355013290399e-01 4.039461802580135985e-01 5.345149081583537853e-01 4.588533114703441385e-01 6.641306488744964653e-01 7.423171797534965366e-01
7.257112681570248025e-01 7.961367527304599179e-01 4.675112435221624452e-01 5.175444634719610359e-01 6.228551402041295759e-01 6.029339486331307674e-01 7.468222371703894247e-01 5.514107278070495832e-01 7.422937494188901475e-01 8.216836863055776430e-01 6.272998481440101859e-01 6.698476617791687682e-01 6.632379858227871461e-01 7.302897195553803567e-01 8.072885064269539335e-01 8.378364188627271947e-01 6.022213273603644890e-01 8.286240778214402081e-01 8.434733704277118660e-01 5.695307665927628049e-01
-7.148968093683069625e-02 3.251169817793915506e-02 3.569019784613769453e-03 7.030619863745454778e-02 -3.048956829457500489e-02 -4.493952489706996151e-02 -1.058808552135733806e-02 -9.010698751646938412e-03 2.192439122917232835e-03 -1.662656023144396672e-02 -1.710039784390293173e-03 -1.188319966437692554e-02 4.785029116236862862e-02 6.489050109072183603e-02 7.255428775825041587e-02 -4.499049631616371114e-02 1.145655346418800180e-02 1.469650699244669512e-01 -3.524428057423056176e-02 -2.798695684375741843e-02
3.126218601393857544e-01 3.919598640632334652e-01 3.150973875010754655e-01 3.169460509143880445e-01 5.578760716939994424e-01 2.472471056695471348e-01 2.848502538151539976e-01 2.003637478223198043e-01 3.634398757657649748e-01 1.435575805909972136e-01 3.967166130911434774e-01 5.212400903858640522e-01 2.870637424377255886e-01 6.434870543270908572e-01 5.280287194445184573e-01 3.183520985178401874e-01 3.442597269548157146e-01 2.353723566624066066e-01 5.757606422281758007e-01 3.379091954008560661e-01
4.333500114459211683e-01 3.170028200972390131e-01 2.496203789218870706e-01 4.223067965207595309e-01 2.171252091224976644e-01 4.869084611924256456e-01 5.912218148380931071e-01 4.425419260195655458e-01 4.019739320316780828e-01 4.996639981933417296e-01 2.629182832752365861e-01 3.023358412159459219e-01 5.407362363377548053e-01 3.924312550476612427e-01 3.574109493849386698e-01 5.019685176165467055e-01 3.350955955122054686e-01 4.151953459792281920e-01 1.926038138853335968e-01 3.434381468793580305e-01
4.158788682758680633e-01 3.103160497768459036e-01 6.423062886363458679e-01 6.369344831983962951e-01 6.086034965552951093e-01 4.663656087117653559e-01 2.683521951105242165e-01 4.938338256405132576e-01 5.643498706534997300e-01 3.220262036640286762e-01 5.670779247248745047e-01 5.776007891058227983e-01 4.267322596129757839e-01 5.702753696186732002e-01 5.109917935899878083e-01 2.067224167204365637e-01 5.641616933628896824e-01 3.105333183722627788e-01 2.943510650999329736e-01 4.373490177426464509e-01
1.172750684182994607e-01 4.849387706831546629e-01 1.103428952007948216e-01 1.880302556203204412e-01 3.344972469949439864e-01 1.939384606998568739e-01 3.496806378758618439e-01 8.174074160208794071e-02 1.490137557079747599e-01 1.459355288976620091e-01 1.473662338826106089e-01 3.245303447828036814e-01 2.706831095741899507e-01 2.377791064628835271e-01 2.302692799199202445e-01 2.415704906757400461e-01 2.987207729904069464e-01 1.513260368281913459e-01 5.273458030531356089e-01 2.868440751874858918e-01
3.898379257949948218e-01 5.885046071860935424e-01 6.565463367442772036e-01 4.790063283191122734e-01 4.652652020219906204e-01 4.718958601847272338e-01 4.162685734987277009e-01 4.399137325021330591e-01 4.227304264461942407e-01 3.208267498879124324e-01 4.214022371817582879e-01 4.828194792399880808e-01 3.976197530276296410e-01 3.667093197434800889e-01 2.809779836540888254e-01 4.457278795835762364e-01 4.747400230397461618e-01 3.703915214693030977e-01 6.322555037512688214e-01 6.725664519398735219e-01
7.490490619502210290e-02 3.237495285449880633e-01 1.340941946526403583e-01 1.344014914470647026e-01 4.057618433972249861e-01 2.230210313628793461e-01 2.780240517412888024e-01 1.082780292664319161e-01 2.525345821243640820e-01 8.920517875775985095e-02 8.608412390231673372e-02 3.284502020324416849e-01 2.510049404510839022e-01 3.195074673712188229e-01 2.294753920856983376e-01 3.289897857554763272e-01 1.507273342373668112e-01 3.422293010531162194e-01 4.866137432736005186e-01 3.194820442346142375e-01
1.004338782279339926e+00 1.000540510778826775e+00 1.060423218319462846e+00 1.052601005006875701e+00 8.028904613588289108e-01 9.587881339334131114e-01 9.474612430341565750e-01 9.626361080545464688e-01 9.631703964777699190e-01 9.943963467590714034e-01 9.449134296891982254e-01 8.863303063482266264e-01 1.001849615252748071e+00 8.313365267785629564e-01 9.400682155153212705e-01 9.950712862258996871e-01 9.321757500792633433e-01 9.895373013563930620e-01 1.020530803807910836e+00 1.003450184069244688e+00
5.678319194805129255e-01 6.521366979600996538e-01 3.146933529539348018e-01 3.986919447031512798e-01 5.118663270496743856e-01 5.487811317376978248e-01 7.241077262535633441e-01 5.692303800501905542e-01 7.739710128123507005e-01 6.951956145917741470e-01 3.643065989462219711e-01 4.715785894507414366e-01 6.425409721569450561e-01 5.918288584421563803e-01 5.964503126046037940e-01 7.654511219088636631e-01 4.998402784342078631e-01 6.159366131831816027e-01 6.829577671710527209e-01 4.783245330344711999e-01
5.795974649425061909e-02 3.182987755457619139e-01 6.640337343507411727e-02 4.019584525723696872e-02 2.024233101262926660e-01 1.366447000774822784e-01 1.595450109894509805e-01 -1.969259329132212744e-02 1.703812934407190616e-01 2.761534608777835298e-02 -3.740329413495295519e-02 3.540816640729608777e-01 1.187990580030671428e-01 1.648412856670095350e-01 4.631355396803522873e-02 2.318972285620038987e-01 1.993200032772369790e-01 2.265151406073982188e-01 5.189347194316071832e-01 2.784924485023868024e-01
6.164809020665291683e-01 6.761909186494370338e-01 7.722634613183914087e-01 6.608618716427135942e-01 8.607344640153410387e-01 4.924540488117666870e-01 4.485566471387218423e-01 5.086798704969623941e-01 6.433763480852455752e-01 3.919903162708283650e-01 6.528788608724660492e-01 8.295439021352107867e-01 6.139762279733518291e-01 8.044810557460007061e-01 6.770289957590094332e-01 4.479030725720933304e-01 6.391996925859693146e-01 5.415149459527439646e-01 7.123094218719098203e-01 6.421057687005566894e-01
7.101391785580131177e-01 5.201880098492515092e-01 7.508978986342066397e-01 7.450270104325849019e-01 4.929934745571736832e-01 7.376933375742307231e-01 7.781526860425249659e-01 7.262502618818865718e-01 5.398424291415957477e-01 7.394391466058685136e-01 5.795604942784877700e-01 4.788742345903200803e-01 7.163602187967106349e-01 2.782879842242586554e-01 4.777548877721339293e-01 7.652751891419314889e-01 7.022114003534370985e-01 6.105392381658170109e-01 4.801621670209499926e-01 6.368224606355512574e-01
5.437225577475964799e-01 7.199812263550199321e-01 4.393437278644259925e-01 3.257208044571217043e-01 3.615468233017410382e-01 6.068432417957904113e-01 7.551529857677530266e-01 5.356588541705286088e-01 5.767436137032857513e-01 6.893889655473761646e-01 3.381456310863922288e-01 4.204178036814644193e-01 5.643933327277755874e-01 4.647245418124192895e-01 5.249625426196723454e-01 7.944011500242987855e-01 4.909507275063902942e-01 5.997105164308377256e-01 7.143031963942422236e-01 5.366893035912873033e-01
4.467939536079008067e-01 3.856246368987524265e-01 5.577391845624128930e-01 6.439775801730563964e-01 6.960463797220618476e-01 5.292543510044456223e-01 2.951871887172313746e-01 4.508376625598355947e-01 3.370142612219230172e-01 3.099991796360547225e-01 5.838265413383209035e-01 4.942670731099262360e-01 4.381922190898311920e-01 5.620731902526276969e-01 5.839959750094643187e-01 2.078955458919260479e-01 5.267154822935335989e-01 3.440456764393982070e-01 3.324799122804409368e-01 4.443529634242547877e-01
9.395442879588358220e-01 6.703437235578594278e-01 8.121623817049451466e-01 9.057156213519377275e-01 7.387220170423866028e-01 7.832807669037092912e-01 8.515406020526120612e-01 9.260347525766344789e-01 8.304876519941312152e-01 9.156836018350864581e-01 8.604621208000352572e-01 7.914715252805597512e-01 7.780237991992574598e-01 7.846128992380526634e-01 8.631051383541715749e-01 7.802028709851012156e-01 8.262457272781218443e-01 7.496230390609022187e-01 5.824574220822995585e-01 7.821888976639165270e-01
1.973369614514770276e-01 4.369674103232384366e-01 1.397893648487991136e-01 7.609606766224071006e-02 3.402207573155514031e-01 2.185931863318376633e-01 2.435777331208451302e-01 9.359822348883287124e-02 1.737369007125745823e-01 7.517561369799857784e-02 1.842135507844842590e-01 2.220547956225553676e-01 1.273172914253709320e-01 2.658281720942841653e-01 2.165484525662866311e-01 2.600686648981471172e-01 1.852659174493088978e-01 2.177631755376057687e-01 4.119851647768637548e-01 3.386009611300555000e-01
8.502976894866068891e-01 6.760031276629530073e-01 8.563569870114140503e-01 8.739341924609413947e-01 6.796718116832966006e-01 8.520002126313047652e-01 7.871901027001778628e-01 8.688686290688133473e-01 8.716761624454770763e-01 9.287663106401125024e-01 8.921665864456229667e-01 6.732541656495509841e-01 8.077298634012353151e-01 6.159959485346746533e-01 7.857407634174666811e-01 6.770113946902747148e-01 7.739075639698029807e-01 7.192416674861810133e-01 4.747089483357954665e-01 6.406615478969496236e-01
2.210594512926862543e-01 5.657572310980444469e-02 5.819203462975593849e-02 1.740664202540383176e-01 3.194099938872164701e-01 1.264977504994628521e-01 1.257608516736891946e-01 7.188219688449601352e-02 1.880329695594936956e-01 1.474612048034930623e-01 3.642344984678734798e-01 1.924664092585084973e-01 1.489121718489927471e-01 4.013462881870689669e-01 3.451459964691280247e-01 1.084206424307938843e-01 2.446038898739290590e-01 1.707569234085543619e-01 1.218458707641346672e-01 2.830780463296035665e-02
4.107171653219032770e-01 3.223713627710569907e-01 6.353501749665315668e-01 6.204325971718577248e-01 5.322447780536212480e-01 4.172339281062230065e-01 2.791615528702290350e-01 3.838044517073435080e-01 3.374715482318298987e-01 3.008320590744452683e-01 5.915103570995091653e-01 4.412142149792093737e-01 3.903838781855035189e-01 4.982307702462689392e-01 4.584095870012004359e-01 2.687754958417887807e-01 4.961574907471754114e-01 3.355582490165797682e-01 2.785191355756111431e-01 4.134841851158296833e-01
1.039479577782630226e+00 9.465585290929883211e-01 9.532141336656144714e-01 9.241143936964768546e-01 9.132575156507716230e-01 9.972916534437513691e-01 1.035769958278829339e+00 9.348669504190240120e-01 1.010963661720112317e+00 9.704930364765743667e-01 8.823165363833653796e-01 9.549992841811301147e-01 9.241101012305760198e-01 8.991564933244838853e-01 9.993328598080379876e-01 9.312352859103472102e-01 1.056892729938447406e+00 9.978702913935840746e-01 1.016656423747498650e+00 9.129024181542756411e-01
8.633842239177719202e-01 6.696398345501597404e-01 8.583423327293436822e-01 9.256925101772962572e-01 7.768887834597112407e-01 8.513132961703822055e-01 7.295169681423049335e-01 9.176905902703503815e-01 8.559123124152816509e-01 8.836115032947965409e-01 9.018568581116446214e-01 8.603554002829181258e-01 8.418291950334859663e-01 7.320919512291614861e-01 9.029505959602552867e-01 7.244941887137814618e-01 9.136035675660976185e-01 8.268624753593594168e-01 6.025949300898615357e-01 6.675327738800003186e-01
6.986394098507108241e-01 6.709445990213256383e-01 7.515288637474886180e-01 8.205314261073528570e-01 5.531661663226241643e-01 7.795148808834543308e-01 6.121545784271135160e-01 8.711969165999875475e-01 6.525411981301639797e-01 7.331894730450235764e-01 5.983830739642727048e-01 5.061702750261173334e-01 7.456707824646324756e-01 5.478351174786850741e-01 5.402668534040416803e-01 6.582258735674670902e-01 6.774001679729381165e-01 6.819359678933500923e-01 4.817220835866675155e-01 6.505771774829668397e-01
4.417977875155648104e-01 3.844159946273844608e-01 5.943067988309919114e-01 5.347540422588474840e-01 5.566457666057801346e-01 4.371688703670129628e-01 3.239472764492081214e-01 5.185141760626302831e-01 4.827133350588996841e-01 3.714387744454721307e-01 6.960776066487888158e-01 5.914353890052185259e-01 4.541205030249939600e-01 5.552594197976545853e-01 5.078942098123183646e-01 1.488190412642848015e-01 4.973960570688952254e-01 3.747783320159391862e-01 3.398427903630631408e-01 4.589048108468930520e-01
8.984846549292371254e-01 1.001796903141144890e+00 9.241153462765462345e-01 9.600645401911697130e-01 9.084519725926248901e-01 9.892984221329056416e-01 9.879857527203601553e-01 9.549151518641026959e-01 9.685796021125625543e-01 1.005333470519176320e+00 9.114277721554223666e-01 9.951944225659606902e-01 9.837668978092238836e-01 9.109989697471312375e-01 8.890257199913281783e-01 9.706703880601579293e-01 1.022012804989745893e+00 9.325389953592243542e-01 9.819327131125450414e-01 1.077958730967124801e+00
8.146256888161822474e-01 9.822644328770255839e-01 9.235095709443957857e-01 6.726165344514030142e-01 6.490745422068168180e-01 8.857847638234144227e-01 8.357190608596737347e-01 9.949130273801862767e-01 8.109519981642099307e-01 7.375836392294778943e-01 6.431382766673446882e-01 6.793627250545200003e-01 8.641425842015323378e-01 5.314215578015494268e-01 6.447675699462935839e-01 9.083236051671486067e-01 8.415458225124100577e-01 9.221463490164250043e-01 8.592317115112217962e-01 9.015160374991464387e-01
2.188958764491401865e-01 4.194855626398830695e-01 1.768693855689432992e-01 2.661912226612618837e-01 6.932055367505847165e-01 2.325945451925487129e-01 3.999541178314114931e-01 1.314222987617927885e-01 3.397911292814974060e-01 2.975812434199647805e-01 4.351847873839360115e-01 4.117349661121488813e-01 2.638063395491273000e-01 7.266952110055449054e-01 4.568660501066633128e-01 3.936246731585678615e-01 3.718028647119344110e-01 3.280969086238980648e-01 5.756056680720488261e-01 3.208500715091416322e-01
7.664194243420586750e-01 6.123118963644128554e-01 7.531248324218806633e-01 7.641793462381873958e-01 4.173952483995995721e-01 8.343064147898325844e-01 5.790611236042293442e-01 8.847801054879740335e-01 6.764208320457504309e-01 8.268595209139368851e-01 6.358464979612898915e-01 6.039229430887999017e-01 7.404224010880341433e-01 4.132599239087034748e-01 5.736906853141473528e-01 6.742278905233175523e-01 6.489310057471614490e-01 6.772623541455649043e-01 4.928031298385522896e-01 6.844877366093355953e-01
4.679501404528003672e-01 2.902454652215040731e-01 3.231121761799821135e-01 3.527798438667594239e-01 2.500342414793487733e-01 5.678372211737863218e-01 6.626817192423242187e-01 4.901736199984336739e-01 4.617140320907379691e-01 5.465737722734722581e-01 3.355798073956990368e-01 1.936447263031225163e-01 5.822768127252260228e-01 2.564150297798386546e-01 3.878025518825016782e-01 4.409417937181536185e-01 4.060132888513781069e-01 4.418732760544790694e-01 2.384935986637322647e-01 3.173218381531481835e-01
2.098082224603511903e-02 9.043797269051839782e-02 1.004356380159323880e-01 1.621292883962973386e-01 2.857869956694860658e-01 1.506824656258838879e-01 5.788941417264133193e-02 -3.068154634179890566e-02 2.117519643713315913e-01 1.695177142142381133e-01 2.426448065811513677e-01 2.408377690422222606e-01 1.409652981257284166e-01 2.876832165621161508e-01 2.789945708349289566e-01 2.401832557587399442e-02 2.008114420401949651e-01 2.244685477681181152e-02 -3.174564296935369900e-03 3.107994381088344596e-02
9.573124973257629566e-01 7.226763567102726382e-01 8.920254761629506923e-01 7.827358473974710407e-01 5.607773871297813129e-01 8.812758394148408891e-01 8.138769928565068312e-01 8.908497983503482764e-01 8.568188855385981961e-01 9.481974410402950193e-01 9.229666265024826233e-01 6.781736296516651663e-01 7.914833200573153649e-01 6.369420823950596722e-01 6.817408105139899366e-01 8.395684748423539734e-01 8.037197937749793741e-01 7.576044180088470359e-01 5.276097888720618911e-01 6.817759661228055545e-01
7.731632651575777171e-01 5.773656264980422392e-01 7.091000585825587565e-01 7.026519621204312394e-01 4.565653200398134826e-01 6.950104389330696852e-01 7.334705130738630174e-01 8.828370548793256223e-01 7.234378730711077399e-01 7.699501039243765721e-01 5.355649178665811139e-01 5.036102675972123910e-01 6.581123931551025041e-01 3.968151352020249378e-01 4.524427486801373410e-01 6.924652439963785433e-01 7.047196714811002627e-01 5.491862607549243824e-01 4.073833363211032399e-01 6.090465515936321905e-01
6.994570921117865270e-01 5.593759444410602022e-01 7.505228912139848552e-01 7.366280994204053023e-01 4.168394248897593912e-01 7.578550020008608668e-01 6.465364375751654347e-01 7.719276538032792123e-01 7.141570645829506958e-01 7.966220423002594586e-01 6.015939938975882750e-01 5.111832015410308072e-01 7.100275639598554456e-01 3.144611664801438833e-01 5.538197824237882649e-01 6.822052690564229804e-01 6.640121627825287254e-01 6.511424872956759202e-01 3.638185523713266534e-01 6.881218787066915032e-01
9.804981739544706976e-01 9.539838638157835948e-01 9.320565551224130330e-01 9.846233323795408054e-01 8.874055203991845220e-01 9.936184914903516407e-01 9.338672402802715711e-01 1.106123957458360341e+00 9.851344324035606892e-01 1.111472731097932876e+00 9.871105447997423621e-01 9.787134155259578083e-01 9.300321447167240185e-01 8.701389820703121503e-01 8.487058800834090810e-01 9.100645595613529037e-01 1.060440455270449389e+00 9.900305075741608896e-01 1.008979748724918579e+00 1.001783294543909797e+00
5.088622403379606807e-01 3.829011996157505315e-01 3.030733950978694580e-01 2.974883681342580521e-01 2.937302263160685434e-01 4.539097781913890017e-01 5.425947308784818679e-01 5.659606675939963250e-01 4.117345233459523413e-01 4.948581138468076124e-01 3.791235092594640310e-01 2.593076255627755344e-01 5.067013251530523288e-01 3.604806182053780228e-01 4.040894955679927292e-01 4.951690172337119833e-01 2.325238077519419799e-01 4.466474633142635264e-01 3.138184415806259397e-01 3.253339691659658528e-01
7.064555921750437228e-02 3.130546354401215203e-01 2.700078502612701659e-01 1.550245581306334275e-01 3.561488994584418033e-01 7.598399550384565826e-02 2.508322713452565966e-01 2.709371883216693533e-02 1.670440183924770672e-01 7.483544115301955790e-02 2.513047476795225721e-02 2.837931265692097971e-01 2.074589255973477153e-01 3.831732540307915547e-01 1.958461128126400275e-01 2.912438777783807886e-01 2.150683823155072616e-01 3.358281086678052141e-01 4.489695896866803815e-01 1.650420018385927168e-01
5.631365806091167547e-01 7.005774978984463663e-01 3.629621723489285801e-01 4.099266293818900619e-01 2.690331459612079756e-01 5.405952445125546957e-01 6.914537141100722817e-01 5.389108463246751191e-01 5.902224103859925464e-01 6.199427729081055105e-01 3.687263811803037084e-01 4.184944782458743240e-01 5.395720917515833825e-01 4.414888134752018023e-01 4.608042287650888635e-01 8.106487125515651204e-01 5.037759673231546609e-01 6.002634226719389954e-01 7.034699714768306578e-01 5.392092094170704009e-01
8.338272485917300747e-01 5.620329178742542453e-01 8.909335125735677874e-01 9.156275121996955146e-01 6.942960460041059934e-01 7.293358721787168708e-01 7.544198276080166243e-01 8.638491745870765515e-01 7.469652888324668227e-01 8.930525182100526038e-01 8.847798616486726164e-01 7.539522793377786414e-01 6.512409058589662125e-01 7.069282921712211065e-01 8.556777319547467231e-01 7.668992247549646368e-01 8.177712403679304742e-01 7.991499256839253995e-01 6.373769858112177111e-01 7.074534561094103502e-01
4.503830735005743269e-01 6.540945306116993097e-01 7.093419914895267020e-01 6.710913564571323597e-01 7.470101889650154758e-01 4.907248963085184545e-01 4.838516154297305416e-01 5.435737658762963553e-01 5.471045133710585873e-01 4.849874943020054396e-01 6.225593898211817523e-01 6.969951698578726873e-01 5.026002207739910244e-01 5.433899498081270485e-01 5.296205985660573656e-01 4.514240041678245219e-01 6.763467550865605027e-01 6.307050728307905807e-01 8.227856859865876338e-01 7.171780206431173088e-01
4.822031174155560485e-01 3.707724542249770661e-01 5.390916503487067635e-01 6.538741696736380948e-01 6.292670820393633235e-01 3.877803227748719550e-01 3.530851577754563486e-01 5.504754555912024783e-01 3.958305959841657007e-01 3.183165900012278615e-01 6.158057953541135054e-01 5.528331016628686978e-01 5.264314413666399961e-01 6.007801424465871731e-01 5.967231562494895725e-01 2.212640856726297289e-01 5.085778913271279400e-01 3.271045750788772466e-01 2.616283655514107243e-01 4.440247406418522669e-01
7.374358524915965996e-01 7.788896401192809682e-01 4.509714110255317321e-01 5.404063408752668440e-01 5.951741297145809462e-01 6.859466458437574188e-01 8.232337172236163791e-01 5.361125042611654123e-01 7.839326594078694921e-01 7.530329332860422609e-01 6.710744098245058353e-01 7.143038151501319710e-01 7.629638854946056981e-01 8.609121118691622776e-01 9.077816919119119365e-01 8.369433428456102275e-01 6.188490769562912108e-01 7.127835991768518564e-01 8.617071318144667869e-01 5.850695485437623633e-01
3.860131279211756472e-01 6.182744049653164931e-01 6.405542415817010449e-01 5.637712401097533244e-01 5.874614466894174658e-01 5.245154275005460276e-01 3.636696427510949237e-01 4.363081398251863474e-01 4.324589901238927725e-01 3.251492250783134530e-01 4.804234866940825799e-01 6.078197239211593494e-01 4.435730166405260633e-01 4.846307243652799857e-01 4.180364565858447623e-01 3.402221534063067376e-01 4.577168977605079458e-01 4.558727965796682269e-01 6.802362665559378296e-01 6.555023858103440348e-01
2.070858290215164821e-02 3.391857769165378955e-01 1.161399545054912497e-01 9.952252944099870824e-02 3.169918095720909434e-01 2.863148578042002956e-01 1.695631877674280141e-01 1.003249581751523983e-01 2.024653051071597931e-01 1.896337780587137034e-01 8.581739514467426333e-02 2.536836189296693966e-01 2.151316696599570588e-01 3.510361563602873436e-01 2.949470526242944368e-01 2.680975828129697480e-01 1.930526496001828962e-01 1.291576746939588349e-01 4.826481162514631440e-01 3.262914656590613638e-01
7.625049192607669113e-01 5.638519151359706605e-01 8.301070881133704171e-01 8.242361933761156445e-01 5.068251382204811417e-01 7.433797230168880388e-01 6.956517979925735951e-01 8.632010282637854193e-01 7.214815631369212445e-01 7.071845561626481924e-01 5.997661672632652596e-01 4.935143880135123839e-01 7.229073549600713022e-01 5.454025907012379770e-01 5.219941571944403114e-01 6.304390304109303012e-01 7.332176416676250419e-01 6.896244062692167276e-01 3.390684086608218850e-01 5.516828086756776495e-01
9.412575108057555928e-01 6.615375967430938697e-01 8.841392134390952950e-01 8.144701279325244903e-01 7.122197057687824628e-01 7.387372866648311831e-01 7.132689291784013452e-01 9.222142886059953026e-01 7.412807969786118223e-01 8.425564008552147710e-01 8.919878732282221501e-01 6.563814881549364655e-01 6.479758481093600420e-01 6.896244342603159438e-01 8.048032871683330480e-01 7.297244629334872501e-01 8.201925858310610273e-01 8.279242653986508271e-01 6.057226051560969937e-01 6.423130449324094826e-01
2.820523864536892966e-01 2.186094337560870737e-01 4.719786398366504487e-01 4.552639447468703748e-01 3.222827130128937956e-01 4.187349497137516363e-01 1.843106429327281970e-01 4.600302670504996527e-01 2.169394150128489684e-01 2.488714729708900453e-01 2.747296401909684604e-01 3.805415813069978892e-01 2.162355509159142042e-01 4.234544530099573767e-02 -1.536562382738151933e-02 1.680300327374983360e-01 3.130245655180867725e-01 4.146469139531884229e-01 1.867126590457294233e-01 3.498500945131773898e-01
9.147274373161684569e-01 8.927267783765190368e-01 1.028052683678743806e+00 9.424869355390496084e-01 9.266323693642808390e-01 1.035982563810061929e+00 8.671797862965996417e-01 9.886215492998848831e-01 1.014338389074602276e+00 1.029502945971820127e+00 1.005302025434973601e+00 9.026284202236245502e-01 8.862866957329675888e-01 9.162121674866945398e-01 9.170419769741716687e-01 9.688314902262173955e-01 9.551880936077666862e-01 1.122901108970696171e+00 9.831556581407386863e-01 1.016242079253375952e+00
2.427033349493460113e-01 4.665096544885745100e-01 2.224921409770662661e-01 2.359177298214636398e-01 5.825506583706955288e-01 2.440760724019186700e-01 2.587952021566575223e-01 1.747672167666063925e-01 3.232382461832529197e-01 2.700331997913687498e-01 4.364984162552059677e-01 4.866839102378794912e-01 4.355100254812951377e-01 6.543151253010548452e-01 3.785551297374092350e-01 2.773194938187595326e-01 4.138417506347318309e-01 2.294968642069432629e-01 4.568690312089705441e-01 3.866280626726678604e-01
8.079019847366661899e-01 8.842787081276776151e-01 9.281660253986064868e-01 7.976311606421345735e-01 6.576921386421502591e-01 9.117875572270636164e-01 8.703522427114648297e-01 9.373544429179773152e-01 7.725615552803997144e-01 9.747765684665952168e-01 7.291830092622214599e-01 7.054251124084311986e-01 8.931962703031588457e-01 5.274202902357335576e-01 6.840843625619714707e-01 9.371532627630857482e-01 8.222697249926554930e-01 9.134046839820237906e-01 9.974933145889635089e-01 9.564379016365029962e-01
8.728573928196038390e-01 6.530057687545297584e-01 9.873255402373961598e-01 9.275154666407653403e-01 6.720360969921009842e-01 7.780425552032317338e-01 7.970968219963721069e-01 8.454369205539744581e-01 7.141698492783689067e-01 9.158022329163084674e-01 8.298966768514948189e-01 7.598973213904440804e-01 8.347550280698383673e-01 5.910929402655975551e-01 7.735636515472897878e-01 7.609166918056320394e-01 8.217830170082380814e-01 7.682559562449570167e-01 4.916755612549237875e-01 7.400798078533158408e-01
3.581122741434805690e-01 1.991092156094990129e-01 4.491472489823564174e-01 4.760059351253800308e-01 2.445526341338622456e-01 3.324564447921514732e-01 1.913900642698226073e-01 2.851055246769812479e-01 2.775819484057291953e-01 2.279876183234239018e-01 3.289643694339339786e-01 2.654960946675991584e-01 3.578503266596945176e-01 1.155557392331196948e-01 2.369844433642185333e-01 2.185969836819786072e-01 2.623455328958912425e-01 3.366144843206991810e-01 2.523597208280231596e-01 3.818907247110428504e-01
5.177211227626711265e-01 2.715738529361964027e-01 2.999446029395526625e-01 2.508170808576620225e-01 1.376845598420539385e-01 3.503971188250311064e-01 5.351888442405541291e-01 4.885656165620843039e-01 4.734002278536284525e-01 4.816939829412722474e-01 3.195318743819103857e-01 2.193829029410759024e-01 4.264257127562240401e-01 1.944720355201488560e-01 3.992219566931765051e-01 5.066220078476546540e-01 3.879554769189040297e-01 3.499054816846386973e-01 2.023128050085670204e-01 2.311875519862593431e-01
7.640975621383423455e-01 6.394468219442895895e-01 7.056632650385771255e-01 6.739406567313611651e-01 4.467747685975259064e-01 7.538636018276763107e-01 8.254181206021130590e-01 8.479688063649014618e-01 5.921623934672040068e-01 6.885985185169403167e-01 5.969108783432338639e-01 4.645425455927422731e-01 7.366878893724090327e-01 3.802457488027918275e-01 5.478394126071772785e-01 6.143774154154800771e-01 6.700319282185526193e-01 6.906463177552278898e-01 5.009568499881410508e-01 7.286365073156524375e-01
7.996569875305390429e-01 9.595536129845598783e-01 8.592881319629895875e-01 9.308790124190463589e-01 8.138994918876413243e-01 8.499672171506928997e-01 1.037087911020209141e+00 9.343522484278116158e-01 9.315705771885148812e-01 9.092910525930573140e-01 7.722543362951143076e-01 7.633295342018169283e-01 9.115633392241955235e-01 6.992371642452297476e-01 6.808455182114532267e-01 9.392055504588122661e-01 8.149597317205160563e-01 9.015380263629008128e-01 9.603551368012499534e-01 1.030417678917697977e+00
5.046361661938357779e-01 3.204316815452705747e-01 5.540735446919697882e-01 6.931848344577377086e-01 7.202741800896805824e-01 4.287942377482075740e-01 3.228901087780362000e-01 4.405862798846550965e-01 4.348432097940402863e-01 3.307423335415135557e-01 5.906026191078043164e-01 5.143996286393136552e-01 4.146237170483629830e-01 6.048041003506630098e-01 4.926093144665820156e-01 2.011034591849717446e-01 4.845597748261364357e-01 4.590598203482614270e-01 2.448333916337087635e-01 4.683125801346251782e-01
4.856253365172060743e-01 3.192798448319587590e-01 2.200135484748695081e-01 4.264684324796994552e-01 2.060372642741528648e-01 4.836954688364343280e-01 5.050034424968156133e-01 4.691491429684212511e-01 4.137558550389155432e-01 6.774855778923966065e-01 3.920062022025826987e-01 3.317605819314852766e-01 5.877187270444030887e-01 4.108623100408139162e-01 4.476117241831788496e-01 4.723864196068034982e-01 2.990198736065428076e-01 4.811833445591901515e-01 1.259487340950682099e-01 2.677106958042058116e-01
7.678441940827004375e-01 6.193531573503270327e-01 7.026629146425563688e-01 7.093442743065441203e-01 4.496515409268790342e-01 8.110246405700892725e-01 7.164706117354791015e-01 8.346291619425557640e-01 5.873329404492201311e-01 7.640966165739091487e-01 6.086168492916996797e-01 5.028404242698342186e-01 7.584741204259363156e-01 3.170386623093582323e-01 5.618860676010252186e-01 7.147202332870005170e-01 7.191835603212027861e-01 5.949108454436060622e-01 4.977481016161333094e-01 6.894309675719223485e-01
7.215756573860225564e-02 2.918630393816470936e-01 1.805184532652612250e-01 9.088124137032972671e-02 2.514650625875028966e-01 1.909118045687267784e-01 2.166990886684071471e-01 6.691561939719065100e-02 2.559959217362569595e-01 1.052902012705608098e-01 1.178873214299025612e-01 2.678946878333477444e-01 2.638779399773481527e-01 3.440206551837229343e-01 2.642982137804424370e-01 2.449996541945398398e-01 1.941999140503711530e-01 2.591935240712323063e-01 4.162037148304175704e-01 2.899686421357039467e-01
6.716892590311354105e-01 6.826288815693940526e-01 4.563551264085954351e-01 2.292335330934524851e-01 4.488784859687243722e-01 4.727274632273915644e-01 6.549561336009444013e-01 5.678893660771413554e-01 5.419707528570507638e-01 8.026677098857540882e-01 2.998260309660702450e-01 4.676893668983305719e-01 5.253260957714653845e-01 4.251028151801552468e-01 4.438108483680953120e-01 7.466259194806127431e-01 4.142905255758763672e-01 6.318749162363684890e-01 7.943082958650636849e-01 4.722731191624234826e-01
7.563092225896372867e-01 5.474469363072241856e-01 8.382259625232324485e-01 7.858331511496648991e-01 4.451779615100440179e-01 8.445445214114005728e-01 7.092910267618414144e-01 8.925315065543776294e-01 7.531035382948141343e-01 8.436800252364983210e-01 7.289378379484162673e-01 5.209141075524882369e-01 7.571960440884374366e-01 5.104860865383458179e-01 6.142216751676659037e-01 6.969718832774891570e-01 6.758518836156819365e-01 6.723579616459769426e-01 5.105757157401124013e-01 7.558391347836309615e-01
6.722025288402959653e-01 6.798826768315406888e-01 3.900390149979772181e-01 4.161514044424615699e-01 4.044220202042176915e-01 6.397581447358716700e-01 6.627735503210077095e-01 5.751875751407595772e-01 6.336015070023695017e-01 7.367644256252333657e-01 4.262284396453041579e-01 5.699901518335233064e-01 6.935149357636243295e-01 5.733108049718534938e-01 5.624208945614743715e-01 8.472959293464730202e-01 4.640696964552522008e-01 5.835829610457404781e-01 8.205629026346333843e-01 5.832270330525058943e-01
9.230846214482212320e-01 6.685678633429589235e-01 8.316329217924320893e-01 9.592856229839856752e-01 8.912110543263213058e-01 8.961001433266351235e-01 7.503369004484867766e-01 9.555763716884768666e-01 8.173479915561734366e-01 8.547954025498921693e-01 9.504340553117558432e-01 8.211739899438834644e-01 9.184648557071521946e-01 8.544908815521096157e-01 8.723164891651914443e-01 6.984030381817347699e-01 8.538429814179168131e-01 7.568713347048593443e-01 6.230709701221429642e-01 7.591995655865356740e-01
6.278591815161749246e-01 5.039526095555462160e-01 4.628081966410558801e-01 4.586193817860911293e-01 5.414350552162160435e-01 5.653353033289397755e-01 5.950452196254631954e-01 4.907650633647563376e-01 5.957100870181840646e-01 6.907696272288399442e-01 6.104896332163732842e-01 5.341831233496827647e-01 6.026058986171523024e-01 6.160173098594607932e-01 7.736890431999956519e-01 5.846494508239558074e-01 5.139198036777771206e-01 5.325196253017006054e-01 3.369272023136685168e-01 3.151373290408190919e-01
4.694272317983564924e-01 2.468905825743153426e-01 2.230089843716128728e-01 2.270881257739075232e-01 2.105627316667360582e-01 3.529486603018822666e-01 4.403876557401689151e-01 4.747095597324748617e-01 4.054440172355272543e-01 4.778305502586990272e-01 2.907959211629193574e-01 1.880276717776319106e-01 4.531117611532158862e-01 2.073374610080550851e-01 2.831740396775027091e-01 5.798632109729846551e-01 2.552488210708611649e-01 3.954268350810286603e-01 1.871135585795425105e-01 2.455987329145456477e-01
4.568688633143883626e-01 3.604171711524122856e-01 5.799996613275648638e-01 5.606956549367770881e-01 6.151114328141354948e-01 4.603455968661858133e-01 3.342082434294098570e-01 4.956526149654648661e-01 4.438091816113526322e-01 3.075943133787798489e-01 6.464119987096649256e-01 4.755838471725299388e-01 3.681445418562460103e-01 5.234650517167659389e-01 5.285303112444806883e-01 2.726521752700125090e-01 5.341115013617651064e-01 4.118324473775578642e-01 2.905187133198274818e-01 4.194432470448202221e-01
7.362513464125105545e-01 5.821085524082521001e-01 8.339360741285904988e-01 8.053584140545473335e-01 5.461899099597398166e-01 7.722052429653507577e-01 6.688844220080295555e-01 8.153412341669378227e-01 6.760206048315456906e-01 8.047997826321661163e-01 6.591655136309044760e-01 4.500594330666881082e-01 7.145949659645256524e-01 5.416236304049232286e-01 5.787017657837110196e-01 6.857641806903473913e-01 6.491487910585103105e-01 6.552822357990842894e-01 6.212227285860720816e-01 7.893187308307421102e-01
6.441400486050887775e-01 6.892306849945257774e-01 3.913734904145069748e-01 3.484089766269524713e-01 4.712400388435830090e-01 6.190951278622403020e-01 8.371082090691438493e-01 5.573463948339207885e-01 6.721662034768679517e-01 6.315904421188854867e-01 4.263277547970185655e-01 5.666664290653152802e-01 6.555938350794198177e-01 6.162363435422062441e-01 5.494159083644201136e-01 8.177052952506304040e-01 5.595877731223196649e-01 6.198200451762621022e-01 6.882373713893337186e-01 6.520313035533660262e-01
4.166354423637728677e-01 2.834074265755125999e-01 5.343730238942786537e-01 5.620782519724026871e-01 5.124804949704169221e-01 4.593105552125307245e-01 1.786765144569200103e-01 3.825702243667024050e-01 3.491685704973874760e-01 3.358467828612994310e-01 6.069835593895093195e-01 4.984361335427451856e-01 3.598090538946402961e-01 3.811746813445793247e-01 4.135427629547580586e-01 1.311488908491095229e-01 4.768300783450497571e-01 3.541540711300870670e-01 2.246935072311105897e-01 3.990386691211989523e-01
