7.600537722233268179e-01 8.728242943737136716e-01 5.346029605805354690e-01 8.984306977751299605e-01 9.134150044260254120e-01 6.608517624320753292e-01 7.312512608332368824e-01 7.689162071236113061e-01 7.964050854664100898e-01 7.263619111051912158e-01
4.426536384592049123e-01 3.773867634286149353e-01 3.182685017134318506e-01 3.246982317831134668e-01 1.825420762148746712e-01 3.936869821611819753e-01 3.083164081870349849e-01 3.734063440528728184e-01 2.589247300921582173e-01 4.508269011751724342e-01
4.580837826662373935e-01 6.111076258828460617e-01 5.893434711021124928e-01 4.195264330655925078e-01 5.409834026393071094e-01 5.236159522926936427e-01 4.842410555090020385e-01 3.926145357120428558e-01 6.944979252160158323e-01 3.806980687255684948e-01
8.975950401231538311e-01 4.941677899961225418e-01 8.393903295227636008e-01 5.308671388981318628e-01 5.972158232675836009e-01 9.749947354764677554e-01 8.139953071911080196e-01 8.794744602976902748e-01 5.713283341928228065e-01 8.822948219618972354e-01
2.861282671901793084e-01 6.938127310364931022e-01 3.181940498793362493e-01 3.457227915126100948e-01 4.114698793725665160e-01 3.445373933151260615e-01 4.099940237355560457e-01 3.472290431721220538e-01 6.460000128549794329e-01 2.086059850580991304e-01
8.280296258247634711e-01 8.814507113899175961e-01 6.479664157102894562e-01 9.060943360649342804e-01 9.363024018994635655e-01 6.324992568422462824e-01 7.086327354030027559e-01 7.102940696518410535e-01 8.648522727344447603e-01 7.627927907601859125e-01
4.613987824410196170e-01 7.121581442005382456e-01 4.084035096010467103e-01 5.869633456288343432e-01 5.900130969506183209e-01 5.402383037481878203e-01 3.484761486299681188e-01 2.241648484092340909e-01 6.558922358785165274e-01 6.489827908544665291e-01
4.971679146231215984e-01 2.370635085516895613e-01 6.619555880371558176e-01 3.813863392228539761e-01 4.237573570521906419e-01 4.217982116031538387e-01 4.285997223101957188e-01 4.731941181657417506e-01 3.151129833537362757e-01 3.082122774525214992e-01
3.402289304621361476e-01 5.309243550346363083e-01 4.840646514218337471e-01 4.294023275571308140e-01 4.989022529362068248e-01 2.706870474537077520e-01 2.039983236050429694e-01 1.287602310120765370e-01 5.832817154712608421e-01 2.674360876120880359e-01
4.612560966344993463e-01 5.885702960736558520e-01 5.595222440783481632e-01 6.139075132326362594e-01 5.384379355880137830e-01 4.474278666753296330e-01 3.989006735838737661e-01 2.469848541925405150e-01 7.602532384460543025e-01 6.708570519910427299e-01
6.693372548631770780e-01 8.951435860130588784e-01 6.103908710147795125e-01 1.019244155130639706e+00 9.099082185280481516e-01 6.787564308553222236e-01 6.633346314347395856e-01 7.309644886458951385e-01 8.162524725363730083e-01 7.671347212506223201e-01
9.005845435401276244e-01 8.384569478891643612e-01 8.088241270789452431e-01 8.399146587129869834e-01 9.145453512509122973e-01 8.213566955594647778e-01 8.200077383662224273e-01 8.030610715942183564e-01 9.075482454796715004e-01 5.853050638129831951e-01
3.058687457676890209e-01 5.258783958684027926e-01 3.571937636086873757e-01 4.049218527052329542e-01 3.789095520212968360e-01 2.884018986810273910e-01 4.999099774503943383e-01 3.687030228275517962e-01 5.460860144134167538e-01 2.191676003671661210e-01
6.468273549094931685e-01 5.077175268378336659e-01 6.099298747589170233e-01 6.122736863956569353e-01 5.163812735495607598e-01 6.897860754471778488e-01 5.382820914625334741e-01 6.222251741063360431e-01 4.211074166514007788e-01 6.739329155110493907e-01
1.704244215907154136e-01 1.909193435484122375e-02 2.758287607869880365e-01 6.871319784448097490e-02 3.406870800970594748e-02 1.585800798475572315e-01 8.252639728022884147e-03 4.087162639687905163e-02 8.528490280445881477e-02 1.393209161962092324e-01
7.820442708241469587e-01 5.375508785524222288e-01 5.698752378609781566e-01 5.828895005164301812e-01 5.468857354453514619e-01 5.529877319388494250e-01 7.536003494168383998e-01 8.055050435441630796e-01 3.782985205527072403e-01 7.851447532888875536e-01
5.559726888063596384e-01 3.936099854788368546e-01 4.581823493899455646e-01 5.880911580445046249e-01 4.663787291888356057e-01 4.822403042892290381e-01 5.250098653329317022e-01 6.556997258383689964e-01 2.998576511195732430e-01 6.488670042949320482e-01
8.663492257434336485e-01 5.961784389107108728e-01 8.644539515427158705e-01 6.770068433597997704e-01 6.350388921142100518e-01 7.876770437169692274e-01 7.559252070988441430e-01 8.637684832655827538e-01 6.269462790104476380e-01 8.421829891703779269e-01
2.273028174780603594e-01 2.325613945076848710e-01 1.739479669395846417e-01 3.084055619506723134e-01 1.268780029324874381e-01 1.627067967976355001e-01 2.709387691216454397e-01 7.435054828412873684e-02 1.303936888117300519e-01 3.541142714883938059e-01
2.147621578757150373e-01 2.233433240909596385e-01 4.334952134816863478e-01 -6.614912815350718067e-02 -3.899903367480578309e-02 4.089989283862189851e-01 2.525776961490643346e-01 2.748160814843728095e-01 1.037728714620976822e-01 2.967648141965970043e-01
4.918876795533607127e-01 5.461430588203415315e-01 4.702837773816740397e-01 4.827542033683661638e-01 5.382295636267983019e-01 6.338015469167392890e-01 5.100840484303482691e-01 4.084811964753302660e-01 6.842273141101168354e-01 3.431805904846239041e-01
9.498592284001552977e-02 4.623796240905851951e-01 1.949359255891636722e-01 3.717191239983800854e-01 4.563493022356186479e-01 1.749425243322150769e-01 2.718901725025834049e-01 8.693580605815576234e-02 4.611155019160771973e-01 1.361856661407784552e-01
3.933767327609421494e-01 3.390397003851640667e-01 3.306632351179035756e-01 2.149032395277323260e-01 2.584133135522623248e-01 3.633636532886178605e-01 3.758536989454663302e-01 3.550510372410434767e-01 2.365609154518568402e-01 5.674466897420644695e-01
2.416656051497292901e-01 4.378226805735500604e-01 3.559427211172218053e-01 4.366156078240857052e-01 4.671959657743550709e-01 3.222573907854168196e-01 2.050302130763591579e-01 1.357342164468849366e-01 5.580565070703130681e-01 2.741809630988299440e-01
8.293082482744753570e-01 8.231575237775121678e-01 8.546610099190654619e-01 7.584505491602102634e-01 8.340812000179304020e-01 7.654648789287539223e-01 8.108388656159541963e-01 8.162062014612935235e-01 8.952752629230430470e-01 5.969754530890499788e-01
9.947824148757632434e-01 1.060016968987739006e+00 9.054774416488303723e-01 8.770297916378156922e-01 1.012906033098924796e+00 1.026770754549870546e+00 9.695023603524904887e-01 9.757761064490911851e-01 1.028164964571759876e+00 1.153831050066076003e+00
6.923360371485833831e-01 3.950205939710297320e-01 3.898376902548340017e-01 6.378471186187970599e-01 5.460947474307972227e-01 4.278622326672485987e-01 5.705327167674796307e-01 6.125473056294243879e-01 3.462676368370960489e-01 6.319777791138666556e-01
6.688292088956411252e-01 8.324938893122074690e-01 6.208514016152186787e-01 9.559095940508541833e-01 1.009588997924382836e+00 6.407636003225023469e-01 6.773653674246969958e-01 6.246088000853691202e-01 7.823562084279023221e-01 7.360889470517228972e-01
3.971089371384689537e-01 2.733245716242483359e-01 3.018495995438953972e-01 3.693062688928317461e-01 2.291932169372684347e-01 3.631722718163054031e-01 3.164900637405982931e-01 4.208841891392331447e-01 1.880889106396207433e-01 6.240045084375676065e-01
4.140051923515168375e-01 2.597813633409599143e-01 2.534566690530909439e-01 2.885202988723327144e-01 3.129157760610438155e-01 4.158786876680533595e-01 3.340121071348435278e-01 3.729036499049530051e-01 3.073421820453858255e-01 5.758431927679734663e-01
5.847579949209098793e-02 1.366958938452841332e-01 1.984775239746142117e-01 -3.615571780750106989e-02 2.178775876376007684e-02 2.542264061447138679e-01 -4.755733694205311474e-02 -4.567390353428586736e-02 -3.628741381939555588e-02 2.456305936647872612e-01
2.995461576091572597e-01 6.307552627847241578e-01 2.654964854872998159e-01 6.439052727986489533e-01 5.127846642993011406e-01 3.159301951089116822e-01 3.405801064424985314e-01 2.198491328436893433e-01 6.183031257436558681e-01 5.480610577664464245e-01
5.017137583812941726e-01 5.967824304373162692e-01 4.234868939212262373e-01 6.280026078658987876e-01 7.728809066272680495e-01 3.807700430649727519e-01 6.233391996309918248e-01 5.965523749816320498e-01 6.635291470371227351e-01 3.725789667466186117e-01
3.877554286173712228e-01 4.972974966504994376e-01 5.991558294363279469e-01 4.412924730028622844e-01 5.059701485203935700e-01 5.251936756697666020e-01 4.891414453729566736e-01 4.340310343176951857e-01 6.305219574955649442e-01 3.389059659067096830e-01
9.830274703753540955e-01 1.002572375238351077e+00 1.002976283861574336e+00 9.700583641991913364e-01 8.788498371468635995e-01 9.991966491225783287e-01 9.576722369719520289e-01 9.583744282563839700e-01 1.064476906894565866e+00 8.764792178903810793e-01
6.632374757218669759e-01 3.383162888474202101e-01 6.215718149886424460e-01 3.826031645814677584e-01 5.577796482875398976e-01 6.679432947115760966e-01 7.479148811274615172e-01 6.571224996814986063e-01 4.434328142192517364e-01 5.233852667067466768e-01
7.058363261302837977e-01 4.808343941926661036e-01 7.624167820332370393e-01 5.924927543770958094e-01 4.670704654994990990e-01 6.017120267934298328e-01 4.394179210428499349e-01 6.785858642767852444e-01 4.425322787510399536e-01 8.199552324237024958e-01
7.862277624540178200e-01 5.534714966595302155e-01 8.271762468374008748e-01 5.570916158065359891e-01 5.656747128998620422e-01 8.600030866383800987e-01 7.477924690101609428e-01 8.997330200494574326e-01 5.726612755948885525e-01 9.077726706287428948e-01
9.477921126214214897e-01 1.048150887843340540e+00 6.956741879283122598e-01 9.677390260984888304e-01 9.777635131182412787e-01 8.356507091282047162e-01 9.530637907403212150e-01 1.108751201057037283e+00 1.020517228893792261e+00 9.227094234924975158e-01
1.095527728491616060e+00 9.597924808324713730e-01 1.005254525941781107e+00 9.923410515789647945e-01 1.035431898852756216e+00 9.978719295386360155e-01 1.034246557603600181e+00 9.748672470156677372e-01 9.519753907142429750e-01 9.891299907096533506e-01
5.157218524510973623e-01 8.020928753322997817e-01 4.442878615537513287e-01 7.238127644980628661e-01 7.783392085832477880e-01 4.977520581909946062e-01 5.098344332158839531e-01 5.298107928801641942e-01 6.838680149468889802e-01 3.305723359975015763e-01
9.443128588821303460e-02 -1.276703229239193119e-02 -1.165616124567203926e-01 -2.953030471433475482e-02 2.827124090352322802e-02 1.853013091469927001e-02 -1.409860384391263891e-02 3.580829487356928381e-02 9.631554337007526556e-03 -1.433387501818954995e-02
1.417883983191081387e-01 4.860422748233901302e-01 1.287049002835012335e-01 3.173499285968827133e-01 4.648071737198770093e-01 1.302961050981332747e-01 1.723537082929985365e-01 1.429920760681957503e-01 4.400451844896817732e-01 1.155492593336910068e-01
6.429686860809995519e-01 7.117695181856761311e-01 7.341732715625598482e-01 6.623993613546627079e-01 6.529619779514195255e-01 6.927926066601466371e-01 6.084347078718848056e-01 5.322890894685142760e-01 7.962480002256948630e-01 7.513827810028428367e-01
7.350997621549577588e-01 4.388162955299086954e-01 6.260669494816867298e-01 5.556400155481410197e-01 6.068268559991587541e-01 6.131369485195090618e-01 5.747654533996485737e-01 5.676481058308316952e-01 3.723347473587056977e-01 7.281431354960318236e-01
5.950487484784710013e-01 4.520433897876670049e-01 4.803800834208014070e-01 6.544556237279668398e-01 4.479022600703881918e-01 4.273982034574919098e-01 5.183660950217883201e-01 5.934240755580074689e-01 3.448689672155505481e-01 6.041730309922945796e-01
2.829968059318700990e-01 2.407382857247343244e-01 3.572990686029454133e-01 2.589109355669831358e-01 1.048203378960748666e-01 4.189709826629748890e-01 1.699230946970086142e-01 1.123319109631238100e-01 2.240792526504995219e-01 4.830901337020614417e-01
8.920779060650806391e-01 9.983396101900940955e-01 7.854388825639027072e-01 9.740434903018071466e-01 1.175025381055841089e+00 7.959013038061796275e-01 9.254062656459624003e-01 9.212769285547872666e-01 8.838312165180806090e-01 8.872824488560843159e-01
1.843678188386627115e-01 4.760459384622374723e-01 4.401306918695485071e-01 4.394772283644153843e-01 3.936601162796595221e-01 4.093762765557748540e-01 1.674230080888871042e-01 2.009099863572822997e-01 5.518270683082483474e-01 3.904625927401478291e-01
2.156632402595672626e-01 1.528436426655586655e-01 3.890760287506120352e-01 -1.555120193535573098e-02 2.461685911254338915e-02 3.365115052317333433e-01 3.248328308900798045e-01 2.499227586028703596e-01 1.916151511508185634e-01 1.935349373712885734e-01
7.781578231628885067e-01 9.335597260087102889e-01 8.513193712022631976e-01 9.617355281497463881e-01 9.312935605321142063e-01 8.552284020767856321e-01 7.210018131377359252e-01 8.103383411264006853e-01 8.098624672238248223e-01 8.559922486735015434e-01
7.600357005754435624e-01 8.099441854656533879e-01 6.555927938832267765e-01 1.042307403506729013e+00 8.270303258131378454e-01 5.804060573513399879e-01 7.013099524249217787e-01 7.809352223838995632e-01 8.934250069839226871e-01 8.396545471288270335e-01
2.321397310973928318e-01 1.262760849760246606e-01 4.789699388808089098e-01 9.499159589964542572e-04 9.863516452282566904e-02 3.729194264804127634e-01 3.019309686126346315e-01 2.841121070751739253e-01 1.317791094829437459e-01 2.326383236942884958e-01
6.083365986080278009e-01 7.646635075916679014e-01 5.994374100271357975e-01 6.205981685204492448e-01 6.688465401622233353e-01 7.784633190213687826e-01 6.119259442109782343e-01 5.728606754477417740e-01 8.696771766350711586e-01 8.466025033156038271e-01
7.525823086056793176e-01 5.152121263477462687e-01 6.226494924978380752e-01 7.057715833182380827e-01 6.190448703933907337e-01 6.854923443222830093e-01 7.295379237108585713e-01 9.175378173159074446e-01 3.958640187271434963e-01 7.737730096323920392e-01
4.164636846450247565e-01 4.091768548408679651e-01 5.160776770956756465e-01 2.138816047008879062e-01 1.496099744406443888e-01 5.508435015413435387e-01 3.708761985366920699e-01 3.597284155943172856e-01 3.941909986057889892e-01 6.815203606123906299e-01
5.029507038943685782e-01 2.052648749820504825e-01 5.647949961153555520e-01 3.681819253687591553e-01 3.329890201924209370e-01 4.769954261286911690e-01 4.417116670139920043e-01 5.081067654008756262e-01 3.810350394682375241e-01 2.864559009230991937e-01
5.609745442299334250e-01 7.469740878848044607e-01 3.644362297408710316e-01 6.555583898852063163e-01 6.324294564994977774e-01 4.645422396314432545e-01 6.064030604655582524e-01 4.839491285702283152e-01 7.409089868557005021e-01 6.359340691495750653e-01
6.319238762964378697e-01 7.099149017286823238e-01 7.158611517800774759e-01 6.178415733715540981e-01 6.622203991076007767e-01 6.646951917485711681e-01 6.565734396983581300e-01 4.399438302620649610e-01 7.273204956584687908e-01 7.134314395234222506e-01
4.441957171180886399e-01 3.216464171310446374e-01 6.072654886706302380e-01 2.497580335522783246e-01 2.626610060809676517e-01 5.329356739902345597e-01 3.661417421802760086e-01 4.050959641851068493e-01 4.207517696129616791e-01 6.447315325839845235e-01
8.337623774230585871e-01 7.747947848884477740e-01 7.543394300858585755e-01 7.914898561425774970e-01 8.429295122594808731e-01 8.575594673348955199e-01 8.346608261203950496e-01 8.969869686577469636e-01 8.490223963935021878e-01 5.500412801279208619e-01
1.807807615381383792e-01 2.101651902824809848e-01 4.100581814959954330e-01 7.464990160056347857e-02 7.894771998354789544e-02 2.479615105972824696e-01 3.335072617461347089e-01 2.014147865855887010e-01 2.545910077683288253e-01 2.130211761580464436e-01
2.661171286314795714e-01 4.907342883126956101e-01 3.561958465954249142e-01 3.226163920357143500e-01 4.318331335406422333e-01 2.680004627423971386e-01 1.279807319158998702e-01 1.817255308989154106e-01 4.509239348234953537e-01 3.211017510883892312e-01
8.200656956613668891e-01 5.398870516165427125e-01 7.937350510885227139e-01 6.407367841777941164e-01 6.371004414418670603e-01 8.634259830265669233e-01 8.066543836872142048e-01 7.153242875361756070e-01 5.093156426746796583e-01 7.353793039242928486e-01
8.129410915600189247e-01 6.282513121720911808e-01 7.673466892684867036e-01 6.261146895509612786e-01 6.208982624924341831e-01 7.788960325783574890e-01 8.576175693143498480e-01 8.776454069355410503e-01 5.124395092654868700e-01 9.549043385489358604e-01
1.046107640497859093e+00 9.904244666611828896e-01 9.909498977660792240e-01 9.719309618448049859e-01 9.257723817617710127e-01 8.934737319677528156e-01 1.015783124422529271e+00 1.072390715972939335e+00 1.023386534280607219e+00 1.045812367079560712e+00
1.894950081443477208e-01 1.341012970051952413e-02 1.591994950411246279e-01 1.228178658892031261e-01 4.218529381238779463e-02 1.601726073952391693e-01 2.582238881375434336e-01 2.894308250418912154e-01 1.266442478486689560e-01 1.779952684693722753e-01
5.519849016703261002e-01 2.908237448641547984e-01 4.708205569968402227e-01 4.365955083414829740e-01 5.187176370415241822e-01 5.403072205646520798e-01 6.497258674566497305e-01 6.628450546879235405e-01 2.689888333774734241e-01 2.628101999008732870e-01
8.085253646113069737e-01 8.504269774116736125e-01 5.658938511922881887e-01 9.094740381632199222e-01 9.141639765921443228e-01 6.059688846105475424e-01 7.275443940425881939e-01 7.448882482408828443e-01 7.651487252079718360e-01 7.405722572228519152e-01
7.015525700725253611e-01 4.836173450615834368e-01 7.020895221595685465e-01 5.835156910988134049e-01 5.245336011744676785e-01 5.718846284693908100e-01 5.188574373909984327e-01 6.029027737491113870e-01 3.883364348265898602e-01 6.909428279522505933e-01
3.602507000702773188e-01 1.759464405909555440e-01 5.503156595140017426e-01 2.583403460504871685e-01 4.149532014545199710e-01 4.841021406167017038e-01 4.357185039950439709e-01 4.168004791747653703e-01 2.556978480933028708e-01 3.860092374426601358e-01
3.372798527940400470e-01 3.611207025481054655e-01 2.807792273266088712e-01 3.461788084437654178e-01 1.752329133361408275e-01 4.421585395014489550e-01 4.000693380056227766e-01 3.591509995457346505e-01 2.761804335126052945e-01 5.075157848517929393e-01
7.018320675575854262e-01 8.312939561438741354e-01 6.453891385719819906e-01 9.397558042528859623e-01 8.505613529943850670e-01 6.739543862425649845e-01 7.899829972346743556e-01 6.745838877057549476e-01 9.282839489649643561e-01 8.323932328308779605e-01
2.733664370716373249e-01 4.699719291669912091e-01 4.295284416419477558e-01 4.211248206734700683e-01 5.079239812618169259e-01 3.983737388174846683e-01 1.767917195203678182e-01 7.949956887588001397e-02 6.106073010561220427e-01 2.658686102156230802e-01
1.436122988081762752e-01 1.856302161477514923e-01 1.510718441672066481e-01 2.492739766631982268e-01 1.942579726420629038e-01 1.562372453591462929e-01 2.167101699902657108e-01 1.451239100369778323e-01 1.960366629515140624e-01 3.766043035970136899e-01
6.787789689932934856e-01 4.685156240831719332e-01 6.814461499698888369e-01 5.874549489437883576e-01 5.973098199822476362e-01 6.631461277476585758e-01 5.442957773981038638e-01 6.173912015388275387e-01 5.328000426632335529e-01 7.379113366358337478e-01
2.985961258450650080e-01 5.839507425923036177e-01 3.616713756166716753e-01 3.962818712651308140e-01 5.267567591017515705e-01 2.950426028031291059e-01 4.929172071417213807e-01 3.961931220967231937e-01 5.721391534071706975e-01 1.945627862632961502e-01
3.391720426732365290e-01 3.683088893812676567e-01 2.940933508977150446e-01 2.488762800798399177e-01 2.185527050157212436e-01 1.935110672616483785e-01 4.951946088239039256e-01 3.893345176260774032e-01 2.231053905094752543e-01 5.668707259182296232e-01
4.943943643236936580e-01 7.841883450361272212e-01 5.223633300103912580e-01 6.239087538118502918e-01 5.915228139148380748e-01 4.633708148933348703e-01 6.626062047209205774e-01 5.358106914429621170e-01 6.998879066129471971e-01 7.123770808690753631e-01
2.232523328396350815e-01 2.790019592389680891e-01 2.759428472620956696e-01 2.641901791503563079e-01 4.439060235561461121e-01 1.471563401349357536e-01 2.373915542502333942e-01 1.304450779953254536e-01 4.626851783858837441e-01 6.633861374149643830e-02
8.880735800909154154e-01 5.628891204077778321e-01 8.697250731142915914e-01 6.608702529471617293e-01 5.741133204641074572e-01 8.582708086842072426e-01 7.816169133131625202e-01 9.483329461555074502e-01 4.564049436298016627e-01 8.063591556377796010e-01
4.005033250108054887e-01 7.415488782391490563e-01 1.988033359753149099e-01 7.339408221925378673e-01 5.301304283206262902e-01 3.526447380092465056e-01 3.323419751207943307e-01 2.872999523510993969e-01 6.126892438904495419e-01 5.802626310128466969e-01
3.572666703138056010e-01 2.854127916215700167e-01 2.012131276394757418e-01 2.800033525728833905e-01 2.991397711895621425e-01 3.526041625218356290e-01 3.383213222671736520e-01 4.171301795675507185e-01 2.353194066102850535e-01 4.460496161618791033e-01
3.367905545983588267e-01 2.101047902386467270e-01 2.524209327112834633e-01 3.624773186325828678e-01 4.506024275849009886e-01 2.731980476098170851e-01 3.457641410538764282e-01 4.946860518779558347e-01 1.572849158924209956e-01 1.168954619188086741e-01
3.596193443117772226e-01 2.333095959288236099e-01 4.755462918175907272e-01 3.330566938484678108e-01 4.152493045639832348e-02 3.525684349797230666e-01 9.197668678091415473e-02 2.044528300789127673e-01 1.165625152271576453e-01 5.644838267654437303e-01
2.726311341469405680e-01 2.820934817999707911e-01 3.184860984152764196e-01 1.906540140026910524e-01 1.701876308476134858e-01 3.364770502614077285e-01 2.801278595099209179e-01 1.333521105772468296e-01 2.141803435192616289e-01 5.800325842126811127e-01
3.208995803970389193e-01 2.545145677366365544e-01 3.041035204541319148e-01 2.609505127339447617e-01 2.054953263883499692e-01 4.035712243664973942e-01 1.322168058391880452e-01 1.549382617820602714e-01 2.828380195608411474e-01 5.719750473039132421e-01
4.134720083920336853e-01 3.080281293831463874e-01 4.283423221118699553e-01 2.628951945624543596e-01 3.009103235180419222e-01 5.747335924666647777e-01 4.052951230303603047e-01 3.137330098456554972e-01 3.267027372852882028e-01 7.154551934988415685e-01
8.728635154253359119e-01 1.016384192828015065e+00 9.301151947617364302e-01 9.512901826849097242e-01 1.031024182158265079e+00 9.526290783697572984e-01 9.650099027249237071e-01 9.649171375999462397e-01 1.024251846133572119e+00 1.029235780741166284e+00
7.191138360047433231e-01 9.424138361309616352e-01 7.820190657998589145e-01 1.048451548694460778e+00 9.424392197273954164e-01 8.007099612636128239e-01 7.850521771819605199e-01 7.488890229037901136e-01 8.545604614403672361e-01 7.975454060493705200e-01
5.387095409811591962e-01 1.953024154863400308e-01 6.314017760865354711e-01 4.378393071515394031e-01 3.453065988644443141e-01 4.514911106857240064e-01 4.176480858079660297e-01 3.353607297044497448e-01 3.550749897558827528e-01 3.479741602117467081e-01
3.076540260105034008e-01 2.701284471670117315e-01 9.652415836374235447e-02 2.442185463237826482e-01 5.160835592707159469e-02 2.154571139570897742e-01 1.795923728734800107e-01 6.432187539771777596e-02 1.869929709031465104e-01 4.100513026480994139e-01
6.658100057874590805e-01 3.334620106445418397e-01 7.176128217099628781e-01 5.366988205979674742e-01 5.460283320274500474e-01 6.546777895735251818e-01 4.402467638751272894e-01 5.693787579361603290e-01 3.177941826067764985e-01 7.709538063790593032e-01
5.252148064505672842e-01 3.840331728484981388e-01 5.200837785127765400e-01 2.591774458183214169e-01 1.910083400763003536e-01 5.156494835648331998e-01 4.534604633587013822e-01 3.759569631540056189e-01 2.920727013502316116e-01 6.929160647527534689e-01
2.796998662669306079e-01 5.134574423280459099e-01 3.362384386782342749e-01 3.448569201413125285e-01 5.198343693426296097e-01 3.040935690199429442e-01 5.085000238113661641e-01 3.928487980710438365e-01 6.072014345220908549e-01 2.561469554340652377e-01
7.093852286795329087e-01 8.921809751007253597e-01 6.836980054576511368e-01 1.016867272705397784e+00 9.230675200852285212e-01 5.813629175799359672e-01 7.429970598727216879e-01 8.173821685634348189e-01 8.453655260383006187e-01 6.643981094897770667e-01
2.807733635686937568e-01 6.377659480178079487e-01 2.349791481481418587e-01 6.078212997211099866e-01 4.659894387272643934e-01 3.680973290104027074e-01 3.468723185853573310e-01 2.712169109345044515e-01 6.498171149393520141e-01 5.205663068126313853e-01
1.235006196625970110e-01 4.956811477755917461e-01 1.802375376010496577e-01 3.691654882712900321e-01 3.394755005789141244e-01 2.086467408296431014e-01 2.574193926369605090e-01 1.270305513873812575e-01 4.796229020557670752e-01 2.489810025698029616e-01
2.817742835293747250e-01 5.943894567520131567e-01 3.295424158525487868e-01 4.413147523266860439e-01 5.305037371090153275e-01 3.647283529445092820e-01 5.051058150863257934e-01 2.917484469990306861e-01 6.290793714926732338e-01 3.271866322012106920e-01
2.980716000150898659e-01 1.843778248331983949e-01 3.914793076159224228e-01 2.100363602517866385e-02 8.718881786459856120e-02 3.502008785558996529e-01 2.665580987095607091e-01 2.324564784674643392e-01 5.656533848830157252e-02 2.204748819888202593e-01
6.726741699174325628e-01 3.684681416494373085e-01 8.120227940650827092e-01 3.784440946449195708e-01 4.495340775712585168e-01 6.607431406471976354e-01 6.362555139850133434e-01 6.624412682447555767e-01 4.217481065689790976e-01 4.882743820257452461e-01
2.459070123764618976e-01 4.116292851254862439e-01 2.964377300004795157e-01 3.973187934305644209e-01 4.211653059987457981e-01 3.400698584060904417e-01 4.369287058837846294e-01 3.835822061104195435e-01 5.108377444958851488e-01 3.365356755490421237e-01
3.521729483904362246e-01 5.730318463020454001e-01 3.507909807537714642e-01 7.335182616674819078e-01 5.749529563675356281e-01 3.851783080147638816e-01 3.211606300462843677e-01 2.724211308886287930e-01 5.832311312230614719e-01 4.940589736827419309e-01
7.955798692103267511e-01 8.271576392362538499e-01 8.867116620972702590e-01 9.842069083429075826e-01 9.095388572916933700e-01 8.397669819386572865e-01 7.491921616999378530e-01 7.431489480417762250e-01 8.234059388436953952e-01 8.977005629291122668e-01
5.038650908936098682e-01 6.641294222010027948e-01 4.274501681154277422e-01 7.294423642654696005e-01 8.123941147423681119e-01 5.007851846770080551e-01 5.866642487347655255e-01 6.240641685871891609e-01 7.670543121518836882e-01 3.875701878135223155e-01
6.728386831752281028e-01 4.277425390515389725e-01 6.824978260328041779e-01 3.138507931462196088e-01 3.632498376555284847e-01 7.076208500009166791e-01 6.110919557743396124e-01 8.114228927079771836e-01 3.852671659361946999e-01 4.961232215094413256e-01
5.857648889104568601e-01 6.172006529411683262e-01 7.353496180720978659e-01 6.408248480628242483e-01 8.270403615929650121e-01 7.458917468763081038e-01 6.434675707068501227e-01 5.913143403837506362e-01 7.473635793016385476e-01 5.073590679751071031e-01
-7.475689698306121900e-02 -3.008352128110516888e-02 -8.046111860143814742e-02 3.521250440836792145e-02 7.258412514502342316e-02 9.501155488942892094e-03 9.655314464345918224e-02 9.382898039444530214e-02 -2.659883058528166380e-02 1.557327593635243236e-02
2.310440568232976777e-01 1.317628536377149495e-01 3.083419047007882052e-01 5.528144232077067399e-02 1.953635111816065528e-03 3.727453529397556364e-01 2.680299944664245593e-01 2.682367935391055114e-01 1.904523640830316777e-01 2.339981769738155026e-01
6.198975757028222233e-01 7.719512242988911810e-01 6.296211626530495709e-01 7.486338463339691218e-01 6.236440190320633459e-01 7.190876919809577883e-01 5.845320690510479311e-01 4.940311055033818621e-01 7.942158922501191265e-01 8.734185277678444548e-01
3.225750249693111749e-01 4.410361475188879776e-01 2.969557293043453283e-01 2.933905177582407653e-01 2.818672673640673088e-01 3.958443244221915291e-01 4.378562104731045790e-01 3.410152590572005371e-01 2.471304962782328585e-01 5.534443107653045368e-01
8.663523137060550328e-01 8.520966317569996784e-01 8.328583511181409937e-01 6.982547878491496274e-01 7.836842030765464040e-01 7.850382139200192677e-01 8.643367162061226239e-01 9.091472812305868567e-01 8.955336934865418819e-01 5.842494542991572004e-01
7.355102230650178985e-01 8.996009795062223091e-01 5.893663442099768002e-01 9.033959818704313527e-01 8.650868929717702160e-01 5.754453181987888577e-01 8.510878612777791341e-01 7.335999295718551583e-01 8.488112588898414357e-01 7.758598971650322307e-01
6.462720111119369948e-01 2.702126426163538597e-01 6.754732746398008914e-01 3.901982333001607350e-01 4.954334465963475820e-01 6.369030461576711266e-01 6.959859072024233706e-01 7.194589593130106264e-01 3.595779979205238064e-01 4.169779603286770109e-01
3.512512170095139497e-01 6.081266646496135131e-01 3.003530686254267668e-01 5.947438565462714877e-01 5.517208346102819849e-01 3.637893362925433971e-01 3.162513814966506631e-01 3.032591044695978622e-01 6.129283328276124987e-01 5.573357363696627154e-01
6.205119079560468265e-01 3.060440774638022998e-01 4.841062156809438632e-01 4.055640009249753541e-01 4.102223539682136599e-01 4.807095557048634560e-01 6.969858241854043346e-01 8.454320555320113950e-01 2.776032026628625915e-01 4.257796432346631077e-01
2.001400153578532792e-01 4.243428162156627215e-01 4.024302339373164172e-01 3.821683087270165147e-01 3.863950833991809386e-01 3.602756326218923832e-01 2.787551575540209159e-01 1.454654173392100347e-01 4.875222643958831426e-01 2.337375427247861404e-01
5.733398135582211397e-02 8.129347356072863517e-02 2.264227538983316079e-01 -8.138378877127861594e-03 1.281368906946437486e-02 2.412498884108418007e-01 1.525804799209595081e-02 9.241767570809182597e-02 1.949849800350163531e-01 1.118250137544189449e-01
8.688121461489047015e-02 -4.026835937686532030e-03 2.602036920273647636e-01 -5.816221309304418080e-02 -3.377439819017362399e-02 2.433914213338577159e-01 -4.947246119380092205e-02 1.798432909304333027e-02 3.780753906936054620e-02 1.082638632062970646e-01
1.930308839367132490e-01 1.496644812680947845e-01 6.268885061063009245e-02 2.914408395939760976e-01 1.459099906893266130e-01 1.156278229856309431e-01 1.125531877212612442e-01 1.496021720238405739e-01 1.350770745065583145e-01 4.364646581161806815e-01
3.282692702084999414e-01 2.885724914888579962e-01 3.785010434373691224e-01 1.382342682207853279e-01 8.614325450912130311e-02 4.322872091534488148e-01 1.990311760463441548e-01 4.800564030327417187e-02 2.082726063939943917e-01 5.527328957743372628e-01
8.690259644432800634e-01 6.098540549212028150e-01 8.802883533665257776e-01 5.831619972900905502e-01 7.252792922273351151e-01 8.907597870845066490e-01 7.877145765796056409e-01 8.367761528749894095e-01 5.323852903704864303e-01 8.129802208598820856e-01
6.912708804254931172e-01 4.169761425268859734e-01 7.552574751938766484e-01 4.097736234761184537e-01 4.592541083587690087e-01 5.844578253527987766e-01 6.711277361544357722e-01 8.213283953795077474e-01 3.397285595847079342e-01 4.513866036308339380e-01
5.831768954740437216e-01 6.603819733801562508e-01 3.790336005088673632e-01 6.108744927207905295e-01 6.078928115952361155e-01 5.457890408023529094e-01 5.709222831120680519e-01 5.110183388570944674e-01 7.051841958329703175e-01 6.263277566574289024e-01
2.044132080292711817e-01 2.138115623694322454e-01 8.164183554163244316e-02 2.480175621892108107e-01 9.763965466515447944e-02 1.748076603417442199e-01 5.488940602454937812e-02 1.143499115812440792e-01 1.328313127628626411e-01 3.361592178767264238e-01
4.898253820119592983e-01 7.277712175394375205e-01 5.444611186004719716e-01 6.277813298955159382e-01 6.569820941061105257e-01 5.351659825034449369e-01 5.668089240642639748e-01 5.260697430889692550e-01 7.103548240199800690e-01 7.850829879568813618e-01
4.720550723285171224e-01 3.053873909258582042e-01 4.528287732341161331e-01 3.064921919616791501e-01 2.491833867033909633e-01 6.215682317673195678e-01 3.689500879131084599e-01 4.131789266522364890e-01 2.633335559931817005e-01 6.993758130417253582e-01
5.006470546869248306e-01 3.656229867886570672e-01 5.888417618261893027e-01 2.663305193551177563e-01 2.610385461451923961e-01 5.159273140697135940e-01 4.215646187067459416e-01 4.109370101451695900e-01 2.804765911530201494e-01 7.036928153283146248e-01
7.541985398522810247e-01 8.168232333921480182e-01 6.109972785348249946e-01 1.024377929333591508e+00 8.920132024777638335e-01 6.651724288347269365e-01 7.424387951251552042e-01 7.044241337481820242e-01 8.403941905105545285e-01 7.193825642832695211e-01
4.991918155038217453e-01 3.821394727067183861e-01 4.748600536876835809e-01 4.557510104953349517e-01 4.707764420700789598e-01 4.684149705833431931e-01 5.477674689500973138e-01 8.312110436578868944e-01 3.344420352516969119e-01 2.306029717543618962e-01
2.775859089251833112e-01 2.437727521305630973e-01 2.708913626650183981e-01 3.038572758311300914e-01 3.515122461531065001e-01 3.252623881304795850e-01 4.769050936346747038e-01 5.076621190351140456e-01 2.362054185430473296e-01 2.013369643779720775e-01
1.184527029565259904e-01 3.797298048045457675e-01 2.380007508338782274e-01 3.489337753252762520e-01 4.500147478988955063e-01 1.341254617304442065e-01 2.195139581392898387e-01 1.058209778860039474e-01 4.806576365017861674e-01 3.776860458577958879e-02
1.273302418860871865e-01 5.562398740518509355e-01 3.490216298910126524e-01 3.544573096803302903e-01 3.776832384006130749e-01 3.790863734672087482e-01 2.633646233909349155e-01 2.250957115399240815e-01 4.582035711166721481e-01 1.921156152194186673e-01
6.340971635054094557e-01 7.348247333489534849e-01 6.865835789927526855e-01 7.118687633107345647e-01 7.902059279777352563e-01 6.730591218249236674e-01 5.970522547366190480e-01 4.736786035416365448e-01 7.883153223593066805e-01 8.110362228062956147e-01
8.235851977722138395e-01 5.398021759589060053e-01 5.740039081842619462e-01 5.719359192925345114e-01 6.247636596593801883e-01 6.348314714859303320e-01 8.089192809936917028e-01 8.604836644178479599e-01 4.805740753601308035e-01 6.505871600694190793e-01
2.295439128199454060e-01 1.728225613798679561e-01 1.689225563214875325e-01 1.082647078169996641e-02 9.420515913468967273e-02 1.331949337064132766e-01 3.208387976985191403e-01 2.712852320540552475e-01 7.052970996161150863e-02 2.161657839619934018e-01
3.869345599706499605e-01 2.635819306379799665e-01 1.895377459935954079e-01 2.999063550616776763e-01 1.989662687745550884e-01 3.422082952404403300e-01 4.384697890154325428e-01 4.063006536707761129e-01 2.929370321416581713e-01 4.601740692093446161e-01
1.775761595346995181e-01 1.907518141333057193e-01 1.274487052305914581e-01 1.697958572484952466e-01 9.437367965831074124e-02 2.149270028449051240e-01 -3.560120510146219663e-02 1.614972383967566150e-01 1.705928842779078358e-01 4.956272977721815076e-01
1.674460974739411800e-01 1.336610366843801190e-01 2.029061386218843632e-01 3.237241163823617041e-01 1.839280263791940595e-01 1.895961784765766156e-01 1.017324811233919352e-01 9.084421072040460565e-02 1.899587570266388081e-01 4.012956323551317150e-01
1.675296133095898199e-01 1.487238680682512748e-01 1.441041005277110820e-01 2.987602733959283940e-02 8.470436170961033462e-02 8.352390341560733678e-02 2.173411474629141082e-01 4.120626753706889689e-01 9.317085134386728085e-02 1.118899117280772459e-01
8.248030446299183804e-01 5.519139949047107141e-01 6.066807018756668057e-01 6.798412615297717565e-01 4.953997010281582236e-01 6.685746157061019934e-01 7.676654599761447706e-01 9.636325203283555574e-01 4.378601705052225235e-01 7.006720694805147476e-01
5.323562157893287905e-01 3.008595371290527232e-01 4.623522877959371224e-01 3.484960986111306225e-01 4.798657792905997588e-01 5.629042496394194295e-01 6.468228385791005008e-01 8.552877929213515973e-01 3.007869606017452568e-01 2.742570721406558110e-01
4.139412544446088860e-01 7.284474590093334978e-01 3.130946044176289300e-01 6.307186939838870243e-01 5.315935230311972237e-01 3.319763510638205073e-01 4.137780578464189674e-01 2.401603349464761505e-01 6.285947299287363288e-01 4.970169774294225795e-01
8.039399551970185520e-01 9.403269741426456552e-01 5.653984628282086033e-01 9.146138825839514874e-01 1.012712493220346843e+00 6.468688482164083320e-01 6.494300915029806998e-01 7.045833801451197864e-01 8.210841922521437963e-01 7.849714758041972384e-01
3.006855205920343499e-01 6.035677367278610150e-01 3.651660680299934070e-01 3.612728538684399915e-01 5.115812686259174624e-01 3.681601549879031099e-01 4.348397510108212849e-01 4.393013753075142858e-01 5.753702944009895237e-01 1.500509392841853362e-01
8.479923369197494010e-01 9.363560972192319642e-01 8.754626800823266386e-01 8.049687674115916236e-01 8.602918764289038123e-01 8.295739138490912934e-01 7.476701675908727918e-01 8.515318752085134779e-01 9.060073572838471812e-01 6.034688028757367873e-01
3.495753145021266439e-01 2.275226036081650360e-01 3.203585981439046604e-01 3.521433108760062547e-01 4.188587966034827414e-01 3.058032310462767689e-01 3.675660108700365414e-01 5.259035633507855856e-01 2.831135416163748086e-01 1.153999226810088485e-01
-4.236764359209269082e-02 1.119434964445801262e-01 1.951605485070726509e-01 1.368375245335429549e-02 -1.381667827844720517e-02 1.707463184509016019e-01 6.511460089692623632e-02 1.354229354275885977e-01 3.199836753158029345e-02 1.318012761039426828e-01
5.611515686559672700e-01 7.126561242337259294e-01 5.264778330922676997e-01 7.473935357812280245e-01 8.087979774848249592e-01 4.066760157700053391e-01 4.788259980817167194e-01 5.951608062762789864e-01 7.533282108722263448e-01 4.015809962339658146e-01
2.544148757294888430e-01 5.067961287306197438e-01 3.936195554205498270e-01 3.735775648100660429e-01 5.084896680530521795e-01 3.883058521135758223e-01 4.660249806296385966e-01 4.100698825788574586e-01 6.059289389146397253e-01 2.141284721522185575e-01
3.635245923217387265e-01 1.856733290216685539e-01 3.928747453959663960e-01 5.608270924829638071e-01 3.727403271663527473e-01 3.474030321783176389e-01 4.129037484180299034e-01 4.477257884751383310e-01 1.081976853468259309e-01 1.976630810870620147e-01
5.866428150351178372e-01 3.846840678354994658e-01 4.373174142742128900e-01 5.144616820420814252e-01 4.143509060701927593e-01 4.008127980954278580e-01 4.867206129747541077e-01 6.046368073806339671e-01 3.616719043363247899e-01 6.832214581639914908e-01
7.986881371423333320e-01 5.611192746803684850e-01 8.071063854179376662e-01 5.723125584926698206e-01 5.290164317246689452e-01 8.148143588326027809e-01 8.244354366401344114e-01 8.564332519351479656e-01 5.619310238231132182e-01 8.970786290953769448e-01
4.389542856130070891e-01 6.761567921241302681e-01 4.901233100416696464e-01 4.661811649612561115e-01 4.623533715645195552e-01 5.960872652345783340e-01 5.464560473656474571e-01 4.333223176585941361e-01 7.142477501552932928e-01 3.944454869176342582e-01
4.276612130061138717e-01 6.621664701856221358e-01 5.943470030564893536e-01 5.028935353140935316e-01 4.976273266147245855e-01 5.714249011852543525e-01 4.378345373291347431e-01 4.291615954879860473e-01 6.391698017045617242e-01 3.878301008304367303e-01
6.240926962525651378e-01 7.376790996707831560e-01 5.960191542059800618e-01 7.466891108529103427e-01 6.563882321747992465e-01 6.953481375415704324e-01 6.784354050623808696e-01 5.778113018377321053e-01 8.561262110548824023e-01 8.270505270091432770e-01
5.856403665997924612e-01 7.037075651903464957e-01 4.553009646974130464e-01 6.116595001056562841e-01 6.405663912443200214e-01 6.056562813289265712e-01 5.675411170787207915e-01 5.427562367280590605e-01 6.616089491420376056e-01 6.523744796577121141e-01
3.678104056592206850e-01 6.811207819919342654e-01 4.343914795103089865e-01 5.788101697338106089e-01 5.577773842234196033e-01 4.583799676566812087e-01 3.619082609230270253e-01 2.734706527209707638e-01 6.704812980312010451e-01 6.999376696089608663e-01
4.668466636932382396e-01 7.206965359680701511e-01 4.339568012537068920e-01 6.857942344995251460e-01 7.358221941341105410e-01 5.154754935226631973e-01 6.047768725315060268e-01 5.375271899737938952e-01 6.555540615541611826e-01 6.780572481993106804e-01
5.320927530186352339e-01 3.226227088528716425e-01 5.476195279089846046e-01 2.852132708263576122e-01 1.421142954336729047e-01 4.841450666973334815e-01 4.691954282881006799e-01 4.917834696281666029e-01 1.811838571591408709e-01 6.010546818595822183e-01
3.011082052462654354e-02 -2.427165633172894896e-02 -6.636994621051316157e-02 3.048808504651780073e-03 -4.499303831942300103e-02 9.078090928174986640e-02 -1.202699584832978702e-02 -8.846796164058846890e-03 -6.522416161282969249e-02 -2.169835453198685690e-02
1.942198866991009798e-01 4.736690484278884838e-01 3.634714462609139329e-01 3.804534048311024041e-01 4.282721007724600848e-01 3.888260703491741577e-01 2.838854546454311345e-01 8.897798569934056712e-02 5.347179253055124315e-01 2.956931017294265884e-01
2.881549660310390726e-01 4.186142275938835033e-01 4.050808937430216972e-01 3.505232905000444932e-01 4.138465797370354804e-01 3.444898960186944525e-01 2.074234895574531556e-01 1.322526581321056827e-01 5.122903338853103117e-01 2.688249840192223905e-01
7.698389003204424430e-01 7.906343463469912569e-01 6.932086099574800153e-01 7.737625327715785817e-01 9.524541221797666601e-01 6.912540646169016423e-01 8.766571412663984875e-01 8.322432364474751099e-01 7.555999403360358357e-01 4.100624701511363934e-01
8.944900468852200470e-01 5.488980431093463119e-01 7.813396589883275789e-01 6.059834822462993875e-01 5.419174140121518768e-01 8.419346362172553944e-01 7.834357094097221808e-01 7.885460508492286857e-01 4.851399791311972187e-01 9.161451255491835921e-01
6.823124098041755126e-01 7.318221699775361300e-01 6.857790547084520183e-01 7.073174878317488590e-01 8.289970551733666371e-01 6.650888361349386324e-01 6.054816283171380320e-01 4.981383032460672267e-01 8.473275923157658207e-01 4.655104400353075600e-01
8.104160041138119830e-01 8.532543442536414391e-01 9.192907176398248392e-01 7.820301596125086574e-01 8.726890941080450714e-01 7.622987527189500900e-01 9.210159862911906359e-01 8.645523192198633078e-01 7.891902343179516555e-01 5.794001389017825465e-01
7.537717070637250938e-01 8.183261387875192527e-01 6.350344629599129487e-01 7.879958199729384383e-01 8.697182443185160761e-01 5.577734092731240212e-01 8.017509083527853964e-01 8.469335461623960226e-01 8.404935075187865978e-01 4.712971703786691946e-01
3.120886945168632187e-01 2.293531193981951100e-01 2.803649831631632727e-01 3.862918924749360605e-01 3.853131437889762423e-01 3.036885625895752172e-01 3.424035711880299981e-01 5.183608581601382159e-01 2.428149861038726431e-01 1.573298057759298374e-01
3.638579294125323105e-01 6.752779088828482212e-01 4.698800189861839227e-01 4.056092460249196008e-01 5.059061582092643228e-01 5.998272603716483520e-01 3.689739899076647789e-01 4.125739702714529278e-01 6.265871765823370909e-01 3.634762664217111028e-01
4.383331541217289073e-01 7.142318646223314582e-01 3.728613443584308240e-01 6.961671642593848519e-01 5.637085302216010563e-01 6.129224041040692850e-01 6.554586424912771658e-01 6.161601468574526841e-01 7.575986691794972527e-01 7.359076112041618156e-01
5.506396828395138110e-01 6.974137623700817912e-01 4.943362868037556312e-01 5.886432122379715581e-01 7.961230444682106944e-01 5.039068626832812203e-01 4.960640907695800239e-01 6.189762090846383513e-01 6.593739783971694912e-01 2.674524583359551011e-01
4.748123506128970606e-01 4.046353321648333834e-01 4.542720509706141829e-01 4.023524739276444495e-01 4.767286236454211790e-01 5.230647469731795063e-01 5.012710160967882578e-01 8.400347969727601782e-01 3.193101611169808507e-01 3.523748572999775286e-01
8.905625580999829705e-01 1.055656480745017056e+00 9.941495919787195490e-01 1.027029059999588378e+00 1.027639961918584977e+00 9.874975657433202603e-01 1.025733324934064550e+00 9.788180372601383850e-01 9.871897634183031123e-01 1.022183167300428686e+00
4.936695660437721012e-01 3.419424660280879213e-01 5.890244633254138051e-01 3.765276764332838866e-01 3.476082476158105505e-01 4.548702746974969680e-01 3.973745601517125747e-01 3.796509681724631324e-01 2.313926303359083447e-01 3.324976516530567805e-01
5.656275503592489429e-01 7.330416425868180319e-01 4.748572782026665995e-01 7.195038112725612445e-01 7.554206383845131212e-01 4.853004021519120581e-01 5.970328981473185248e-01 5.571087337676373652e-01 5.570298915098577108e-01 3.509718650353187419e-01
8.122196397145398095e-01 6.065048946403119867e-01 6.362527782668905285e-01 6.744224192755983172e-01 5.799550319109190166e-01 6.807652487781067352e-01 7.779278035522367851e-01 8.473431625092747721e-01 4.734057159260635084e-01 7.286582510034108617e-01
5.492447479496053164e-01 7.011471060721214954e-01 4.077754619433200389e-01 5.533162091571131036e-01 7.081332436238771955e-01 5.274648774001473583e-01 5.450707953662506933e-01 5.599163996082545669e-01 7.838609818166790699e-01 6.546259900991209246e-01
9.154327537140474202e-01 8.926671393311136349e-01 7.822579823262734156e-01 1.008527003198117722e+00 1.000932433372381691e+00 7.924244207009686347e-01 1.027637075490986707e+00 1.054639550534953285e+00 9.169474509992183719e-01 8.703929947574834403e-01
1.913178703304400652e-01 4.372025778507495630e-01 3.167868842944625563e-01 3.511172702346034846e-01 3.767685201435407305e-01 4.099876206077420759e-01 2.815993049550985505e-01 9.678440133496435394e-02 6.197912595318000317e-01 2.671452279388951689e-01
2.865434823537381659e-01 5.509006148558109883e-01 3.039391729347758475e-01 6.439523082589849734e-01 4.847766595423115277e-01 3.002169943832900811e-01 3.761188621819262501e-01 1.571228336143861704e-01 6.319031889231100374e-01 5.833238208642058664e-01
3.033331521347895077e-01 3.091442225309034564e-01 3.819137751457451491e-01 1.486895912609313974e-01 5.716048186007124943e-02 3.696919753356125438e-01 1.185518513716488087e-01 1.545294056993735121e-01 3.589514897888127498e-01 5.210592543064763715e-01
3.833034128514077876e-01 6.459094341759518132e-01 5.235463231327004419e-01 6.127782361512972287e-01 5.883648079632015637e-01 5.550656712041235341e-01 3.686083146712666458e-01 2.208778033291028675e-01 6.991324399433216374e-01 6.861700963485284355e-01
4.479705708021018418e-01 2.726172808875044762e-01 3.633682273002205587e-01 3.779889893748406560e-01 2.758838492904628348e-01 2.231713057760879582e-01 3.740950205244331639e-01 3.792918704072143488e-01 2.158126492618288317e-01 2.330019909344313300e-01
8.303897100181666380e-01 7.837031672707928109e-01 8.452813105279785022e-01 9.659680230054955574e-01 1.021052741392077357e+00 7.959915801333733443e-01 7.123208494846805516e-01 7.364772520780560328e-01 9.419924796736045547e-01 9.311326603151816039e-01
3.679056372309511547e-01 5.238278170704785408e-01 3.068132049782921200e-01 6.562950126426969621e-01 6.585395205384952932e-01 3.736338163487422093e-01 4.077022379090767812e-01 2.268434521145610006e-01 6.575861659820977367e-01 6.004248075310605337e-01
8.831892020733344006e-01 5.751765760123800364e-01 7.230664321954284324e-01 6.705233955948729507e-01 5.375986394417592296e-01 8.048679048685125625e-01 8.343209612136057718e-01 8.739747628195337903e-01 4.762075666510540151e-01 7.954401823344218192e-01
4.736297823837962717e-01 7.090350374335883110e-01 3.852852086514560459e-01 6.090424381280261645e-01 5.787953030546212352e-01 4.739678159641523281e-01 6.025938049510293215e-01 4.500579419264706948e-01 7.196670304516021854e-01 7.815177151841237180e-01
7.205558082878567028e-01 8.159609472394550034e-01 5.741258134014797232e-01 7.513823604881738616e-01 8.307096999922141123e-01 5.511973059298399535e-01 9.047934490593506629e-01 8.499990756006406967e-01 7.570573510245434123e-01 5.328098985385132380e-01
3.864138128668421768e-01 5.985951971590054432e-01 5.608707241116551723e-01 3.284862034723443625e-01 4.217582751917982598e-01 5.196257696368872248e-01 4.500123199857485323e-01 4.238482380472185507e-01 5.597677459652317111e-01 4.358608940352889927e-01
7.834057951786499441e-01 8.134299244622792413e-01 5.926753035941544345e-01 7.818711116556790186e-01 8.603231865165089642e-01 6.687014712105608938e-01 8.579710080471835143e-01 8.903729411706146069e-01 7.899531174803264832e-01 4.156546831545470111e-01
2.580223460283479486e-01 9.354668559901223313e-02 4.493203221452454765e-01 1.097870392953264052e-01 -5.034808204655155661e-04 3.899771222234560408e-01 3.227555601733591573e-01 3.015883946401558546e-01 3.129147635727043686e-01 2.774558753908492603e-01
8.498849734266286093e-01 9.303606325442852487e-01 8.141314313431271543e-01 9.775699879286749994e-01 1.000925984094011234e+00 7.926824637637318594e-01 9.564406685670525654e-01 1.008126118071925648e+00 9.387102325894125521e-01 8.176776078937146863e-01
6.647730935117132089e-01 4.265852594098282768e-01 7.295840687215464637e-01 4.017758266623974728e-01 4.858213868190130458e-01 6.821277256770487130e-01 6.771769420757378644e-01 7.221842523353626531e-01 4.281049799431708713e-01 3.696697558784284299e-01
2.462055761276303323e-01 2.525029147013054809e-01 3.638984972088446512e-01 2.543979961553847202e-01 8.133675289148614707e-02 2.869466441781662880e-01 2.531788058622002069e-01 1.735724215834431039e-01 2.699061843865522281e-01 5.815802163274164105e-01
9.295950516135425001e-01 1.040103157186370142e+00 1.012295735186559131e+00 9.536871867209959497e-01 1.011317610185739291e+00 9.513733113106606076e-01 9.144032155357566527e-01 1.038243030691530899e+00 9.811936602411631680e-01 9.066422650763297231e-01
8.375420185414232943e-01 8.955196483134283403e-01 7.516917491193003675e-01 9.790909690829830980e-01 9.970499341517108371e-01 8.308963497802944742e-01 1.049487182413275432e+00 1.102794477551120700e+00 9.350246133519258818e-01 8.324058730527422734e-01
4.554701420347490592e-01 3.339304773882404431e-01 3.981677793659460507e-01 3.295500491684649758e-01 2.014682507351257257e-01 5.800641045383770900e-01 4.136771933160676151e-01 3.466138399682129889e-01 3.518791203167836446e-01 6.574413151784107567e-01
1.052891007030043902e+00 1.035832256368750093e+00 1.058574241868361909e+00 1.055394795696745769e+00 9.910758731897824081e-01 9.959138540187510991e-01 1.008518121856953442e+00 9.415713302303414522e-01 1.045434881926444515e+00 9.830895814282948342e-01
6.356997174831683362e-01 3.333106933023072260e-01 4.451657304415728711e-01 4.003168691693538284e-01 4.030519563724582199e-01 5.255195012854180225e-01 6.416752000042884596e-01 7.513920742868517300e-01 2.882752743585440536e-01 4.181500709270815630e-01
